 1    0.88309352562313770     4.6197523681350310
 2    0.32274683908831237     4.7456915750174842 
 3    0.12420903047676779     1.9757118868497023
 4    4.3012853298202147E-002 0.94417693103097056
 5    1.6213458269735193E-002 0.52787268751814131 
 6    2.5765491205324009E-003 0.10498146527546079
 7    5.2362023469054719E-004 5.2356433294725176E-002
 8    1.1558092989100155E-004 1.7503513406445077E-002
 9    1.5784100383386956E-005 1.3355340789126182E-003
10    5.1026556302513626E-006 1.3304022123045080E-003
11    4.1534416106436822E-007 1.4400180703777465E-004
12    1.3481126437397961E-007 3.9160024555625536E-005
13    6.5551676975417195E-008 1.0326661267553355E-005
14    1.2557031947579844E-006 8.0717584304202678E-006
15    1.3635939192346846E-005 6.7059283050522321E-005
16    2.0182297180759701E-004 1.0542918067175495E-003
