2.0
1.9969173669815063
1.9876883029937744
1.972369909286499
1.9510564804077148
1.9238795042037964
1.8910064697265625
1.852640151977539
1.8090169429779053
1.7604060173034668
1.7071068286895752
1.649448037147522
1.587785243988037
1.522498607635498
1.4539904594421387
1.3826833963394165
1.3090169429779053
1.233445405960083
1.156434416770935
1.0784591436386108
1.0
0.9215409159660339
0.8435655236244202
0.7665546536445618
0.69098299741745
0.6173165440559387
0.5460094809532166
0.47750142216682434
0.4122147560119629
0.350551962852478
0.2928932309150696
0.23959402740001678
0.19098301231861115
0.14735983312129974
0.10899347811937332
0.07612046599388123
0.04894348233938217
0.02763007953763008
0.012311659753322601
0.003082666313275695
0.0
1.9969173669815063
1.9767996072769165
1.956766963005066
1.934049129486084
1.9077750444412231
1.8774397373199463
1.8428573608398438
1.8039722442626953
1.760840654373169
1.713585376739502
1.6623919010162354
1.6074885129928589
1.549146294593811
1.487667441368103
1.423384666442871
1.3566536903381348
1.287852168083191
1.2173737287521362
1.145626187324524
1.0730268955230713
1.0
0.9269731640815735
0.8543738126754761
0.7826262712478638
0.7121478319168091
0.64334636926651
0.5766153931617737
0.512332558631897
0.4508536458015442
0.3925114870071411
0.3376081585884094
0.28641459345817566
0.23915940523147583
0.1960277259349823
0.15714263916015625
0.12256021797657013
0.09222499281167984
0.0659508928656578
0.043233007192611694
0.023200388997793198
0.003082666313275695
1.9876883029937744
1.956766963005066
1.9278517961502075
1.8987197875976562
1.867919921875
1.8346353769302368
1.7984060049057007
1.7589731216430664
1.7162344455718994
1.6701842546463013
1.6209015846252441
1.5685234069824219
1.5132403373718262
1.4552820920944214
1.3949148654937744
1.3324319124221802
1.2681517601013184
1.2024110555648804
1.1355621814727783
1.0679682493209839
1.0
0.9320318102836609
0.8644378185272217
0.7975890040397644
0.7318482398986816
0.6675681471824646
0.6050851941108704
0.5447179675102234
0.48675966262817383
0.4314766526222229
0.37909841537475586
0.3298157751560211
0.2837655246257782
0.2410268932580948
0.20159396529197693
0.16536468267440796
0.1320800632238388
0.10128024965524673
0.0721481665968895
0.043233007192611694
0.012311659753322601
1.972369909286499
1.934049129486084
1.8987197875976562
1.8644732236862183
1.8299436569213867
1.794175624847412
1.7565639019012451
1.7167103290557861
1.6743934154510498
1.6295024156570435
1.5820268392562866
1.5320228338241577
1.4796096086502075
1.4249507188796997
1.3682513236999512
1.3097469806671143
1.2497013807296753
1.1883975267410278
1.1261365413665771
1.0632303953170776
1.0
0.9367696046829224
0.8738635182380676
0.8116024732589722
0.7502986788749695
0.690252959728241
0.6317486763000488
0.5750493407249451
0.5203903913497925
0.4679771959781647
0.41797319054603577
0.37049752473831177
0.32560664415359497
0.28328967094421387
0.24343611299991608
0.20582440495491028
0.17005634307861328
0.13552673161029816
0.10128024965524673
0.0659508928656578
0.02763007953763008
1.9510564804077148
1.9077750444412231
1.867919921875
1.8299436569213867
1.7926092147827148
1.754978060722351
1.716384768486023
1.6763569116592407
1.6345925331115723
1.5909044742584229
1.545210599899292
1.4975007772445679
1.447832703590393
1.3963119983673096
1.3430894613265991
1.2883484363555908
1.2323023080825806
1.1751854419708252
1.1172511577606201
1.0587645769119263
1.0
0.941235363483429
0.8827488422393799
0.8248145580291748
0.7676977515220642
0.7116515636444092
0.6569105386734009
0.6036880612373352
0.5521673560142517
0.5024992823600769
0.4547894597053528
0.40909552574157715
0.3654074966907501
0.3236430585384369
0.28361520171165466
0.24502195417881012
0.20739082992076874
0.17005634307861328
0.1320800632238388
0.09222499281167984
0.04894348233938217
1.9238795042037964
1.8774397373199463
1.8346353769302368
1.794175624847412
1.754978060722351
1.716164469718933
1.6770708560943604
1.6371957063674927
1.5961918830871582
1.5538214445114136
1.509949803352356
1.464514970779419
1.4175243377685547
1.3690345287322998
1.3191490173339844
1.268005132675171
1.2157713174819946
1.1626381874084473
1.1088155508041382
1.05452561378479
1.0
0.9454744458198547
0.8911845088005066
0.8373618125915527
0.7842286229133606
0.7319949269294739
0.6808509826660156
0.630965530872345
0.5824756622314453
0.5354849696159363
0.49005019664764404
0.44617852568626404
0.4038081467151642
0.36280423402786255
0.32292911410331726
0.2838355004787445
0.24502195417881012
0.20582440495491028
0.16536468267440796
0.12256021797657013
0.07612046599388123
1.8910064697265625
1.8428573608398438
1.7984060049057007
1.7565639019012451
1.716384768486023
1.6770708560943604
1.6379884481430054
1.5986377000808716
1.5586522817611694
1.5177656412124634
1.4758073091506958
1.4326775074005127
1.3883439302444458
1.3428232669830322
1.2961794137954712
1.2485098838806152
1.1999439001083374
1.1506327390670776
1.10074782371521
1.0504724979400635
1.0
0.9495275020599365
0.89925217628479
0.8493672013282776
0.8000561594963074
0.7514901757240295
0.7038205862045288
0.657176673412323
0.6116560697555542
0.5673224329948425
0.5241926312446594
0.4822343587875366
0.4413476884365082
0.4013622999191284
0.36201155185699463
0.32292911410331726
0.28361520171165466
0.24343611299991608
0.20159396529197693
0.15714263916015625
0.10899347811937332
1.852640151977539
1.8039722442626953
1.7589731216430664
1.7167103290557861
1.6763569116592407
1.6371957063674927
1.5986377000808716
1.5602025985717773
1.5215237140655518
1.482321858406067
1.4424057006835938
1.4016494750976562
1.3599913120269775
1.317417025566101
1.2739574909210205
1.2296773195266724
1.1846718788146973
1.1390585899353027
1.0929744243621826
1.0465686321258545
1.0
0.9534313678741455
0.9070255756378174
0.8609413504600525
0.815328061580658
0.7703226804733276
0.7260424494743347
0.6825830340385437
0.6400086283683777
0.5983505845069885
0.5575942993164062
0.5176782011985779
0.47847631573677063
0.4397973418235779
0.4013622999191284
0.36280423402786255
0.3236430585384369
0.28328967094421387
0.2410268932580948
0.1960277259349823
0.14735983312129974
1.8090169429779053
1.760840654373169
1.7162344455718994
1.6743934154510498
1.6345925331115723
1.5961918830871582
1.5586522817611694
1.5215237140655518
1.4844506978988647
1.4471544027328491
1.4094338417053223
1.3711472749710083
1.3322126865386963
1.2925922870635986
1.2522914409637451
1.2113473415374756
1.1698272228240967
1.127819299697876
1.0854310989379883
1.0427818298339844
1.0
0.9572182297706604
0.9145689010620117
0.8721806406974792
0.8301727771759033
0.7886526584625244
0.7477085590362549
0.7074077129364014
0.6677872538566589
0.6288526654243469
0.5905662178993225
0.5528455376625061
0.5155493021011353
0.47847631573677063
0.4413476884365082
0.4038081467151642
0.3654074966907501
0.32560664415359497
0.2837655246257782
0.23915940523147583
0.19098301231861115
1.7604060173034668
1.713585376739502
1.6701842546463013
1.6295024156570435
1.5909044742584229
1.5538214445114136
1.5177656412124634
1.482321858406067
1.4471544027328491
1.411993384361267
1.3766365051269531
1.3409349918365479
1.3047939538955688
1.268159031867981
1.2310162782669067
1.1933813095092773
1.1552982330322266
1.1168310642242432
1.0780616998672485
1.0390839576721191
1.0
0.9609160423278809
0.9219383001327515
0.8831689357757568
0.8447017073631287
0.8066186308860779
0.7689837217330933
0.731840968132019
0.6952061057090759
0.6590650081634521
0.6233635544776917
0.5880066752433777
0.5528455376625061
0.5176782011985779
0.4822343587875366
0.44617852568626404
0.40909552574157715
0.37049752473831177
0.3298157751560211
0.28641459345817566
0.23959402740001678
1.7071068286895752
1.6623919010162354
1.6209015846252441
1.5820268392562866
1.545210599899292
1.509949803352356
1.4758073091506958
1.4424057006835938
1.4094338417053223
1.3766365051269531
1.3438172340393066
1.3108268976211548
1.2775636911392212
1.2439630031585693
1.2099970579147339
1.175665020942688
1.140992522239685
1.1060235500335693
1.0708192586898804
1.0354514122009277
1.0
0.9645485877990723
0.9291807413101196
0.8939763903617859
0.8590074777603149
0.8243349194526672
0.7900029420852661
0.7560369372367859
0.7224363684654236
0.68917316198349
0.6561827063560486
0.6233635544776917
0.5905662178993225
0.5575942993164062
0.5241926312446594
0.49005019664764404
0.4547894597053528
0.41797319054603577
0.37909841537475586
0.3376081585884094
0.2928932309150696
1.649448037147522
1.6074885129928589
1.5685234069824219
1.5320228338241577
1.4975007772445679
1.464514970779419
1.4326775074005127
1.4016494750976562
1.3711472749710083
1.3409349918365479
1.3108268976211548
1.2806779146194458
1.2503856420516968
1.2198798656463623
1.1891233921051025
1.1581040620803833
1.1268328428268433
1.0953383445739746
1.0636643171310425
1.0318644046783447
1.0
0.9681355357170105
0.9363356828689575
0.9046615958213806
0.8731671571731567
0.8418959975242615
0.8108765482902527
0.7801201939582825
0.7496143579483032
0.7193220257759094
0.68917316198349
0.6590650081634521
0.6288526654243469
0.5983505845069885
0.5673224329948425
0.5354849696159363
0.5024992823600769
0.4679771959781647
0.4314766526222229
0.3925114870071411
0.350551962852478
1.587785243988037
1.549146294593811
1.5132403373718262
1.4796096086502075
1.447832703590393
1.4175243377685547
1.3883439302444458
1.3599913120269775
1.3322126865386963
1.3047939538955688
1.2775636911392212
1.2503856420516968
1.2231600284576416
1.195815920829773
1.1683109998703003
1.1406251192092896
1.1127591133117676
1.0847291946411133
1.056565523147583
1.0283071994781494
1.0
0.9716928005218506
0.9434344172477722
0.9152708053588867
0.8872408866882324
0.8593748807907104
0.8316889405250549
0.804184079170227
0.7768399119377136
0.7496143579483032
0.7224363684654236
0.6952061057090759
0.6677872538566589
0.6400086283683777
0.6116560697555542
0.5824756622314453
0.5521673560142517
0.5203903913497925
0.48675966262817383
0.4508536458015442
0.4122147560119629
1.522498607635498
1.487667441368103
1.4552820920944214
1.4249507188796997
1.3963119983673096
1.3690345287322998
1.3428232669830322
1.317417025566101
1.2925922870635986
1.268159031867981
1.2439630031585693
1.2198798656463623
1.195815920829773
1.1717027425765991
1.1474963426589966
1.1231722831726074
1.0987242460250854
1.0741597414016724
1.0494983196258545
1.0247671604156494
1.0
0.9752328395843506
0.9505017399787903
0.9258401989936829
0.9012756943702698
0.8768277764320374
0.8525036573410034
0.8282973170280457
0.804184079170227
0.7801201939582825
0.7560369372367859
0.731840968132019
0.7074077129364014
0.6825830340385437
0.657176673412323
0.630965530872345
0.6036880612373352
0.5750493407249451
0.5447179675102234
0.512332558631897
0.47750142216682434
1.4539904594421387
1.423384666442871
1.3949148654937744
1.3682513236999512
1.3430894613265991
1.3191490173339844
1.2961794137954712
1.2739574909210205
1.2522914409637451
1.2310162782669067
1.2099970579147339
1.1891233921051025
1.1683109998703003
1.1474963426589966
1.1266369819641113
1.1057066917419434
1.0846953392028809
1.0636041164398193
1.0424444675445557
1.0212352275848389
1.0
0.9787647128105164
0.9575554728507996
0.9363959431648254
0.9153046011924744
0.8942932486534119
0.8733630180358887
0.8525036573410034
0.8316889405250549
0.8108765482902527
0.7900029420852661
0.7689837217330933
0.7477085590362549
0.7260424494743347
0.7038205862045288
0.6808509826660156
0.6569105386734009
0.6317486763000488
0.6050851941108704
0.5766153931617737
0.5460094809532166
1.3826833963394165
1.3566536903381348
1.3324319124221802
1.3097469806671143
1.2883484363555908
1.268005132675171
1.2485098838806152
1.2296773195266724
1.2113473415374756
1.1933813095092773
1.175665020942688
1.1581040620803833
1.1406251192092896
1.1231722831726074
1.1057066917419434
1.0882033109664917
1.0706498622894287
1.0530439615249634
1.0353916883468628
1.017704963684082
1.0
0.9822950959205627
0.964608371257782
0.9469560384750366
0.9293500781059265
0.9117966890335083
0.8942932486534119
0.8768277764320374
0.8593748807907104
0.8418959975242615
0.8243349194526672
0.8066186308860779
0.7886526584625244
0.7703226804733276
0.7514901757240295
0.7319949269294739
0.7116515636444092
0.690252959728241
0.6675681471824646
0.64334636926651
0.6173165440559387
1.3090169429779053
1.287852168083191
1.2681517601013184
1.2497013807296753
1.2323023080825806
1.2157713174819946
1.1999439001083374
1.1846718788146973
1.1698272228240967
1.1552982330322266
1.140992522239685
1.1268328428268433
1.1127591133117676
1.0987242460250854
1.0846953392028809
1.0706498622894287
1.056575894355774
1.0424691438674927
1.0283321142196655
1.0141721963882446
1.0
0.9858278036117554
0.9716678261756897
0.9575308561325073
0.9434240460395813
0.9293500781059265
0.9153046011924744
0.9012756943702698
0.8872408866882324
0.8731671571731567
0.8590074777603149
0.8447017073631287
0.8301727771759033
0.815328061580658
0.8000561594963074
0.7842286229133606
0.7676977515220642
0.7502986788749695
0.7318482398986816
0.7121478319168091
0.69098299741745
1.233445405960083
1.2173737287521362
1.2024110555648804
1.1883975267410278
1.1751854419708252
1.1626381874084473
1.1506327390670776
1.1390585899353027
1.127819299697876
1.1168310642242432
1.1060235500335693
1.0953383445739746
1.0847291946411133
1.0741597414016724
1.0636041164398193
1.0530439615249634
1.0424691438674927
1.0318750143051147
1.021262288093567
1.0106351375579834
1.0
0.9893649220466614
0.9787376523017883
0.9681249260902405
0.9575308561325073
0.9469560384750366
0.9363959431648254
0.9258401989936829
0.9152708053588867
0.9046615958213806
0.8939763903617859
0.8831689357757568
0.8721806406974792
0.8609413504600525
0.8493672013282776
0.8373618125915527
0.8248145580291748
0.8116024732589722
0.7975890040397644
0.7826262712478638
0.7665546536445618
1.156434416770935
1.145626187324524
1.1355621814727783
1.1261365413665771
1.1172511577606201
1.1088155508041382
1.10074782371521
1.0929744243621826
1.0854310989379883
1.0780616998672485
1.0708192586898804
1.0636643171310425
1.056565523147583
1.0494983196258545
1.0424444675445557
1.0353916883468628
1.0283321142196655
1.021262288093567
1.0141820907592773
1.0070933103561401
1.0
0.9929066896438599
0.9858179688453674
0.9787376523017883
0.9716678261756897
0.964608371257782
0.9575554728507996
0.9505017399787903
0.9434344172477722
0.9363356828689575
0.9291807413101196
0.9219383001327515
0.9145689010620117
0.9070255756378174
0.89925217628479
0.8911845088005066
0.8827488422393799
0.8738635182380676
0.8644378185272217
0.8543738126754761
0.8435655236244202
1.0784591436386108
1.0730268955230713
1.0679682493209839
1.0632303953170776
1.0587645769119263
1.05452561378479
1.0504724979400635
1.0465686321258545
1.0427818298339844
1.0390839576721191
1.0354514122009277
1.0318644046783447
1.0283071994781494
1.0247671604156494
1.0212352275848389
1.017704963684082
1.0141721963882446
1.0106351375579834
1.0070933103561401
1.0035476684570312
1.0
0.996452271938324
0.9929066896438599
0.9893649220466614
0.9858278036117554
0.9822950959205627
0.9787647128105164
0.9752328395843506
0.9716928005218506
0.9681355357170105
0.9645485877990723
0.9609160423278809
0.9572182297706604
0.9534313678741455
0.9495275020599365
0.9454744458198547
0.941235363483429
0.9367696046829224
0.9320318102836609
0.9269731640815735
0.9215409159660339
1.0
1.0
1.0
1.0
1.0
1.0
1.0
1.0
1.0
1.0
1.0
1.0
1.0
1.0
1.0
1.0
1.0
1.0
1.0
1.0
1.0
1.0
1.0
1.0
1.0
1.0
1.0
1.0
1.0
1.0
1.0
1.0
1.0
1.0
1.0
1.0
1.0
1.0
1.0
1.0
1.0
0.9215409159660339
0.9269731640815735
0.9320318102836609
0.9367696046829224
0.941235363483429
0.9454744458198547
0.9495275020599365
0.9534313678741455
0.9572182297706604
0.9609160423278809
0.9645485877990723
0.9681355357170105
0.9716928005218506
0.9752328395843506
0.9787647128105164
0.9822950959205627
0.9858278036117554
0.9893649220466614
0.9929066896438599
0.996452271938324
1.0
1.0035476684570312
1.0070933103561401
1.0106351375579834
1.0141721963882446
1.017704963684082
1.0212352275848389
1.0247671604156494
1.0283071994781494
1.0318644046783447
1.0354514122009277
1.0390839576721191
1.0427818298339844
1.0465686321258545
1.0504724979400635
1.05452561378479
1.0587645769119263
1.0632303953170776
1.0679682493209839
1.0730268955230713
1.0784591436386108
0.8435655236244202
0.8543738126754761
0.8644378185272217
0.8738635182380676
0.8827488422393799
0.8911845088005066
0.89925217628479
0.9070255756378174
0.9145689010620117
0.9219383001327515
0.9291807413101196
0.9363356828689575
0.9434344172477722
0.9505017399787903
0.9575554728507996
0.964608371257782
0.9716678261756897
0.9787376523017883
0.9858179688453674
0.9929066896438599
1.0
1.0070933103561401
1.0141820907592773
1.021262288093567
1.0283321142196655
1.0353916883468628
1.0424444675445557
1.0494983196258545
1.056565523147583
1.0636643171310425
1.0708192586898804
1.0780616998672485
1.0854310989379883
1.0929744243621826
1.10074782371521
1.1088155508041382
1.1172511577606201
1.1261365413665771
1.1355621814727783
1.145626187324524
1.156434416770935
0.7665546536445618
0.7826262712478638
0.7975890040397644
0.8116024732589722
0.8248145580291748
0.8373618125915527
0.8493672013282776
0.8609413504600525
0.8721806406974792
0.8831689357757568
0.8939763903617859
0.9046615958213806
0.9152708053588867
0.9258401989936829
0.9363959431648254
0.9469560384750366
0.9575308561325073
0.9681249260902405
0.9787376523017883
0.9893649220466614
1.0
1.0106351375579834
1.021262288093567
1.0318750143051147
1.0424691438674927
1.0530439615249634
1.0636041164398193
1.0741597414016724
1.0847291946411133
1.0953383445739746
1.1060235500335693
1.1168310642242432
1.127819299697876
1.1390585899353027
1.1506327390670776
1.1626381874084473
1.1751854419708252
1.1883975267410278
1.2024110555648804
1.2173737287521362
1.233445405960083
0.69098299741745
0.7121478319168091
0.7318482398986816
0.7502986788749695
0.7676977515220642
0.7842286229133606
0.8000561594963074
0.815328061580658
0.8301727771759033
0.8447017073631287
0.8590074777603149
0.8731671571731567
0.8872408866882324
0.9012756943702698
0.9153046011924744
0.9293500781059265
0.9434240460395813
0.9575308561325073
0.9716678261756897
0.9858278036117554
1.0
1.0141721963882446
1.0283321142196655
1.0424691438674927
1.056575894355774
1.0706498622894287
1.0846953392028809
1.0987242460250854
1.1127591133117676
1.1268328428268433
1.140992522239685
1.1552982330322266
1.1698272228240967
1.1846718788146973
1.1999439001083374
1.2157713174819946
1.2323023080825806
1.2497013807296753
1.2681517601013184
1.287852168083191
1.3090169429779053
0.6173165440559387
0.64334636926651
0.6675681471824646
0.690252959728241
0.7116515636444092
0.7319949269294739
0.7514901757240295
0.7703226804733276
0.7886526584625244
0.8066186308860779
0.8243349194526672
0.8418959975242615
0.8593748807907104
0.8768277764320374
0.8942932486534119
0.9117966890335083
0.9293500781059265
0.9469560384750366
0.964608371257782
0.9822950959205627
1.0
1.017704963684082
1.0353916883468628
1.0530439615249634
1.0706498622894287
1.0882033109664917
1.1057066917419434
1.1231722831726074
1.1406251192092896
1.1581040620803833
1.175665020942688
1.1933813095092773
1.2113473415374756
1.2296773195266724
1.2485098838806152
1.268005132675171
1.2883484363555908
1.3097469806671143
1.3324319124221802
1.3566536903381348
1.3826833963394165
0.5460094809532166
0.5766153931617737
0.6050851941108704
0.6317486763000488
0.6569105386734009
0.6808509826660156
0.7038205862045288
0.7260424494743347
0.7477085590362549
0.7689837217330933
0.7900029420852661
0.8108765482902527
0.8316889405250549
0.8525036573410034
0.8733630180358887
0.8942932486534119
0.9153046011924744
0.9363959431648254
0.9575554728507996
0.9787647128105164
1.0
1.0212352275848389
1.0424444675445557
1.0636041164398193
1.0846953392028809
1.1057066917419434
1.1266369819641113
1.1474963426589966
1.1683109998703003
1.1891233921051025
1.2099970579147339
1.2310162782669067
1.2522914409637451
1.2739574909210205
1.2961794137954712
1.3191490173339844
1.3430894613265991
1.3682513236999512
1.3949148654937744
1.423384666442871
1.4539904594421387
0.47750142216682434
0.512332558631897
0.5447179675102234
0.5750493407249451
0.6036880612373352
0.630965530872345
0.657176673412323
0.6825830340385437
0.7074077129364014
0.731840968132019
0.7560369372367859
0.7801201939582825
0.804184079170227
0.8282973170280457
0.8525036573410034
0.8768277764320374
0.9012756943702698
0.9258401989936829
0.9505017399787903
0.9752328395843506
1.0
1.0247671604156494
1.0494983196258545
1.0741597414016724
1.0987242460250854
1.1231722831726074
1.1474963426589966
1.1717027425765991
1.195815920829773
1.2198798656463623
1.2439630031585693
1.268159031867981
1.2925922870635986
1.317417025566101
1.3428232669830322
1.3690345287322998
1.3963119983673096
1.4249507188796997
1.4552820920944214
1.487667441368103
1.522498607635498
0.4122147560119629
0.4508536458015442
0.48675966262817383
0.5203903913497925
0.5521673560142517
0.5824756622314453
0.6116560697555542
0.6400086283683777
0.6677872538566589
0.6952061057090759
0.7224363684654236
0.7496143579483032
0.7768399119377136
0.804184079170227
0.8316889405250549
0.8593748807907104
0.8872408866882324
0.9152708053588867
0.9434344172477722
0.9716928005218506
1.0
1.0283071994781494
1.056565523147583
1.0847291946411133
1.1127591133117676
1.1406251192092896
1.1683109998703003
1.195815920829773
1.2231600284576416
1.2503856420516968
1.2775636911392212
1.3047939538955688
1.3322126865386963
1.3599913120269775
1.3883439302444458
1.4175243377685547
1.447832703590393
1.4796096086502075
1.5132403373718262
1.549146294593811
1.587785243988037
0.350551962852478
0.3925114870071411
0.4314766526222229
0.4679771959781647
0.5024992823600769
0.5354849696159363
0.5673224329948425
0.5983505845069885
0.6288526654243469
0.6590650081634521
0.68917316198349
0.7193220257759094
0.7496143579483032
0.7801201939582825
0.8108765482902527
0.8418959975242615
0.8731671571731567
0.9046615958213806
0.9363356828689575
0.9681355357170105
1.0
1.0318644046783447
1.0636643171310425
1.0953383445739746
1.1268328428268433
1.1581040620803833
1.1891233921051025
1.2198798656463623
1.2503856420516968
1.2806779146194458
1.3108268976211548
1.3409349918365479
1.3711472749710083
1.4016494750976562
1.4326775074005127
1.464514970779419
1.4975007772445679
1.5320228338241577
1.5685234069824219
1.6074885129928589
1.649448037147522
0.2928932309150696
0.3376081585884094
0.37909841537475586
0.41797319054603577
0.4547894597053528
0.49005019664764404
0.5241926312446594
0.5575942993164062
0.5905662178993225
0.6233635544776917
0.6561827063560486
0.68917316198349
0.7224363684654236
0.7560369372367859
0.7900029420852661
0.8243349194526672
0.8590074777603149
0.8939763903617859
0.9291807413101196
0.9645485877990723
1.0
1.0354514122009277
1.0708192586898804
1.1060235500335693
1.140992522239685
1.175665020942688
1.2099970579147339
1.2439630031585693
1.2775636911392212
1.3108268976211548
1.3438172340393066
1.3766365051269531
1.4094338417053223
1.4424057006835938
1.4758073091506958
1.509949803352356
1.545210599899292
1.5820268392562866
1.6209015846252441
1.6623919010162354
1.7071068286895752
0.23959402740001678
0.28641459345817566
0.3298157751560211
0.37049752473831177
0.40909552574157715
0.44617852568626404
0.4822343587875366
0.5176782011985779
0.5528455376625061
0.5880066752433777
0.6233635544776917
0.6590650081634521
0.6952061057090759
0.731840968132019
0.7689837217330933
0.8066186308860779
0.8447017073631287
0.8831689357757568
0.9219383001327515
0.9609160423278809
1.0
1.0390839576721191
1.0780616998672485
1.1168310642242432
1.1552982330322266
1.1933813095092773
1.2310162782669067
1.268159031867981
1.3047939538955688
1.3409349918365479
1.3766365051269531
1.411993384361267
1.4471544027328491
1.482321858406067
1.5177656412124634
1.5538214445114136
1.5909044742584229
1.6295024156570435
1.6701842546463013
1.713585376739502
1.7604060173034668
0.19098301231861115
0.23915940523147583
0.2837655246257782
0.32560664415359497
0.3654074966907501
0.4038081467151642
0.4413476884365082
0.47847631573677063
0.5155493021011353
0.5528455376625061
0.5905662178993225
0.6288526654243469
0.6677872538566589
0.7074077129364014
0.7477085590362549
0.7886526584625244
0.8301727771759033
0.8721806406974792
0.9145689010620117
0.9572182297706604
1.0
1.0427818298339844
1.0854310989379883
1.127819299697876
1.1698272228240967
1.2113473415374756
1.2522914409637451
1.2925922870635986
1.3322126865386963
1.3711472749710083
1.4094338417053223
1.4471544027328491
1.4844506978988647
1.5215237140655518
1.5586522817611694
1.5961918830871582
1.6345925331115723
1.6743934154510498
1.7162344455718994
1.760840654373169
1.8090169429779053
0.14735983312129974
0.1960277259349823
0.2410268932580948
0.28328967094421387
0.3236430585384369
0.36280423402786255
0.4013622999191284
0.4397973418235779
0.47847631573677063
0.5176782011985779
0.5575942993164062
0.5983505845069885
0.6400086283683777
0.6825830340385437
0.7260424494743347
0.7703226804733276
0.815328061580658
0.8609413504600525
0.9070255756378174
0.9534313678741455
1.0
1.0465686321258545
1.0929744243621826
1.1390585899353027
1.1846718788146973
1.2296773195266724
1.2739574909210205
1.317417025566101
1.3599913120269775
1.4016494750976562
1.4424057006835938
1.482321858406067
1.5215237140655518
1.5602025985717773
1.5986377000808716
1.6371957063674927
1.6763569116592407
1.7167103290557861
1.7589731216430664
1.8039722442626953
1.852640151977539
0.10899347811937332
0.15714263916015625
0.20159396529197693
0.24343611299991608
0.28361520171165466
0.32292911410331726
0.36201155185699463
0.4013622999191284
0.4413476884365082
0.4822343587875366
0.5241926312446594
0.5673224329948425
0.6116560697555542
0.657176673412323
0.7038205862045288
0.7514901757240295
0.8000561594963074
0.8493672013282776
0.89925217628479
0.9495275020599365
1.0
1.0504724979400635
1.10074782371521
1.1506327390670776
1.1999439001083374
1.2485098838806152
1.2961794137954712
1.3428232669830322
1.3883439302444458
1.4326775074005127
1.4758073091506958
1.5177656412124634
1.5586522817611694
1.5986377000808716
1.6379884481430054
1.6770708560943604
1.716384768486023
1.7565639019012451
1.7984060049057007
1.8428573608398438
1.8910064697265625
0.07612046599388123
0.12256021797657013
0.16536468267440796
0.20582440495491028
0.24502195417881012
0.2838355004787445
0.32292911410331726
0.36280423402786255
0.4038081467151642
0.44617852568626404
0.49005019664764404
0.5354849696159363
0.5824756622314453
0.630965530872345
0.6808509826660156
0.7319949269294739
0.7842286229133606
0.8373618125915527
0.8911845088005066
0.9454744458198547
1.0
1.05452561378479
1.1088155508041382
1.1626381874084473
1.2157713174819946
1.268005132675171
1.3191490173339844
1.3690345287322998
1.4175243377685547
1.464514970779419
1.509949803352356
1.5538214445114136
1.5961918830871582
1.6371957063674927
1.6770708560943604
1.716164469718933
1.754978060722351
1.794175624847412
1.8346353769302368
1.8774397373199463
1.9238795042037964
0.04894348233938217
0.09222499281167984
0.1320800632238388
0.17005634307861328
0.20739082992076874
0.24502195417881012
0.28361520171165466
0.3236430585384369
0.3654074966907501
0.40909552574157715
0.4547894597053528
0.5024992823600769
0.5521673560142517
0.6036880612373352
0.6569105386734009
0.7116515636444092
0.7676977515220642
0.8248145580291748
0.8827488422393799
0.941235363483429
1.0
1.0587645769119263
1.1172511577606201
1.1751854419708252
1.2323023080825806
1.2883484363555908
1.3430894613265991
1.3963119983673096
1.447832703590393
1.4975007772445679
1.545210599899292
1.5909044742584229
1.6345925331115723
1.6763569116592407
1.716384768486023
1.754978060722351
1.7926092147827148
1.8299436569213867
1.867919921875
1.9077750444412231
1.9510564804077148
0.02763007953763008
0.0659508928656578
0.10128024965524673
0.13552673161029816
0.17005634307861328
0.20582440495491028
0.24343611299991608
0.28328967094421387
0.32560664415359497
0.37049752473831177
0.41797319054603577
0.4679771959781647
0.5203903913497925
0.5750493407249451
0.6317486763000488
0.690252959728241
0.7502986788749695
0.8116024732589722
0.8738635182380676
0.9367696046829224
1.0
1.0632303953170776
1.1261365413665771
1.1883975267410278
1.2497013807296753
1.3097469806671143
1.3682513236999512
1.4249507188796997
1.4796096086502075
1.5320228338241577
1.5820268392562866
1.6295024156570435
1.6743934154510498
1.7167103290557861
1.7565639019012451
1.794175624847412
1.8299436569213867
1.8644732236862183
1.8987197875976562
1.934049129486084
1.972369909286499
0.012311659753322601
0.043233007192611694
0.0721481665968895
0.10128024965524673
0.1320800632238388
0.16536468267440796
0.20159396529197693
0.2410268932580948
0.2837655246257782
0.3298157751560211
0.37909841537475586
0.4314766526222229
0.48675966262817383
0.5447179675102234
0.6050851941108704
0.6675681471824646
0.7318482398986816
0.7975890040397644
0.8644378185272217
0.9320318102836609
1.0
1.0679682493209839
1.1355621814727783
1.2024110555648804
1.2681517601013184
1.3324319124221802
1.3949148654937744
1.4552820920944214
1.5132403373718262
1.5685234069824219
1.6209015846252441
1.6701842546463013
1.7162344455718994
1.7589731216430664
1.7984060049057007
1.8346353769302368
1.867919921875
1.8987197875976562
1.9278517961502075
1.956766963005066
1.9876883029937744
0.003082666313275695
0.023200388997793198
0.043233007192611694
0.0659508928656578
0.09222499281167984
0.12256021797657013
0.15714263916015625
0.1960277259349823
0.23915940523147583
0.28641459345817566
0.3376081585884094
0.3925114870071411
0.4508536458015442
0.512332558631897
0.5766153931617737
0.64334636926651
0.7121478319168091
0.7826262712478638
0.8543738126754761
0.9269731640815735
1.0
1.0730268955230713
1.145626187324524
1.2173737287521362
1.287852168083191
1.3566536903381348
1.423384666442871
1.487667441368103
1.549146294593811
1.6074885129928589
1.6623919010162354
1.713585376739502
1.760840654373169
1.8039722442626953
1.8428573608398438
1.8774397373199463
1.9077750444412231
1.934049129486084
1.956766963005066
1.9767996072769165
1.9969173669815063
0.0
0.003082666313275695
0.012311659753322601
0.02763007953763008
0.04894348233938217
0.07612046599388123
0.10899347811937332
0.14735983312129974
0.19098301231861115
0.23959402740001678
0.2928932309150696
0.350551962852478
0.4122147560119629
0.47750142216682434
0.5460094809532166
0.6173165440559387
0.69098299741745
0.7665546536445618
0.8435655236244202
0.9215409159660339
1.0
1.0784591436386108
1.156434416770935
1.233445405960083
1.3090169429779053
1.3826833963394165
1.4539904594421387
1.522498607635498
1.587785243988037
1.649448037147522
1.7071068286895752
1.7604060173034668
1.8090169429779053
1.852640151977539
1.8910064697265625
1.9238795042037964
1.9510564804077148
1.972369909286499
1.9876883029937744
1.9969173669815063
2.0
