2.0
1.9969173669815063
1.9876883029937744
1.972369909286499
1.9510564804077148
1.9238795042037964
1.8910064697265625
1.852640151977539
1.8090169429779053
1.7604060173034668
1.7071068286895752
1.649448037147522
1.587785243988037
1.522498607635498
1.4539904594421387
1.3826833963394165
1.3090169429779053
1.233445405960083
1.156434416770935
1.0784591436386108
1.0
0.9215409159660339
0.8435655236244202
0.7665546536445618
0.69098299741745
0.6173165440559387
0.5460094809532166
0.47750142216682434
0.4122147560119629
0.350551962852478
0.2928932309150696
0.23959402740001678
0.19098301231861115
0.14735983312129974
0.10899347811937332
0.07612046599388123
0.04894348233938217
0.02763007953763008
0.012311659753322601
0.003082666313275695
0.0
1.9969173669815063
1.976952075958252
1.9570163488388062
1.9343650341033936
1.9081358909606934
1.877829670906067
1.8432633876800537
1.8043839931488037
1.7612491846084595
1.713983178138733
1.662772297859192
1.6078459024429321
1.5494756698608398
1.4879645109176636
1.4236458539962769
1.3568758964538574
1.28803288936615
1.2175110578536987
1.1457185745239258
1.0730732679367065
1.0
0.9269267320632935
0.8542814254760742
0.782489001750946
0.7119670510292053
0.6431241035461426
0.5763541460037231
0.5120354890823364
0.45052430033683777
0.39215412735939026
0.3372277617454529
0.2860168516635895
0.2387508600950241
0.1956159919500351
0.1567365974187851
0.12217037379741669
0.09186413884162903
0.06563498824834824
0.042983703315258026
0.023047959432005882
0.003082666313275695
1.9876883029937744
1.9570163488388062
1.9282782077789307
1.8992713689804077
1.8685587644577026
1.835331678390503
1.7991360425949097
1.7597168684005737
1.716975212097168
1.6709073781967163
1.6215946674346924
1.5691756010055542
1.5138423442840576
1.455825686454773
1.3953931331634521
1.3328391313552856
1.2684831619262695
1.2026628255844116
1.13573157787323
1.0680533647537231
1.0
0.9319466352462769
0.86426842212677
0.7973371744155884
0.7315167784690857
0.6671608686447144
0.6046068668365479
0.5441743731498718
0.48615771532058716
0.4308244287967682
0.3784053325653076
0.3290926218032837
0.2830248475074768
0.2402830868959427
0.20086392760276794
0.1646682769060135
0.13144128024578094
0.10072865337133408
0.07172178477048874
0.042983703315258026
0.012311659753322601
1.972369909286499
1.9343650341033936
1.8992713689804077
1.8651978969573975
1.8307918310165405
1.7951072454452515
1.757546067237854
1.7177152633666992
1.6753973960876465
1.6304852962493896
1.5829707384109497
1.5329124927520752
1.4804317951202393
1.4256939888000488
1.3689059019088745
1.3103047609329224
1.2501554489135742
1.188742756843567
1.126368761062622
1.0633472204208374
1.0
0.9366527795791626
0.8736311793327332
0.8112573027610779
0.7498445510864258
0.6896952390670776
0.6310940384864807
0.574306070804596
0.5195682048797607
0.4670875370502472
0.41702932119369507
0.36951473355293274
0.32460257411003113
0.2822847068309784
0.242453932762146
0.20489273965358734
0.16920821368694305
0.13480207324028015
0.10072865337133408
0.06563498824834824
0.02763007953763008
1.9510564804077148
1.9081358909606934
1.8685587644577026
1.8307918310165405
1.793609857559204
1.7560842037200928
1.7175564765930176
1.6775602102279663
1.6357983350753784
1.5920875072479248
1.5463489294052124
1.4985753297805786
1.4488270282745361
1.3972117900848389
1.3438825607299805
1.2890245914459229
1.2328530550003052
1.175604224205017
1.1175330877304077
1.0589064359664917
1.0
0.9410936236381531
0.8824669122695923
0.8243957161903381
0.7671469449996948
0.7109754085540771
0.6561174392700195
0.6027882099151611
0.5511729717254639
0.5014246702194214
0.45365110039711
0.4079124629497528
0.36420169472694397
0.3224397599697113
0.2824435234069824
0.2439158409833908
0.20639009773731232
0.16920821368694305
0.13144128024578094
0.09186413884162903
0.04894348233938217
1.9238795042037964
1.877829670906067
1.835331678390503
1.7951072454452515
1.7560842037200928
1.717393159866333
1.678377628326416
1.6385420560836792
1.5975444316864014
1.555151343345642
1.5112316608428955
1.4657267332077026
1.4186469316482544
1.3700512647628784
1.320045828819275
1.2687702178955078
1.2163949012756348
1.1631125211715698
1.1091349124908447
1.054686188697815
1.0
0.9453138113021851
0.8908651471138
0.8368874788284302
0.7836050987243652
0.731229841709137
0.6799541711807251
0.6299487352371216
0.5813531279563904
0.5342732071876526
0.4887683689594269
0.4448486864566803
0.40245556831359863
0.3614579439163208
0.32162240147590637
0.2826068103313446
0.2439158409833908
0.20489273965358734
0.1646682769060135
0.12217037379741669
0.07612046599388123
1.8910064697265625
1.8432633876800537
1.7991360425949097
1.757546067237854
1.7175564765930176
1.678377628326416
1.6393827199935913
1.6000782251358032
1.5601028203964233
1.5191943645477295
1.477186679840088
1.4339830875396729
1.3895546197891235
1.3439208269119263
1.2971482276916504
1.2493367195129395
1.2006181478500366
1.1511458158493042
1.1010932922363281
1.0506463050842285
1.0
0.9493536949157715
0.8989066481590271
0.848854124546051
0.7993819117546082
0.7506632208824158
0.7028517723083496
0.656079113483429
0.6104453802108765
0.5660168528556824
0.5228133201599121
0.4808056056499481
0.43989720940589905
0.39992183446884155
0.3606172800064087
0.32162240147590637
0.2824435234069824
0.242453932762146
0.20086392760276794
0.1567365974187851
0.10899347811937332
1.852640151977539
1.8043839931488037
1.7597168684005737
1.7177152633666992
1.6775602102279663
1.6385420560836792
1.6000782251358032
1.5616942644119263
1.5230286121368408
1.4838066101074219
1.4438410997390747
1.4030096530914307
1.3612539768218994
1.3185625076293945
1.2749693393707275
1.2305413484573364
1.185376763343811
1.1395951509475708
1.093335747718811
1.0467504262924194
1.0
0.9532495737075806
0.9066641926765442
0.860404908657074
0.8146232962608337
0.7694586515426636
0.7250307202339172
0.6814375519752502
0.6387460827827454
0.5969903469085693
0.5561589002609253
0.5161933302879333
0.47697141766548157
0.43830570578575134
0.39992183446884155
0.3614579439163208
0.3224397599697113
0.2822847068309784
0.2402830868959427
0.1956159919500351
0.14735983312129974
1.8090169429779053
1.7612491846084595
1.716975212097168
1.6753973960876465
1.6357983350753784
1.5975444316864014
1.5601028203964233
1.5230286121368408
1.4859715700149536
1.4486571550369263
1.4108881950378418
1.3725268840789795
1.3334944248199463
1.2937558889389038
1.2533198595046997
1.2122260332107544
1.170544147491455
1.1283652782440186
1.0857988595962524
1.0429668426513672
1.0
0.9570331573486328
0.9142010807991028
0.8716347217559814
0.8294557929039001
0.7877740263938904
0.7466801404953003
0.7062440514564514
0.6665055751800537
0.6274730563163757
0.5891118049621582
0.5513428449630737
0.5140284895896912
0.47697141766548157
0.43989720940589905
0.40245556831359863
0.36420169472694397
0.32460257411003113
0.2830248475074768
0.2387508600950241
0.19098301231861115
1.7604060173034668
1.713983178138733
1.6709073781967163
1.6304852962493896
1.5920875072479248
1.555151343345642
1.5191943645477295
1.4838066101074219
1.4486571550369263
1.4134799242019653
1.3780767917633057
1.3423024415969849
1.306065320968628
1.2693140506744385
1.2320375442504883
1.1942543983459473
1.1560108661651611
1.1173737049102783
1.0784274339675903
1.039267897605896
1.0
0.9607320427894592
0.9215725660324097
0.8826262354850769
0.8439891338348389
0.8057456612586975
0.7679623961448669
0.7306859493255615
0.6939346790313721
0.6576974987983704
0.6219232082366943
0.5865200757980347
0.5513428449630737
0.5161933302879333
0.4808056056499481
0.4448486864566803
0.4079124629497528
0.36951473355293274
0.3290926218032837
0.2860168516635895
0.23959402740001678
1.7071068286895752
1.662772297859192
1.6215946674346924
1.5829707384109497
1.5463489294052124
1.5112316608428955
1.477186679840088
1.4438410997390747
1.4108881950378418
1.3780767917633057
1.3452140092849731
1.3121540546417236
1.2787983417510986
1.24508535861969
1.2109899520874023
1.1765140295028687
1.1416857242584229
1.1065516471862793
1.071175217628479
1.0356305837631226
1.0
0.9643694758415222
0.928824782371521
0.8934483528137207
0.8583142757415771
0.8234859704971313
0.7890100479125977
0.7549145817756653
0.7212016582489014
0.6878459453582764
0.6547859311103821
0.6219232082366943
0.5891118049621582
0.5561589002609253
0.5228133201599121
0.4887683689594269
0.45365110039711
0.41702932119369507
0.3784053325653076
0.3372277617454529
0.2928932309150696
1.649448037147522
1.6078459024429321
1.5691756010055542
1.5329124927520752
1.4985753297805786
1.4657267332077026
1.4339830875396729
1.4030096530914307
1.3725268840789795
1.3423024415969849
1.3121540546417236
1.2819398641586304
1.2515603303909302
1.2209481000900269
1.1900689601898193
1.1589127779006958
1.1274933815002441
1.095841646194458
1.064003586769104
1.032035231590271
1.0
0.9679648280143738
0.935996413230896
0.904158353805542
0.8725066184997559
0.841087281703949
0.8099310994148254
0.7790518403053284
0.7484396696090698
0.7180601358413696
0.6878459453582764
0.6576974987983704
0.6274730563163757
0.5969903469085693
0.5660168528556824
0.5342732071876526
0.5014246702194214
0.4670875370502472
0.4308244287967682
0.39215412735939026
0.350551962852478
1.587785243988037
1.5494756698608398
1.5138423442840576
1.4804317951202393
1.4488270282745361
1.4186469316482544
1.3895546197891235
1.3612539768218994
1.3334944248199463
1.306065320968628
1.2787983417510986
1.2515603303909302
1.2242541313171387
1.196811318397522
1.1691923141479492
1.1413791179656982
1.1133750677108765
1.0851986408233643
1.0568820238113403
1.0284664630889893
1.0
0.9715335369110107
0.9431179761886597
0.9148014187812805
0.8866249322891235
0.8586208820343018
0.8308076858520508
0.803188681602478
0.7757458686828613
0.7484396696090698
0.7212016582489014
0.6939346790313721
0.6665055751800537
0.6387460827827454
0.6104453802108765
0.5813531279563904
0.5511729717254639
0.5195682048797607
0.48615771532058716
0.45052430033683777
0.4122147560119629
1.522498607635498
1.4879645109176636
1.455825686454773
1.4256939888000488
1.3972117900848389
1.3700512647628784
1.3439208269119263
1.3185625076293945
1.2937558889389038
1.2693140506744385
1.24508535861969
1.2209481000900269
1.196811318397522
1.1726086139678955
1.1482986211776733
1.12385892868042
1.099285364151001
1.0745874643325806
1.0497865676879883
1.0249123573303223
1.0
0.9750877022743225
0.9502134323120117
0.9254125952720642
0.900714635848999
0.8761411309242249
0.8517013192176819
0.8273913264274597
0.803188681602478
0.7790518403053284
0.7549145817756653
0.7306859493255615
0.7062440514564514
0.6814375519752502
0.656079113483429
0.6299487352371216
0.6027882099151611
0.574306070804596
0.5441743731498718
0.5120354890823364
0.47750142216682434
1.4539904594421387
1.4236458539962769
1.3953931331634521
1.3689059019088745
1.3438825607299805
1.320045828819275
1.2971482276916504
1.2749693393707275
1.2533198595046997
1.2320375442504883
1.2109899520874023
1.1900689601898193
1.1691923141479492
1.1482986211776733
1.127347707748413
1.1063151359558105
1.0851925611495972
1.0639830827713013
1.0427000522613525
1.0213638544082642
1.0
0.9786360859870911
0.9572999477386475
0.9360169172286987
0.9148074388504028
0.8936848640441895
0.8726523518562317
0.8517013192176819
0.8308076858520508
0.8099310994148254
0.7890100479125977
0.7679623961448669
0.7466801404953003
0.7250307202339172
0.7028517723083496
0.6799541711807251
0.6561174392700195
0.6310940384864807
0.6046068668365479
0.5763541460037231
0.5460094809532166
1.3826833963394165
1.3568758964538574
1.3328391313552856
1.3103047609329224
1.2890245914459229
1.2687702178955078
1.2493367195129395
1.2305413484573364
1.2122260332107544
1.1942543983459473
1.1765140295028687
1.1589127779006958
1.1413791179656982
1.12385892868042
1.1063151359558105
1.0887242555618286
1.071075677871704
1.0533685684204102
1.035610556602478
1.017815113067627
1.0
0.982184886932373
0.9643895030021667
0.9466314911842346
0.9289243221282959
0.9112758040428162
0.8936848640441895
0.8761411309242249
0.8586208820343018
0.841087281703949
0.8234859704971313
0.8057456612586975
0.7877740263938904
0.7694586515426636
0.7506632208824158
0.731229841709137
0.7109754085540771
0.6896952390670776
0.6671608686447144
0.6431241035461426
0.6173165440559387
1.3090169429779053
1.28803288936615
1.2684831619262695
1.2501554489135742
1.2328530550003052
1.2163949012756348
1.2006181478500366
1.185376763343811
1.170544147491455
1.1560108661651611
1.1416857242584229
1.1274933815002441
1.1133750677108765
1.099285364151001
1.0851925611495972
1.071075677871704
1.0569239854812622
1.0427345037460327
1.0285110473632812
1.014262318611145
1.0
0.9857377409934998
0.971488893032074
0.9572654962539673
0.9430760145187378
0.9289243221282959
0.9148074388504028
0.900714635848999
0.8866249322891235
0.8725066184997559
0.8583142757415771
0.8439891338348389
0.8294557929039001
0.8146232962608337
0.7993819117546082
0.7836050987243652
0.7671469449996948
0.7498445510864258
0.7315167784690857
0.7119670510292053
0.69098299741745
1.233445405960083
1.2175110578536987
1.2026628255844116
1.188742756843567
1.175604224205017
1.1631125211715698
1.1511458158493042
1.1395951509475708
1.1283652782440186
1.1173737049102783
1.1065516471862793
1.095841646194458
1.0851986408233643
1.0745874643325806
1.0639830827713013
1.0533685684204102
1.0427345037460327
1.0320773124694824
1.0213987827301025
1.0107038021087646
1.0
0.9892961978912354
0.9786012172698975
0.9679226279258728
0.9572654962539673
0.9466314911842346
0.9360169172286987
0.9254125952720642
0.9148014187812805
0.904158353805542
0.8934483528137207
0.8826262354850769
0.8716347217559814
0.860404908657074
0.848854124546051
0.8368874788284302
0.8243957161903381
0.8112573027610779
0.7973371744155884
0.782489001750946
0.7665546536445618
1.156434416770935
1.1457185745239258
1.13573157787323
1.126368761062622
1.1175330877304077
1.1091349124908447
1.1010932922363281
1.093335747718811
1.0857988595962524
1.0784274339675903
1.071175217628479
1.064003586769104
1.0568820238113403
1.0497865676879883
1.0427000522613525
1.035610556602478
1.0285110473632812
1.0213987827301025
1.0142741203308105
1.0071396827697754
1.0
0.9928603768348694
0.9857259392738342
0.9786012172698975
0.971488893032074
0.9643895030021667
0.9572999477386475
0.9502134323120117
0.9431179761886597
0.935996413230896
0.928824782371521
0.9215725660324097
0.9142010807991028
0.9066641926765442
0.8989066481590271
0.8908651471138
0.8824669122695923
0.8736311793327332
0.86426842212677
0.8542814254760742
0.8435655236244202
1.0784591436386108
1.0730732679367065
1.0680533647537231
1.0633472204208374
1.0589064359664917
1.054686188697815
1.0506463050842285
1.0467504262924194
1.0429668426513672
1.039267897605896
1.0356305837631226
1.032035231590271
1.0284664630889893
1.0249123573303223
1.0213638544082642
1.017815113067627
1.014262318611145
1.0107038021087646
1.0071396827697754
1.0035710334777832
1.0
0.9964289665222168
0.9928603768348694
0.9892961978912354
0.9857377409934998
0.982184886932373
0.9786360859870911
0.9750877022743225
0.9715335369110107
0.9679648280143738
0.9643694758415222
0.9607320427894592
0.9570331573486328
0.9532495737075806
0.9493536949157715
0.9453138113021851
0.9410936236381531
0.9366527795791626
0.9319466352462769
0.9269267320632935
0.9215409159660339
1.0
1.0
1.0
1.0
1.0
1.0
1.0
1.0
1.0
1.0
1.0
1.0
1.0
1.0
1.0
1.0
1.0
1.0
1.0
1.0
1.0
1.0
1.0
1.0
1.0
1.0
1.0
1.0
1.0
1.0
1.0
1.0
1.0
1.0
1.0
1.0
1.0
1.0
1.0
1.0
1.0
0.9215409159660339
0.9269267320632935
0.9319466352462769
0.9366527795791626
0.9410936236381531
0.9453138113021851
0.9493536949157715
0.9532495737075806
0.9570331573486328
0.9607320427894592
0.9643694758415222
0.9679648280143738
0.9715335369110107
0.9750877022743225
0.9786360859870911
0.982184886932373
0.9857377409934998
0.9892961978912354
0.9928603768348694
0.9964289665222168
1.0
1.0035710334777832
1.0071396827697754
1.0107038021087646
1.014262318611145
1.017815113067627
1.0213638544082642
1.0249123573303223
1.0284664630889893
1.032035231590271
1.0356305837631226
1.039267897605896
1.0429668426513672
1.0467504262924194
1.0506463050842285
1.054686188697815
1.0589064359664917
1.0633472204208374
1.0680533647537231
1.0730732679367065
1.0784591436386108
0.8435655236244202
0.8542814254760742
0.86426842212677
0.8736311793327332
0.8824669122695923
0.8908651471138
0.8989066481590271
0.9066641926765442
0.9142010807991028
0.9215725660324097
0.928824782371521
0.935996413230896
0.9431179761886597
0.9502134323120117
0.9572999477386475
0.9643895030021667
0.971488893032074
0.9786012172698975
0.9857259392738342
0.9928603768348694
1.0
1.0071396827697754
1.0142741203308105
1.0213987827301025
1.0285110473632812
1.035610556602478
1.0427000522613525
1.0497865676879883
1.0568820238113403
1.064003586769104
1.071175217628479
1.0784274339675903
1.0857988595962524
1.093335747718811
1.1010932922363281
1.1091349124908447
1.1175330877304077
1.126368761062622
1.13573157787323
1.1457185745239258
1.156434416770935
0.7665546536445618
0.782489001750946
0.7973371744155884
0.8112573027610779
0.8243957161903381
0.8368874788284302
0.848854124546051
0.860404908657074
0.8716347217559814
0.8826262354850769
0.8934483528137207
0.904158353805542
0.9148014187812805
0.9254125952720642
0.9360169172286987
0.9466314911842346
0.9572654962539673
0.9679226279258728
0.9786012172698975
0.9892961978912354
1.0
1.0107038021087646
1.0213987827301025
1.0320773124694824
1.0427345037460327
1.0533685684204102
1.0639830827713013
1.0745874643325806
1.0851986408233643
1.095841646194458
1.1065516471862793
1.1173737049102783
1.1283652782440186
1.1395951509475708
1.1511458158493042
1.1631125211715698
1.175604224205017
1.188742756843567
1.2026628255844116
1.2175110578536987
1.233445405960083
0.69098299741745
0.7119670510292053
0.7315167784690857
0.7498445510864258
0.7671469449996948
0.7836050987243652
0.7993819117546082
0.8146232962608337
0.8294557929039001
0.8439891338348389
0.8583142757415771
0.8725066184997559
0.8866249322891235
0.900714635848999
0.9148074388504028
0.9289243221282959
0.9430760145187378
0.9572654962539673
0.971488893032074
0.9857377409934998
1.0
1.014262318611145
1.0285110473632812
1.0427345037460327
1.0569239854812622
1.071075677871704
1.0851925611495972
1.099285364151001
1.1133750677108765
1.1274933815002441
1.1416857242584229
1.1560108661651611
1.170544147491455
1.185376763343811
1.2006181478500366
1.2163949012756348
1.2328530550003052
1.2501554489135742
1.2684831619262695
1.28803288936615
1.3090169429779053
0.6173165440559387
0.6431241035461426
0.6671608686447144
0.6896952390670776
0.7109754085540771
0.731229841709137
0.7506632208824158
0.7694586515426636
0.7877740263938904
0.8057456612586975
0.8234859704971313
0.841087281703949
0.8586208820343018
0.8761411309242249
0.8936848640441895
0.9112758040428162
0.9289243221282959
0.9466314911842346
0.9643895030021667
0.982184886932373
1.0
1.017815113067627
1.035610556602478
1.0533685684204102
1.071075677871704
1.0887242555618286
1.1063151359558105
1.12385892868042
1.1413791179656982
1.1589127779006958
1.1765140295028687
1.1942543983459473
1.2122260332107544
1.2305413484573364
1.2493367195129395
1.2687702178955078
1.2890245914459229
1.3103047609329224
1.3328391313552856
1.3568758964538574
1.3826833963394165
0.5460094809532166
0.5763541460037231
0.6046068668365479
0.6310940384864807
0.6561174392700195
0.6799541711807251
0.7028517723083496
0.7250307202339172
0.7466801404953003
0.7679623961448669
0.7890100479125977
0.8099310994148254
0.8308076858520508
0.8517013192176819
0.8726523518562317
0.8936848640441895
0.9148074388504028
0.9360169172286987
0.9572999477386475
0.9786360859870911
1.0
1.0213638544082642
1.0427000522613525
1.0639830827713013
1.0851925611495972
1.1063151359558105
1.127347707748413
1.1482986211776733
1.1691923141479492
1.1900689601898193
1.2109899520874023
1.2320375442504883
1.2533198595046997
1.2749693393707275
1.2971482276916504
1.320045828819275
1.3438825607299805
1.3689059019088745
1.3953931331634521
1.4236458539962769
1.4539904594421387
0.47750142216682434
0.5120354890823364
0.5441743731498718
0.574306070804596
0.6027882099151611
0.6299487352371216
0.656079113483429
0.6814375519752502
0.7062440514564514
0.7306859493255615
0.7549145817756653
0.7790518403053284
0.803188681602478
0.8273913264274597
0.8517013192176819
0.8761411309242249
0.900714635848999
0.9254125952720642
0.9502134323120117
0.9750877022743225
1.0
1.0249123573303223
1.0497865676879883
1.0745874643325806
1.099285364151001
1.12385892868042
1.1482986211776733
1.1726086139678955
1.196811318397522
1.2209481000900269
1.24508535861969
1.2693140506744385
1.2937558889389038
1.3185625076293945
1.3439208269119263
1.3700512647628784
1.3972117900848389
1.4256939888000488
1.455825686454773
1.4879645109176636
1.522498607635498
0.4122147560119629
0.45052430033683777
0.48615771532058716
0.5195682048797607
0.5511729717254639
0.5813531279563904
0.6104453802108765
0.6387460827827454
0.6665055751800537
0.6939346790313721
0.7212016582489014
0.7484396696090698
0.7757458686828613
0.803188681602478
0.8308076858520508
0.8586208820343018
0.8866249322891235
0.9148014187812805
0.9431179761886597
0.9715335369110107
1.0
1.0284664630889893
1.0568820238113403
1.0851986408233643
1.1133750677108765
1.1413791179656982
1.1691923141479492
1.196811318397522
1.2242541313171387
1.2515603303909302
1.2787983417510986
1.306065320968628
1.3334944248199463
1.3612539768218994
1.3895546197891235
1.4186469316482544
1.4488270282745361
1.4804317951202393
1.5138423442840576
1.5494756698608398
1.587785243988037
0.350551962852478
0.39215412735939026
0.4308244287967682
0.4670875370502472
0.5014246702194214
0.5342732071876526
0.5660168528556824
0.5969903469085693
0.6274730563163757
0.6576974987983704
0.6878459453582764
0.7180601358413696
0.7484396696090698
0.7790518403053284
0.8099310994148254
0.841087281703949
0.8725066184997559
0.904158353805542
0.935996413230896
0.9679648280143738
1.0
1.032035231590271
1.064003586769104
1.095841646194458
1.1274933815002441
1.1589127779006958
1.1900689601898193
1.2209481000900269
1.2515603303909302
1.2819398641586304
1.3121540546417236
1.3423024415969849
1.3725268840789795
1.4030096530914307
1.4339830875396729
1.4657267332077026
1.4985753297805786
1.5329124927520752
1.5691756010055542
1.6078459024429321
1.649448037147522
0.2928932309150696
0.3372277617454529
0.3784053325653076
0.41702932119369507
0.45365110039711
0.4887683689594269
0.5228133201599121
0.5561589002609253
0.5891118049621582
0.6219232082366943
0.6547859311103821
0.6878459453582764
0.7212016582489014
0.7549145817756653
0.7890100479125977
0.8234859704971313
0.8583142757415771
0.8934483528137207
0.928824782371521
0.9643694758415222
1.0
1.0356305837631226
1.071175217628479
1.1065516471862793
1.1416857242584229
1.1765140295028687
1.2109899520874023
1.24508535861969
1.2787983417510986
1.3121540546417236
1.3452140092849731
1.3780767917633057
1.4108881950378418
1.4438410997390747
1.477186679840088
1.5112316608428955
1.5463489294052124
1.5829707384109497
1.6215946674346924
1.662772297859192
1.7071068286895752
0.23959402740001678
0.2860168516635895
0.3290926218032837
0.36951473355293274
0.4079124629497528
0.4448486864566803
0.4808056056499481
0.5161933302879333
0.5513428449630737
0.5865200757980347
0.6219232082366943
0.6576974987983704
0.6939346790313721
0.7306859493255615
0.7679623961448669
0.8057456612586975
0.8439891338348389
0.8826262354850769
0.9215725660324097
0.9607320427894592
1.0
1.039267897605896
1.0784274339675903
1.1173737049102783
1.1560108661651611
1.1942543983459473
1.2320375442504883
1.2693140506744385
1.306065320968628
1.3423024415969849
1.3780767917633057
1.4134799242019653
1.4486571550369263
1.4838066101074219
1.5191943645477295
1.555151343345642
1.5920875072479248
1.6304852962493896
1.6709073781967163
1.713983178138733
1.7604060173034668
0.19098301231861115
0.2387508600950241
0.2830248475074768
0.32460257411003113
0.36420169472694397
0.40245556831359863
0.43989720940589905
0.47697141766548157
0.5140284895896912
0.5513428449630737
0.5891118049621582
0.6274730563163757
0.6665055751800537
0.7062440514564514
0.7466801404953003
0.7877740263938904
0.8294557929039001
0.8716347217559814
0.9142010807991028
0.9570331573486328
1.0
1.0429668426513672
1.0857988595962524
1.1283652782440186
1.170544147491455
1.2122260332107544
1.2533198595046997
1.2937558889389038
1.3334944248199463
1.3725268840789795
1.4108881950378418
1.4486571550369263
1.4859715700149536
1.5230286121368408
1.5601028203964233
1.5975444316864014
1.6357983350753784
1.6753973960876465
1.716975212097168
1.7612491846084595
1.8090169429779053
0.14735983312129974
0.1956159919500351
0.2402830868959427
0.2822847068309784
0.3224397599697113
0.3614579439163208
0.39992183446884155
0.43830570578575134
0.47697141766548157
0.5161933302879333
0.5561589002609253
0.5969903469085693
0.6387460827827454
0.6814375519752502
0.7250307202339172
0.7694586515426636
0.8146232962608337
0.860404908657074
0.9066641926765442
0.9532495737075806
1.0
1.0467504262924194
1.093335747718811
1.1395951509475708
1.185376763343811
1.2305413484573364
1.2749693393707275
1.3185625076293945
1.3612539768218994
1.4030096530914307
1.4438410997390747
1.4838066101074219
1.5230286121368408
1.5616942644119263
1.6000782251358032
1.6385420560836792
1.6775602102279663
1.7177152633666992
1.7597168684005737
1.8043839931488037
1.852640151977539
0.10899347811937332
0.1567365974187851
0.20086392760276794
0.242453932762146
0.2824435234069824
0.32162240147590637
0.3606172800064087
0.39992183446884155
0.43989720940589905
0.4808056056499481
0.5228133201599121
0.5660168528556824
0.6104453802108765
0.656079113483429
0.7028517723083496
0.7506632208824158
0.7993819117546082
0.848854124546051
0.8989066481590271
0.9493536949157715
1.0
1.0506463050842285
1.1010932922363281
1.1511458158493042
1.2006181478500366
1.2493367195129395
1.2971482276916504
1.3439208269119263
1.3895546197891235
1.4339830875396729
1.477186679840088
1.5191943645477295
1.5601028203964233
1.6000782251358032
1.6393827199935913
1.678377628326416
1.7175564765930176
1.757546067237854
1.7991360425949097
1.8432633876800537
1.8910064697265625
0.07612046599388123
0.12217037379741669
0.1646682769060135
0.20489273965358734
0.2439158409833908
0.2826068103313446
0.32162240147590637
0.3614579439163208
0.40245556831359863
0.4448486864566803
0.4887683689594269
0.5342732071876526
0.5813531279563904
0.6299487352371216
0.6799541711807251
0.731229841709137
0.7836050987243652
0.8368874788284302
0.8908651471138
0.9453138113021851
1.0
1.054686188697815
1.1091349124908447
1.1631125211715698
1.2163949012756348
1.2687702178955078
1.320045828819275
1.3700512647628784
1.4186469316482544
1.4657267332077026
1.5112316608428955
1.555151343345642
1.5975444316864014
1.6385420560836792
1.678377628326416
1.717393159866333
1.7560842037200928
1.7951072454452515
1.835331678390503
1.877829670906067
1.9238795042037964
0.04894348233938217
0.09186413884162903
0.13144128024578094
0.16920821368694305
0.20639009773731232
0.2439158409833908
0.2824435234069824
0.3224397599697113
0.36420169472694397
0.4079124629497528
0.45365110039711
0.5014246702194214
0.5511729717254639
0.6027882099151611
0.6561174392700195
0.7109754085540771
0.7671469449996948
0.8243957161903381
0.8824669122695923
0.9410936236381531
1.0
1.0589064359664917
1.1175330877304077
1.175604224205017
1.2328530550003052
1.2890245914459229
1.3438825607299805
1.3972117900848389
1.4488270282745361
1.4985753297805786
1.5463489294052124
1.5920875072479248
1.6357983350753784
1.6775602102279663
1.7175564765930176
1.7560842037200928
1.793609857559204
1.8307918310165405
1.8685587644577026
1.9081358909606934
1.9510564804077148
0.02763007953763008
0.06563498824834824
0.10072865337133408
0.13480207324028015
0.16920821368694305
0.20489273965358734
0.242453932762146
0.2822847068309784
0.32460257411003113
0.36951473355293274
0.41702932119369507
0.4670875370502472
0.5195682048797607
0.574306070804596
0.6310940384864807
0.6896952390670776
0.7498445510864258
0.8112573027610779
0.8736311793327332
0.9366527795791626
1.0
1.0633472204208374
1.126368761062622
1.188742756843567
1.2501554489135742
1.3103047609329224
1.3689059019088745
1.4256939888000488
1.4804317951202393
1.5329124927520752
1.5829707384109497
1.6304852962493896
1.6753973960876465
1.7177152633666992
1.757546067237854
1.7951072454452515
1.8307918310165405
1.8651978969573975
1.8992713689804077
1.9343650341033936
1.972369909286499
0.012311659753322601
0.042983703315258026
0.07172178477048874
0.10072865337133408
0.13144128024578094
0.1646682769060135
0.20086392760276794
0.2402830868959427
0.2830248475074768
0.3290926218032837
0.3784053325653076
0.4308244287967682
0.48615771532058716
0.5441743731498718
0.6046068668365479
0.6671608686447144
0.7315167784690857
0.7973371744155884
0.86426842212677
0.9319466352462769
1.0
1.0680533647537231
1.13573157787323
1.2026628255844116
1.2684831619262695
1.3328391313552856
1.3953931331634521
1.455825686454773
1.5138423442840576
1.5691756010055542
1.6215946674346924
1.6709073781967163
1.716975212097168
1.7597168684005737
1.7991360425949097
1.835331678390503
1.8685587644577026
1.8992713689804077
1.9282782077789307
1.9570163488388062
1.9876883029937744
0.003082666313275695
0.023047959432005882
0.042983703315258026
0.06563498824834824
0.09186413884162903
0.12217037379741669
0.1567365974187851
0.1956159919500351
0.2387508600950241
0.2860168516635895
0.3372277617454529
0.39215412735939026
0.45052430033683777
0.5120354890823364
0.5763541460037231
0.6431241035461426
0.7119670510292053
0.782489001750946
0.8542814254760742
0.9269267320632935
1.0
1.0730732679367065
1.1457185745239258
1.2175110578536987
1.28803288936615
1.3568758964538574
1.4236458539962769
1.4879645109176636
1.5494756698608398
1.6078459024429321
1.662772297859192
1.713983178138733
1.7612491846084595
1.8043839931488037
1.8432633876800537
1.877829670906067
1.9081358909606934
1.9343650341033936
1.9570163488388062
1.976952075958252
1.9969173669815063
0.0
0.003082666313275695
0.012311659753322601
0.02763007953763008
0.04894348233938217
0.07612046599388123
0.10899347811937332
0.14735983312129974
0.19098301231861115
0.23959402740001678
0.2928932309150696
0.350551962852478
0.4122147560119629
0.47750142216682434
0.5460094809532166
0.6173165440559387
0.69098299741745
0.7665546536445618
0.8435655236244202
0.9215409159660339
1.0
1.0784591436386108
1.156434416770935
1.233445405960083
1.3090169429779053
1.3826833963394165
1.4539904594421387
1.522498607635498
1.587785243988037
1.649448037147522
1.7071068286895752
1.7604060173034668
1.8090169429779053
1.852640151977539
1.8910064697265625
1.9238795042037964
1.9510564804077148
1.972369909286499
1.9876883029937744
1.9969173669815063
2.0
