2.0
1.9969173669815063
1.9876883029937744
1.972369909286499
1.9510564804077148
1.9238795042037964
1.8910064697265625
1.852640151977539
1.8090169429779053
1.7604060173034668
1.7071068286895752
1.649448037147522
1.587785243988037
1.522498607635498
1.4539904594421387
1.3826833963394165
1.3090169429779053
1.233445405960083
1.156434416770935
1.0784591436386108
1.0
0.9215409159660339
0.8435655236244202
0.7665546536445618
0.69098299741745
0.6173165440559387
0.5460094809532166
0.47750142216682434
0.4122147560119629
0.350551962852478
0.2928932309150696
0.23959402740001678
0.19098301231861115
0.14735983312129974
0.10899347811937332
0.07612046599388123
0.04894348233938217
0.02763007953763008
0.012311659753322601
0.003082666313275695
0.0
1.9969173669815063
1.9773919582366943
1.9577357769012451
1.9352766275405884
1.9091771841049194
1.8789546489715576
1.844435214996338
1.805572271347046
1.7624281644821167
1.7151310443878174
1.6638699769973755
1.6088770627975464
1.5504261255264282
1.4888218641281128
1.4243996143341064
1.3575172424316406
1.2885545492172241
1.217907190322876
1.1459850072860718
1.0732072591781616
1.0
0.9267928004264832
0.8540149331092834
0.7820927500724792
0.7114453911781311
0.6424827575683594
0.5756003856658936
0.5111781358718872
0.4495738446712494
0.39112287759780884
0.3361299932003021
0.2848689556121826
0.2375718504190445
0.19442777335643768
0.1555648148059845
0.12104532867670059
0.09082276374101639
0.06472335010766983
0.042264241725206375
0.022608071565628052
0.003082666313275695
1.9876883029937744
1.9577357769012451
1.9295086860656738
1.9008631706237793
1.870402216911316
1.8373414278030396
1.8012428283691406
1.7618634700775146
1.719112753868103
1.6729942560195923
1.623594880104065
1.5710577964782715
1.5155794620513916
1.4573943614959717
1.3967735767364502
1.3340145349502563
1.269439697265625
1.2033896446228027
1.1362205743789673
1.0682991743087769
1.0
0.9317007660865784
0.8637794256210327
0.7966103553771973
0.730560302734375
0.6659855246543884
0.6032264232635498
0.5426056385040283
0.4844205677509308
0.4289422333240509
0.37640514969825745
0.3270057141780853
0.28088730573654175
0.23813658952713013
0.1987571269273758
0.16265855729579926
0.12959781289100647
0.09913679957389832
0.07049131393432617
0.042264241725206375
0.012311659753322601
1.972369909286499
1.9352766275405884
1.9008631706237793
1.8672891855239868
1.8332393169403076
1.7977958917617798
1.760380506515503
1.7206155061721802
1.6782950162887573
1.6333214044570923
1.5856945514678955
1.5354799032211304
1.482804536819458
1.427838921546936
1.3707950115203857
1.3119142055511475
1.251465916633606
1.1897388696670532
1.1270391941070557
1.063684344291687
1.0
0.9363157153129578
0.8729608058929443
0.8102611303329468
0.748534083366394
0.6880857348442078
0.6292049884796143
0.572161078453064
0.517195463180542
0.46452006697654724
0.4143053889274597
0.36667853593826294
0.32170501351356506
0.2793845534324646
0.23961952328681946
0.20220406353473663
0.1667606383562088
0.1327107846736908
0.09913679957389832
0.06472335010766983
0.02763007953763008
1.9510564804077148
1.9091771841049194
1.870402216911316
1.8332393169403076
1.7964979410171509
1.759276270866394
1.720937728881836
1.6810328960418701
1.6392780542373657
1.5955016613006592
1.5496340990066528
1.5016765594482422
1.451696515083313
1.3998085260391235
1.3461713790893555
1.2909759283065796
1.2344427108764648
1.176813006401062
1.1183468103408813
1.05931556224823
1.0
0.94068443775177
0.8816532492637634
0.823186993598938
0.7655573487281799
0.7090241312980652
0.6538286805152893
0.6001915335655212
0.5483034253120422
0.4983234405517578
0.45036593079566956
0.4044983685016632
0.3607219457626343
0.31896713376045227
0.2790622413158417
0.24072371423244476
0.2035021036863327
0.1667606383562088
0.12959781289100647
0.09082276374101639
0.04894348233938217
1.9238795042037964
1.8789546489715576
1.8373414278030396
1.7977958917617798
1.759276270866394
1.720939040184021
1.6821485757827759
1.6424273252487183
1.6014478206634521
1.55898916721344
1.5149308443069458
1.4692237377166748
1.4218863248825073
1.3729854822158813
1.3226341009140015
1.2709780931472778
1.2181943655014038
1.164481282234192
1.1100565195083618
1.055149793624878
1.0
0.9448502659797668
0.8899434804916382
0.8355186581611633
0.7818056344985962
0.7290219068527222
0.6773659586906433
0.6270145177841187
0.5781136155128479
0.5307762026786804
0.4850691556930542
0.44101086258888245
0.39855217933654785
0.35757267475128174
0.3178514242172241
0.2790609896183014
0.24072371423244476
0.20220406353473663
0.16265855729579926
0.12104532867670059
0.07612046599388123
1.8910064697265625
1.844435214996338
1.8012428283691406
1.760380506515503
1.720937728881836
1.6821485757827759
1.6434063911437988
1.6042351722717285
1.56428861618042
1.5233176946640015
1.481167197227478
1.4377508163452148
1.3930485248565674
1.34708833694458
1.2999440431594849
1.2517231702804565
1.2025638818740845
1.1526265144348145
1.1020904779434204
1.0511479377746582
1.0
0.9488521218299866
0.8979095220565796
0.8473735451698303
0.7974361181259155
0.7482768893241882
0.7000558972358704
0.6529117226600647
0.6069514751434326
0.5622491836547852
0.5188328623771667
0.4766823649406433
0.4357113540172577
0.3957647979259491
0.3565935790538788
0.3178514242172241
0.2790622413158417
0.23961952328681946
0.1987571269273758
0.1555648148059845
0.10899347811937332
1.852640151977539
1.805572271347046
1.7618634700775146
1.7206155061721802
1.6810328960418701
1.6424273252487183
1.6042351722717285
1.5659990310668945
1.5273716449737549
1.4880917072296143
1.4479835033416748
1.4069350957870483
1.364897608757019
1.3218681812286377
1.2778891324996948
1.2330348491668701
1.1874107122421265
1.1411433219909668
1.0943787097930908
1.0472750663757324
1.0
0.9527249336242676
0.905621349811554
0.858856737613678
0.8125893473625183
0.7669651508331299
0.7221108675003052
0.6781317591667175
0.6351024508476257
0.5930649638175964
0.55201655626297
0.5119082927703857
0.4726283848285675
0.43400099873542786
0.3957647979259491
0.35757267475128174
0.31896713376045227
0.2793845534324646
0.23813658952713013
0.19442777335643768
0.14735983312129974
1.8090169429779053
1.7624281644821167
1.719112753868103
1.6782950162887573
1.6392780542373657
1.6014478206634521
1.56428861618042
1.5273716449737549
1.4903604984283447
1.4529937505722046
1.4150854349136353
1.376508355140686
1.337193250656128
1.2971141338348389
1.256287693977356
1.214761734008789
1.1726133823394775
1.1299406290054321
1.0868602991104126
1.0435009002685547
1.0
0.9564990997314453
0.9131396412849426
0.8700593113899231
0.8273866176605225
0.7852382659912109
0.743712306022644
0.7028858661651611
0.6628067493438721
0.6234915852546692
0.5849145650863647
0.5470063090324402
0.5096395015716553
0.4726283848285675
0.4357113540172577
0.39855217933654785
0.3607219457626343
0.32170501351356506
0.28088730573654175
0.2375718504190445
0.19098301231861115
1.7604060173034668
1.7151310443878174
1.6729942560195923
1.6333214044570923
1.5955016613006592
1.55898916721344
1.5233176946640015
1.4880917072296143
1.4529937505722046
1.4177699089050293
1.3822332620620728
1.3462488651275635
1.3097343444824219
1.2726472616195679
1.2349849939346313
1.196773648262024
1.1580673456192017
1.1189398765563965
1.0794827938079834
1.0397989749908447
1.0
0.9602009654045105
0.9205172061920166
0.8810601234436035
0.8419327139854431
0.8032263517379761
0.7650150060653687
0.7273526787757874
0.6902657151222229
0.6537511348724365
0.6177666783332825
0.5822300314903259
0.5470063090324402
0.5119082927703857
0.4766823649406433
0.44101086258888245
0.4044983685016632
0.36667853593826294
0.3270057141780853
0.2848689556121826
0.23959402740001678
1.7071068286895752
1.6638699769973755
1.623594880104065
1.5856945514678955
1.5496340990066528
1.5149308443069458
1.481167197227478
1.4479835033416748
1.4150854349136353
1.3822332620620728
1.3492449522018433
1.3159841299057007
1.282361626625061
1.2483243942260742
1.2138553857803345
1.1789641380310059
1.143686294555664
1.1080756187438965
1.0722023248672485
1.0361474752426147
1.0
0.96385258436203
0.9277976751327515
0.8919244408607483
0.8563137054443359
0.8210358619689941
0.7861446738243103
0.7516756057739258
0.717638373374939
0.6840158700942993
0.6507550477981567
0.6177666783332825
0.5849145650863647
0.55201655626297
0.5188328623771667
0.4850691556930542
0.45036593079566956
0.4143053889274597
0.37640514969825745
0.3361299932003021
0.2928932309150696
1.649448037147522
1.6088770627975464
1.5710577964782715
1.5354799032211304
1.5016765594482422
1.4692237377166748
1.4377508163452148
1.4069350957870483
1.376508355140686
1.3462488651275635
1.3159841299057007
1.2855815887451172
1.2549502849578857
1.2240310907363892
1.1927974224090576
1.1612465381622314
1.1293995380401611
1.0972939729690552
1.064982533454895
1.0325279235839844
1.0
0.9674721360206604
0.935017466545105
0.9027060270309448
0.8706004619598389
0.8387534022331238
0.8072025775909424
0.7759688496589661
0.7450497150421143
0.714418351650238
0.6840158700942993
0.6537511348724365
0.6234915852546692
0.5930649638175964
0.5622491836547852
0.5307762026786804
0.4983234405517578
0.46452006697654724
0.4289422333240509
0.39112287759780884
0.350551962852478
1.587785243988037
1.5504261255264282
1.5155794620513916
1.482804536819458
1.451696515083313
1.4218863248825073
1.3930485248565674
1.364897608757019
1.337193250656128
1.3097343444824219
1.282361626625061
1.2549502849578857
1.2274113893508911
1.1996839046478271
1.171735405921936
1.1435550451278687
1.1151527166366577
1.0865532159805298
1.0577952861785889
1.028926134109497
1.0
0.9710738658905029
0.9422047734260559
0.9134467840194702
0.8848473429679871
0.8564449548721313
0.828264594078064
0.8003161549568176
0.7725886702537537
0.7450497150421143
0.717638373374939
0.6902657151222229
0.6628067493438721
0.6351024508476257
0.6069514751434326
0.5781136155128479
0.5483034253120422
0.517195463180542
0.4844205677509308
0.4495738446712494
0.4122147560119629
1.522498607635498
1.4888218641281128
1.4573943614959717
1.427838921546936
1.3998085260391235
1.3729854822158813
1.34708833694458
1.3218681812286377
1.2971141338348389
1.2726472616195679
1.2483243942260742
1.2240310907363892
1.1996839046478271
1.1752231121063232
1.1506140232086182
1.125840425491333
1.1009044647216797
1.0758213996887207
1.0506186485290527
1.0253311395645142
1.0
0.9746688604354858
0.9493813514709473
0.9241785407066345
0.8990954756736755
0.8741595149040222
0.8493859767913818
0.8247768878936768
0.8003161549568176
0.7759688496589661
0.7516756057739258
0.7273526787757874
0.7028858661651611
0.6781317591667175
0.6529117226600647
0.6270145177841187
0.6001915335655212
0.572161078453064
0.5426056385040283
0.5111781358718872
0.47750142216682434
1.4539904594421387
1.4243996143341064
1.3967735767364502
1.3707950115203857
1.3461713790893555
1.3226341009140015
1.2999440431594849
1.2778891324996948
1.256287693977356
1.2349849939346313
1.2138553857803345
1.1927974224090576
1.171735405921936
1.1506140232086182
1.1293987035751343
1.1080708503723145
1.0866273641586304
1.0650768280029297
1.0434376001358032
1.0217351913452148
1.0
0.9782648682594299
0.9565623998641968
0.9349232316017151
0.9133725762367249
0.8919291496276855
0.8706012964248657
0.8493859767913818
0.828264594078064
0.8072025775909424
0.7861446738243103
0.7650150060653687
0.743712306022644
0.7221108675003052
0.7000558972358704
0.6773659586906433
0.6538286805152893
0.6292049884796143
0.6032264232635498
0.5756003856658936
0.5460094809532166
1.3826833963394165
1.3575172424316406
1.3340145349502563
1.3119142055511475
1.2909759283065796
1.2709780931472778
1.2517231702804565
1.2330348491668701
1.214761734008789
1.196773648262024
1.1789641380310059
1.1612465381622314
1.1435550451278687
1.125840425491333
1.1080708503723145
1.0902273654937744
1.072304368019104
1.0543051958084106
1.036242127418518
1.0181330442428589
1.0
0.9818669557571411
0.9637578725814819
0.9456948637962341
0.9276956915855408
0.9097725749015808
0.8919291496276855
0.8741595149040222
0.8564449548721313
0.8387534022331238
0.8210358619689941
0.8032263517379761
0.7852382659912109
0.7669651508331299
0.7482768893241882
0.7290219068527222
0.7090241312980652
0.6880857348442078
0.6659855246543884
0.6424827575683594
0.6173165440559387
1.3090169429779053
1.2885545492172241
1.269439697265625
1.251465916633606
1.2344427108764648
1.2181943655014038
1.2025638818740845
1.1874107122421265
1.1726133823394775
1.1580673456192017
1.143686294555664
1.1293995380401611
1.1151527166366577
1.1009044647216797
1.0866273641586304
1.072304368019104
1.0579283237457275
1.0435001850128174
1.0290274620056152
1.0145221948623657
1.0
0.9854777455329895
0.9709725379943848
0.9564998149871826
0.9420716762542725
0.9276956915855408
0.9133725762367249
0.8990954756736755
0.8848473429679871
0.8706004619598389
0.8563137054443359
0.8419327139854431
0.8273866176605225
0.8125893473625183
0.7974361181259155
0.7818056344985962
0.7655573487281799
0.748534083366394
0.730560302734375
0.7114453911781311
0.69098299741745
1.233445405960083
1.217907190322876
1.2033896446228027
1.1897388696670532
1.176813006401062
1.164481282234192
1.1526265144348145
1.1411433219909668
1.1299406290054321
1.1189398765563965
1.1080756187438965
1.0972939729690552
1.0865532159805298
1.0758213996887207
1.0650768280029297
1.0543051958084106
1.0435001850128174
1.0326611995697021
1.0217925310134888
1.0109020471572876
1.0
0.9890980124473572
0.9782074689865112
0.9673388004302979
0.9564998149871826
0.9456948637962341
0.9349232316017151
0.9241785407066345
0.9134467840194702
0.9027060270309448
0.8919244408607483
0.8810601234436035
0.8700593113899231
0.858856737613678
0.8473735451698303
0.8355186581611633
0.823186993598938
0.8102611303329468
0.7966103553771973
0.7820927500724792
0.7665546536445618
1.156434416770935
1.1459850072860718
1.1362205743789673
1.1270391941070557
1.1183468103408813
1.1100565195083618
1.1020904779434204
1.0943787097930908
1.0868602991104126
1.0794827938079834
1.0722023248672485
1.064982533454895
1.0577952861785889
1.0506186485290527
1.0434376001358032
1.036242127418518
1.0290274620056152
1.0217925310134888
1.0145395994186401
1.0072733163833618
1.0
0.9927266836166382
0.9854604005813599
0.9782074689865112
0.9709725379943848
0.9637578725814819
0.9565623998641968
0.9493813514709473
0.9422047734260559
0.935017466545105
0.9277976751327515
0.9205172061920166
0.9131396412849426
0.905621349811554
0.8979095220565796
0.8899434804916382
0.8816532492637634
0.8729608058929443
0.8637794256210327
0.8540149331092834
0.8435655236244202
1.0784591436386108
1.0732072591781616
1.0682991743087769
1.063684344291687
1.05931556224823
1.055149793624878
1.0511479377746582
1.0472750663757324
1.0435009002685547
1.0397989749908447
1.0361474752426147
1.0325279235839844
1.028926134109497
1.0253311395645142
1.0217351913452148
1.0181330442428589
1.0145221948623657
1.0109020471572876
1.0072733163833618
1.0036383867263794
1.0
0.9963616728782654
0.9927266836166382
0.9890980124473572
0.9854777455329895
0.9818669557571411
0.9782648682594299
0.9746688604354858
0.9710738658905029
0.9674721360206604
0.96385258436203
0.9602009654045105
0.9564990997314453
0.9527249336242676
0.9488521218299866
0.9448502659797668
0.94068443775177
0.9363157153129578
0.9317007660865784
0.9267928004264832
0.9215409159660339
1.0
1.0
1.0
1.0
1.0
1.0
1.0
1.0
1.0
1.0
1.0
1.0
1.0
1.0
1.0
1.0
1.0
1.0
1.0
1.0
1.0
1.0
1.0
1.0
1.0
1.0
1.0
1.0
1.0
1.0
1.0
1.0
1.0
1.0
1.0
1.0
1.0
1.0
1.0
1.0
1.0
0.9215409159660339
0.9267928004264832
0.9317007660865784
0.9363157153129578
0.94068443775177
0.9448502659797668
0.9488521218299866
0.9527249336242676
0.9564990997314453
0.9602009654045105
0.96385258436203
0.9674721360206604
0.9710738658905029
0.9746688604354858
0.9782648682594299
0.9818669557571411
0.9854777455329895
0.9890980124473572
0.9927266836166382
0.9963616728782654
1.0
1.0036383867263794
1.0072733163833618
1.0109020471572876
1.0145221948623657
1.0181330442428589
1.0217351913452148
1.0253311395645142
1.028926134109497
1.0325279235839844
1.0361474752426147
1.0397989749908447
1.0435009002685547
1.0472750663757324
1.0511479377746582
1.055149793624878
1.05931556224823
1.063684344291687
1.0682991743087769
1.0732072591781616
1.0784591436386108
0.8435655236244202
0.8540149331092834
0.8637794256210327
0.8729608058929443
0.8816532492637634
0.8899434804916382
0.8979095220565796
0.905621349811554
0.9131396412849426
0.9205172061920166
0.9277976751327515
0.935017466545105
0.9422047734260559
0.9493813514709473
0.9565623998641968
0.9637578725814819
0.9709725379943848
0.9782074689865112
0.9854604005813599
0.9927266836166382
1.0
1.0072733163833618
1.0145395994186401
1.0217925310134888
1.0290274620056152
1.036242127418518
1.0434376001358032
1.0506186485290527
1.0577952861785889
1.064982533454895
1.0722023248672485
1.0794827938079834
1.0868602991104126
1.0943787097930908
1.1020904779434204
1.1100565195083618
1.1183468103408813
1.1270391941070557
1.1362205743789673
1.1459850072860718
1.156434416770935
0.7665546536445618
0.7820927500724792
0.7966103553771973
0.8102611303329468
0.823186993598938
0.8355186581611633
0.8473735451698303
0.858856737613678
0.8700593113899231
0.8810601234436035
0.8919244408607483
0.9027060270309448
0.9134467840194702
0.9241785407066345
0.9349232316017151
0.9456948637962341
0.9564998149871826
0.9673388004302979
0.9782074689865112
0.9890980124473572
1.0
1.0109020471572876
1.0217925310134888
1.0326611995697021
1.0435001850128174
1.0543051958084106
1.0650768280029297
1.0758213996887207
1.0865532159805298
1.0972939729690552
1.1080756187438965
1.1189398765563965
1.1299406290054321
1.1411433219909668
1.1526265144348145
1.164481282234192
1.176813006401062
1.1897388696670532
1.2033896446228027
1.217907190322876
1.233445405960083
0.69098299741745
0.7114453911781311
0.730560302734375
0.748534083366394
0.7655573487281799
0.7818056344985962
0.7974361181259155
0.8125893473625183
0.8273866176605225
0.8419327139854431
0.8563137054443359
0.8706004619598389
0.8848473429679871
0.8990954756736755
0.9133725762367249
0.9276956915855408
0.9420716762542725
0.9564998149871826
0.9709725379943848
0.9854777455329895
1.0
1.0145221948623657
1.0290274620056152
1.0435001850128174
1.0579283237457275
1.072304368019104
1.0866273641586304
1.1009044647216797
1.1151527166366577
1.1293995380401611
1.143686294555664
1.1580673456192017
1.1726133823394775
1.1874107122421265
1.2025638818740845
1.2181943655014038
1.2344427108764648
1.251465916633606
1.269439697265625
1.2885545492172241
1.3090169429779053
0.6173165440559387
0.6424827575683594
0.6659855246543884
0.6880857348442078
0.7090241312980652
0.7290219068527222
0.7482768893241882
0.7669651508331299
0.7852382659912109
0.8032263517379761
0.8210358619689941
0.8387534022331238
0.8564449548721313
0.8741595149040222
0.8919291496276855
0.9097725749015808
0.9276956915855408
0.9456948637962341
0.9637578725814819
0.9818669557571411
1.0
1.0181330442428589
1.036242127418518
1.0543051958084106
1.072304368019104
1.0902273654937744
1.1080708503723145
1.125840425491333
1.1435550451278687
1.1612465381622314
1.1789641380310059
1.196773648262024
1.214761734008789
1.2330348491668701
1.2517231702804565
1.2709780931472778
1.2909759283065796
1.3119142055511475
1.3340145349502563
1.3575172424316406
1.3826833963394165
0.5460094809532166
0.5756003856658936
0.6032264232635498
0.6292049884796143
0.6538286805152893
0.6773659586906433
0.7000558972358704
0.7221108675003052
0.743712306022644
0.7650150060653687
0.7861446738243103
0.8072025775909424
0.828264594078064
0.8493859767913818
0.8706012964248657
0.8919291496276855
0.9133725762367249
0.9349232316017151
0.9565623998641968
0.9782648682594299
1.0
1.0217351913452148
1.0434376001358032
1.0650768280029297
1.0866273641586304
1.1080708503723145
1.1293987035751343
1.1506140232086182
1.171735405921936
1.1927974224090576
1.2138553857803345
1.2349849939346313
1.256287693977356
1.2778891324996948
1.2999440431594849
1.3226341009140015
1.3461713790893555
1.3707950115203857
1.3967735767364502
1.4243996143341064
1.4539904594421387
0.47750142216682434
0.5111781358718872
0.5426056385040283
0.572161078453064
0.6001915335655212
0.6270145177841187
0.6529117226600647
0.6781317591667175
0.7028858661651611
0.7273526787757874
0.7516756057739258
0.7759688496589661
0.8003161549568176
0.8247768878936768
0.8493859767913818
0.8741595149040222
0.8990954756736755
0.9241785407066345
0.9493813514709473
0.9746688604354858
1.0
1.0253311395645142
1.0506186485290527
1.0758213996887207
1.1009044647216797
1.125840425491333
1.1506140232086182
1.1752231121063232
1.1996839046478271
1.2240310907363892
1.2483243942260742
1.2726472616195679
1.2971141338348389
1.3218681812286377
1.34708833694458
1.3729854822158813
1.3998085260391235
1.427838921546936
1.4573943614959717
1.4888218641281128
1.522498607635498
0.4122147560119629
0.4495738446712494
0.4844205677509308
0.517195463180542
0.5483034253120422
0.5781136155128479
0.6069514751434326
0.6351024508476257
0.6628067493438721
0.6902657151222229
0.717638373374939
0.7450497150421143
0.7725886702537537
0.8003161549568176
0.828264594078064
0.8564449548721313
0.8848473429679871
0.9134467840194702
0.9422047734260559
0.9710738658905029
1.0
1.028926134109497
1.0577952861785889
1.0865532159805298
1.1151527166366577
1.1435550451278687
1.171735405921936
1.1996839046478271
1.2274113893508911
1.2549502849578857
1.282361626625061
1.3097343444824219
1.337193250656128
1.364897608757019
1.3930485248565674
1.4218863248825073
1.451696515083313
1.482804536819458
1.5155794620513916
1.5504261255264282
1.587785243988037
0.350551962852478
0.39112287759780884
0.4289422333240509
0.46452006697654724
0.4983234405517578
0.5307762026786804
0.5622491836547852
0.5930649638175964
0.6234915852546692
0.6537511348724365
0.6840158700942993
0.714418351650238
0.7450497150421143
0.7759688496589661
0.8072025775909424
0.8387534022331238
0.8706004619598389
0.9027060270309448
0.935017466545105
0.9674721360206604
1.0
1.0325279235839844
1.064982533454895
1.0972939729690552
1.1293995380401611
1.1612465381622314
1.1927974224090576
1.2240310907363892
1.2549502849578857
1.2855815887451172
1.3159841299057007
1.3462488651275635
1.376508355140686
1.4069350957870483
1.4377508163452148
1.4692237377166748
1.5016765594482422
1.5354799032211304
1.5710577964782715
1.6088770627975464
1.649448037147522
0.2928932309150696
0.3361299932003021
0.37640514969825745
0.4143053889274597
0.45036593079566956
0.4850691556930542
0.5188328623771667
0.55201655626297
0.5849145650863647
0.6177666783332825
0.6507550477981567
0.6840158700942993
0.717638373374939
0.7516756057739258
0.7861446738243103
0.8210358619689941
0.8563137054443359
0.8919244408607483
0.9277976751327515
0.96385258436203
1.0
1.0361474752426147
1.0722023248672485
1.1080756187438965
1.143686294555664
1.1789641380310059
1.2138553857803345
1.2483243942260742
1.282361626625061
1.3159841299057007
1.3492449522018433
1.3822332620620728
1.4150854349136353
1.4479835033416748
1.481167197227478
1.5149308443069458
1.5496340990066528
1.5856945514678955
1.623594880104065
1.6638699769973755
1.7071068286895752
0.23959402740001678
0.2848689556121826
0.3270057141780853
0.36667853593826294
0.4044983685016632
0.44101086258888245
0.4766823649406433
0.5119082927703857
0.5470063090324402
0.5822300314903259
0.6177666783332825
0.6537511348724365
0.6902657151222229
0.7273526787757874
0.7650150060653687
0.8032263517379761
0.8419327139854431
0.8810601234436035
0.9205172061920166
0.9602009654045105
1.0
1.0397989749908447
1.0794827938079834
1.1189398765563965
1.1580673456192017
1.196773648262024
1.2349849939346313
1.2726472616195679
1.3097343444824219
1.3462488651275635
1.3822332620620728
1.4177699089050293
1.4529937505722046
1.4880917072296143
1.5233176946640015
1.55898916721344
1.5955016613006592
1.6333214044570923
1.6729942560195923
1.7151310443878174
1.7604060173034668
0.19098301231861115
0.2375718504190445
0.28088730573654175
0.32170501351356506
0.3607219457626343
0.39855217933654785
0.4357113540172577
0.4726283848285675
0.5096395015716553
0.5470063090324402
0.5849145650863647
0.6234915852546692
0.6628067493438721
0.7028858661651611
0.743712306022644
0.7852382659912109
0.8273866176605225
0.8700593113899231
0.9131396412849426
0.9564990997314453
1.0
1.0435009002685547
1.0868602991104126
1.1299406290054321
1.1726133823394775
1.214761734008789
1.256287693977356
1.2971141338348389
1.337193250656128
1.376508355140686
1.4150854349136353
1.4529937505722046
1.4903604984283447
1.5273716449737549
1.56428861618042
1.6014478206634521
1.6392780542373657
1.6782950162887573
1.719112753868103
1.7624281644821167
1.8090169429779053
0.14735983312129974
0.19442777335643768
0.23813658952713013
0.2793845534324646
0.31896713376045227
0.35757267475128174
0.3957647979259491
0.43400099873542786
0.4726283848285675
0.5119082927703857
0.55201655626297
0.5930649638175964
0.6351024508476257
0.6781317591667175
0.7221108675003052
0.7669651508331299
0.8125893473625183
0.858856737613678
0.905621349811554
0.9527249336242676
1.0
1.0472750663757324
1.0943787097930908
1.1411433219909668
1.1874107122421265
1.2330348491668701
1.2778891324996948
1.3218681812286377
1.364897608757019
1.4069350957870483
1.4479835033416748
1.4880917072296143
1.5273716449737549
1.5659990310668945
1.6042351722717285
1.6424273252487183
1.6810328960418701
1.7206155061721802
1.7618634700775146
1.805572271347046
1.852640151977539
0.10899347811937332
0.1555648148059845
0.1987571269273758
0.23961952328681946
0.2790622413158417
0.3178514242172241
0.3565935790538788
0.3957647979259491
0.4357113540172577
0.4766823649406433
0.5188328623771667
0.5622491836547852
0.6069514751434326
0.6529117226600647
0.7000558972358704
0.7482768893241882
0.7974361181259155
0.8473735451698303
0.8979095220565796
0.9488521218299866
1.0
1.0511479377746582
1.1020904779434204
1.1526265144348145
1.2025638818740845
1.2517231702804565
1.2999440431594849
1.34708833694458
1.3930485248565674
1.4377508163452148
1.481167197227478
1.5233176946640015
1.56428861618042
1.6042351722717285
1.6434063911437988
1.6821485757827759
1.720937728881836
1.760380506515503
1.8012428283691406
1.844435214996338
1.8910064697265625
0.07612046599388123
0.12104532867670059
0.16265855729579926
0.20220406353473663
0.24072371423244476
0.2790609896183014
0.3178514242172241
0.35757267475128174
0.39855217933654785
0.44101086258888245
0.4850691556930542
0.5307762026786804
0.5781136155128479
0.6270145177841187
0.6773659586906433
0.7290219068527222
0.7818056344985962
0.8355186581611633
0.8899434804916382
0.9448502659797668
1.0
1.055149793624878
1.1100565195083618
1.164481282234192
1.2181943655014038
1.2709780931472778
1.3226341009140015
1.3729854822158813
1.4218863248825073
1.4692237377166748
1.5149308443069458
1.55898916721344
1.6014478206634521
1.6424273252487183
1.6821485757827759
1.720939040184021
1.759276270866394
1.7977958917617798
1.8373414278030396
1.8789546489715576
1.9238795042037964
0.04894348233938217
0.09082276374101639
0.12959781289100647
0.1667606383562088
0.2035021036863327
0.24072371423244476
0.2790622413158417
0.31896713376045227
0.3607219457626343
0.4044983685016632
0.45036593079566956
0.4983234405517578
0.5483034253120422
0.6001915335655212
0.6538286805152893
0.7090241312980652
0.7655573487281799
0.823186993598938
0.8816532492637634
0.94068443775177
1.0
1.05931556224823
1.1183468103408813
1.176813006401062
1.2344427108764648
1.2909759283065796
1.3461713790893555
1.3998085260391235
1.451696515083313
1.5016765594482422
1.5496340990066528
1.5955016613006592
1.6392780542373657
1.6810328960418701
1.720937728881836
1.759276270866394
1.7964979410171509
1.8332393169403076
1.870402216911316
1.9091771841049194
1.9510564804077148
0.02763007953763008
0.06472335010766983
0.09913679957389832
0.1327107846736908
0.1667606383562088
0.20220406353473663
0.23961952328681946
0.2793845534324646
0.32170501351356506
0.36667853593826294
0.4143053889274597
0.46452006697654724
0.517195463180542
0.572161078453064
0.6292049884796143
0.6880857348442078
0.748534083366394
0.8102611303329468
0.8729608058929443
0.9363157153129578
1.0
1.063684344291687
1.1270391941070557
1.1897388696670532
1.251465916633606
1.3119142055511475
1.3707950115203857
1.427838921546936
1.482804536819458
1.5354799032211304
1.5856945514678955
1.6333214044570923
1.6782950162887573
1.7206155061721802
1.760380506515503
1.7977958917617798
1.8332393169403076
1.8672891855239868
1.9008631706237793
1.9352766275405884
1.972369909286499
0.012311659753322601
0.042264241725206375
0.07049131393432617
0.09913679957389832
0.12959781289100647
0.16265855729579926
0.1987571269273758
0.23813658952713013
0.28088730573654175
0.3270057141780853
0.37640514969825745
0.4289422333240509
0.4844205677509308
0.5426056385040283
0.6032264232635498
0.6659855246543884
0.730560302734375
0.7966103553771973
0.8637794256210327
0.9317007660865784
1.0
1.0682991743087769
1.1362205743789673
1.2033896446228027
1.269439697265625
1.3340145349502563
1.3967735767364502
1.4573943614959717
1.5155794620513916
1.5710577964782715
1.623594880104065
1.6729942560195923
1.719112753868103
1.7618634700775146
1.8012428283691406
1.8373414278030396
1.870402216911316
1.9008631706237793
1.9295086860656738
1.9577357769012451
1.9876883029937744
0.003082666313275695
0.022608071565628052
0.042264241725206375
0.06472335010766983
0.09082276374101639
0.12104532867670059
0.1555648148059845
0.19442777335643768
0.2375718504190445
0.2848689556121826
0.3361299932003021
0.39112287759780884
0.4495738446712494
0.5111781358718872
0.5756003856658936
0.6424827575683594
0.7114453911781311
0.7820927500724792
0.8540149331092834
0.9267928004264832
1.0
1.0732072591781616
1.1459850072860718
1.217907190322876
1.2885545492172241
1.3575172424316406
1.4243996143341064
1.4888218641281128
1.5504261255264282
1.6088770627975464
1.6638699769973755
1.7151310443878174
1.7624281644821167
1.805572271347046
1.844435214996338
1.8789546489715576
1.9091771841049194
1.9352766275405884
1.9577357769012451
1.9773919582366943
1.9969173669815063
0.0
0.003082666313275695
0.012311659753322601
0.02763007953763008
0.04894348233938217
0.07612046599388123
0.10899347811937332
0.14735983312129974
0.19098301231861115
0.23959402740001678
0.2928932309150696
0.350551962852478
0.4122147560119629
0.47750142216682434
0.5460094809532166
0.6173165440559387
0.69098299741745
0.7665546536445618
0.8435655236244202
0.9215409159660339
1.0
1.0784591436386108
1.156434416770935
1.233445405960083
1.3090169429779053
1.3826833963394165
1.4539904594421387
1.522498607635498
1.587785243988037
1.649448037147522
1.7071068286895752
1.7604060173034668
1.8090169429779053
1.852640151977539
1.8910064697265625
1.9238795042037964
1.9510564804077148
1.972369909286499
1.9876883029937744
1.9969173669815063
2.0
