2.0
1.9969173669815063
1.9876883029937744
1.972369909286499
1.9510564804077148
1.9238795042037964
1.8910064697265625
1.852640151977539
1.8090169429779053
1.7604060173034668
1.7071068286895752
1.649448037147522
1.587785243988037
1.522498607635498
1.4539904594421387
1.3826833963394165
1.3090169429779053
1.233445405960083
1.156434416770935
1.0784591436386108
1.0
0.9215409159660339
0.8435655236244202
0.7665546536445618
0.69098299741745
0.6173165440559387
0.5460094809532166
0.47750142216682434
0.4122147560119629
0.350551962852478
0.2928932309150696
0.23959402740001678
0.19098301231861115
0.14735983312129974
0.10899347811937332
0.07612046599388123
0.04894348233938217
0.02763007953763008
0.012311659753322601
0.003082666313275695
0.0
1.9969173669815063
1.9938437938690186
1.984643578529358
1.969372034072876
1.948124647140503
1.92103111743927
1.888259768486023
1.8500114679336548
1.8065229654312134
1.7580616474151611
1.7049269676208496
1.647445797920227
1.5859732627868652
1.5208877325057983
1.4525909423828125
1.3815035820007324
1.308064341545105
1.2327256202697754
1.1559522151947021
1.0782171487808228
1.0
0.9217827916145325
0.8440477848052979
0.7672743797302246
0.6919355988502502
0.6184964179992676
0.5474089980125427
0.47911232709884644
0.41402673721313477
0.35255423188209534
0.2950730323791504
0.24193841218948364
0.19347698986530304
0.1499885767698288
0.11174020916223526
0.078968845307827
0.051875337958335876
0.030627962201833725
0.01535644382238388
0.006156236864626408
0.003082666313275695
1.9876883029937744
1.984643578529358
1.9755284786224365
1.9603984355926514
1.9393476247787476
1.912505030632019
1.8800369501113892
1.8421427011489868
1.799056887626648
1.7510440349578857
1.6984013319015503
1.6414521932601929
1.5805487632751465
1.5160657167434692
1.4484012126922607
1.3779720067977905
1.3052126169204712
1.2305712699890137
1.1545085906982422
1.0774931907653809
1.0
0.9225068688392639
0.8454914689064026
0.7694287300109863
0.6947874426841736
0.6220280528068542
0.5515987277030945
0.48393428325653076
0.41945120692253113
0.35854774713516235
0.3015986979007721
0.24895590543746948
0.20094314217567444
0.157857283949852
0.11996302008628845
0.08749499171972275
0.06065233796834946
0.03960161656141281
0.024471530690789223
0.01535644382238388
0.012311659753322601
1.972369909286499
1.969372034072876
1.9603984355926514
1.9455028772354126
1.924778699874878
1.8983523845672607
1.866387963294983
1.829081416130066
1.7866637706756592
1.7393956184387207
1.6875693798065186
1.6315035820007324
1.5715446472167969
1.5080617666244507
1.4414466619491577
1.3721097707748413
1.3004788160324097
1.2269952297210693
1.1521121263504028
1.0762912034988403
1.0
0.9237087368965149
0.8478878140449524
0.7730048298835754
0.6995211839675903
0.6278902292251587
0.5585532784461975
0.4919382631778717
0.42845529317855835
0.36849644780158997
0.31243064999580383
0.2606043517589569
0.21333621442317963
0.17091862857341766
0.13361208140850067
0.10164764523506165
0.07522128522396088
0.05449708551168442
0.03960161656141281
0.030627962201833725
0.02763007953763008
1.9510564804077148
1.948124647140503
1.9393476247787476
1.924778699874878
1.9045087099075317
1.8786616325378418
1.847397804260254
1.8109090328216553
1.769421100616455
1.723189115524292
1.6724987030029297
1.6176618337631226
1.5590171813964844
1.496925711631775
1.4317708015441895
1.3639535903930664
1.293892741203308
1.2220197916030884
1.1487780809402466
1.0746190547943115
1.0
0.9253809452056885
0.8512219190597534
0.7779802680015564
0.7061072587966919
0.6360464096069336
0.5682291984558105
0.5030743479728699
0.4409828186035156
0.38233819603919983
0.3275012671947479
0.2768109440803528
0.23057886958122253
0.1890910118818283
0.1526021659374237
0.1213383600115776
0.09549123793840408
0.07522128522396088
0.06065233796834946
0.051875337958335876
0.04894348233938217
1.9238795042037964
1.92103111743927
1.912505030632019
1.8983523845672607
1.8786616325378418
1.8535531759262085
1.8231827020645142
1.7877365350723267
1.7474342584609985
1.7025233507156372
1.6532814502716064
1.6000115871429443
1.543042778968811
1.4827256202697754
1.419432520866394
1.353553295135498
1.2854944467544556
1.2156753540039062
1.1445266008377075
1.0724867582321167
1.0
0.9275132417678833
0.8554733991622925
0.7843246459960938
0.7145054936408997
0.646446704864502
0.5805674195289612
0.5172743797302246
0.45695722103118896
0.39998841285705566
0.3467184901237488
0.2974766790866852
0.25256574153900146
0.21226343512535095
0.17681729793548584
0.14644688367843628
0.1213383600115776
0.10164764523506165
0.08749499171972275
0.078968845307827
0.07612046599388123
1.8910064697265625
1.888259768486023
1.8800369501113892
1.866387963294983
1.847397804260254
1.8231827020645142
1.7938928604125977
1.7597079277038574
1.7208397388458252
1.6775267124176025
1.6300369501113892
1.5786625146865845
1.5237207412719727
1.4655497074127197
1.4045087099075317
1.3409734964370728
1.2753362655639648
1.2080013751983643
1.139384150505066
1.069907546043396
1.0
0.930092453956604
0.8606157898902893
0.7919986248016357
0.7246637344360352
0.659026563167572
0.595491349697113
0.534450352191925
0.47627928853034973
0.4213375151157379
0.36996302008628845
0.32247328758239746
0.2791603207588196
0.240292027592659
0.20610709488391876
0.17681729793548584
0.1526021659374237
0.13361208140850067
0.11996302008628845
0.11174020916223526
0.10899347811937332
1.852640151977539
1.8500114679336548
1.8421427011489868
1.829081416130066
1.8109090328216553
1.7877365350723267
1.7597079277038574
1.7269951105117798
1.6898003816604614
1.6483525037765503
1.602907657623291
1.5537453889846802
1.5011693239212036
1.4455031156539917
1.3870905637741089
1.3262912034988403
1.263480305671692
1.1990448236465454
1.1333823204040527
1.0668973922729492
1.0
0.9331026673316956
0.8666176795959473
0.8009551763534546
0.7365196943283081
0.6737087965011597
0.6129094362258911
0.5544968247413635
0.498830646276474
0.4462546408176422
0.3970923125743866
0.3516474962234497
0.3101995885372162
0.273004949092865
0.240292027592659
0.21226343512535095
0.1890910118818283
0.17091862857341766
0.157857283949852
0.1499885767698288
0.14735983312129974
1.8090169429779053
1.8065229654312134
1.799056887626648
1.7866637706756592
1.769421100616455
1.7474342584609985
1.7208397388458252
1.6898003816604614
1.6545087099075317
1.6151814460754395
1.5720616579055786
1.5254145860671997
1.4755284786224365
1.4227102994918823
1.367286205291748
1.3095974922180176
1.2500001192092896
1.1888612508773804
1.1265581846237183
1.0634747743606567
1.0
0.9365252256393433
0.8734418153762817
0.8111386895179749
0.7499998807907104
0.6904025673866272
0.632713794708252
0.5772897601127625
0.5244715213775635
0.4745854437351227
0.4279383718967438
0.3848186135292053
0.3454912602901459
0.3101995885372162
0.2791603207588196
0.25256574153900146
0.23057886958122253
0.21333621442317963
0.20094314217567444
0.19347698986530304
0.19098301231861115
1.7604060173034668
1.7580616474151611
1.7510440349578857
1.7393956184387207
1.723189115524292
1.7025233507156372
1.6775267124176025
1.6483525037765503
1.6151814460754395
1.5782171487808228
1.5376882553100586
1.4938440322875977
1.4469554424285889
1.3973109722137451
1.3452171087265015
1.2909947633743286
1.234978437423706
1.1775132417678833
1.1189537048339844
1.059660792350769
1.0
0.9403392672538757
0.8810462951660156
0.8224867582321167
0.7650216221809387
0.7090052962303162
0.6547828912734985
0.6026890277862549
0.5530445575714111
0.5061559081077576
0.4623117446899414
0.421782910823822
0.3848186135292053
0.3516474962234497
0.32247328758239746
0.2974766790866852
0.2768109440803528
0.2606043517589569
0.24895590543746948
0.24193841218948364
0.23959402740001678
1.7071068286895752
1.7049269676208496
1.6984013319015503
1.6875693798065186
1.6724987030029297
1.6532814502716064
1.6300369501113892
1.602907657623291
1.5720616579055786
1.5376882553100586
1.500000238418579
1.4592291116714478
1.415627121925354
1.3694623708724976
1.3210198879241943
1.27059805393219
1.2185081243515015
1.1650707721710205
1.1106159687042236
1.0554789304733276
1.0
0.9445210099220276
0.8893840909004211
0.8349291682243347
0.7814918756484985
0.7294018864631653
0.6789801120758057
0.6305376887321472
0.584372878074646
0.5407708287239075
0.4999997913837433
0.4623117446899414
0.4279383718967438
0.3970923125743866
0.36996302008628845
0.3467184901237488
0.3275012671947479
0.31243064999580383
0.3015986979007721
0.2950730323791504
0.2928932309150696
1.649448037147522
1.647445797920227
1.6414521932601929
1.6315035820007324
1.6176618337631226
1.6000115871429443
1.5786625146865845
1.5537453889846802
1.5254145860671997
1.4938440322875977
1.4592291116714478
1.4217827320098877
1.3817360401153564
1.339335560798645
1.294843316078186
1.248533010482788
1.200690507888794
1.1516106128692627
1.1015961170196533
1.050955057144165
1.0
0.9490448832511902
0.8984039425849915
0.8483893871307373
0.799309492111206
0.7514670491218567
0.7051567435264587
0.6606643795967102
0.6182639598846436
0.5782173275947571
0.5407708287239075
0.5061559081077576
0.4745854437351227
0.4462546408176422
0.4213375151157379
0.39998841285705566
0.38233819603919983
0.36849644780158997
0.35854774713516235
0.35255423188209534
0.350551962852478
1.587785243988037
1.5859732627868652
1.5805487632751465
1.5715446472167969
1.5590171813964844
1.543042778968811
1.5237207412719727
1.5011693239212036
1.4755284786224365
1.4469554424285889
1.415627121925354
1.3817360401153564
1.345491647720337
1.307116985321045
1.2668490409851074
1.22493577003479
1.1816357374191284
1.1372157335281372
1.0919499397277832
1.0461170673370361
1.0
0.9538828730583191
0.9080500602722168
0.8627842664718628
0.8183642625808716
0.7750642895698547
0.7331509590148926
0.6928830146789551
0.6545083522796631
0.6182639598846436
0.584372878074646
0.5530445575714111
0.5244715213775635
0.498830646276474
0.47627928853034973
0.45695722103118896
0.4409828186035156
0.42845529317855835
0.41945120692253113
0.41402673721313477
0.4122147560119629
1.522498607635498
1.5208877325057983
1.5160657167434692
1.5080617666244507
1.496925711631775
1.4827256202697754
1.4655497074127197
1.4455031156539917
1.4227102994918823
1.3973109722137451
1.3694623708724976
1.339335560798645
1.307116985321045
1.2730046510696411
1.237209439277649
1.1999515295028687
1.1614609956741333
1.1219748258590698
1.0817368030548096
1.0409947633743286
1.0
0.9590052366256714
0.9182631969451904
0.8780251741409302
0.8385390639305115
0.8000484704971313
0.7627905607223511
0.7269952893257141
0.6928830146789551
0.6606643795967102
0.6305376887321472
0.6026890277862549
0.5772897601127625
0.5544968247413635
0.534450352191925
0.5172743797302246
0.5030743479728699
0.4919382631778717
0.48393428325653076
0.47911232709884644
0.47750142216682434
1.4539904594421387
1.4525909423828125
1.4484012126922607
1.4414466619491577
1.4317708015441895
1.419432520866394
1.4045087099075317
1.3870905637741089
1.367286205291748
1.3452171087265015
1.3210198879241943
1.294843316078186
1.2668490409851074
1.237209439277649
1.206107497215271
1.1737346649169922
1.1402908563613892
1.1059819459915161
1.0710197687149048
1.0356197357177734
1.0
0.9643803238868713
0.9289802312850952
0.8940179944038391
0.8597091436386108
0.8262653350830078
0.793892502784729
0.7627905607223511
0.7331509590148926
0.7051567435264587
0.6789801120758057
0.6547828912734985
0.632713794708252
0.6129094362258911
0.595491349697113
0.5805674195289612
0.5682291984558105
0.5585532784461975
0.5515987277030945
0.5474089980125427
0.5460094809532166
1.3826833963394165
1.3815035820007324
1.3779720067977905
1.3721097707748413
1.3639535903930664
1.353553295135498
1.3409734964370728
1.3262912034988403
1.3095974922180176
1.2909947633743286
1.27059805393219
1.248533010482788
1.22493577003479
1.1999515295028687
1.1737346649169922
1.1464465856552124
1.1182557344436646
1.0893356800079346
1.05986487865448
1.0300250053405762
1.0
0.9699749946594238
0.94013512134552
0.9106643199920654
0.8817443251609802
0.8535534143447876
0.8262653350830078
0.8000484704971313
0.7750642895698547
0.7514670491218567
0.7294018864631653
0.7090052962303162
0.6904025673866272
0.6737087965011597
0.659026563167572
0.646446704864502
0.6360464096069336
0.6278902292251587
0.6220280528068542
0.6184964179992676
0.6173165440559387
1.3090169429779053
1.308064341545105
1.3052126169204712
1.3004788160324097
1.293892741203308
1.2854944467544556
1.2753362655639648
1.263480305671692
1.2500001192092896
1.234978437423706
1.2185081243515015
1.200690507888794
1.1816357374191284
1.1614609956741333
1.1402908563613892
1.1182557344436646
1.0954915285110474
1.0721385478973389
1.048340916633606
1.0242451429367065
1.0
0.9757547974586487
0.951659083366394
0.9278613924980164
0.9045084714889526
0.8817443251609802
0.8597091436386108
0.8385390639305115
0.8183642625808716
0.799309492111206
0.7814918756484985
0.7650216221809387
0.7499998807907104
0.7365196943283081
0.7246637344360352
0.7145054936408997
0.7061072587966919
0.6995211839675903
0.6947874426841736
0.6919355988502502
0.69098299741745
1.233445405960083
1.2327256202697754
1.2305712699890137
1.2269952297210693
1.2220197916030884
1.2156753540039062
1.2080013751983643
1.1990448236465454
1.1888612508773804
1.1775132417678833
1.1650707721710205
1.1516106128692627
1.1372157335281372
1.1219748258590698
1.1059819459915161
1.0893356800079346
1.0721385478973389
1.0544967651367188
1.036518931388855
1.0183159112930298
1.0
0.9816840887069702
0.963481068611145
0.945503294467926
0.9278613924980164
0.9106643199920654
0.8940179944038391
0.8780251741409302
0.8627842664718628
0.8483893871307373
0.8349291682243347
0.8224867582321167
0.8111386895179749
0.8009551763534546
0.7919986248016357
0.7843246459960938
0.7779802680015564
0.7730048298835754
0.7694287300109863
0.7672743797302246
0.7665546536445618
1.156434416770935
1.1559522151947021
1.1545085906982422
1.1521121263504028
1.1487780809402466
1.1445266008377075
1.139384150505066
1.1333823204040527
1.1265581846237183
1.1189537048339844
1.1106159687042236
1.1015961170196533
1.0919499397277832
1.0817368030548096
1.0710197687149048
1.05986487865448
1.048340916633606
1.036518931388855
1.0244717597961426
1.0122736692428589
1.0
0.9877262711524963
0.9755282402038574
0.963481068611145
0.951659083366394
0.94013512134552
0.9289802312850952
0.9182631969451904
0.9080500602722168
0.8984039425849915
0.8893840909004211
0.8810462951660156
0.8734418153762817
0.8666176795959473
0.8606157898902893
0.8554733991622925
0.8512219190597534
0.8478878140449524
0.8454914689064026
0.8440477848052979
0.8435655236244202
1.0784591436386108
1.0782171487808228
1.0774931907653809
1.0762912034988403
1.0746190547943115
1.0724867582321167
1.069907546043396
1.0668973922729492
1.0634747743606567
1.059660792350769
1.0554789304733276
1.050955057144165
1.0461170673370361
1.0409947633743286
1.0356197357177734
1.0300250053405762
1.0242451429367065
1.0183159112930298
1.0122736692428589
1.0061558485031128
1.0
0.9938441514968872
0.9877262711524963
0.9816840887069702
0.9757547974586487
0.9699749946594238
0.9643803238868713
0.9590052366256714
0.9538828730583191
0.9490448832511902
0.9445210099220276
0.9403392672538757
0.9365252256393433
0.9331026673316956
0.930092453956604
0.9275132417678833
0.9253809452056885
0.9237087368965149
0.9225068688392639
0.9217827916145325
0.9215409159660339
1.0
1.0
1.0
1.0
1.0
1.0
1.0
1.0
1.0
1.0
1.0
1.0
1.0
1.0
1.0
1.0
1.0
1.0
1.0
1.0
1.0
1.0
1.0
1.0
1.0
1.0
1.0
1.0
1.0
1.0
1.0
1.0
1.0
1.0
1.0
1.0
1.0
1.0
1.0
1.0
1.0
0.9215409159660339
0.9217827916145325
0.9225068688392639
0.9237087368965149
0.9253809452056885
0.9275132417678833
0.930092453956604
0.9331026673316956
0.9365252256393433
0.9403392672538757
0.9445210099220276
0.9490448832511902
0.9538828730583191
0.9590052366256714
0.9643803238868713
0.9699749946594238
0.9757547974586487
0.9816840887069702
0.9877262711524963
0.9938441514968872
1.0
1.0061558485031128
1.0122736692428589
1.0183159112930298
1.0242451429367065
1.0300250053405762
1.0356197357177734
1.0409947633743286
1.0461170673370361
1.050955057144165
1.0554789304733276
1.059660792350769
1.0634747743606567
1.0668973922729492
1.069907546043396
1.0724867582321167
1.0746190547943115
1.0762912034988403
1.0774931907653809
1.0782171487808228
1.0784591436386108
0.8435655236244202
0.8440477848052979
0.8454914689064026
0.8478878140449524
0.8512219190597534
0.8554733991622925
0.8606157898902893
0.8666176795959473
0.8734418153762817
0.8810462951660156
0.8893840909004211
0.8984039425849915
0.9080500602722168
0.9182631969451904
0.9289802312850952
0.94013512134552
0.951659083366394
0.963481068611145
0.9755282402038574
0.9877262711524963
1.0
1.0122736692428589
1.0244717597961426
1.036518931388855
1.048340916633606
1.05986487865448
1.0710197687149048
1.0817368030548096
1.0919499397277832
1.1015961170196533
1.1106159687042236
1.1189537048339844
1.1265581846237183
1.1333823204040527
1.139384150505066
1.1445266008377075
1.1487780809402466
1.1521121263504028
1.1545085906982422
1.1559522151947021
1.156434416770935
0.7665546536445618
0.7672743797302246
0.7694287300109863
0.7730048298835754
0.7779802680015564
0.7843246459960938
0.7919986248016357
0.8009551763534546
0.8111386895179749
0.8224867582321167
0.8349291682243347
0.8483893871307373
0.8627842664718628
0.8780251741409302
0.8940179944038391
0.9106643199920654
0.9278613924980164
0.945503294467926
0.963481068611145
0.9816840887069702
1.0
1.0183159112930298
1.036518931388855
1.0544967651367188
1.0721385478973389
1.0893356800079346
1.1059819459915161
1.1219748258590698
1.1372157335281372
1.1516106128692627
1.1650707721710205
1.1775132417678833
1.1888612508773804
1.1990448236465454
1.2080013751983643
1.2156753540039062
1.2220197916030884
1.2269952297210693
1.2305712699890137
1.2327256202697754
1.233445405960083
0.69098299741745
0.6919355988502502
0.6947874426841736
0.6995211839675903
0.7061072587966919
0.7145054936408997
0.7246637344360352
0.7365196943283081
0.7499998807907104
0.7650216221809387
0.7814918756484985
0.799309492111206
0.8183642625808716
0.8385390639305115
0.8597091436386108
0.8817443251609802
0.9045084714889526
0.9278613924980164
0.951659083366394
0.9757547974586487
1.0
1.0242451429367065
1.048340916633606
1.0721385478973389
1.0954915285110474
1.1182557344436646
1.1402908563613892
1.1614609956741333
1.1816357374191284
1.200690507888794
1.2185081243515015
1.234978437423706
1.2500001192092896
1.263480305671692
1.2753362655639648
1.2854944467544556
1.293892741203308
1.3004788160324097
1.3052126169204712
1.308064341545105
1.3090169429779053
0.6173165440559387
0.6184964179992676
0.6220280528068542
0.6278902292251587
0.6360464096069336
0.646446704864502
0.659026563167572
0.6737087965011597
0.6904025673866272
0.7090052962303162
0.7294018864631653
0.7514670491218567
0.7750642895698547
0.8000484704971313
0.8262653350830078
0.8535534143447876
0.8817443251609802
0.9106643199920654
0.94013512134552
0.9699749946594238
1.0
1.0300250053405762
1.05986487865448
1.0893356800079346
1.1182557344436646
1.1464465856552124
1.1737346649169922
1.1999515295028687
1.22493577003479
1.248533010482788
1.27059805393219
1.2909947633743286
1.3095974922180176
1.3262912034988403
1.3409734964370728
1.353553295135498
1.3639535903930664
1.3721097707748413
1.3779720067977905
1.3815035820007324
1.3826833963394165
0.5460094809532166
0.5474089980125427
0.5515987277030945
0.5585532784461975
0.5682291984558105
0.5805674195289612
0.595491349697113
0.6129094362258911
0.632713794708252
0.6547828912734985
0.6789801120758057
0.7051567435264587
0.7331509590148926
0.7627905607223511
0.793892502784729
0.8262653350830078
0.8597091436386108
0.8940179944038391
0.9289802312850952
0.9643803238868713
1.0
1.0356197357177734
1.0710197687149048
1.1059819459915161
1.1402908563613892
1.1737346649169922
1.206107497215271
1.237209439277649
1.2668490409851074
1.294843316078186
1.3210198879241943
1.3452171087265015
1.367286205291748
1.3870905637741089
1.4045087099075317
1.419432520866394
1.4317708015441895
1.4414466619491577
1.4484012126922607
1.4525909423828125
1.4539904594421387
0.47750142216682434
0.47911232709884644
0.48393428325653076
0.4919382631778717
0.5030743479728699
0.5172743797302246
0.534450352191925
0.5544968247413635
0.5772897601127625
0.6026890277862549
0.6305376887321472
0.6606643795967102
0.6928830146789551
0.7269952893257141
0.7627905607223511
0.8000484704971313
0.8385390639305115
0.8780251741409302
0.9182631969451904
0.9590052366256714
1.0
1.0409947633743286
1.0817368030548096
1.1219748258590698
1.1614609956741333
1.1999515295028687
1.237209439277649
1.2730046510696411
1.307116985321045
1.339335560798645
1.3694623708724976
1.3973109722137451
1.4227102994918823
1.4455031156539917
1.4655497074127197
1.4827256202697754
1.496925711631775
1.5080617666244507
1.5160657167434692
1.5208877325057983
1.522498607635498
0.4122147560119629
0.41402673721313477
0.41945120692253113
0.42845529317855835
0.4409828186035156
0.45695722103118896
0.47627928853034973
0.498830646276474
0.5244715213775635
0.5530445575714111
0.584372878074646
0.6182639598846436
0.6545083522796631
0.6928830146789551
0.7331509590148926
0.7750642895698547
0.8183642625808716
0.8627842664718628
0.9080500602722168
0.9538828730583191
1.0
1.0461170673370361
1.0919499397277832
1.1372157335281372
1.1816357374191284
1.22493577003479
1.2668490409851074
1.307116985321045
1.345491647720337
1.3817360401153564
1.415627121925354
1.4469554424285889
1.4755284786224365
1.5011693239212036
1.5237207412719727
1.543042778968811
1.5590171813964844
1.5715446472167969
1.5805487632751465
1.5859732627868652
1.587785243988037
0.350551962852478
0.35255423188209534
0.35854774713516235
0.36849644780158997
0.38233819603919983
0.39998841285705566
0.4213375151157379
0.4462546408176422
0.4745854437351227
0.5061559081077576
0.5407708287239075
0.5782173275947571
0.6182639598846436
0.6606643795967102
0.7051567435264587
0.7514670491218567
0.799309492111206
0.8483893871307373
0.8984039425849915
0.9490448832511902
1.0
1.050955057144165
1.1015961170196533
1.1516106128692627
1.200690507888794
1.248533010482788
1.294843316078186
1.339335560798645
1.3817360401153564
1.4217827320098877
1.4592291116714478
1.4938440322875977
1.5254145860671997
1.5537453889846802
1.5786625146865845
1.6000115871429443
1.6176618337631226
1.6315035820007324
1.6414521932601929
1.647445797920227
1.649448037147522
0.2928932309150696
0.2950730323791504
0.3015986979007721
0.31243064999580383
0.3275012671947479
0.3467184901237488
0.36996302008628845
0.3970923125743866
0.4279383718967438
0.4623117446899414
0.4999997913837433
0.5407708287239075
0.584372878074646
0.6305376887321472
0.6789801120758057
0.7294018864631653
0.7814918756484985
0.8349291682243347
0.8893840909004211
0.9445210099220276
1.0
1.0554789304733276
1.1106159687042236
1.1650707721710205
1.2185081243515015
1.27059805393219
1.3210198879241943
1.3694623708724976
1.415627121925354
1.4592291116714478
1.500000238418579
1.5376882553100586
1.5720616579055786
1.602907657623291
1.6300369501113892
1.6532814502716064
1.6724987030029297
1.6875693798065186
1.6984013319015503
1.7049269676208496
1.7071068286895752
0.23959402740001678
0.24193841218948364
0.24895590543746948
0.2606043517589569
0.2768109440803528
0.2974766790866852
0.32247328758239746
0.3516474962234497
0.3848186135292053
0.421782910823822
0.4623117446899414
0.5061559081077576
0.5530445575714111
0.6026890277862549
0.6547828912734985
0.7090052962303162
0.7650216221809387
0.8224867582321167
0.8810462951660156
0.9403392672538757
1.0
1.059660792350769
1.1189537048339844
1.1775132417678833
1.234978437423706
1.2909947633743286
1.3452171087265015
1.3973109722137451
1.4469554424285889
1.4938440322875977
1.5376882553100586
1.5782171487808228
1.6151814460754395
1.6483525037765503
1.6775267124176025
1.7025233507156372
1.723189115524292
1.7393956184387207
1.7510440349578857
1.7580616474151611
1.7604060173034668
0.19098301231861115
0.19347698986530304
0.20094314217567444
0.21333621442317963
0.23057886958122253
0.25256574153900146
0.2791603207588196
0.3101995885372162
0.3454912602901459
0.3848186135292053
0.4279383718967438
0.4745854437351227
0.5244715213775635
0.5772897601127625
0.632713794708252
0.6904025673866272
0.7499998807907104
0.8111386895179749
0.8734418153762817
0.9365252256393433
1.0
1.0634747743606567
1.1265581846237183
1.1888612508773804
1.2500001192092896
1.3095974922180176
1.367286205291748
1.4227102994918823
1.4755284786224365
1.5254145860671997
1.5720616579055786
1.6151814460754395
1.6545087099075317
1.6898003816604614
1.7208397388458252
1.7474342584609985
1.769421100616455
1.7866637706756592
1.799056887626648
1.8065229654312134
1.8090169429779053
0.14735983312129974
0.1499885767698288
0.157857283949852
0.17091862857341766
0.1890910118818283
0.21226343512535095
0.240292027592659
0.273004949092865
0.3101995885372162
0.3516474962234497
0.3970923125743866
0.4462546408176422
0.498830646276474
0.5544968247413635
0.6129094362258911
0.6737087965011597
0.7365196943283081
0.8009551763534546
0.8666176795959473
0.9331026673316956
1.0
1.0668973922729492
1.1333823204040527
1.1990448236465454
1.263480305671692
1.3262912034988403
1.3870905637741089
1.4455031156539917
1.5011693239212036
1.5537453889846802
1.602907657623291
1.6483525037765503
1.6898003816604614
1.7269951105117798
1.7597079277038574
1.7877365350723267
1.8109090328216553
1.829081416130066
1.8421427011489868
1.8500114679336548
1.852640151977539
0.10899347811937332
0.11174020916223526
0.11996302008628845
0.13361208140850067
0.1526021659374237
0.17681729793548584
0.20610709488391876
0.240292027592659
0.2791603207588196
0.32247328758239746
0.36996302008628845
0.4213375151157379
0.47627928853034973
0.534450352191925
0.595491349697113
0.659026563167572
0.7246637344360352
0.7919986248016357
0.8606157898902893
0.930092453956604
1.0
1.069907546043396
1.139384150505066
1.2080013751983643
1.2753362655639648
1.3409734964370728
1.4045087099075317
1.4655497074127197
1.5237207412719727
1.5786625146865845
1.6300369501113892
1.6775267124176025
1.7208397388458252
1.7597079277038574
1.7938928604125977
1.8231827020645142
1.847397804260254
1.866387963294983
1.8800369501113892
1.888259768486023
1.8910064697265625
0.07612046599388123
0.078968845307827
0.08749499171972275
0.10164764523506165
0.1213383600115776
0.14644688367843628
0.17681729793548584
0.21226343512535095
0.25256574153900146
0.2974766790866852
0.3467184901237488
0.39998841285705566
0.45695722103118896
0.5172743797302246
0.5805674195289612
0.646446704864502
0.7145054936408997
0.7843246459960938
0.8554733991622925
0.9275132417678833
1.0
1.0724867582321167
1.1445266008377075
1.2156753540039062
1.2854944467544556
1.353553295135498
1.419432520866394
1.4827256202697754
1.543042778968811
1.6000115871429443
1.6532814502716064
1.7025233507156372
1.7474342584609985
1.7877365350723267
1.8231827020645142
1.8535531759262085
1.8786616325378418
1.8983523845672607
1.912505030632019
1.92103111743927
1.9238795042037964
0.04894348233938217
0.051875337958335876
0.06065233796834946
0.07522128522396088
0.09549123793840408
0.1213383600115776
0.1526021659374237
0.1890910118818283
0.23057886958122253
0.2768109440803528
0.3275012671947479
0.38233819603919983
0.4409828186035156
0.5030743479728699
0.5682291984558105
0.6360464096069336
0.7061072587966919
0.7779802680015564
0.8512219190597534
0.9253809452056885
1.0
1.0746190547943115
1.1487780809402466
1.2220197916030884
1.293892741203308
1.3639535903930664
1.4317708015441895
1.496925711631775
1.5590171813964844
1.6176618337631226
1.6724987030029297
1.723189115524292
1.769421100616455
1.8109090328216553
1.847397804260254
1.8786616325378418
1.9045087099075317
1.924778699874878
1.9393476247787476
1.948124647140503
1.9510564804077148
0.02763007953763008
0.030627962201833725
0.03960161656141281
0.05449708551168442
0.07522128522396088
0.10164764523506165
0.13361208140850067
0.17091862857341766
0.21333621442317963
0.2606043517589569
0.31243064999580383
0.36849644780158997
0.42845529317855835
0.4919382631778717
0.5585532784461975
0.6278902292251587
0.6995211839675903
0.7730048298835754
0.8478878140449524
0.9237087368965149
1.0
1.0762912034988403
1.1521121263504028
1.2269952297210693
1.3004788160324097
1.3721097707748413
1.4414466619491577
1.5080617666244507
1.5715446472167969
1.6315035820007324
1.6875693798065186
1.7393956184387207
1.7866637706756592
1.829081416130066
1.866387963294983
1.8983523845672607
1.924778699874878
1.9455028772354126
1.9603984355926514
1.969372034072876
1.972369909286499
0.012311659753322601
0.01535644382238388
0.024471530690789223
0.03960161656141281
0.06065233796834946
0.08749499171972275
0.11996302008628845
0.157857283949852
0.20094314217567444
0.24895590543746948
0.3015986979007721
0.35854774713516235
0.41945120692253113
0.48393428325653076
0.5515987277030945
0.6220280528068542
0.6947874426841736
0.7694287300109863
0.8454914689064026
0.9225068688392639
1.0
1.0774931907653809
1.1545085906982422
1.2305712699890137
1.3052126169204712
1.3779720067977905
1.4484012126922607
1.5160657167434692
1.5805487632751465
1.6414521932601929
1.6984013319015503
1.7510440349578857
1.799056887626648
1.8421427011489868
1.8800369501113892
1.912505030632019
1.9393476247787476
1.9603984355926514
1.9755284786224365
1.984643578529358
1.9876883029937744
0.003082666313275695
0.006156236864626408
0.01535644382238388
0.030627962201833725
0.051875337958335876
0.078968845307827
0.11174020916223526
0.1499885767698288
0.19347698986530304
0.24193841218948364
0.2950730323791504
0.35255423188209534
0.41402673721313477
0.47911232709884644
0.5474089980125427
0.6184964179992676
0.6919355988502502
0.7672743797302246
0.8440477848052979
0.9217827916145325
1.0
1.0782171487808228
1.1559522151947021
1.2327256202697754
1.308064341545105
1.3815035820007324
1.4525909423828125
1.5208877325057983
1.5859732627868652
1.647445797920227
1.7049269676208496
1.7580616474151611
1.8065229654312134
1.8500114679336548
1.888259768486023
1.92103111743927
1.948124647140503
1.969372034072876
1.984643578529358
1.9938437938690186
1.9969173669815063
0.0
0.003082666313275695
0.012311659753322601
0.02763007953763008
0.04894348233938217
0.07612046599388123
0.10899347811937332
0.14735983312129974
0.19098301231861115
0.23959402740001678
0.2928932309150696
0.350551962852478
0.4122147560119629
0.47750142216682434
0.5460094809532166
0.6173165440559387
0.69098299741745
0.7665546536445618
0.8435655236244202
0.9215409159660339
1.0
1.0784591436386108
1.156434416770935
1.233445405960083
1.3090169429779053
1.3826833963394165
1.4539904594421387
1.522498607635498
1.587785243988037
1.649448037147522
1.7071068286895752
1.7604060173034668
1.8090169429779053
1.852640151977539
1.8910064697265625
1.9238795042037964
1.9510564804077148
1.972369909286499
1.9876883029937744
1.9969173669815063
2.0
