2.0
1.9969173669815063
1.9876883029937744
1.972369909286499
1.9510564804077148
1.9238795042037964
1.8910064697265625
1.852640151977539
1.8090169429779053
1.7604060173034668
1.7071068286895752
1.649448037147522
1.587785243988037
1.522498607635498
1.4539904594421387
1.3826833963394165
1.3090169429779053
1.233445405960083
1.156434416770935
1.0784591436386108
1.0
0.9215409159660339
0.8435655236244202
0.7665546536445618
0.69098299741745
0.6173165440559387
0.5460094809532166
0.47750142216682434
0.4122147560119629
0.350551962852478
0.2928932309150696
0.23959402740001678
0.19098301231861115
0.14735983312129974
0.10899347811937332
0.07612046599388123
0.04894348233938217
0.02763007953763008
0.012311659753322601
0.003082666313275695
0.0
1.9969173669815063
1.9770163297653198
1.9571213722229004
1.9344981908798218
1.9082880020141602
1.8779940605163574
1.8434345722198486
1.8045576810836792
1.7614214420318604
1.7141509056091309
1.6629326343536377
1.6079965829849243
1.5496145486831665
1.4880897998809814
1.4237560033798218
1.3569695949554443
1.2881091833114624
1.2175688743591309
1.1457574367523193
1.0730928182601929
1.0
0.9269071817398071
0.8542425036430359
0.7824310660362244
0.7118908166885376
0.6430304050445557
0.5762439966201782
0.5119102001190186
0.4503854215145111
0.39200344681739807
0.3370673656463623
0.28584912419319153
0.23857858777046204
0.19544236361980438
0.15656538307666779
0.12200598418712616
0.09171196818351746
0.06550178676843643
0.04287857562303543
0.02298368513584137
0.003082666313275695
1.9876883029937744
1.9571213722229004
1.9284579753875732
1.8995039463043213
1.8688280582427979
1.835625410079956
1.7994439601898193
1.7600305080413818
1.717287540435791
1.6712123155593872
1.621886968612671
1.5694506168365479
1.5140961408615112
1.4560548067092896
1.395594835281372
1.3330109119415283
1.2686229944229126
1.2027690410614014
1.135802984237671
1.0680893659591675
1.0
0.9319106936454773
0.8641969561576843
0.7972309589385986
0.7313770055770874
0.6669890880584717
0.6044051647186279
0.5439451336860657
0.48590388894081116
0.43054941296577454
0.3781130611896515
0.3287876844406128
0.28271248936653137
0.23996944725513458
0.20055608451366425
0.16437461972236633
0.13117191195487976
0.10049605369567871
0.07154198735952377
0.04287857562303543
0.012311659753322601
1.972369909286499
1.9344981908798218
1.8995039463043213
1.8655035495758057
1.8311494588851929
1.7955001592636108
1.7579602003097534
1.7181390523910522
1.6758208274841309
1.6308996677398682
1.5833686590194702
1.5332876443862915
1.480778455734253
1.4260073900222778
1.3691819906234741
1.310539960861206
1.2503468990325928
1.1888883113861084
1.1264667510986328
1.0633964538574219
1.0
0.9366035461425781
0.8735332489013672
0.8111117482185364
0.7496530413627625
0.689460039138794
0.6308180093765259
0.5739926099777222
0.5192214846611023
0.4667123854160309
0.4166313111782074
0.36910033226013184
0.32417920231819153
0.28186094760894775
0.2420397698879242
0.20449987053871155
0.1688505858182907
0.13449649512767792
0.10049605369567871
0.06550178676843643
0.02763007953763008
1.9510564804077148
1.9082880020141602
1.8688280582427979
1.8311494588851929
1.7940318584442139
1.7565505504608154
1.718050479888916
1.678067684173584
1.6363067626953125
1.5925863981246948
1.5468289852142334
1.4990284442901611
1.4492462873458862
1.397591233253479
1.34421706199646
1.2893097400665283
1.2330853939056396
1.1757808923721313
1.1176519393920898
1.0589661598205566
1.0
0.9410337805747986
0.8823480010032654
0.8242191076278687
0.7669146656990051
0.7106902599334717
0.6557829976081848
0.6024088263511658
0.5507537126541138
0.5009714961051941
0.4531710743904114
0.4074136018753052
0.3636932373046875
0.3219323456287384
0.2819494605064392
0.243449404835701
0.20596811175346375
0.1688505858182907
0.13117191195487976
0.09171196818351746
0.04894348233938217
1.9238795042037964
1.8779940605163574
1.835625410079956
1.7955001592636108
1.7565505504608154
1.7179112434387207
1.6789286136627197
1.63910973072052
1.5981148481369019
1.555712103843689
1.5117721557617188
1.4662377834320068
1.419120192527771
1.370479941368103
1.3204240798950195
1.2690927982330322
1.2166578769683838
1.163312554359436
1.1092694997787476
1.0547538995742798
1.0
0.9452460408210754
0.8907304406166077
0.8366875052452087
0.783342182636261
0.7309072017669678
0.6795759797096252
0.6295199990272522
0.5808797478675842
0.5337622165679932
0.48822784423828125
0.44428789615631104
0.4018852114677429
0.3608902096748352
0.3210713863372803
0.2820886969566345
0.243449404835701
0.20449987053871155
0.16437461972236633
0.12200598418712616
0.07612046599388123
1.8910064697265625
1.8434345722198486
1.7994439601898193
1.7579602003097534
1.718050479888916
1.6789286136627197
1.6399706602096558
1.6006855964660645
1.5607143640518188
1.5197968482971191
1.4777683019638062
1.434533715248108
1.3900651931762695
1.344383716583252
1.297556757926941
1.2496854066848755
1.2009024620056152
1.1513621807098389
1.1012390851974487
1.0507196187973022
1.0
0.9492803812026978
0.898760974407196
0.8486378192901611
0.7990975975990295
0.7503145337104797
0.7024432420730591
0.655616283416748
0.6099348068237305
0.5654663443565369
0.5222316980361938
0.48020312190055847
0.4392855763435364
0.39931440353393555
0.36002933979034424
0.3210713863372803
0.2819494605064392
0.2420397698879242
0.20055608451366425
0.15656538307666779
0.10899347811937332
1.852640151977539
1.8045576810836792
1.7600305080413818
1.7181390523910522
1.678067684173584
1.63910973072052
1.6006855964660645
1.5623233318328857
1.5236631631851196
1.4844328165054321
1.444446325302124
1.403583288192749
1.3617863655090332
1.3190455436706543
1.2753959894180298
1.2309057712554932
1.1856739521026611
1.1398212909698486
1.0934882164001465
1.0468270778656006
1.0
0.9531729221343994
0.9065118432044983
0.8601787090301514
0.8143261075019836
0.7690942883491516
0.724604070186615
0.6809545159339905
0.6382136940956116
0.5964167714118958
0.5555536150932312
0.5155671834945679
0.476336807012558
0.43767669796943665
0.39931440353393555
0.3608902096748352
0.3219323456287384
0.28186094760894775
0.23996944725513458
0.19544236361980438
0.14735983312129974
1.8090169429779053
1.7614214420318604
1.717287540435791
1.6758208274841309
1.6363067626953125
1.5981148481369019
1.5607143640518188
1.5236631631851196
1.4866127967834473
1.4492907524108887
1.4115015268325806
1.3731087446212769
1.3340349197387695
1.2942466735839844
1.2537535429000854
1.2125965356826782
1.1708465814590454
1.1285954713821411
1.085953950881958
1.043044924736023
1.0
0.9569551348686218
0.9140459895133972
0.8714045286178589
0.8291534781455994
0.7874034643173218
0.7462465167045593
0.7057533860206604
0.6659651398658752
0.6268913149833679
0.5884984731674194
0.5507091879844666
0.513387143611908
0.476336807012558
0.4392855763435364
0.4018852114677429
0.3636932373046875
0.32417920231819153
0.28271248936653137
0.23857858777046204
0.19098301231861115
1.7604060173034668
1.7141509056091309
1.6712123155593872
1.6308996677398682
1.5925863981246948
1.555712103843689
1.5197968482971191
1.4844328165054321
1.4492907524108887
1.4141067266464233
1.378684163093567
1.3428791761398315
1.3066014051437378
1.269801139831543
1.2324682474136353
1.1946223974227905
1.1563113927841187
1.1176025867462158
1.078581690788269
1.0393455028533936
1.0
0.9606544375419617
0.9214183688163757
0.8823974132537842
0.8436886668205261
0.8053775429725647
0.7675317525863647
0.7301989197731018
0.6933985948562622
0.6571208834648132
0.6213158965110779
0.5858932137489319
0.5507091879844666
0.5155671834945679
0.48020312190055847
0.44428789615631104
0.4074136018753052
0.36910033226013184
0.3287876844406128
0.28584912419319153
0.23959402740001678
1.7071068286895752
1.6629326343536377
1.621886968612671
1.5833686590194702
1.5468289852142334
1.5117721557617188
1.4777683019638062
1.444446325302124
1.4115015268325806
1.378684163093567
1.3458030223846436
1.312713623046875
1.2793190479278564
1.245558738708496
1.2114086151123047
1.1768720149993896
1.1419780254364014
1.1067743301391602
1.0713253021240234
1.0357060432434082
1.0
0.9642939567565918
0.9286747574806213
0.8932256698608398
0.8580219745635986
0.8231279253959656
0.7885913252830505
0.7544413208961487
0.7206810116767883
0.6872863173484802
0.6541969776153564
0.6213158965110779
0.5884984731674194
0.5555536150932312
0.5222316980361938
0.48822784423828125
0.4531710743904114
0.4166313111782074
0.3781130611896515
0.3370673656463623
0.2928932309150696
1.649448037147522
1.6079965829849243
1.5694506168365479
1.5332876443862915
1.4990284442901611
1.4662377834320068
1.434533715248108
1.403583288192749
1.3731087446212769
1.3428791761398315
1.312713623046875
1.282472014427185
1.2520556449890137
1.2213985919952393
1.1904675960540771
1.159253716468811
1.1277719736099243
1.0960538387298584
1.064146637916565
1.0321071147918701
1.0
0.9678928256034851
0.9358534216880798
0.9039461612701416
0.8722280859947205
0.8407462239265442
0.8095324039459229
0.7786014080047607
0.7479443550109863
0.7175279855728149
0.6872863173484802
0.6571208834648132
0.6268913149833679
0.5964167714118958
0.5654663443565369
0.5337622165679932
0.5009714961051941
0.4667123854160309
0.43054941296577454
0.39200344681739807
0.350551962852478
1.587785243988037
1.5496145486831665
1.5140961408615112
1.480778455734253
1.4492462873458862
1.419120192527771
1.3900651931762695
1.3617863655090332
1.3340349197387695
1.3066014051437378
1.2793190479278564
1.2520556449890137
1.2247154712677002
1.1972310543060303
1.169563889503479
1.1416970491409302
1.1136348247528076
1.0853965282440186
1.0570154190063477
1.028533697128296
1.0
0.9714663624763489
0.9429845213890076
0.9146034717559814
0.8863651752471924
0.8583029508590698
0.830436110496521
0.8027689456939697
0.7752845883369446
0.7479443550109863
0.7206810116767883
0.6933985948562622
0.6659651398658752
0.6382136940956116
0.6099348068237305
0.5808797478675842
0.5507537126541138
0.5192214846611023
0.48590388894081116
0.4503854215145111
0.4122147560119629
1.522498607635498
1.4880897998809814
1.4560548067092896
1.4260073900222778
1.397591233253479
1.370479941368103
1.344383716583252
1.3190455436706543
1.2942466735839844
1.269801139831543
1.245558738708496
1.2213985919952393
1.1972310543060303
1.1729906797409058
1.1486369371414185
1.1241484880447388
1.0995219945907593
1.0747677087783813
1.04990816116333
1.0249735116958618
1.0
0.9750264883041382
0.9500918388366699
0.9252322912216187
0.9004780650138855
0.875851571559906
0.8513630032539368
0.8270093202590942
0.8027689456939697
0.7786014080047607
0.7544413208961487
0.7301989197731018
0.7057533860206604
0.6809545159339905
0.655616283416748
0.6295199990272522
0.6024088263511658
0.5739926099777222
0.5439451336860657
0.5119102001190186
0.47750142216682434
1.4539904594421387
1.4237560033798218
1.395594835281372
1.3691819906234741
1.34421706199646
1.3204240798950195
1.297556757926941
1.2753959894180298
1.2537535429000854
1.2324682474136353
1.2114086151123047
1.1904675960540771
1.169563889503479
1.1486369371414185
1.1276473999023438
1.1065716743469238
1.085402250289917
1.0641428232192993
1.0428078174591064
1.0214180946350098
1.0
0.9785818457603455
0.9571921825408936
0.9358571171760559
0.914597749710083
0.8934283256530762
0.8723526000976562
0.8513630032539368
0.830436110496521
0.8095324039459229
0.7885913252830505
0.7675317525863647
0.7462465167045593
0.724604070186615
0.7024432420730591
0.6795759797096252
0.6557829976081848
0.6308180093765259
0.6044051647186279
0.5762439966201782
0.5460094809532166
1.3826833963394165
1.3569695949554443
1.3330109119415283
1.310539960861206
1.2893097400665283
1.2690927982330322
1.2496854066848755
1.2309057712554932
1.2125965356826782
1.1946223974227905
1.1768720149993896
1.159253716468811
1.1416970491409302
1.1241484880447388
1.1065716743469238
1.0889438390731812
1.0712552070617676
1.0535054206848145
1.0357028245925903
1.0178616046905518
1.0
0.982138454914093
0.9642971754074097
0.9464946389198303
0.9287447929382324
0.9110561609268188
0.8934283256530762
0.875851571559906
0.8583029508590698
0.8407462239265442
0.8231279253959656
0.8053775429725647
0.7874034643173218
0.7690942883491516
0.7503145337104797
0.7309072017669678
0.7106902599334717
0.689460039138794
0.6669890880584717
0.6430304050445557
0.6173165440559387
1.3090169429779053
1.2881091833114624
1.2686229944229126
1.2503468990325928
1.2330853939056396
1.2166578769683838
1.2009024620056152
1.1856739521026611
1.1708465814590454
1.1563113927841187
1.1419780254364014
1.1277719736099243
1.1136348247528076
1.0995219945907593
1.085402250289917
1.0712552070617676
1.0570707321166992
1.0428463220596313
1.028586506843567
1.0143002271652222
1.0
0.9856997132301331
0.9714134335517883
0.9571536183357239
0.9429292678833008
0.9287447929382324
0.914597749710083
0.9004780650138855
0.8863651752471924
0.8722280859947205
0.8580219745635986
0.8436886668205261
0.8291534781455994
0.8143261075019836
0.7990975975990295
0.783342182636261
0.7669146656990051
0.7496530413627625
0.7313770055770874
0.7118908166885376
0.69098299741745
1.233445405960083
1.2175688743591309
1.2027690410614014
1.1888883113861084
1.1757808923721313
1.163312554359436
1.1513621807098389
1.1398212909698486
1.1285954713821411
1.1176025867462158
1.1067743301391602
1.0960538387298584
1.0853965282440186
1.0747677087783813
1.0641428232192993
1.0535054206848145
1.0428463220596313
1.0321626663208008
1.0214563608169556
1.0107327699661255
1.0
0.9892672300338745
0.9785436987876892
0.9678373336791992
0.9571536183357239
0.9464946389198303
0.9358571171760559
0.9252322912216187
0.9146034717559814
0.9039461612701416
0.8932256698608398
0.8823974132537842
0.8714045286178589
0.8601787090301514
0.8486378192901611
0.8366875052452087
0.8242191076278687
0.8111117482185364
0.7972309589385986
0.7824310660362244
0.7665546536445618
1.156434416770935
1.1457574367523193
1.135802984237671
1.1264667510986328
1.1176519393920898
1.1092694997787476
1.1012390851974487
1.0934882164001465
1.085953950881958
1.078581690788269
1.0713253021240234
1.064146637916565
1.0570154190063477
1.04990816116333
1.0428078174591064
1.0357028245925903
1.028586506843567
1.0214563608169556
1.0143128633499146
1.0071592330932617
1.0
0.9928408265113831
0.9856871366500854
0.9785436987876892
0.9714134335517883
0.9642971754074097
0.9571921825408936
0.9500918388366699
0.9429845213890076
0.9358534216880798
0.9286747574806213
0.9214183688163757
0.9140459895133972
0.9065118432044983
0.898760974407196
0.8907304406166077
0.8823480010032654
0.8735332489013672
0.8641969561576843
0.8542425036430359
0.8435655236244202
1.0784591436386108
1.0730928182601929
1.0680893659591675
1.0633964538574219
1.0589661598205566
1.0547538995742798
1.0507196187973022
1.0468270778656006
1.043044924736023
1.0393455028533936
1.0357060432434082
1.0321071147918701
1.028533697128296
1.0249735116958618
1.0214180946350098
1.0178616046905518
1.0143002271652222
1.0107327699661255
1.0071592330932617
1.003580927848816
1.0
0.9964191317558289
0.9928408265113831
0.9892672300338745
0.9856997132301331
0.982138454914093
0.9785818457603455
0.9750264883041382
0.9714663624763489
0.9678928256034851
0.9642939567565918
0.9606544375419617
0.9569551348686218
0.9531729221343994
0.9492803812026978
0.9452460408210754
0.9410337805747986
0.9366035461425781
0.9319106936454773
0.9269071817398071
0.9215409159660339
1.0
1.0
1.0
1.0
1.0
1.0
1.0
1.0
1.0
1.0
1.0
1.0
1.0
1.0
1.0
1.0
1.0
1.0
1.0
1.0
1.0
1.0
1.0
1.0
1.0
1.0
1.0
1.0
1.0
1.0
1.0
1.0
1.0
1.0
1.0
1.0
1.0
1.0
1.0
1.0
1.0
0.9215409159660339
0.9269071817398071
0.9319106936454773
0.9366035461425781
0.9410337805747986
0.9452460408210754
0.9492803812026978
0.9531729221343994
0.9569551348686218
0.9606544375419617
0.9642939567565918
0.9678928256034851
0.9714663624763489
0.9750264883041382
0.9785818457603455
0.982138454914093
0.9856997132301331
0.9892672300338745
0.9928408265113831
0.9964191317558289
1.0
1.003580927848816
1.0071592330932617
1.0107327699661255
1.0143002271652222
1.0178616046905518
1.0214180946350098
1.0249735116958618
1.028533697128296
1.0321071147918701
1.0357060432434082
1.0393455028533936
1.043044924736023
1.0468270778656006
1.0507196187973022
1.0547538995742798
1.0589661598205566
1.0633964538574219
1.0680893659591675
1.0730928182601929
1.0784591436386108
0.8435655236244202
0.8542425036430359
0.8641969561576843
0.8735332489013672
0.8823480010032654
0.8907304406166077
0.898760974407196
0.9065118432044983
0.9140459895133972
0.9214183688163757
0.9286747574806213
0.9358534216880798
0.9429845213890076
0.9500918388366699
0.9571921825408936
0.9642971754074097
0.9714134335517883
0.9785436987876892
0.9856871366500854
0.9928408265113831
1.0
1.0071592330932617
1.0143128633499146
1.0214563608169556
1.028586506843567
1.0357028245925903
1.0428078174591064
1.04990816116333
1.0570154190063477
1.064146637916565
1.0713253021240234
1.078581690788269
1.085953950881958
1.0934882164001465
1.1012390851974487
1.1092694997787476
1.1176519393920898
1.1264667510986328
1.135802984237671
1.1457574367523193
1.156434416770935
0.7665546536445618
0.7824310660362244
0.7972309589385986
0.8111117482185364
0.8242191076278687
0.8366875052452087
0.8486378192901611
0.8601787090301514
0.8714045286178589
0.8823974132537842
0.8932256698608398
0.9039461612701416
0.9146034717559814
0.9252322912216187
0.9358571171760559
0.9464946389198303
0.9571536183357239
0.9678373336791992
0.9785436987876892
0.9892672300338745
1.0
1.0107327699661255
1.0214563608169556
1.0321626663208008
1.0428463220596313
1.0535054206848145
1.0641428232192993
1.0747677087783813
1.0853965282440186
1.0960538387298584
1.1067743301391602
1.1176025867462158
1.1285954713821411
1.1398212909698486
1.1513621807098389
1.163312554359436
1.1757808923721313
1.1888883113861084
1.2027690410614014
1.2175688743591309
1.233445405960083
0.69098299741745
0.7118908166885376
0.7313770055770874
0.7496530413627625
0.7669146656990051
0.783342182636261
0.7990975975990295
0.8143261075019836
0.8291534781455994
0.8436886668205261
0.8580219745635986
0.8722280859947205
0.8863651752471924
0.9004780650138855
0.914597749710083
0.9287447929382324
0.9429292678833008
0.9571536183357239
0.9714134335517883
0.9856997132301331
1.0
1.0143002271652222
1.028586506843567
1.0428463220596313
1.0570707321166992
1.0712552070617676
1.085402250289917
1.0995219945907593
1.1136348247528076
1.1277719736099243
1.1419780254364014
1.1563113927841187
1.1708465814590454
1.1856739521026611
1.2009024620056152
1.2166578769683838
1.2330853939056396
1.2503468990325928
1.2686229944229126
1.2881091833114624
1.3090169429779053
0.6173165440559387
0.6430304050445557
0.6669890880584717
0.689460039138794
0.7106902599334717
0.7309072017669678
0.7503145337104797
0.7690942883491516
0.7874034643173218
0.8053775429725647
0.8231279253959656
0.8407462239265442
0.8583029508590698
0.875851571559906
0.8934283256530762
0.9110561609268188
0.9287447929382324
0.9464946389198303
0.9642971754074097
0.982138454914093
1.0
1.0178616046905518
1.0357028245925903
1.0535054206848145
1.0712552070617676
1.0889438390731812
1.1065716743469238
1.1241484880447388
1.1416970491409302
1.159253716468811
1.1768720149993896
1.1946223974227905
1.2125965356826782
1.2309057712554932
1.2496854066848755
1.2690927982330322
1.2893097400665283
1.310539960861206
1.3330109119415283
1.3569695949554443
1.3826833963394165
0.5460094809532166
0.5762439966201782
0.6044051647186279
0.6308180093765259
0.6557829976081848
0.6795759797096252
0.7024432420730591
0.724604070186615
0.7462465167045593
0.7675317525863647
0.7885913252830505
0.8095324039459229
0.830436110496521
0.8513630032539368
0.8723526000976562
0.8934283256530762
0.914597749710083
0.9358571171760559
0.9571921825408936
0.9785818457603455
1.0
1.0214180946350098
1.0428078174591064
1.0641428232192993
1.085402250289917
1.1065716743469238
1.1276473999023438
1.1486369371414185
1.169563889503479
1.1904675960540771
1.2114086151123047
1.2324682474136353
1.2537535429000854
1.2753959894180298
1.297556757926941
1.3204240798950195
1.34421706199646
1.3691819906234741
1.395594835281372
1.4237560033798218
1.4539904594421387
0.47750142216682434
0.5119102001190186
0.5439451336860657
0.5739926099777222
0.6024088263511658
0.6295199990272522
0.655616283416748
0.6809545159339905
0.7057533860206604
0.7301989197731018
0.7544413208961487
0.7786014080047607
0.8027689456939697
0.8270093202590942
0.8513630032539368
0.875851571559906
0.9004780650138855
0.9252322912216187
0.9500918388366699
0.9750264883041382
1.0
1.0249735116958618
1.04990816116333
1.0747677087783813
1.0995219945907593
1.1241484880447388
1.1486369371414185
1.1729906797409058
1.1972310543060303
1.2213985919952393
1.245558738708496
1.269801139831543
1.2942466735839844
1.3190455436706543
1.344383716583252
1.370479941368103
1.397591233253479
1.4260073900222778
1.4560548067092896
1.4880897998809814
1.522498607635498
0.4122147560119629
0.4503854215145111
0.48590388894081116
0.5192214846611023
0.5507537126541138
0.5808797478675842
0.6099348068237305
0.6382136940956116
0.6659651398658752
0.6933985948562622
0.7206810116767883
0.7479443550109863
0.7752845883369446
0.8027689456939697
0.830436110496521
0.8583029508590698
0.8863651752471924
0.9146034717559814
0.9429845213890076
0.9714663624763489
1.0
1.028533697128296
1.0570154190063477
1.0853965282440186
1.1136348247528076
1.1416970491409302
1.169563889503479
1.1972310543060303
1.2247154712677002
1.2520556449890137
1.2793190479278564
1.3066014051437378
1.3340349197387695
1.3617863655090332
1.3900651931762695
1.419120192527771
1.4492462873458862
1.480778455734253
1.5140961408615112
1.5496145486831665
1.587785243988037
0.350551962852478
0.39200344681739807
0.43054941296577454
0.4667123854160309
0.5009714961051941
0.5337622165679932
0.5654663443565369
0.5964167714118958
0.6268913149833679
0.6571208834648132
0.6872863173484802
0.7175279855728149
0.7479443550109863
0.7786014080047607
0.8095324039459229
0.8407462239265442
0.8722280859947205
0.9039461612701416
0.9358534216880798
0.9678928256034851
1.0
1.0321071147918701
1.064146637916565
1.0960538387298584
1.1277719736099243
1.159253716468811
1.1904675960540771
1.2213985919952393
1.2520556449890137
1.282472014427185
1.312713623046875
1.3428791761398315
1.3731087446212769
1.403583288192749
1.434533715248108
1.4662377834320068
1.4990284442901611
1.5332876443862915
1.5694506168365479
1.6079965829849243
1.649448037147522
0.2928932309150696
0.3370673656463623
0.3781130611896515
0.4166313111782074
0.4531710743904114
0.48822784423828125
0.5222316980361938
0.5555536150932312
0.5884984731674194
0.6213158965110779
0.6541969776153564
0.6872863173484802
0.7206810116767883
0.7544413208961487
0.7885913252830505
0.8231279253959656
0.8580219745635986
0.8932256698608398
0.9286747574806213
0.9642939567565918
1.0
1.0357060432434082
1.0713253021240234
1.1067743301391602
1.1419780254364014
1.1768720149993896
1.2114086151123047
1.245558738708496
1.2793190479278564
1.312713623046875
1.3458030223846436
1.378684163093567
1.4115015268325806
1.444446325302124
1.4777683019638062
1.5117721557617188
1.5468289852142334
1.5833686590194702
1.621886968612671
1.6629326343536377
1.7071068286895752
0.23959402740001678
0.28584912419319153
0.3287876844406128
0.36910033226013184
0.4074136018753052
0.44428789615631104
0.48020312190055847
0.5155671834945679
0.5507091879844666
0.5858932137489319
0.6213158965110779
0.6571208834648132
0.6933985948562622
0.7301989197731018
0.7675317525863647
0.8053775429725647
0.8436886668205261
0.8823974132537842
0.9214183688163757
0.9606544375419617
1.0
1.0393455028533936
1.078581690788269
1.1176025867462158
1.1563113927841187
1.1946223974227905
1.2324682474136353
1.269801139831543
1.3066014051437378
1.3428791761398315
1.378684163093567
1.4141067266464233
1.4492907524108887
1.4844328165054321
1.5197968482971191
1.555712103843689
1.5925863981246948
1.6308996677398682
1.6712123155593872
1.7141509056091309
1.7604060173034668
0.19098301231861115
0.23857858777046204
0.28271248936653137
0.32417920231819153
0.3636932373046875
0.4018852114677429
0.4392855763435364
0.476336807012558
0.513387143611908
0.5507091879844666
0.5884984731674194
0.6268913149833679
0.6659651398658752
0.7057533860206604
0.7462465167045593
0.7874034643173218
0.8291534781455994
0.8714045286178589
0.9140459895133972
0.9569551348686218
1.0
1.043044924736023
1.085953950881958
1.1285954713821411
1.1708465814590454
1.2125965356826782
1.2537535429000854
1.2942466735839844
1.3340349197387695
1.3731087446212769
1.4115015268325806
1.4492907524108887
1.4866127967834473
1.5236631631851196
1.5607143640518188
1.5981148481369019
1.6363067626953125
1.6758208274841309
1.717287540435791
1.7614214420318604
1.8090169429779053
0.14735983312129974
0.19544236361980438
0.23996944725513458
0.28186094760894775
0.3219323456287384
0.3608902096748352
0.39931440353393555
0.43767669796943665
0.476336807012558
0.5155671834945679
0.5555536150932312
0.5964167714118958
0.6382136940956116
0.6809545159339905
0.724604070186615
0.7690942883491516
0.8143261075019836
0.8601787090301514
0.9065118432044983
0.9531729221343994
1.0
1.0468270778656006
1.0934882164001465
1.1398212909698486
1.1856739521026611
1.2309057712554932
1.2753959894180298
1.3190455436706543
1.3617863655090332
1.403583288192749
1.444446325302124
1.4844328165054321
1.5236631631851196
1.5623233318328857
1.6006855964660645
1.63910973072052
1.678067684173584
1.7181390523910522
1.7600305080413818
1.8045576810836792
1.852640151977539
0.10899347811937332
0.15656538307666779
0.20055608451366425
0.2420397698879242
0.2819494605064392
0.3210713863372803
0.36002933979034424
0.39931440353393555
0.4392855763435364
0.48020312190055847
0.5222316980361938
0.5654663443565369
0.6099348068237305
0.655616283416748
0.7024432420730591
0.7503145337104797
0.7990975975990295
0.8486378192901611
0.898760974407196
0.9492803812026978
1.0
1.0507196187973022
1.1012390851974487
1.1513621807098389
1.2009024620056152
1.2496854066848755
1.297556757926941
1.344383716583252
1.3900651931762695
1.434533715248108
1.4777683019638062
1.5197968482971191
1.5607143640518188
1.6006855964660645
1.6399706602096558
1.6789286136627197
1.718050479888916
1.7579602003097534
1.7994439601898193
1.8434345722198486
1.8910064697265625
0.07612046599388123
0.12200598418712616
0.16437461972236633
0.20449987053871155
0.243449404835701
0.2820886969566345
0.3210713863372803
0.3608902096748352
0.4018852114677429
0.44428789615631104
0.48822784423828125
0.5337622165679932
0.5808797478675842
0.6295199990272522
0.6795759797096252
0.7309072017669678
0.783342182636261
0.8366875052452087
0.8907304406166077
0.9452460408210754
1.0
1.0547538995742798
1.1092694997787476
1.163312554359436
1.2166578769683838
1.2690927982330322
1.3204240798950195
1.370479941368103
1.419120192527771
1.4662377834320068
1.5117721557617188
1.555712103843689
1.5981148481369019
1.63910973072052
1.6789286136627197
1.7179112434387207
1.7565505504608154
1.7955001592636108
1.835625410079956
1.8779940605163574
1.9238795042037964
0.04894348233938217
0.09171196818351746
0.13117191195487976
0.1688505858182907
0.20596811175346375
0.243449404835701
0.2819494605064392
0.3219323456287384
0.3636932373046875
0.4074136018753052
0.4531710743904114
0.5009714961051941
0.5507537126541138
0.6024088263511658
0.6557829976081848
0.7106902599334717
0.7669146656990051
0.8242191076278687
0.8823480010032654
0.9410337805747986
1.0
1.0589661598205566
1.1176519393920898
1.1757808923721313
1.2330853939056396
1.2893097400665283
1.34421706199646
1.397591233253479
1.4492462873458862
1.4990284442901611
1.5468289852142334
1.5925863981246948
1.6363067626953125
1.678067684173584
1.718050479888916
1.7565505504608154
1.7940318584442139
1.8311494588851929
1.8688280582427979
1.9082880020141602
1.9510564804077148
0.02763007953763008
0.06550178676843643
0.10049605369567871
0.13449649512767792
0.1688505858182907
0.20449987053871155
0.2420397698879242
0.28186094760894775
0.32417920231819153
0.36910033226013184
0.4166313111782074
0.4667123854160309
0.5192214846611023
0.5739926099777222
0.6308180093765259
0.689460039138794
0.7496530413627625
0.8111117482185364
0.8735332489013672
0.9366035461425781
1.0
1.0633964538574219
1.1264667510986328
1.1888883113861084
1.2503468990325928
1.310539960861206
1.3691819906234741
1.4260073900222778
1.480778455734253
1.5332876443862915
1.5833686590194702
1.6308996677398682
1.6758208274841309
1.7181390523910522
1.7579602003097534
1.7955001592636108
1.8311494588851929
1.8655035495758057
1.8995039463043213
1.9344981908798218
1.972369909286499
0.012311659753322601
0.04287857562303543
0.07154198735952377
0.10049605369567871
0.13117191195487976
0.16437461972236633
0.20055608451366425
0.23996944725513458
0.28271248936653137
0.3287876844406128
0.3781130611896515
0.43054941296577454
0.48590388894081116
0.5439451336860657
0.6044051647186279
0.6669890880584717
0.7313770055770874
0.7972309589385986
0.8641969561576843
0.9319106936454773
1.0
1.0680893659591675
1.135802984237671
1.2027690410614014
1.2686229944229126
1.3330109119415283
1.395594835281372
1.4560548067092896
1.5140961408615112
1.5694506168365479
1.621886968612671
1.6712123155593872
1.717287540435791
1.7600305080413818
1.7994439601898193
1.835625410079956
1.8688280582427979
1.8995039463043213
1.9284579753875732
1.9571213722229004
1.9876883029937744
0.003082666313275695
0.02298368513584137
0.04287857562303543
0.06550178676843643
0.09171196818351746
0.12200598418712616
0.15656538307666779
0.19544236361980438
0.23857858777046204
0.28584912419319153
0.3370673656463623
0.39200344681739807
0.4503854215145111
0.5119102001190186
0.5762439966201782
0.6430304050445557
0.7118908166885376
0.7824310660362244
0.8542425036430359
0.9269071817398071
1.0
1.0730928182601929
1.1457574367523193
1.2175688743591309
1.2881091833114624
1.3569695949554443
1.4237560033798218
1.4880897998809814
1.5496145486831665
1.6079965829849243
1.6629326343536377
1.7141509056091309
1.7614214420318604
1.8045576810836792
1.8434345722198486
1.8779940605163574
1.9082880020141602
1.9344981908798218
1.9571213722229004
1.9770163297653198
1.9969173669815063
0.0
0.003082666313275695
0.012311659753322601
0.02763007953763008
0.04894348233938217
0.07612046599388123
0.10899347811937332
0.14735983312129974
0.19098301231861115
0.23959402740001678
0.2928932309150696
0.350551962852478
0.4122147560119629
0.47750142216682434
0.5460094809532166
0.6173165440559387
0.69098299741745
0.7665546536445618
0.8435655236244202
0.9215409159660339
1.0
1.0784591436386108
1.156434416770935
1.233445405960083
1.3090169429779053
1.3826833963394165
1.4539904594421387
1.522498607635498
1.587785243988037
1.649448037147522
1.7071068286895752
1.7604060173034668
1.8090169429779053
1.852640151977539
1.8910064697265625
1.9238795042037964
1.9510564804077148
1.972369909286499
1.9876883029937744
1.9969173669815063
2.0
