2.0
1.9969173669815063
1.9876883029937744
1.972369909286499
1.9510564804077148
1.9238795042037964
1.8910064697265625
1.852640151977539
1.8090169429779053
1.7604060173034668
1.7071068286895752
1.649448037147522
1.587785243988037
1.522498607635498
1.4539904594421387
1.3826833963394165
1.3090169429779053
1.233445405960083
1.156434416770935
1.0784591436386108
1.0
0.9215409159660339
0.8435655236244202
0.7665546536445618
0.69098299741745
0.6173165440559387
0.5460094809532166
0.47750142216682434
0.4122147560119629
0.350551962852478
0.2928932309150696
0.23959402740001678
0.19098301231861115
0.14735983312129974
0.10899347811937332
0.07612046599388123
0.04894348233938217
0.02763007953763008
0.012311659753322601
0.003082666313275695
0.0
1.9969173669815063
1.9770511388778687
1.9571784734725952
1.9345704317092896
1.9083704948425293
1.8780831098556519
1.8435274362564087
1.8046517372131348
1.7615147829055786
1.714241862297058
1.6630196571350098
1.6080782413482666
1.5496898889541626
1.4881577491760254
1.4238157272338867
1.357020378112793
1.2881505489349365
1.2176003456115723
1.1457786560058594
1.073103427886963
1.0
0.9268965721130371
0.8542214035987854
0.7823997139930725
0.7118495106697083
0.6429795622825623
0.5761842727661133
0.5118422508239746
0.4503101110458374
0.3919217586517334
0.3369803726673126
0.2857581675052643
0.2384851574897766
0.19534821808338165
0.15647253394126892
0.12191683799028397
0.09162946045398712
0.06542955338954926
0.04282157123088837
0.02294883131980896
0.003082666313275695
1.9876883029937744
1.9571784734725952
1.9285554885864258
1.899630069732666
1.868974208831787
1.8357845544815063
1.7996108531951904
1.7602006196975708
1.7174568176269531
1.6713776588439941
1.6220453977584839
1.5695997476577759
1.5142337083816528
1.456179141998291
1.3957042694091797
1.3331040143966675
1.268698811531067
1.2028266191482544
1.135841727256775
1.0681087970733643
1.0
0.9318912029266357
0.8641582131385803
0.7971733808517456
0.7313012480735779
0.6668959856033325
0.6042957901954651
0.543820858001709
0.4857662320137024
0.4304002821445465
0.3779545724391937
0.32862234115600586
0.2825431525707245
0.239799365401268
0.20038916170597076
0.16421538591384888
0.13102585077285767
0.10036992281675339
0.07144449651241302
0.04282157123088837
0.012311659753322601
1.972369909286499
1.9345704317092896
1.899630069732666
1.8656692504882812
1.8313432931900024
1.795713186264038
1.758184790611267
1.7183688879013062
1.6760504245758057
1.6311243772506714
1.5835845470428467
1.5334910154342651
1.4809664487838745
1.4261772632598877
1.3693315982818604
1.3106675148010254
1.2504507303237915
1.188967227935791
1.1265199184417725
1.0634231567382812
1.0
0.936576783657074
0.8734801411628723
0.8110328316688538
0.7495492100715637
0.6893325448036194
0.6306683421134949
0.5738226771354675
0.5190334916114807
0.4665089547634125
0.4164154827594757
0.3688755929470062
0.3239496052265167
0.28163114190101624
0.24181519448757172
0.2042868286371231
0.16865664720535278
0.13433079421520233
0.10036992281675339
0.06542955338954926
0.02763007953763008
1.9510564804077148
1.9083704948425293
1.868974208831787
1.8313432931900024
1.7942607402801514
1.7568035125732422
1.7183184623718262
1.6783428192138672
1.6365824937820435
1.5928568840026855
1.5470892190933228
1.4992742538452148
1.4494736194610596
1.3977969884872437
1.3443983793258667
1.2894643545150757
1.2332112789154053
1.1758766174316406
1.1177164316177368
1.0589985847473145
1.0
0.9410014152526855
0.8822835087776184
0.8241233229637146
0.7667887210845947
0.7105357050895691
0.6556016206741333
0.6022030711174011
0.5505263209342957
0.5007258057594299
0.45291078090667725
0.40714311599731445
0.36341753602027893
0.3216571807861328
0.2816815674304962
0.2431964874267578
0.20573927462100983
0.16865664720535278
0.13102585077285767
0.09162946045398712
0.04894348233938217
1.9238795042037964
1.8780831098556519
1.8357845544815063
1.795713186264038
1.7568035125732422
1.718192219734192
1.679227352142334
1.6394176483154297
1.5984240770339966
1.556016206741333
1.5120652914047241
1.4665148258209229
1.4193769693374634
1.3707125186920166
1.3206291198730469
1.2692676782608032
1.2168004512786865
1.1634209156036377
1.1093425750732422
1.0547906160354614
1.0
0.9452093243598938
0.8906574249267578
0.8365790247917175
0.7831996083259583
0.730732262134552
0.6793708801269531
0.6292875409126282
0.5806230902671814
0.5334851741790771
0.48793473839759827
0.4439838230609894
0.4015759229660034
0.3605823814868927
0.32077261805534363
0.2818077504634857
0.2431964874267578
0.2042868286371231
0.16421538591384888
0.12191683799028397
0.07612046599388123
1.8910064697265625
1.8435274362564087
1.7996108531951904
1.758184790611267
1.7183184623718262
1.679227352142334
1.6402894258499146
1.6010149717330933
1.5610461235046387
1.5201236009597778
1.4780837297439575
1.434832215309143
1.3903419971466064
1.3446346521377563
1.2977782487869263
1.2498745918273926
1.2010565996170044
1.1514794826507568
1.1013180017471313
1.0507593154907227
1.0
0.9492406845092773
0.8986819386482239
0.8485205173492432
0.7989434003829956
0.7501254677772522
0.702221691608429
0.6553653478622437
0.6096580028533936
0.5651677846908569
0.5219163298606873
0.47987642884254456
0.4389539062976837
0.39898502826690674
0.35971054434776306
0.32077261805534363
0.2816815674304962
0.24181519448757172
0.20038916170597076
0.15647253394126892
0.10899347811937332
1.852640151977539
1.8046517372131348
1.7602006196975708
1.7183688879013062
1.6783428192138672
1.6394176483154297
1.6010149717330933
1.5626643896102905
1.5240073204040527
1.4847723245620728
1.4447746276855469
1.403894305229187
1.3620749711990356
1.3193074464797974
1.2756272554397583
1.2311033010482788
1.1858351230621338
1.1399439573287964
1.0935708284378052
1.0468686819076538
1.0
0.953131377696991
0.9064291715621948
0.8600560426712036
0.814164936542511
0.7688966989517212
0.7243726849555969
0.6806925535202026
0.6379249691963196
0.5961057543754578
0.5552254319190979
0.5152276754379272
0.47599270939826965
0.4373356103897095
0.39898502826690674
0.3605823814868927
0.3216571807861328
0.28163114190101624
0.239799365401268
0.19534821808338165
0.14735983312129974
1.8090169429779053
1.7615147829055786
1.7174568176269531
1.6760504245758057
1.6365824937820435
1.5984240770339966
1.5610461235046387
1.5240073204040527
1.4869606494903564
1.4496344327926636
1.4118341207504272
1.3734241724014282
1.3343279361724854
1.2945127487182617
1.2539886236190796
1.2127974033355713
1.1710104942321777
1.1287202835083008
1.0860381126403809
1.0430872440338135
1.0
0.9569128155708313
0.9139618873596191
0.8712797164916992
0.8289895057678223
0.7872025966644287
0.7460113167762756
0.7054873108863831
0.6656720638275146
0.6265758275985718
0.5881659388542175
0.5503656268119812
0.5130394101142883
0.47599270939826965
0.4389539062976837
0.4015759229660034
0.36341753602027893
0.3239496052265167
0.2825431525707245
0.2384851574897766
0.19098301231861115
1.7604060173034668
1.714241862297058
1.6713776588439941
1.6311243772506714
1.5928568840026855
1.556016206741333
1.5201236009597778
1.4847723245620728
1.4496344327926636
1.4144467115402222
1.3790134191513062
1.3431918621063232
1.3068921566009521
1.270065188407898
1.2327017784118652
1.194822072982788
1.156474232673645
1.1177266836166382
1.0786652565002441
1.039387583732605
1.0
0.9606123566627502
0.9213347434997559
0.8822733163833618
0.8435257077217102
0.8051779270172119
0.7672982215881348
0.729934811592102
0.6931079030036926
0.6568081974983215
0.6209865212440491
0.5855533480644226
0.5503656268119812
0.5152276754379272
0.47987642884254456
0.4439838230609894
0.40714311599731445
0.3688755929470062
0.32862234115600586
0.2857581675052643
0.23959402740001678
1.7071068286895752
1.6630196571350098
1.6220453977584839
1.5835845470428467
1.5470892190933228
1.5120652914047241
1.4780837297439575
1.4447746276855469
1.4118341207504272
1.3790134191513062
1.34612238407135
1.3130171298980713
1.2796013355255127
1.2458152770996094
1.211635708808899
1.1770662069320679
1.142136573791504
1.106895089149475
1.071406602859497
1.0357470512390137
1.0
0.9642530083656311
0.9285933375358582
0.8931049108505249
0.8578634262084961
0.8229337930679321
0.7883642911911011
0.7541846632957458
0.7203986644744873
0.6869828701019287
0.6538775563240051
0.6209865212440491
0.5881659388542175
0.5552254319190979
0.5219163298606873
0.48793473839759827
0.45291078090667725
0.4164154827594757
0.3779545724391937
0.3369803726673126
0.2928932309150696
1.649448037147522
1.6080782413482666
1.5695997476577759
1.5334910154342651
1.4992742538452148
1.4665148258209229
1.434832215309143
1.403894305229187
1.3734241724014282
1.3431918621063232
1.3130171298980713
1.2827606201171875
1.2523242235183716
1.2216428518295288
1.1906838417053223
1.1594387292861938
1.1279228925704956
1.096168875694275
1.064224123954773
1.0321462154388428
1.0
0.9678537845611572
0.9357758164405823
0.9038310647010803
0.8720770478248596
0.8405613303184509
0.8093162178993225
0.7783570885658264
0.7476757764816284
0.7172394394874573
0.6869828701019287
0.6568081974983215
0.6265758275985718
0.5961057543754578
0.5651677846908569
0.5334851741790771
0.5007258057594299
0.4665089547634125
0.4304002821445465
0.3919217586517334
0.350551962852478
1.587785243988037
1.5496898889541626
1.5142337083816528
1.4809664487838745
1.4494736194610596
1.4193769693374634
1.3903419971466064
1.3620749711990356
1.3343279361724854
1.3068921566009521
1.2796013355255127
1.2523242235183716
1.2249655723571777
1.1974586248397827
1.1697653532028198
1.1418694257736206
1.113775610923767
1.0855038166046143
1.057087779045105
1.0285700559616089
1.0
0.9714299440383911
0.9429121613502502
0.914496123790741
0.8862243294715881
0.8581305146217346
0.8302345871925354
0.8025413155555725
0.7750344276428223
0.7476757764816284
0.7203986644744873
0.6931079030036926
0.6656720638275146
0.6379249691963196
0.6096580028533936
0.5806230902671814
0.5505263209342957
0.5190334916114807
0.4857662320137024
0.4503101110458374
0.4122147560119629
1.522498607635498
1.4881577491760254
1.456179141998291
1.4261772632598877
1.3977969884872437
1.3707125186920166
1.3446346521377563
1.3193074464797974
1.2945127487182617
1.270065188407898
1.2458152770996094
1.2216428518295288
1.1974586248397827
1.173197865486145
1.148820400238037
1.1243054866790771
1.099650263786316
1.074865460395813
1.0499740839004517
1.025006651878357
1.0
0.9749932885169983
0.9500259160995483
0.9251344799995422
0.9003497958183289
0.8756945729255676
0.8511795401573181
0.826802134513855
0.8025413155555725
0.7783570885658264
0.7541846632957458
0.729934811592102
0.7054873108863831
0.6806925535202026
0.6553653478622437
0.6292875409126282
0.6022030711174011
0.5738226771354675
0.543820858001709
0.5118422508239746
0.47750142216682434
1.4539904594421387
1.4238157272338867
1.3957042694091797
1.3693315982818604
1.3443983793258667
1.3206291198730469
1.2977782487869263
1.2756272554397583
1.2539886236190796
1.2327017784118652
1.211635708808899
1.1906838417053223
1.1697653532028198
1.148820400238037
1.1278098821640015
1.1067107915878296
1.0855159759521484
1.0642294883728027
1.0428662300109863
1.0214475393295288
1.0
0.9785524606704712
0.9571337103843689
0.9357704520225525
0.9144840836524963
0.8932892084121704
0.8721901178359985
0.8511795401573181
0.8302345871925354
0.8093162178993225
0.7883642911911011
0.7672982215881348
0.7460113167762756
0.7243726849555969
0.702221691608429
0.6793708801269531
0.6556016206741333
0.6306683421134949
0.6042957901954651
0.5761842727661133
0.5460094809532166
1.3826833963394165
1.357020378112793
1.3331040143966675
1.3106675148010254
1.2894643545150757
1.2692676782608032
1.2498745918273926
1.2311033010482788
1.2127974033355713
1.194822072982788
1.1770662069320679
1.1594387292861938
1.1418694257736206
1.1243054866790771
1.1067107915878296
1.0890629291534424
1.0713526010513306
1.053579568862915
1.0357528924942017
1.017886757850647
1.0
0.982113242149353
0.9642471671104431
0.946420431137085
0.9286474585533142
0.9109370708465576
0.8932892084121704
0.8756945729255676
0.8581305146217346
0.8405613303184509
0.8229337930679321
0.8051779270172119
0.7872025966644287
0.7688966989517212
0.7501254677772522
0.730732262134552
0.7105357050895691
0.6893325448036194
0.6668959856033325
0.6429795622825623
0.6173165440559387
1.3090169429779053
1.2881505489349365
1.268698811531067
1.2504507303237915
1.2332112789154053
1.2168004512786865
1.2010565996170044
1.1858351230621338
1.1710104942321777
1.156474232673645
1.142136573791504
1.1279228925704956
1.113775610923767
1.099650263786316
1.0855159759521484
1.0713526010513306
1.0571503639221191
1.0429069995880127
1.0286275148391724
1.0143208503723145
1.0
0.9856791496276855
0.9713725447654724
0.9570929408073425
0.9428496956825256
0.9286474585533142
0.9144840836524963
0.9003497958183289
0.8862243294715881
0.8720770478248596
0.8578634262084961
0.8435257077217102
0.8289895057678223
0.814164936542511
0.7989434003829956
0.7831996083259583
0.7667887210845947
0.7495492100715637
0.7313012480735779
0.7118495106697083
0.69098299741745
1.233445405960083
1.2176003456115723
1.2028266191482544
1.188967227935791
1.1758766174316406
1.1634209156036377
1.1514794826507568
1.1399439573287964
1.1287202835083008
1.1177266836166382
1.106895089149475
1.096168875694275
1.0855038166046143
1.074865460395813
1.0642294883728027
1.053579568862915
1.0429069995880127
1.0322089195251465
1.0214874744415283
1.0107485055923462
1.0
0.9892515540122986
0.9785124659538269
0.9677910804748535
0.9570929408073425
0.946420431137085
0.9357704520225525
0.9251344799995422
0.914496123790741
0.9038310647010803
0.8931049108505249
0.8822733163833618
0.8712797164916992
0.8600560426712036
0.8485205173492432
0.8365790247917175
0.8241233229637146
0.8110328316688538
0.7971733808517456
0.7823997139930725
0.7665546536445618
1.156434416770935
1.1457786560058594
1.135841727256775
1.1265199184417725
1.1177164316177368
1.1093425750732422
1.1013180017471313
1.0935708284378052
1.0860381126403809
1.0786652565002441
1.071406602859497
1.064224123954773
1.057087779045105
1.0499740839004517
1.0428662300109863
1.0357528924942017
1.0286275148391724
1.0214874744415283
1.014333963394165
1.0071697235107422
1.0
0.992830216884613
0.9856660962104797
0.9785124659538269
0.9713725447654724
0.9642471671104431
0.9571337103843689
0.9500259160995483
0.9429121613502502
0.9357758164405823
0.9285933375358582
0.9213347434997559
0.9139618873596191
0.9064291715621948
0.8986819386482239
0.8906574249267578
0.8822835087776184
0.8734801411628723
0.8641582131385803
0.8542214035987854
0.8435655236244202
1.0784591436386108
1.073103427886963
1.0681087970733643
1.0634231567382812
1.0589985847473145
1.0547906160354614
1.0507593154907227
1.0468686819076538
1.0430872440338135
1.039387583732605
1.0357470512390137
1.0321462154388428
1.0285700559616089
1.025006651878357
1.0214475393295288
1.017886757850647
1.0143208503723145
1.0107485055923462
1.0071697235107422
1.0035861730575562
1.0
0.9964137673377991
0.992830216884613
0.9892515540122986
0.9856791496276855
0.982113242149353
0.9785524606704712
0.9749932885169983
0.9714299440383911
0.9678537845611572
0.9642530083656311
0.9606123566627502
0.9569128155708313
0.953131377696991
0.9492406845092773
0.9452093243598938
0.9410014152526855
0.936576783657074
0.9318912029266357
0.9268965721130371
0.9215409159660339
1.0
1.0
1.0
1.0
1.0
1.0
1.0
1.0
1.0
1.0
1.0
1.0
1.0
1.0
1.0
1.0
1.0
1.0
1.0
1.0
1.0
1.0
1.0
1.0
1.0
1.0
1.0
1.0
1.0
1.0
1.0
1.0
1.0
1.0
1.0
1.0
1.0
1.0
1.0
1.0
1.0
0.9215409159660339
0.9268965721130371
0.9318912029266357
0.936576783657074
0.9410014152526855
0.9452093243598938
0.9492406845092773
0.953131377696991
0.9569128155708313
0.9606123566627502
0.9642530083656311
0.9678537845611572
0.9714299440383911
0.9749932885169983
0.9785524606704712
0.982113242149353
0.9856791496276855
0.9892515540122986
0.992830216884613
0.9964137673377991
1.0
1.0035861730575562
1.0071697235107422
1.0107485055923462
1.0143208503723145
1.017886757850647
1.0214475393295288
1.025006651878357
1.0285700559616089
1.0321462154388428
1.0357470512390137
1.039387583732605
1.0430872440338135
1.0468686819076538
1.0507593154907227
1.0547906160354614
1.0589985847473145
1.0634231567382812
1.0681087970733643
1.073103427886963
1.0784591436386108
0.8435655236244202
0.8542214035987854
0.8641582131385803
0.8734801411628723
0.8822835087776184
0.8906574249267578
0.8986819386482239
0.9064291715621948
0.9139618873596191
0.9213347434997559
0.9285933375358582
0.9357758164405823
0.9429121613502502
0.9500259160995483
0.9571337103843689
0.9642471671104431
0.9713725447654724
0.9785124659538269
0.9856660962104797
0.992830216884613
1.0
1.0071697235107422
1.014333963394165
1.0214874744415283
1.0286275148391724
1.0357528924942017
1.0428662300109863
1.0499740839004517
1.057087779045105
1.064224123954773
1.071406602859497
1.0786652565002441
1.0860381126403809
1.0935708284378052
1.1013180017471313
1.1093425750732422
1.1177164316177368
1.1265199184417725
1.135841727256775
1.1457786560058594
1.156434416770935
0.7665546536445618
0.7823997139930725
0.7971733808517456
0.8110328316688538
0.8241233229637146
0.8365790247917175
0.8485205173492432
0.8600560426712036
0.8712797164916992
0.8822733163833618
0.8931049108505249
0.9038310647010803
0.914496123790741
0.9251344799995422
0.9357704520225525
0.946420431137085
0.9570929408073425
0.9677910804748535
0.9785124659538269
0.9892515540122986
1.0
1.0107485055923462
1.0214874744415283
1.0322089195251465
1.0429069995880127
1.053579568862915
1.0642294883728027
1.074865460395813
1.0855038166046143
1.096168875694275
1.106895089149475
1.1177266836166382
1.1287202835083008
1.1399439573287964
1.1514794826507568
1.1634209156036377
1.1758766174316406
1.188967227935791
1.2028266191482544
1.2176003456115723
1.233445405960083
0.69098299741745
0.7118495106697083
0.7313012480735779
0.7495492100715637
0.7667887210845947
0.7831996083259583
0.7989434003829956
0.814164936542511
0.8289895057678223
0.8435257077217102
0.8578634262084961
0.8720770478248596
0.8862243294715881
0.9003497958183289
0.9144840836524963
0.9286474585533142
0.9428496956825256
0.9570929408073425
0.9713725447654724
0.9856791496276855
1.0
1.0143208503723145
1.0286275148391724
1.0429069995880127
1.0571503639221191
1.0713526010513306
1.0855159759521484
1.099650263786316
1.113775610923767
1.1279228925704956
1.142136573791504
1.156474232673645
1.1710104942321777
1.1858351230621338
1.2010565996170044
1.2168004512786865
1.2332112789154053
1.2504507303237915
1.268698811531067
1.2881505489349365
1.3090169429779053
0.6173165440559387
0.6429795622825623
0.6668959856033325
0.6893325448036194
0.7105357050895691
0.730732262134552
0.7501254677772522
0.7688966989517212
0.7872025966644287
0.8051779270172119
0.8229337930679321
0.8405613303184509
0.8581305146217346
0.8756945729255676
0.8932892084121704
0.9109370708465576
0.9286474585533142
0.946420431137085
0.9642471671104431
0.982113242149353
1.0
1.017886757850647
1.0357528924942017
1.053579568862915
1.0713526010513306
1.0890629291534424
1.1067107915878296
1.1243054866790771
1.1418694257736206
1.1594387292861938
1.1770662069320679
1.194822072982788
1.2127974033355713
1.2311033010482788
1.2498745918273926
1.2692676782608032
1.2894643545150757
1.3106675148010254
1.3331040143966675
1.357020378112793
1.3826833963394165
0.5460094809532166
0.5761842727661133
0.6042957901954651
0.6306683421134949
0.6556016206741333
0.6793708801269531
0.702221691608429
0.7243726849555969
0.7460113167762756
0.7672982215881348
0.7883642911911011
0.8093162178993225
0.8302345871925354
0.8511795401573181
0.8721901178359985
0.8932892084121704
0.9144840836524963
0.9357704520225525
0.9571337103843689
0.9785524606704712
1.0
1.0214475393295288
1.0428662300109863
1.0642294883728027
1.0855159759521484
1.1067107915878296
1.1278098821640015
1.148820400238037
1.1697653532028198
1.1906838417053223
1.211635708808899
1.2327017784118652
1.2539886236190796
1.2756272554397583
1.2977782487869263
1.3206291198730469
1.3443983793258667
1.3693315982818604
1.3957042694091797
1.4238157272338867
1.4539904594421387
0.47750142216682434
0.5118422508239746
0.543820858001709
0.5738226771354675
0.6022030711174011
0.6292875409126282
0.6553653478622437
0.6806925535202026
0.7054873108863831
0.729934811592102
0.7541846632957458
0.7783570885658264
0.8025413155555725
0.826802134513855
0.8511795401573181
0.8756945729255676
0.9003497958183289
0.9251344799995422
0.9500259160995483
0.9749932885169983
1.0
1.025006651878357
1.0499740839004517
1.074865460395813
1.099650263786316
1.1243054866790771
1.148820400238037
1.173197865486145
1.1974586248397827
1.2216428518295288
1.2458152770996094
1.270065188407898
1.2945127487182617
1.3193074464797974
1.3446346521377563
1.3707125186920166
1.3977969884872437
1.4261772632598877
1.456179141998291
1.4881577491760254
1.522498607635498
0.4122147560119629
0.4503101110458374
0.4857662320137024
0.5190334916114807
0.5505263209342957
0.5806230902671814
0.6096580028533936
0.6379249691963196
0.6656720638275146
0.6931079030036926
0.7203986644744873
0.7476757764816284
0.7750344276428223
0.8025413155555725
0.8302345871925354
0.8581305146217346
0.8862243294715881
0.914496123790741
0.9429121613502502
0.9714299440383911
1.0
1.0285700559616089
1.057087779045105
1.0855038166046143
1.113775610923767
1.1418694257736206
1.1697653532028198
1.1974586248397827
1.2249655723571777
1.2523242235183716
1.2796013355255127
1.3068921566009521
1.3343279361724854
1.3620749711990356
1.3903419971466064
1.4193769693374634
1.4494736194610596
1.4809664487838745
1.5142337083816528
1.5496898889541626
1.587785243988037
0.350551962852478
0.3919217586517334
0.4304002821445465
0.4665089547634125
0.5007258057594299
0.5334851741790771
0.5651677846908569
0.5961057543754578
0.6265758275985718
0.6568081974983215
0.6869828701019287
0.7172394394874573
0.7476757764816284
0.7783570885658264
0.8093162178993225
0.8405613303184509
0.8720770478248596
0.9038310647010803
0.9357758164405823
0.9678537845611572
1.0
1.0321462154388428
1.064224123954773
1.096168875694275
1.1279228925704956
1.1594387292861938
1.1906838417053223
1.2216428518295288
1.2523242235183716
1.2827606201171875
1.3130171298980713
1.3431918621063232
1.3734241724014282
1.403894305229187
1.434832215309143
1.4665148258209229
1.4992742538452148
1.5334910154342651
1.5695997476577759
1.6080782413482666
1.649448037147522
0.2928932309150696
0.3369803726673126
0.3779545724391937
0.4164154827594757
0.45291078090667725
0.48793473839759827
0.5219163298606873
0.5552254319190979
0.5881659388542175
0.6209865212440491
0.6538775563240051
0.6869828701019287
0.7203986644744873
0.7541846632957458
0.7883642911911011
0.8229337930679321
0.8578634262084961
0.8931049108505249
0.9285933375358582
0.9642530083656311
1.0
1.0357470512390137
1.071406602859497
1.106895089149475
1.142136573791504
1.1770662069320679
1.211635708808899
1.2458152770996094
1.2796013355255127
1.3130171298980713
1.34612238407135
1.3790134191513062
1.4118341207504272
1.4447746276855469
1.4780837297439575
1.5120652914047241
1.5470892190933228
1.5835845470428467
1.6220453977584839
1.6630196571350098
1.7071068286895752
0.23959402740001678
0.2857581675052643
0.32862234115600586
0.3688755929470062
0.40714311599731445
0.4439838230609894
0.47987642884254456
0.5152276754379272
0.5503656268119812
0.5855533480644226
0.6209865212440491
0.6568081974983215
0.6931079030036926
0.729934811592102
0.7672982215881348
0.8051779270172119
0.8435257077217102
0.8822733163833618
0.9213347434997559
0.9606123566627502
1.0
1.039387583732605
1.0786652565002441
1.1177266836166382
1.156474232673645
1.194822072982788
1.2327017784118652
1.270065188407898
1.3068921566009521
1.3431918621063232
1.3790134191513062
1.4144467115402222
1.4496344327926636
1.4847723245620728
1.5201236009597778
1.556016206741333
1.5928568840026855
1.6311243772506714
1.6713776588439941
1.714241862297058
1.7604060173034668
0.19098301231861115
0.2384851574897766
0.2825431525707245
0.3239496052265167
0.36341753602027893
0.4015759229660034
0.4389539062976837
0.47599270939826965
0.5130394101142883
0.5503656268119812
0.5881659388542175
0.6265758275985718
0.6656720638275146
0.7054873108863831
0.7460113167762756
0.7872025966644287
0.8289895057678223
0.8712797164916992
0.9139618873596191
0.9569128155708313
1.0
1.0430872440338135
1.0860381126403809
1.1287202835083008
1.1710104942321777
1.2127974033355713
1.2539886236190796
1.2945127487182617
1.3343279361724854
1.3734241724014282
1.4118341207504272
1.4496344327926636
1.4869606494903564
1.5240073204040527
1.5610461235046387
1.5984240770339966
1.6365824937820435
1.6760504245758057
1.7174568176269531
1.7615147829055786
1.8090169429779053
0.14735983312129974
0.19534821808338165
0.239799365401268
0.28163114190101624
0.3216571807861328
0.3605823814868927
0.39898502826690674
0.4373356103897095
0.47599270939826965
0.5152276754379272
0.5552254319190979
0.5961057543754578
0.6379249691963196
0.6806925535202026
0.7243726849555969
0.7688966989517212
0.814164936542511
0.8600560426712036
0.9064291715621948
0.953131377696991
1.0
1.0468686819076538
1.0935708284378052
1.1399439573287964
1.1858351230621338
1.2311033010482788
1.2756272554397583
1.3193074464797974
1.3620749711990356
1.403894305229187
1.4447746276855469
1.4847723245620728
1.5240073204040527
1.5626643896102905
1.6010149717330933
1.6394176483154297
1.6783428192138672
1.7183688879013062
1.7602006196975708
1.8046517372131348
1.852640151977539
0.10899347811937332
0.15647253394126892
0.20038916170597076
0.24181519448757172
0.2816815674304962
0.32077261805534363
0.35971054434776306
0.39898502826690674
0.4389539062976837
0.47987642884254456
0.5219163298606873
0.5651677846908569
0.6096580028533936
0.6553653478622437
0.702221691608429
0.7501254677772522
0.7989434003829956
0.8485205173492432
0.8986819386482239
0.9492406845092773
1.0
1.0507593154907227
1.1013180017471313
1.1514794826507568
1.2010565996170044
1.2498745918273926
1.2977782487869263
1.3446346521377563
1.3903419971466064
1.434832215309143
1.4780837297439575
1.5201236009597778
1.5610461235046387
1.6010149717330933
1.6402894258499146
1.679227352142334
1.7183184623718262
1.758184790611267
1.7996108531951904
1.8435274362564087
1.8910064697265625
0.07612046599388123
0.12191683799028397
0.16421538591384888
0.2042868286371231
0.2431964874267578
0.2818077504634857
0.32077261805534363
0.3605823814868927
0.4015759229660034
0.4439838230609894
0.48793473839759827
0.5334851741790771
0.5806230902671814
0.6292875409126282
0.6793708801269531
0.730732262134552
0.7831996083259583
0.8365790247917175
0.8906574249267578
0.9452093243598938
1.0
1.0547906160354614
1.1093425750732422
1.1634209156036377
1.2168004512786865
1.2692676782608032
1.3206291198730469
1.3707125186920166
1.4193769693374634
1.4665148258209229
1.5120652914047241
1.556016206741333
1.5984240770339966
1.6394176483154297
1.679227352142334
1.718192219734192
1.7568035125732422
1.795713186264038
1.8357845544815063
1.8780831098556519
1.9238795042037964
0.04894348233938217
0.09162946045398712
0.13102585077285767
0.16865664720535278
0.20573927462100983
0.2431964874267578
0.2816815674304962
0.3216571807861328
0.36341753602027893
0.40714311599731445
0.45291078090667725
0.5007258057594299
0.5505263209342957
0.6022030711174011
0.6556016206741333
0.7105357050895691
0.7667887210845947
0.8241233229637146
0.8822835087776184
0.9410014152526855
1.0
1.0589985847473145
1.1177164316177368
1.1758766174316406
1.2332112789154053
1.2894643545150757
1.3443983793258667
1.3977969884872437
1.4494736194610596
1.4992742538452148
1.5470892190933228
1.5928568840026855
1.6365824937820435
1.6783428192138672
1.7183184623718262
1.7568035125732422
1.7942607402801514
1.8313432931900024
1.868974208831787
1.9083704948425293
1.9510564804077148
0.02763007953763008
0.06542955338954926
0.10036992281675339
0.13433079421520233
0.16865664720535278
0.2042868286371231
0.24181519448757172
0.28163114190101624
0.3239496052265167
0.3688755929470062
0.4164154827594757
0.4665089547634125
0.5190334916114807
0.5738226771354675
0.6306683421134949
0.6893325448036194
0.7495492100715637
0.8110328316688538
0.8734801411628723
0.936576783657074
1.0
1.0634231567382812
1.1265199184417725
1.188967227935791
1.2504507303237915
1.3106675148010254
1.3693315982818604
1.4261772632598877
1.4809664487838745
1.5334910154342651
1.5835845470428467
1.6311243772506714
1.6760504245758057
1.7183688879013062
1.758184790611267
1.795713186264038
1.8313432931900024
1.8656692504882812
1.899630069732666
1.9345704317092896
1.972369909286499
0.012311659753322601
0.04282157123088837
0.07144449651241302
0.10036992281675339
0.13102585077285767
0.16421538591384888
0.20038916170597076
0.239799365401268
0.2825431525707245
0.32862234115600586
0.3779545724391937
0.4304002821445465
0.4857662320137024
0.543820858001709
0.6042957901954651
0.6668959856033325
0.7313012480735779
0.7971733808517456
0.8641582131385803
0.9318912029266357
1.0
1.0681087970733643
1.135841727256775
1.2028266191482544
1.268698811531067
1.3331040143966675
1.3957042694091797
1.456179141998291
1.5142337083816528
1.5695997476577759
1.6220453977584839
1.6713776588439941
1.7174568176269531
1.7602006196975708
1.7996108531951904
1.8357845544815063
1.868974208831787
1.899630069732666
1.9285554885864258
1.9571784734725952
1.9876883029937744
0.003082666313275695
0.02294883131980896
0.04282157123088837
0.06542955338954926
0.09162946045398712
0.12191683799028397
0.15647253394126892
0.19534821808338165
0.2384851574897766
0.2857581675052643
0.3369803726673126
0.3919217586517334
0.4503101110458374
0.5118422508239746
0.5761842727661133
0.6429795622825623
0.7118495106697083
0.7823997139930725
0.8542214035987854
0.9268965721130371
1.0
1.073103427886963
1.1457786560058594
1.2176003456115723
1.2881505489349365
1.357020378112793
1.4238157272338867
1.4881577491760254
1.5496898889541626
1.6080782413482666
1.6630196571350098
1.714241862297058
1.7615147829055786
1.8046517372131348
1.8435274362564087
1.8780831098556519
1.9083704948425293
1.9345704317092896
1.9571784734725952
1.9770511388778687
1.9969173669815063
0.0
0.003082666313275695
0.012311659753322601
0.02763007953763008
0.04894348233938217
0.07612046599388123
0.10899347811937332
0.14735983312129974
0.19098301231861115
0.23959402740001678
0.2928932309150696
0.350551962852478
0.4122147560119629
0.47750142216682434
0.5460094809532166
0.6173165440559387
0.69098299741745
0.7665546536445618
0.8435655236244202
0.9215409159660339
1.0
1.0784591436386108
1.156434416770935
1.233445405960083
1.3090169429779053
1.3826833963394165
1.4539904594421387
1.522498607635498
1.587785243988037
1.649448037147522
1.7071068286895752
1.7604060173034668
1.8090169429779053
1.852640151977539
1.8910064697265625
1.9238795042037964
1.9510564804077148
1.972369909286499
1.9876883029937744
1.9969173669815063
2.0
