0.0
0.0
0.0
0.0
0.0
0.0
0.0
0.0
0.0
0.0
0.0
0.0
0.0
0.0
0.0
0.0
0.0
0.0
0.0
0.0
0.0
0.0
0.0
0.0
0.0
0.0
0.0
0.0
0.0
0.0
0.0
0.0
0.0
0.0
0.0
0.0
0.0
0.0
0.0
0.0
0.0
0.0
6.4439504967594985e-06
1.2812402928830124e-05
1.9031289411941543e-05
2.5029750759131275e-05
3.0741070077056065e-05
3.610462590586394e-05
4.106622145627625e-05
4.557997817755677e-05
4.9608031986281276e-05
5.3122126701055095e-05
5.610268271993846e-05
5.853990660398267e-05
6.043233588570729e-05
6.178737385198474e-05
6.261948874453083e-05
6.295022467384115e-05
6.280628440435976e-05
6.221909279702231e-05
6.122310151113197e-05
5.9854999562958255e-05
5.815246549900621e-05
5.615324334939942e-05
5.3894331358605996e-05
5.141114888829179e-05
4.873716170550324e-05
4.5903190766694024e-05
4.2937415855703875e-05
3.986485899076797e-05
3.6707679100800306e-05
3.34848155034706e-05
3.0212464480428025e-05
2.690386099857278e-05
2.3569831682834774e-05
2.0218718418618664e-05
1.6856925867614336e-05
1.3488944205164444e-05
1.0117861165781505e-05
6.7454789132170845e-06
3.372754690644797e-06
0.0
0.0
1.2963704648427665e-05
2.57748815783998e-05
3.828389526461251e-05
5.034761124989018e-05
6.183129153214395e-05
7.261253631440923e-05
8.258199522970244e-05
9.164718358078972e-05
9.973187843570486e-05
0.0001067793564288877
0.00011275048746028915
0.0001176260193460621
0.00012140358739998192
0.00012409876217134297
0.00012574148422572762
0.00012637586041819304
0.00012605647498276085
0.00012484734179452062
0.00012281849922146648
0.00012004443851765245
0.00011660146265057847
0.00011256591096753255
0.00010801251482916996
0.00010301266593160108
9.763374691829085e-05
9.193767618853599e-05
8.598100248491392e-05
7.98138280515559e-05
7.34804489184171e-05
6.701865640934557e-05
6.046066846465692e-05
5.3832751291338354e-05
4.715633258456364e-05
4.044781962875277e-05
3.3719741622917354e-05
2.698078787943814e-05
2.0236839191056788e-05
1.349119975202484e-05
6.7454789132170845e-06
0.0
0.0
1.9636501747299917e-05
3.904034019797109e-05
5.798328493256122e-05
7.62470590416342e-05
9.362624405184761e-05
0.00010993436444550753
0.0001250049244845286
0.0001386973453918472
0.0001508960558567196
0.00016151541785802692
0.00017049687448889017
0.00017781236965674907
0.00018345974967814982
0.00018746442219708115
0.00018987366638612002
0.00019075642921961844
0.00019019749015569687
0.0001882958458736539
0.00018515947158448398
0.0001809027889976278
0.00017564275185577571
0.00016949600831139833
0.00016257644165307283
0.00015499256551265717
0.00014684653433505446
0.0001382319605909288
0.0001292340602958575
0.0001199281687149778
0.00011038066440960392
0.00010064793605124578
9.077793220058084e-05
8.080952102318406e-05
7.077422924339771e-05
6.069600203773007e-05
5.059292743680999e-05
4.0477305446984246e-05
3.0357208743225783e-05
2.0236839191056788e-05
1.0117861165781505e-05
0.0
0.0
2.654290983628016e-05
5.2768271416425705e-05
7.836461008992046e-05
0.00010303410090273246
0.00012649656855501235
0.00014849785657133907
0.00016881132614798844
0.0001872460125014186
0.00020364538067951798
0.00021789426682516932
0.0002299147890880704
0.00023967117886058986
0.0002471633197274059
0.00025242893025279045
0.0002555357350502163
0.00025658091180957854
0.0002556831459514797
0.0002529800985939801
0.0002486212470103055
0.00024276440672110766
0.0002355701435590163
0.00022719803382642567
0.00021780328825116158
0.00020753325952682644
0.00019652610353659838
0.00018490794172976166
0.00017279321036767215
0.00016028255049604923
0.00014746427768841386
0.00013441307237371802
0.00012119203893234953
0.00010785199265228584
9.443380258744583e-05
8.096812962321565e-05
6.747775478288531e-05
5.3977692004991695e-05
4.0477305446984246e-05
2.698078787943814e-05
1.3488944205164444e-05
0.0
0.0
3.376794120413251e-05
6.712694448651746e-05
9.967591176973656e-05
0.00013103144010528922
0.00016083294758573174
0.00018875367823056877
0.00021450260828714818
0.00023783519282005727
0.0002585517941042781
0.0002765067620202899
0.0002916031808126718
0.00030379899544641376
0.00031309874611906707
0.0003195560129825026
0.0003232632006984204
0.0003243507235310972
0.0003229761787224561
0.0003193211159668863
0.00031358160777017474
0.00030596330179832876
0.0002966746687889099
0.0002859216765500605
0.00027390383183956146
0.0002608095237519592
0.0002468146267347038
0.00023207876074593514
0.0002167461352655664
0.00020094278443139046
0.00018477877893019468
0.00016834646521601826
0.00015172337589319795
0.00013497131294570863
0.00011813944729510695
0.0001012639986583963
8.437125507043675e-05
6.747775478288531e-05
5.059292743680999e-05
3.3719741622917354e-05
1.6856925867614336e-05
0.0
0.0
4.140359305893071e-05
8.22984438855201e-05
0.0001221855782205239
0.0001605881261639297
0.00019705780141521245
0.00023118869285099208
0.0002626198693178594
0.00029104892746545374
0.00031623028917238116
0.0003379865665920079
0.0003562021302059293
0.00037083070492371917
0.00038188492180779576
0.000389439141144976
0.00039361623930744827
0.0003945863281842321
0.00039255284355022013
0.00038774809218011796
0.0003804212901741266
0.00037083207280375063
0.0003592421126086265
0.00034590830910019577
0.00033107816125266254
0.0003149838012177497
0.00029784077196381986
0.0002798434579744935
0.00026116633671335876
0.00024196089361794293
0.00022235843061935157
0.00020246815984137356
0.00018238100165035576
0.00016216843505389988
0.00014188654313329607
0.0001215756346937269
0.0001012639986583963
8.096812962321565e-05
6.069600203773007e-05
4.044781962875277e-05
2.0218718418618664e-05
0.0
0.0
4.954973337589763e-05
9.848042100202292e-05
0.00014618491695728153
0.0001920829963637516
0.00023562941350974143
0.00027633082936517894
0.00031374924583360553
0.00034751903149299324
0.0003773447824642062
0.00040301590343005955
0.0004243983712513
0.00044144460116513073
0.00045417973888106644
0.00046270526945590973
0.0004671822825912386
0.0004678290570154786
0.00046490380191244185
0.00045869845780543983
0.00044952373718842864
0.00043770100455731153
0.00042355176992714405
0.00040738939424045384
0.0003895137633662671
0.0003702040412463248
0.0003497176803648472
0.0003282850084360689
0.00030611135298386216
0.00028337325784377754
0.0002602226159069687
0.000236784340813756
0.000213161256397143
0.00018943290342576802
0.0001656604727031663
0.00014188654313329607
0.00011813944729510695
9.443380258744583e-05
7.077422924339771e-05
4.715633258456364e-05
2.3569831682834774e-05
0.0
0.0
5.831747694173828e-05
0.0001158928353106603
0.00017199816647917032
0.00022593776520807296
0.0002770578721538186
0.00032476740307174623
0.00036854229983873665
0.00040794661617837846
0.000442630349425599
0.0004723475722130388
0.000496946566272527
0.0005163816967979074
0.0005306968814693391
0.0005400289664976299
0.0005445872084237635
0.0005446489667519927
0.0005405389238148928
0.0005326196551322937
0.0005212742835283279
0.0005068950704298913
0.0004898715997114778
0.00047058038762770593
0.00044937877100892365
0.0004265965544618666
0.0004025355156045407
0.00037746303132735193
0.0003516154538374394
0.0003251938906032592
0.0002983696467708796
0.0002712816931307316
0.00024404282157775015
0.0002167385391658172
0.00018943290342576802
0.00016216843505389988
0.00013497131294570863
0.00010785199265228584
8.080952102318406e-05
5.3832751291338354e-05
2.690386099857278e-05
0.0
0.0
6.782986019970849e-05
0.00013477930042427033
0.00019998459902126342
0.0002626198693178594
0.00032190882484428585
0.00037714969948865473
0.00042772109736688435
0.0004731078224722296
0.0005128990742377937
0.0005468107992783189
0.0005746742826886475
0.0005964505253359675
0.0006122097256593406
0.0006221351795829833
0.0006264967960305512
0.0006256455671973526
0.0006199867930263281
0.0006099682068452239
0.0005960581474937499
0.0005787315894849598
0.0005584558821283281
0.0005356782348826528
0.0005108193727210164
0.0004842636117246002
0.0004563592665363103
0.00042741175275295973
0.0003976882144343108
0.00036741321673616767
0.00033677570172585547
0.0003059265436604619
0.0002749859995674342
0.00024404282157775015
0.000213161256397143
0.00018238100165035576
0.00015172337589319795
0.00012119203893234953
9.077793220058084e-05
6.046066846465692e-05
3.0212464480428025e-05
0.0
0.0
7.822619227226824e-05
0.0001554158516228199
0.00023055161000229418
0.0003026599297299981
0.0003708249132614583
0.0004342182073742151
0.000492106715682894
0.0005438845255412161
0.0005890718312002718
0.0006273427279666066
0.0006585123483091593
0.0006825541495345533
0.000699574826285243
0.0007098178612068295
0.0007136307540349662
0.0007114561740309
0.0007037987816147506
0.0006912090466357768
0.0006742568803019822
0.0006535137654282153
0.0006295364582911134
0.0006028514471836388
0.0005739491898566484
0.0005432723555713892
0.0005112179787829518
0.0004781297466251999
0.0004443047218956053
0.0004099890938960016
0.0003753868513740599
0.0003406578325666487
0.0003059265436604619
0.0002712816931307316
0.000236784340813756
0.00020246815984137356
0.00016834646521601826
0.00013441307237371802
0.00010064793605124578
6.701865640934557e-05
3.34848155034706e-05
0.0
0.0
8.96624187589623e-05
0.00017811164434533566
0.00026415614411234856
0.0003466540074441582
0.000424529192969203
0.0004968070425093174
0.0005626245983876288
0.0006212704465724528
0.0006721848621964455
0.0007149951416067779
0.0007495008176192641
0.0007756954291835427
0.0007937351474538445
0.0008039421518333256
0.0008067628368735313
0.0008027551230043173
0.0007925463723950088
0.0007768122595734894
0.0007562440587207675
0.0007315262919291854
0.0007033183355815709
0.0006722358521074057
0.0006388454348780215
0.0006036519771441817
0.00056710239732638
0.0005295781302265823
0.0004914043820463121
0.00045284596853889525
0.00041411854908801615
0.0003753868513740599
0.00033677570172585547
0.0002983696467708796
0.0002602226159069687
0.00022235843061935157
0.00018477877893019468
0.00014746427768841386
0.00011038066440960392
7.34804489184171e-05
3.6707679100800306e-05
0.0
0.0
0.0001023161894408986
0.0002032194461207837
0.00030132068786770105
0.0003952856350224465
0.00048385324771516025
0.0005658781155943871
0.0006403442239388824
0.0007064149831421673
0.0007634357898496091
0.000810980040114373
0.0008488321909680963
0.0008770152926445007
0.0008957523969002068
0.000905468303244561
0.0009067367645911872
0.0009002612205222249
0.0008868220611475408
0.0008672476396895945
0.0008423750987276435
0.000813021557405591
0.0007799642044119537
0.0007439180044457316
0.0007055324385873973
0.00066537712700665
0.0006239493959583342
0.0005816664197482169
0.0005388782010413706
0.0004958639037795365
0.00045284596853889525
0.0004099890938960016
0.00036741321673616767
0.0003251938906032592
0.00028337325784377754
0.00024196089361794293
0.00020094278443139046
0.00016028255049604923
0.0001199281687149778
7.98138280515559e-05
3.986485899076797e-05
0.0
0.0
0.00011638637079158798
0.00023113471979741007
0.0003426326729822904
0.00044932583114132285
0.0005497387610375881
0.000642524566501379
0.000726484227925539
0.0008006295538507402
0.0008641911554150283
0.0009166775271296501
0.0009578582248650491
0.0009877982083708048
0.0010068097617477179
0.0010154524352401495
0.0010144641855731606
0.0010047336108982563
0.0009872326627373695
0.0009629772393964231
0.0009329795138910413
0.0008982122526504099
0.0008595872204750776
0.00081792933633551
0.0007739764987491071
0.0007283645682036877
0.0006816397071816027
0.0006342509877867997
0.000586568028666079
0.0005388782010413706
0.0004914043820463121
0.0004443047218956053
0.0003976882144343108
0.0003516154538374394
0.00030611135298386216
0.00026116633671335876
0.0002167461352655664
0.00017279321036767215
0.0001292340602958575
8.598100248491392e-05
4.2937415855703875e-05
0.0
0.0
0.00013209749886300415
0.0002623050531838089
0.00038875985774211586
0.0005096563836559653
0.000623269472271204
0.0007280120626091957
0.0008224628982134163
0.0009054460097104311
0.0009760484681464732
0.0010336984414607286
0.0010781489545479417
0.0011095227673649788
0.0011282518971711397
0.0011350729037076235
0.0011309379478916526
0.0011169728823006153
0.0010943906381726265
0.0010644379071891308
0.0010283379815518856
0.000987245119176805
0.0009422238217666745
0.0008942186832427979
0.0008440602687187493
0.000792449398431927
0.0007399768219329417
0.0006871168734505773
0.0006342509877867997
0.0005816664197482169
0.0005295781302265823
0.0004781297466251999
0.00042741175275295973
0.00037746303132735193
0.0003282850084360689
0.0002798434579744935
0.00023207876074593514
0.00018490794172976166
0.0001382319605909288
9.193767618853599e-05
4.5903190766694024e-05
0.0
0.0
0.00014969661424402148
0.00029722435283474624
0.00044044278911314905
0.0005772614385932684
0.0007056636968627572
0.0008237736765295267
0.0009298952063545585
0.0010226154699921608
0.0011008374858647585
0.001163885579444468
0.0012114926939830184
0.0012438601115718484
0.0012615794548764825
0.0012656223261728883
0.0012572212144732475
0.0012378072133287787
0.0012088982621207833
0.0011720260372385383
0.0011286672670394182
0.001080187619663775
0.001027822494506836
0.0009726441348902881
0.0009155766456387937
0.0008573810919187963
0.0007986847194842994
0.0007399768219329417
0.0006816397071816027
0.0006239493959583342
0.00056710239732638
0.0005112179787829518
0.0004563592665363103
0.0004025355156045407
0.0003497176803648472
0.00029784077196381986
0.0002468146267347038
0.00019652610353659838
0.00014684653433505446
9.763374691829085e-05
4.873716170550324e-05
0.0
0.0
0.00016945206152740866
0.00033643085043877363
0.000498495006468147
0.0006532336119562387
0.0007982900133356452
0.0009314366616308689
0.0010506327962502837
0.001154159544967115
0.0012406776659190655
0.0013093723682686687
0.0013599495869129896
0.0013927151449024677
0.0014084756840020418
0.0014085157308727503
0.0013944371603429317
0.00136806711088866
0.00133131118491292
0.001286052749492228
0.0012340727262198925
0.0011769798584282398
0.001116197556257248
0.00105293036904186
0.0009881913429126143
0.0009227915434166789
0.0008573810919187963
0.000792449398431927
0.0007283645682036877
0.00066537712700665
0.0006036519771441817
0.0005432723555713892
0.0004842636117246002
0.0004265965544618666
0.0003702040412463248
0.0003149838012177497
0.0002608095237519592
0.00020753325952682644
0.00015499256551265717
0.00010301266593160108
5.141114888829179e-05
0.0
0.0
0.00019164236437063664
0.0003804856969509274
0.0005637723370455205
0.0007387363584712148
0.0009026241023093462
0.0010527772828936577
0.0011867169523611665
0.0013023229548707604
0.0013979311333969235
0.001472536358051002
0.001525804284028709
0.0015581800835207105
0.001570758642628789
0.001565242768265307
0.001543723396025598
0.0015085423365235329
0.0014620982110500336
0.001406709081493318
0.0013445185031741858
0.0012774108909070492
0.001207012333907187
0.0011346570681780577
0.0010614357888698578
0.0009881913429126143
0.0009155766456387937
0.0008440602687187493
0.0007739764987491071
0.0007055324385873973
0.0006388454348780215
0.0005739491898566484
0.0005108193727210164
0.00044937877100892365
0.0003895137633662671
0.00033107816125266254
0.00027390383183956146
0.00021780328825116158
0.00016257644165307283
0.00010801251482916996
5.3894331358605996e-05
0.0
0.0
0.00021653521980624646
0.0004299309803172946
0.0006371142226271331
0.000834933714941144
0.0010201748227700591
0.001189647358842194
0.0013403103221207857
0.0014695109566673636
0.001575144357047975
0.0016559404321014881
0.001711502904072404
0.0017424614634364843
0.0017502971459180117
0.0017372725997120142
0.0017061269609257579
0.00165987154468894
0.0016015322180464864
0.0015339611563831568
0.0014597309054806828
0.0013810335658490658
0.00129970523994416
0.0012171976268291473
0.0011346570681780577
0.00105293036904186
0.0009726441348902881
0.0008942186832427979
0.00081792933633551
0.0007439180044457316
0.0006722358521074057
0.0006028514471836388
0.0005356782348826528
0.00047058038762770593
0.00040738939424045384
0.00034590830910019577
0.0002859216765500605
0.00022719803382642567
0.00016949600831139833
0.00011256591096753255
5.615324334939942e-05
0.0
0.0
0.0002443570992909372
0.0004852294223383069
0.0007192535558715463
0.0009428719058632851
0.0011523376451805234
0.0013438037130981684
0.001513505238108337
0.0016580818919464946
0.0017748306272551417
0.0018621127819642425
0.0019194374326616526
0.001947675016708672
0.001948821940459311
0.0019258859101682901
0.001882459968328476
0.0018224224913865328
0.0017495928332209587
0.0016674753278493881
0.001579144038259983
0.0014871263410896063
0.0013934653252363205
0.00129970523994416
0.001207012333907187
0.001116197556257248
0.001027822494506836
0.0009422238217666745
0.0008595872204750776
0.0007799642044119537
0.0007033183355815709
0.0006295364582911134
0.0005584558821283281
0.0004898715997114778
0.00042355176992714405
0.0003592421126086265
0.0002966746687889099
0.0002355701435590163
0.00017564275185577571
0.00011660146265057847
5.815246549900621e-05
0.0
0.0
0.00027522508753463626
0.0005466266302391887
0.000810612051282078
0.0010632113553583622
0.0013000700855627656
0.00151653285138309
0.0017079079989343882
0.0018699015490710735
0.0019990052096545696
0.0020930739119648933
0.0021514759864658117
0.0021753921173512936
0.0021674970630556345
0.0021317792125046253
0.002072944538667798
0.001995981438085437
0.0019057029858231544
0.00180640013422817
0.0017017234349623322
0.0015945546329021454
0.0014871263410896063
0.0013810335658490658
0.0012774108909070492
0.0011769798584282398
0.001080187619663775
0.000987245119176805
0.0008982122526504099
0.000813021557405591
0.0007315262919291854
0.0006535137654282153
0.0005787315894849598
0.0005068950704298913
0.00043770100455731153
0.00037083207280375063
0.00030596330179832876
0.00024276440672110766
0.0001809027889976278
0.00012004443851765245
5.9854999562958255e-05
0.0
0.0
0.00030908608459867537
0.0006140293553471565
0.0009111128165386617
0.0011959688272327185
0.0014635598054155707
0.0017082465346902609
0.0019241669215261936
0.0021058160346001387
0.002248624339699745
0.0023497657384723425
0.002408405765891075
0.002426119754090905
0.0024064574390649796
0.002354671945795417
0.0022768930066376925
0.0021795062348246574
0.002068547299131751
0.001949239638634026
0.0018258846830576658
0.0017017234349623322
0.001579144038259983
0.0014597309054806828
0.0013445185031741858
0.0012340727262198925
0.0011286672670394182
0.0010283379815518856
0.0009329795138910413
0.0008423750987276435
0.0007562440587207675
0.0006742568803019822
0.0005960581474937499
0.0005212742835283279
0.00044952373718842864
0.0003804212901741266
0.00031358160777017474
0.0002486212470103055
0.00018515947158448398
0.00012281849922146648
6.122310151113197e-05
0.0
0.0
0.0003455804835539311
0.00068673025816679
0.001019760500639677
0.0013399453600868583
0.0016414953861385584
0.0019175986526533961
0.0021609507966786623
0.0023645199835300446
0.002522378694266081
0.0026308181695640087
0.002688726643100381
0.0026981655973941088
0.0026637825649231672
0.002592415316030383
0.002491964492946863
0.002370526548475027
0.002235605614259839
0.002093504648655653
0.001949239638634026
0.00180640013422817
0.0016674753278493881
0.0015339611563831568
0.001406709081493318
0.001286052749492228
0.0011720260372385383
0.0010644379071891308
0.0009629772393964231
0.0008672476396895945
0.0007768122595734894
0.0006912090466357768
0.0006099682068452239
0.0005326196551322937
0.00045869845780543983
0.00038774809218011796
0.0003193211159668863
0.0002529800985939801
0.0001882958458736539
0.00012484734179452062
6.221909279702231e-05
0.0
0.0
0.0003839733835775405
0.000763269024901092
0.0011344215599820018
0.0014924121787771583
0.001830646418966353
0.002140953904017806
0.002414310583844781
0.0026418284978717566
0.0028159108478575945
0.0029317494481801987
0.0029878737404942513
0.002986924722790718
0.0029348775278776884
0.0028404847253113985
0.0027137729339301586
0.0025648644659668207
0.002402970101684332
0.002235605614259839
0.002068547299131751
0.0019057029858231544
0.0017495928332209587
0.0016015322180464864
0.0014620982110500336
0.00133131118491292
0.0012088982621207833
0.0010943906381726265
0.0009872326627373695
0.0008868220611475408
0.0007925463723950088
0.0007037987816147506
0.0006199867930263281
0.0005405389238148928
0.00046490380191244185
0.00039255284355022013
0.0003229761787224561
0.0002556831459514797
0.00019019749015569687
0.00012605647498276085
6.280628440435976e-05
0.0
0.0
0.00042299844790250063
0.0008411205490119755
0.0012513386318460107
0.0016484275693073869
0.0020249616354703903
0.0023712601978331804
0.0026763395871967077
0.002929162932559848
0.003120182082056999
0.0032432933803647757
0.0032965887803584337
0.0032833709847182035
0.003211144357919693
0.003090868005529046
0.002935002790763974
0.00275596440769732
0.0025648644659668207
0.002370526548475027
0.0021795062348246574
0.001995981438085437
0.0018224224913865328
0.00165987154468894
0.0015085423365235329
0.00136806711088866
0.0012378072133287787
0.0011169728823006153
0.0010047336108982563
0.0009002612205222249
0.0008027551230043173
0.0007114561740309
0.0006256455671973526
0.0005446489667519927
0.0004678290570154786
0.0003945863281842321
0.0003243507235310972
0.00025658091180957854
0.00019075642921961844
0.00012637586041819304
6.295022467384115e-05
0.0
0.0
0.0004608772578649223
0.000916730088647455
0.0013651748886331916
0.0018008779734373093
0.0022155949845910072
0.0025980493519455194
0.0029351443517953157
0.0032134936191141605
0.0034214002080261707
0.0035513227339833975
0.003600856987759471
0.0035740197636187077
0.0034799822606146336
0.0033321056980639696
0.0031454877462238073
0.002935002790763974
0.0027137729339301586
0.002491964492946863
0.0022768930066376925
0.002072944538667798
0.001882459968328476
0.0017061269609257579
0.001543723396025598
0.0013944371603429317
0.0012572212144732475
0.0011309379478916526
0.0010144641855731606
0.0009067367645911872
0.0008067628368735313
0.0007136307540349662
0.0006264967960305512
0.0005445872084237635
0.0004671822825912386
0.00039361623930744827
0.0003232632006984204
0.0002555357350502163
0.00018987366638612002
0.00012574148422572762
6.261948874453083e-05
0.0
0.0
0.0004953045281581581
0.0009854902746155858
0.0014689649688079953
0.0019403827609494328
0.002390742301940918
0.0028071925044059753
0.0031745131127536297
0.0034769331105053425
0.003700560424476862
0.003836376126855612
0.0038814572617411613
0.003840541234239936
0.003724487265571952
0.0035490901209414005
0.0033321056980639696
0.003090868005529046
0.0028404847253113985
0.002592415316030383
0.002354671945795417
0.0021317792125046253
0.0019258859101682901
0.0017372725997120142
0.001565242768265307
0.0014085157308727503
0.0012656223261728883
0.0011350729037076235
0.0010154524352401495
0.000905468303244561
0.0008039421518333256
0.0007098178612068295
0.0006221351795829833
0.0005400289664976299
0.00046270526945590973
0.000389439141144976
0.0003195560129825026
0.00025242893025279045
0.00018746442219708115
0.00012409876217134297
6.178737385198474e-05
0.0
0.0
0.0005236650467850268
0.0010421703336760402
0.0015547698130831122
0.0020561860874295235
0.002536778338253498
0.0029822748620063066
0.003375511383637786
0.0036985091865062714
0.003935335204005241
0.004075591452419758
0.004115863237529993
0.004061552230268717
0.0039250790141522884
0.003724487265571952
0.0034799822606146336
0.003211144357919693
0.0029348775278776884
0.0026637825649231672
0.0024064574390649796
0.0021674970630556345
0.001948821940459311
0.0017502971459180117
0.001570758642628789
0.0014084756840020418
0.0012615794548764825
0.0011282518971711397
0.0010068097617477179
0.0008957523969002068
0.0007937351474538445
0.000699574826285243
0.0006122097256593406
0.0005306968814693391
0.00045417973888106644
0.00038188492180779576
0.00031309874611906707
0.0002471633197274059
0.00018345974967814982
0.00012140358739998192
6.043233588570729e-05
0.0
0.0
0.0005433033802546561
0.0010814614361152053
0.0016145071713253856
0.0021372861228883266
0.0026396908797323704
0.0031063321512192488
0.0035184859298169613
0.0038563876878470182
0.004102443344891071
0.004245128016918898
0.004280623979866505
0.004214868415147066
0.004061552230268717
0.003840541234239936
0.0035740197636187077
0.0032833709847182035
0.002986924722790718
0.0026981655973941088
0.002426119754090905
0.0021753921173512936
0.001947675016708672
0.0017424614634364843
0.0015581800835207105
0.0013927151449024677
0.0012438601115718484
0.0011095227673649788
0.0009877982083708048
0.0008770152926445007
0.0007756954291835427
0.0006825541495345533
0.0005964505253359675
0.0005163816967979074
0.00044144460116513073
0.00037083070492371917
0.00030379899544641376
0.00023967117886058986
0.00017781236965674907
0.0001176260193460621
5.853990660398267e-05
0.0
0.0
0.0005518677062354982
0.001098663080483675
0.0016410090029239655
0.002173901302739978
0.0026869880966842175
0.003164198948070407
0.003585830330848694
0.003930976614356041
0.004180976655334234
0.004323577508330345
0.004354698117822409
0.004280623979866505
0.004115863237529993
0.0038814572617411613
0.003600856987759471
0.0032965887803584337
0.0029878737404942513
0.002688726643100381
0.002408405765891075
0.0021514759864658117
0.0019194374326616526
0.001711502904072404
0.001525804284028709
0.0013599495869129896
0.0012114926939830184
0.0010781489545479417
0.0009578582248650491
0.0008488321909680963
0.0007495008176192641
0.0006585123483091593
0.0005746742826886475
0.000496946566272527
0.0004243983712513
0.0003562021302059293
0.0002916031808126718
0.0002299147890880704
0.00017049687448889017
0.00011275048746028915
5.610268271993846e-05
0.0
0.0
0.0005477366503328085
0.0010905341478064656
0.0016293330118060112
0.00215928559191525
0.0026700524613261223
0.003145411843433976
0.0035653943195939064
0.0039087566547095776
0.004156508482992649
0.004296169616281986
0.004323577508330345
0.004245128016918898
0.004075591452419758
0.003836376126855612
0.0035513227339833975
0.0032432933803647757
0.0029317494481801987
0.0026308181695640087
0.0023497657384723425
0.0020930739119648933
0.0018621127819642425
0.0016559404321014881
0.001472536358051002
0.0013093723682686687
0.001163885579444468
0.0010336984414607286
0.0009166775271296501
0.000810980040114373
0.0007149951416067779
0.0006273427279666066
0.0005468107992783189
0.0004723475722130388
0.00040301590343005955
0.0003379865665920079
0.0002765067620202899
0.00021789426682516932
0.00016151541785802692
0.0001067793564288877
5.3122126701055095e-05
0.0
0.0
0.0005301857017911971
0.0010556309716776013
0.0015772855840623379
0.0020904589910060167
0.0025850958190858364
0.0030453933868557215
0.0034518842585384846
0.0037838539574295282
0.004022784531116486
0.004156508482992649
0.004180976655334234
0.004102443344891071
0.003935335204005241
0.003700560424476862
0.0034214002080261707
0.003120182082056999
0.0028159108478575945
0.002522378694266081
0.002248624339699745
0.0019990052096545696
0.0017748306272551417
0.001575144357047975
0.0013979311333969235
0.0012406776659190655
0.0011008374858647585
0.0009760484681464732
0.0008641911554150283
0.0007634357898496091
0.0006721848621964455
0.0005890718312002718
0.0005128990742377937
0.000442630349425599
0.0003773447824642062
0.00031623028917238116
0.0002585517941042781
0.00020364538067951798
0.0001508960558567196
9.973187843570486e-05
4.9608031986281276e-05
0.0
0.0
0.000499606248922646
0.0009947367943823338
0.0014860841911286116
0.0019691286142915487
0.0024343624245375395
0.002866941038519144
0.003248620545491576
0.003560024779289961
0.0037838539574295282
0.0039087566547095776
0.003930976614356041
0.0038563876878470182
0.0036985091865062714
0.0034769331105053425
0.0032134936191141605
0.002929162932559848
0.0026418284978717566
0.0023645199835300446
0.0021058160346001387
0.0018699015490710735
0.0016580818919464946
0.0014695109566673636
0.0013023229548707604
0.001154159544967115
0.0010226154699921608
0.0009054460097104311
0.0008006295538507402
0.0007064149831421673
0.0006212704465724528
0.0005438845255412161
0.0004731078224722296
0.00040794661617837846
0.00034751903149299324
0.00029104892746545374
0.00023783519282005727
0.0001872460125014186
0.0001386973453918472
9.164718358078972e-05
4.557997817755677e-05
0.0
0.0
0.00045728113036602736
0.0009104209602810442
0.00135967752430588
0.001800742233172059
0.0022248937748372555
0.002618698636069894
0.00296573294326663
0.003248620545491576
0.0034518842585384846
0.0035653943195939064
0.003585830330848694
0.0035184859298169613
0.003375511383637786
0.0031745131127536297
0.0029351443517953157
0.0026763395871967077
0.002414310583844781
0.0021609507966786623
0.0019241669215261936
0.0017079079989343882
0.001513505238108337
0.0013403103221207857
0.0011867169523611665
0.0010506327962502837
0.0009298952063545585
0.0008224628982134163
0.000726484227925539
0.0006403442239388824
0.0005626245983876288
0.000492106715682894
0.00042772109736688435
0.00036854229983873665
0.00031374924583360553
0.0002626198693178594
0.00021450260828714818
0.00016881132614798844
0.0001250049244845286
8.258199522970244e-05
4.106622145627625e-05
0.0
0.0
0.00040521242772229016
0.0008066884474828839
0.0012042013695463538
0.001593728899024427
0.0019675325602293015
0.002313918899744749
0.002618698636069894
0.002866941038519144
0.0030453933868557215
0.003145411843433976
0.003164198948070407
0.0031063321512192488
0.0029822748620063066
0.0028071925044059753
0.0025980493519455194
0.0023712601978331804
0.002140953904017806
0.0019175986526533961
0.0017082465346902609
0.00151653285138309
0.0013438037130981684
0.001189647358842194
0.0010527772828936577
0.0009314366616308689
0.0008237736765295267
0.0007280120626091957
0.000642524566501379
0.0005658781155943871
0.0004968070425093174
0.0004342182073742151
0.00037714969948865473
0.00032476740307174623
0.00027633082936517894
0.00023118869285099208
0.00018875367823056877
0.00014849785657133907
0.00010993436444550753
7.261253631440923e-05
3.610462590586394e-05
0.0
0.0
0.0003456914855632931
0.0006881225854158401
0.001026657409965992
0.0013576667988672853
0.001674545113928616
0.0019675325602293015
0.0022248937748372555
0.0024343624245375395
0.0025850958190858364
0.0026700524613261223
0.0026869880966842175
0.0026396908797323704
0.002536778338253498
0.002390742301940918
0.0022155949845910072
0.0020249616354703903
0.001830646418966353
0.0016414953861385584
0.0014635598054155707
0.0013000700855627656
0.0011523376451805234
0.0010201748227700591
0.0009026241023093462
0.0007982900133356452
0.0007056636968627572
0.000623269472271204
0.0005497387610375881
0.00048385324771516025
0.000424529192969203
0.0003708249132614583
0.00032190882484428585
0.0002770578721538186
0.00023562941350974143
0.00019705780141521245
0.00016083294758573174
0.00012649656855501235
9.362624405184761e-05
6.183129153214395e-05
3.0741070077056065e-05
0.0
0.0
0.00028095164452679455
0.0005591897061094642
0.0008338374318554997
0.0011017859214916825
0.0013576667988672853
0.001593728899024427
0.001800742233172059
0.0019691286142915487
0.0020904589910060167
0.00215928559191525
0.002173901302739978
0.0021372861228883266
0.0020561860874295235
0.0019403827609494328
0.0018008779734373093
0.0016484275693073869
0.0014924121787771583
0.0013399453600868583
0.0011959688272327185
0.0010632113553583622
0.0009428719058632851
0.000834933714941144
0.0007387363584712148
0.0006532336119562387
0.0005772614385932684
0.0005096563836559653
0.00044932583114132285
0.0003952856350224465
0.0003466540074441582
0.0003026599297299981
0.0002626198693178594
0.00022593776520807296
0.0001920829963637516
0.0001605881261639297
0.00013103144010528922
0.00010303410090273246
7.62470590416342e-05
5.034761124989018e-05
2.5029750759131275e-05
0.0
0.0
0.00021290067525114864
0.0004236968234181404
0.0006314952042885125
0.0008338374318554997
0.001026657409965992
0.0012042013695463538
0.00135967752430588
0.0014860841911286116
0.0015772855840623379
0.0016293330118060112
0.0016410090029239655
0.0016145071713253856
0.0015547698130831122
0.0014689649688079953
0.0013651748886331916
0.0012513386318460107
0.0011344215599820018
0.001019760500639677
0.0009111128165386617
0.000810612051282078
0.0007192535558715463
0.0006371142226271331
0.0005637723370455205
0.000498495006468147
0.00044044278911314905
0.00038875985774211586
0.0003426326729822904
0.00030132068786770105
0.00026415614411234856
0.00023055161000229418
0.00019998459902126342
0.00017199816647917032
0.00014618491695728153
0.0001221855782205239
9.967591176973656e-05
7.836461008992046e-05
5.798328493256122e-05
3.828389526461251e-05
1.9031289411941543e-05
0.0
0.0
0.0001429079711670056
0.00028437256696633995
0.0004236968234181404
0.0005591897061094642
0.0006881225854158401
0.0008066884474828839
0.0009104209602810442
0.0009947367943823338
0.0010556309716776013
0.0010905341478064656
0.001098663080483675
0.0010814614361152053
0.0010421703336760402
0.0009854902746155858
0.000916730088647455
0.0008411205490119755
0.000763269024901092
0.00068673025816679
0.0006140293553471565
0.0005466266302391887
0.0004852294223383069
0.0004299309803172946
0.0003804856969509274
0.00033643085043877363
0.00029722435283474624
0.0002623050531838089
0.00023113471979741007
0.0002032194461207837
0.00017811164434533566
0.0001554158516228199
0.00013477930042427033
0.0001158928353106603
9.848042100202292e-05
8.22984438855201e-05
6.712694448651746e-05
5.2768271416425705e-05
3.904034019797109e-05
2.57748815783998e-05
1.2812402928830124e-05
0.0
0.0
7.183351408457384e-05
0.0001429079711670056
0.00021290067525114864
0.00028095164452679455
0.0003456914855632931
0.00040521242772229016
0.00045728113036602736
0.000499606248922646
0.0005301857017911971
0.0005477366503328085
0.0005518677062354982
0.0005433033802546561
0.0005236650467850268
0.0004953045281581581
0.0004608772578649223
0.00042299844790250063
0.0003839733835775405
0.0003455804835539311
0.00030908608459867537
0.00027522508753463626
0.0002443570992909372
0.00021653521980624646
0.00019164236437063664
0.00016945206152740866
0.00014969661424402148
0.00013209749886300415
0.00011638637079158798
0.0001023161894408986
8.96624187589623e-05
7.822619227226824e-05
6.782986019970849e-05
5.831747694173828e-05
4.954973337589763e-05
4.140359305893071e-05
3.376794120413251e-05
2.654290983628016e-05
1.9636501747299917e-05
1.2963704648427665e-05
6.4439504967594985e-06
0.0
0.0
0.0
0.0
0.0
0.0
0.0
0.0
0.0
0.0
0.0
0.0
0.0
0.0
0.0
0.0
0.0
0.0
0.0
0.0
0.0
0.0
0.0
0.0
0.0
0.0
0.0
0.0
0.0
0.0
0.0
0.0
0.0
0.0
0.0
0.0
0.0
0.0
0.0
0.0
0.0
0.0
