2.0
1.9969173669815063
1.9876883029937744
1.972369909286499
1.9510564804077148
1.9238795042037964
1.8910064697265625
1.852640151977539
1.8090169429779053
1.7604060173034668
1.7071068286895752
1.649448037147522
1.587785243988037
1.522498607635498
1.4539904594421387
1.3826833963394165
1.3090169429779053
1.233445405960083
1.156434416770935
1.0784591436386108
1.0
0.9215409159660339
0.8435655236244202
0.7665546536445618
0.69098299741745
0.6173165440559387
0.5460094809532166
0.47750142216682434
0.4122147560119629
0.350551962852478
0.2928932309150696
0.23959402740001678
0.19098301231861115
0.14735983312129974
0.10899347811937332
0.07612046599388123
0.04894348233938217
0.02763007953763008
0.012311659753322601
0.003082666313275695
0.0
1.9969173669815063
1.9769996404647827
1.9570940732955933
1.934463620185852
1.9082484245300293
1.8779512643814087
1.8433901071548462
1.8045125007629395
1.7613766193389893
1.7141072750091553
1.662890911102295
1.607957363128662
1.5495784282684326
1.488057255744934
1.42372727394104
1.356945276260376
1.288089394569397
1.2175538539886475
1.1457473039627075
1.0730876922607422
1.0
0.926912248134613
0.8542526364326477
0.7824461460113525
0.7119106650352478
0.6430547833442688
0.5762726664543152
0.5119428038597107
0.450421541929245
0.3920426368713379
0.3371090888977051
0.2858927547931671
0.23862339556217194
0.19548752903938293
0.1566099226474762
0.1220487430691719
0.09175155311822891
0.06553643196821213
0.04290592297911644
0.023000404238700867
0.003082666313275695
1.9876883029937744
1.9570940732955933
1.9284112453460693
1.8994433879852295
1.868757963180542
1.835548996925354
1.7993638515472412
1.759948968887329
1.7172062397003174
1.671133041381836
1.6218109130859375
1.5693790912628174
1.5140300989151
1.4559952020645142
1.3955423831939697
1.3329662084579468
1.2685866355895996
1.2027413845062256
1.1357845067977905
1.068079948425293
1.0
0.931920051574707
0.8642155528068542
0.7972585558891296
0.7314133644104004
0.6670337915420532
0.6044576168060303
0.5440047979354858
0.4859699010848999
0.4306209683418274
0.3781890869140625
0.32886701822280884
0.2827937602996826
0.2400510311126709
0.20063616335391998
0.1644510179758072
0.13124197721481323
0.10055655986070633
0.07158876210451126
0.04290592297911644
0.012311659753322601
1.972369909286499
1.934463620185852
1.8994433879852295
1.8654240369796753
1.8310563564300537
1.7953978776931763
1.7578524351119995
1.7180287837982178
1.675710678100586
1.6307919025421143
1.5832651853561401
1.5331900119781494
1.4806883335113525
1.425925850868225
1.369110107421875
1.3104788064956665
1.2502970695495605
1.1888504028320312
1.126441240310669
1.06338369846344
1.0
0.9366163015365601
0.873558759689331
0.8111495971679688
0.7497028708457947
0.6895212531089783
0.6308898329734802
0.5740741491317749
0.5193116664886475
0.4668099582195282
0.41673484444618225
0.36920812726020813
0.32428935170173645
0.28197118639945984
0.2421475201845169
0.20460206270217896
0.1689436137676239
0.1345759779214859
0.10055655986070633
0.06553643196821213
0.02763007953763008
1.9510564804077148
1.9082484245300293
1.868757963180542
1.8310563564300537
1.7939220666885376
1.7564293146133423
1.7179219722747803
1.6779357194900513
1.6361744403839111
1.592456579208374
1.5467040538787842
1.498910665512085
1.4491372108459473
1.397492527961731
1.344130039215088
1.2892355918884277
1.2330249547958374
1.1757349967956543
1.1176210641860962
1.058950662612915
1.0
0.941049337387085
0.8823789358139038
0.8242650628089905
0.7669750452041626
0.710764467716217
0.6558699607849121
0.6025075316429138
0.5508627891540527
0.5010893940925598
0.4532959461212158
0.4075433909893036
0.3638255000114441
0.3220643401145935
0.28207799792289734
0.2435707449913025
0.20607788860797882
0.1689436137676239
0.13124197721481323
0.09175155311822891
0.04894348233938217
1.9238795042037964
1.8779512643814087
1.835548996925354
1.7953978776931763
1.7564293146133423
1.7177765369415283
1.6787853240966797
1.6389621496200562
1.5979664325714111
1.5555661916732788
1.5116316080093384
1.4661048650741577
1.418997049331665
1.370368480682373
1.3203256130218506
1.2690088748931885
1.2165894508361816
1.1632604598999023
1.1092344522476196
1.0547362565994263
1.0
0.945263683795929
0.8907654881477356
0.8367395401000977
0.7834105491638184
0.7309911251068115
0.6796743273735046
0.629631519317627
0.5810028910636902
0.5338951349258423
0.4883684515953064
0.4444337785243988
0.40203356742858887
0.3610379099845886
0.3212147355079651
0.28222349286079407
0.2435707449913025
0.20460206270217896
0.1644510179758072
0.1220487430691719
0.07612046599388123
1.8910064697265625
1.8433901071548462
1.7993638515472412
1.7578524351119995
1.7179219722747803
1.6787853240966797
1.639817714691162
1.6005276441574097
1.560555338859558
1.5196402072906494
1.4776170253753662
1.4343904256820679
1.38993239402771
1.3442633152008057
1.2974505424499512
1.249594807624817
1.2008284330368042
1.151305913925171
1.1012011766433716
1.0507005453109741
1.0
0.9492994546890259
0.8987988829612732
0.8486940860748291
0.7991715669631958
0.7504052519798279
0.7025495171546936
0.6557366847991943
0.6100676655769348
0.5656095743179321
0.5223830342292786
0.48035985231399536
0.4394446909427643
0.3994724154472351
0.3601822853088379
0.3212147355079651
0.28207799792289734
0.2421475201845169
0.20063616335391998
0.1566099226474762
0.10899347811937332
1.852640151977539
1.8045125007629395
1.759948968887329
1.7180287837982178
1.6779357194900513
1.6389621496200562
1.6005276441574097
1.5621596574783325
1.5234980583190918
1.4842698574066162
1.444288969039917
1.4034340381622314
1.3616478443145752
1.3189198970794678
1.275285005569458
1.2308109998703003
1.1855965852737427
1.1397625207901
1.093448519706726
1.0468071699142456
1.0
0.9531928896903992
0.9065514802932739
0.8602375388145447
0.8144034147262573
0.7691890597343445
0.7247150540351868
0.681080162525177
0.6383521556854248
0.5965659618377686
0.5557110905647278
0.515730082988739
0.4765018820762634
0.4378403127193451
0.3994724154472351
0.3610379099845886
0.3220643401145935
0.28197118639945984
0.2400510311126709
0.19548752903938293
0.14735983312129974
1.8090169429779053
1.7613766193389893
1.7172062397003174
1.675710678100586
1.6361744403839111
1.5979664325714111
1.560555338859558
1.5234980583190918
1.4864460229873657
1.4491260051727295
1.4113420248031616
1.3729573488235474
1.3338942527770996
1.2941190004348755
1.2536406517028809
1.2125000953674316
1.170767903327942
1.1285356283187866
1.0859136581420898
1.0430245399475098
1.0
0.9569754004478455
0.9140863418579102
0.8714644312858582
0.8292320966720581
0.7874998450279236
0.7463592886924744
0.7058809995651245
0.6661056876182556
0.6270426511764526
0.5886580348014832
0.5508740544319153
0.5135539770126343
0.4765018820762634
0.4394446909427643
0.40203356742858887
0.3638255000114441
0.32428935170173645
0.2827937602996826
0.23862339556217194
0.19098301231861115
1.7604060173034668
1.7141072750091553
1.671133041381836
1.6307919025421143
1.592456579208374
1.5555661916732788
1.5196402072906494
1.4842698574066162
1.4491260051727295
1.4139436483383179
1.3785260915756226
1.342729091644287
1.3064619302749634
1.2696744203567505
1.2323561906814575
1.1945266723632812
1.1562331914901733
1.11754310131073
1.0785415172576904
1.0393253564834595
1.0
0.9606746435165405
0.9214584827423096
0.8824569582939148
0.8437668085098267
0.8054733276367188
0.7676437497138977
0.7303255796432495
0.6935380697250366
0.6572708487510681
0.6214738488197327
0.5860562920570374
0.5508740544319153
0.515730082988739
0.48035985231399536
0.4444337785243988
0.4075433909893036
0.36920812726020813
0.32886701822280884
0.2858927547931671
0.23959402740001678
1.7071068286895752
1.662890911102295
1.6218109130859375
1.5832651853561401
1.5467040538787842
1.5116316080093384
1.4776170253753662
1.444288969039917
1.4113420248031616
1.3785260915756226
1.3456498384475708
1.3125680685043335
1.2791836261749268
1.2454355955123901
1.2112997770309448
1.1767789125442505
1.141901969909668
1.1067163944244385
1.0712862014770508
1.0356863737106323
1.0
0.9643135666847229
0.9287137985229492
0.8932836055755615
0.8580979704856873
0.8232210874557495
0.7887002825737
0.7545644640922546
0.720816433429718
0.6874319314956665
0.6543501615524292
0.6214738488197327
0.5886580348014832
0.5557110905647278
0.5223830342292786
0.4883684515953064
0.4532959461212158
0.41673484444618225
0.3781890869140625
0.3371090888977051
0.2928932309150696
1.649448037147522
1.607957363128662
1.5693790912628174
1.5331900119781494
1.498910665512085
1.4661048650741577
1.4343904256820679
1.4034340381622314
1.3729573488235474
1.342729091644287
1.3125680685043335
1.2823336124420166
1.2519267797470093
1.2212814092636108
1.190363883972168
1.1591650247573853
1.1276994943618774
1.0959986448287964
1.064109444618225
1.0320883989334106
1.0
0.9679115414619446
0.9358906149864197
0.9040013551712036
0.8723005652427673
0.8408349752426147
0.809636116027832
0.7787185907363892
0.7480732202529907
0.7176663875579834
0.6874319314956665
0.6572708487510681
0.6270426511764526
0.5965659618377686
0.5656095743179321
0.5338951349258423
0.5010893940925598
0.4668099582195282
0.4306209683418274
0.3920426368713379
0.350551962852478
1.587785243988037
1.5495784282684326
1.5140300989151
1.4806883335113525
1.4491372108459473
1.418997049331665
1.38993239402771
1.3616478443145752
1.3338942527770996
1.3064619302749634
1.2791836261749268
1.2519267797470093
1.2245954275131226
1.1971218585968018
1.1694672107696533
1.141614317893982
1.1135672330856323
1.0853450298309326
1.0569807291030884
1.028516173362732
1.0
0.9714838266372681
0.9430192708969116
0.9146549701690674
0.8864327669143677
0.8583856225013733
0.8305327892303467
0.8028781414031982
0.7754045724868774
0.7480732202529907
0.720816433429718
0.6935380697250366
0.6661056876182556
0.6383521556854248
0.6100676655769348
0.5810028910636902
0.5508627891540527
0.5193116664886475
0.4859699010848999
0.450421541929245
0.4122147560119629
1.522498607635498
1.488057255744934
1.4559952020645142
1.425925850868225
1.397492527961731
1.370368480682373
1.3442633152008057
1.3189198970794678
1.2941190004348755
1.2696744203567505
1.2454355955123901
1.2212814092636108
1.1971218585968018
1.1728912591934204
1.14854896068573
1.1240731477737427
1.0994603633880615
1.074720859527588
1.0498765707015991
1.024957537651062
1.0
0.9750424027442932
0.9501234889030457
0.9252792000770569
0.9005396366119385
0.8759269118309021
0.85145103931427
0.8271086812019348
0.8028781414031982
0.7787185907363892
0.7545644640922546
0.7303255796432495
0.7058809995651245
0.681080162525177
0.6557366847991943
0.629631519317627
0.6025075316429138
0.5740741491317749
0.5440047979354858
0.5119428038597107
0.47750142216682434
1.4539904594421387
1.42372727394104
1.3955423831939697
1.369110107421875
1.344130039215088
1.3203256130218506
1.2974505424499512
1.275285005569458
1.2536406517028809
1.2323561906814575
1.2112997770309448
1.190363883972168
1.1694672107696533
1.14854896068573
1.1275694370269775
1.1065049171447754
1.0853476524353027
1.0641013383865356
1.042779803276062
1.0214040279388428
1.0
0.9785959720611572
0.957220196723938
0.9358987212181091
0.9146522879600525
0.8934950828552246
0.8724305629730225
0.85145103931427
0.8305327892303467
0.809636116027832
0.7887002825737
0.7676437497138977
0.7463592886924744
0.7247150540351868
0.7025495171546936
0.6796743273735046
0.6558699607849121
0.6308898329734802
0.6044576168060303
0.5762726664543152
0.5460094809532166
1.3826833963394165
1.356945276260376
1.3329662084579468
1.3104788064956665
1.2892355918884277
1.2690088748931885
1.249594807624817
1.2308109998703003
1.2125000953674316
1.1945266723632812
1.1767789125442505
1.1591650247573853
1.141614317893982
1.1240731477737427
1.1065049171447754
1.0888867378234863
1.0712084770202637
1.0534697771072388
1.035678744316101
1.0178494453430176
1.0
0.9821505546569824
0.9643211960792542
0.9465302228927612
0.9287915229797363
0.9111132621765137
0.8934950828552246
0.8759269118309021
0.8583856225013733
0.8408349752426147
0.8232210874557495
0.8054733276367188
0.7874998450279236
0.7691890597343445
0.7504052519798279
0.7309911251068115
0.710764467716217
0.6895212531089783
0.6670337915420532
0.6430547833442688
0.6173165440559387
1.3090169429779053
1.288089394569397
1.2685866355895996
1.2502970695495605
1.2330249547958374
1.2165894508361816
1.2008284330368042
1.1855965852737427
1.170767903327942
1.1562331914901733
1.141901969909668
1.1276994943618774
1.1135672330856323
1.0994603633880615
1.0853476524353027
1.0712084770202637
1.057032585144043
1.042817234992981
1.0285669565200806
1.0142903327941895
1.0
0.9857096076011658
0.9714331030845642
0.957182765007019
0.942967414855957
0.9287915229797363
0.9146522879600525
0.9005396366119385
0.8864327669143677
0.8723005652427673
0.8580979704856873
0.8437668085098267
0.8292320966720581
0.8144034147262573
0.7991715669631958
0.7834105491638184
0.7669750452041626
0.7497028708457947
0.7314133644104004
0.7119106650352478
0.69098299741745
1.233445405960083
1.2175538539886475
1.2027413845062256
1.1888504028320312
1.1757349967956543
1.1632604598999023
1.151305913925171
1.1397625207901
1.1285356283187866
1.11754310131073
1.1067163944244385
1.0959986448287964
1.0853450298309326
1.074720859527588
1.0641013383865356
1.0534697771072388
1.042817234992981
1.0321404933929443
1.0214413404464722
1.0107252597808838
1.0
0.989274799823761
0.9785586595535278
0.9678595066070557
0.957182765007019
0.9465302228927612
0.9358987212181091
0.9252792000770569
0.9146549701690674
0.9040013551712036
0.8932836055755615
0.8824569582939148
0.8714644312858582
0.8602375388145447
0.8486940860748291
0.8367395401000977
0.8242650628089905
0.8111495971679688
0.7972585558891296
0.7824461460113525
0.7665546536445618
1.156434416770935
1.1457473039627075
1.1357845067977905
1.126441240310669
1.1176210641860962
1.1092344522476196
1.1012011766433716
1.093448519706726
1.0859136581420898
1.0785415172576904
1.0712862014770508
1.064109444618225
1.0569807291030884
1.0498765707015991
1.042779803276062
1.035678744316101
1.0285669565200806
1.0214413404464722
1.0143027305603027
1.007154107093811
1.0
0.992845892906189
0.9856972098350525
0.9785586595535278
0.9714331030845642
0.9643211960792542
0.957220196723938
0.9501234889030457
0.9430192708969116
0.9358906149864197
0.9287137985229492
0.9214584827423096
0.9140863418579102
0.9065514802932739
0.8987988829612732
0.8907654881477356
0.8823789358139038
0.873558759689331
0.8642155528068542
0.8542526364326477
0.8435655236244202
1.0784591436386108
1.0730876922607422
1.068079948425293
1.06338369846344
1.058950662612915
1.0547362565994263
1.0507005453109741
1.0468071699142456
1.0430245399475098
1.0393253564834595
1.0356863737106323
1.0320883989334106
1.028516173362732
1.024957537651062
1.0214040279388428
1.0178494453430176
1.0142903327941895
1.0107252597808838
1.007154107093811
1.0035783052444458
1.0
0.9964216947555542
0.992845892906189
0.989274799823761
0.9857096076011658
0.9821505546569824
0.9785959720611572
0.9750424027442932
0.9714838266372681
0.9679115414619446
0.9643135666847229
0.9606746435165405
0.9569754004478455
0.9531928896903992
0.9492994546890259
0.945263683795929
0.941049337387085
0.9366163015365601
0.931920051574707
0.926912248134613
0.9215409159660339
1.0
1.0
1.0
1.0
1.0
1.0
1.0
1.0
1.0
1.0
1.0
1.0
1.0
1.0
1.0
1.0
1.0
1.0
1.0
1.0
1.0
1.0
1.0
1.0
1.0
1.0
1.0
1.0
1.0
1.0
1.0
1.0
1.0
1.0
1.0
1.0
1.0
1.0
1.0
1.0
1.0
0.9215409159660339
0.926912248134613
0.931920051574707
0.9366163015365601
0.941049337387085
0.945263683795929
0.9492994546890259
0.9531928896903992
0.9569754004478455
0.9606746435165405
0.9643135666847229
0.9679115414619446
0.9714838266372681
0.9750424027442932
0.9785959720611572
0.9821505546569824
0.9857096076011658
0.989274799823761
0.992845892906189
0.9964216947555542
1.0
1.0035783052444458
1.007154107093811
1.0107252597808838
1.0142903327941895
1.0178494453430176
1.0214040279388428
1.024957537651062
1.028516173362732
1.0320883989334106
1.0356863737106323
1.0393253564834595
1.0430245399475098
1.0468071699142456
1.0507005453109741
1.0547362565994263
1.058950662612915
1.06338369846344
1.068079948425293
1.0730876922607422
1.0784591436386108
0.8435655236244202
0.8542526364326477
0.8642155528068542
0.873558759689331
0.8823789358139038
0.8907654881477356
0.8987988829612732
0.9065514802932739
0.9140863418579102
0.9214584827423096
0.9287137985229492
0.9358906149864197
0.9430192708969116
0.9501234889030457
0.957220196723938
0.9643211960792542
0.9714331030845642
0.9785586595535278
0.9856972098350525
0.992845892906189
1.0
1.007154107093811
1.0143027305603027
1.0214413404464722
1.0285669565200806
1.035678744316101
1.042779803276062
1.0498765707015991
1.0569807291030884
1.064109444618225
1.0712862014770508
1.0785415172576904
1.0859136581420898
1.093448519706726
1.1012011766433716
1.1092344522476196
1.1176210641860962
1.126441240310669
1.1357845067977905
1.1457473039627075
1.156434416770935
0.7665546536445618
0.7824461460113525
0.7972585558891296
0.8111495971679688
0.8242650628089905
0.8367395401000977
0.8486940860748291
0.8602375388145447
0.8714644312858582
0.8824569582939148
0.8932836055755615
0.9040013551712036
0.9146549701690674
0.9252792000770569
0.9358987212181091
0.9465302228927612
0.957182765007019
0.9678595066070557
0.9785586595535278
0.989274799823761
1.0
1.0107252597808838
1.0214413404464722
1.0321404933929443
1.042817234992981
1.0534697771072388
1.0641013383865356
1.074720859527588
1.0853450298309326
1.0959986448287964
1.1067163944244385
1.11754310131073
1.1285356283187866
1.1397625207901
1.151305913925171
1.1632604598999023
1.1757349967956543
1.1888504028320312
1.2027413845062256
1.2175538539886475
1.233445405960083
0.69098299741745
0.7119106650352478
0.7314133644104004
0.7497028708457947
0.7669750452041626
0.7834105491638184
0.7991715669631958
0.8144034147262573
0.8292320966720581
0.8437668085098267
0.8580979704856873
0.8723005652427673
0.8864327669143677
0.9005396366119385
0.9146522879600525
0.9287915229797363
0.942967414855957
0.957182765007019
0.9714331030845642
0.9857096076011658
1.0
1.0142903327941895
1.0285669565200806
1.042817234992981
1.057032585144043
1.0712084770202637
1.0853476524353027
1.0994603633880615
1.1135672330856323
1.1276994943618774
1.141901969909668
1.1562331914901733
1.170767903327942
1.1855965852737427
1.2008284330368042
1.2165894508361816
1.2330249547958374
1.2502970695495605
1.2685866355895996
1.288089394569397
1.3090169429779053
0.6173165440559387
0.6430547833442688
0.6670337915420532
0.6895212531089783
0.710764467716217
0.7309911251068115
0.7504052519798279
0.7691890597343445
0.7874998450279236
0.8054733276367188
0.8232210874557495
0.8408349752426147
0.8583856225013733
0.8759269118309021
0.8934950828552246
0.9111132621765137
0.9287915229797363
0.9465302228927612
0.9643211960792542
0.9821505546569824
1.0
1.0178494453430176
1.035678744316101
1.0534697771072388
1.0712084770202637
1.0888867378234863
1.1065049171447754
1.1240731477737427
1.141614317893982
1.1591650247573853
1.1767789125442505
1.1945266723632812
1.2125000953674316
1.2308109998703003
1.249594807624817
1.2690088748931885
1.2892355918884277
1.3104788064956665
1.3329662084579468
1.356945276260376
1.3826833963394165
0.5460094809532166
0.5762726664543152
0.6044576168060303
0.6308898329734802
0.6558699607849121
0.6796743273735046
0.7025495171546936
0.7247150540351868
0.7463592886924744
0.7676437497138977
0.7887002825737
0.809636116027832
0.8305327892303467
0.85145103931427
0.8724305629730225
0.8934950828552246
0.9146522879600525
0.9358987212181091
0.957220196723938
0.9785959720611572
1.0
1.0214040279388428
1.042779803276062
1.0641013383865356
1.0853476524353027
1.1065049171447754
1.1275694370269775
1.14854896068573
1.1694672107696533
1.190363883972168
1.2112997770309448
1.2323561906814575
1.2536406517028809
1.275285005569458
1.2974505424499512
1.3203256130218506
1.344130039215088
1.369110107421875
1.3955423831939697
1.42372727394104
1.4539904594421387
0.47750142216682434
0.5119428038597107
0.5440047979354858
0.5740741491317749
0.6025075316429138
0.629631519317627
0.6557366847991943
0.681080162525177
0.7058809995651245
0.7303255796432495
0.7545644640922546
0.7787185907363892
0.8028781414031982
0.8271086812019348
0.85145103931427
0.8759269118309021
0.9005396366119385
0.9252792000770569
0.9501234889030457
0.9750424027442932
1.0
1.024957537651062
1.0498765707015991
1.074720859527588
1.0994603633880615
1.1240731477737427
1.14854896068573
1.1728912591934204
1.1971218585968018
1.2212814092636108
1.2454355955123901
1.2696744203567505
1.2941190004348755
1.3189198970794678
1.3442633152008057
1.370368480682373
1.397492527961731
1.425925850868225
1.4559952020645142
1.488057255744934
1.522498607635498
0.4122147560119629
0.450421541929245
0.4859699010848999
0.5193116664886475
0.5508627891540527
0.5810028910636902
0.6100676655769348
0.6383521556854248
0.6661056876182556
0.6935380697250366
0.720816433429718
0.7480732202529907
0.7754045724868774
0.8028781414031982
0.8305327892303467
0.8583856225013733
0.8864327669143677
0.9146549701690674
0.9430192708969116
0.9714838266372681
1.0
1.028516173362732
1.0569807291030884
1.0853450298309326
1.1135672330856323
1.141614317893982
1.1694672107696533
1.1971218585968018
1.2245954275131226
1.2519267797470093
1.2791836261749268
1.3064619302749634
1.3338942527770996
1.3616478443145752
1.38993239402771
1.418997049331665
1.4491372108459473
1.4806883335113525
1.5140300989151
1.5495784282684326
1.587785243988037
0.350551962852478
0.3920426368713379
0.4306209683418274
0.4668099582195282
0.5010893940925598
0.5338951349258423
0.5656095743179321
0.5965659618377686
0.6270426511764526
0.6572708487510681
0.6874319314956665
0.7176663875579834
0.7480732202529907
0.7787185907363892
0.809636116027832
0.8408349752426147
0.8723005652427673
0.9040013551712036
0.9358906149864197
0.9679115414619446
1.0
1.0320883989334106
1.064109444618225
1.0959986448287964
1.1276994943618774
1.1591650247573853
1.190363883972168
1.2212814092636108
1.2519267797470093
1.2823336124420166
1.3125680685043335
1.342729091644287
1.3729573488235474
1.4034340381622314
1.4343904256820679
1.4661048650741577
1.498910665512085
1.5331900119781494
1.5693790912628174
1.607957363128662
1.649448037147522
0.2928932309150696
0.3371090888977051
0.3781890869140625
0.41673484444618225
0.4532959461212158
0.4883684515953064
0.5223830342292786
0.5557110905647278
0.5886580348014832
0.6214738488197327
0.6543501615524292
0.6874319314956665
0.720816433429718
0.7545644640922546
0.7887002825737
0.8232210874557495
0.8580979704856873
0.8932836055755615
0.9287137985229492
0.9643135666847229
1.0
1.0356863737106323
1.0712862014770508
1.1067163944244385
1.141901969909668
1.1767789125442505
1.2112997770309448
1.2454355955123901
1.2791836261749268
1.3125680685043335
1.3456498384475708
1.3785260915756226
1.4113420248031616
1.444288969039917
1.4776170253753662
1.5116316080093384
1.5467040538787842
1.5832651853561401
1.6218109130859375
1.662890911102295
1.7071068286895752
0.23959402740001678
0.2858927547931671
0.32886701822280884
0.36920812726020813
0.4075433909893036
0.4444337785243988
0.48035985231399536
0.515730082988739
0.5508740544319153
0.5860562920570374
0.6214738488197327
0.6572708487510681
0.6935380697250366
0.7303255796432495
0.7676437497138977
0.8054733276367188
0.8437668085098267
0.8824569582939148
0.9214584827423096
0.9606746435165405
1.0
1.0393253564834595
1.0785415172576904
1.11754310131073
1.1562331914901733
1.1945266723632812
1.2323561906814575
1.2696744203567505
1.3064619302749634
1.342729091644287
1.3785260915756226
1.4139436483383179
1.4491260051727295
1.4842698574066162
1.5196402072906494
1.5555661916732788
1.592456579208374
1.6307919025421143
1.671133041381836
1.7141072750091553
1.7604060173034668
0.19098301231861115
0.23862339556217194
0.2827937602996826
0.32428935170173645
0.3638255000114441
0.40203356742858887
0.4394446909427643
0.4765018820762634
0.5135539770126343
0.5508740544319153
0.5886580348014832
0.6270426511764526
0.6661056876182556
0.7058809995651245
0.7463592886924744
0.7874998450279236
0.8292320966720581
0.8714644312858582
0.9140863418579102
0.9569754004478455
1.0
1.0430245399475098
1.0859136581420898
1.1285356283187866
1.170767903327942
1.2125000953674316
1.2536406517028809
1.2941190004348755
1.3338942527770996
1.3729573488235474
1.4113420248031616
1.4491260051727295
1.4864460229873657
1.5234980583190918
1.560555338859558
1.5979664325714111
1.6361744403839111
1.675710678100586
1.7172062397003174
1.7613766193389893
1.8090169429779053
0.14735983312129974
0.19548752903938293
0.2400510311126709
0.28197118639945984
0.3220643401145935
0.3610379099845886
0.3994724154472351
0.4378403127193451
0.4765018820762634
0.515730082988739
0.5557110905647278
0.5965659618377686
0.6383521556854248
0.681080162525177
0.7247150540351868
0.7691890597343445
0.8144034147262573
0.8602375388145447
0.9065514802932739
0.9531928896903992
1.0
1.0468071699142456
1.093448519706726
1.1397625207901
1.1855965852737427
1.2308109998703003
1.275285005569458
1.3189198970794678
1.3616478443145752
1.4034340381622314
1.444288969039917
1.4842698574066162
1.5234980583190918
1.5621596574783325
1.6005276441574097
1.6389621496200562
1.6779357194900513
1.7180287837982178
1.759948968887329
1.8045125007629395
1.852640151977539
0.10899347811937332
0.1566099226474762
0.20063616335391998
0.2421475201845169
0.28207799792289734
0.3212147355079651
0.3601822853088379
0.3994724154472351
0.4394446909427643
0.48035985231399536
0.5223830342292786
0.5656095743179321
0.6100676655769348
0.6557366847991943
0.7025495171546936
0.7504052519798279
0.7991715669631958
0.8486940860748291
0.8987988829612732
0.9492994546890259
1.0
1.0507005453109741
1.1012011766433716
1.151305913925171
1.2008284330368042
1.249594807624817
1.2974505424499512
1.3442633152008057
1.38993239402771
1.4343904256820679
1.4776170253753662
1.5196402072906494
1.560555338859558
1.6005276441574097
1.639817714691162
1.6787853240966797
1.7179219722747803
1.7578524351119995
1.7993638515472412
1.8433901071548462
1.8910064697265625
0.07612046599388123
0.1220487430691719
0.1644510179758072
0.20460206270217896
0.2435707449913025
0.28222349286079407
0.3212147355079651
0.3610379099845886
0.40203356742858887
0.4444337785243988
0.4883684515953064
0.5338951349258423
0.5810028910636902
0.629631519317627
0.6796743273735046
0.7309911251068115
0.7834105491638184
0.8367395401000977
0.8907654881477356
0.945263683795929
1.0
1.0547362565994263
1.1092344522476196
1.1632604598999023
1.2165894508361816
1.2690088748931885
1.3203256130218506
1.370368480682373
1.418997049331665
1.4661048650741577
1.5116316080093384
1.5555661916732788
1.5979664325714111
1.6389621496200562
1.6787853240966797
1.7177765369415283
1.7564293146133423
1.7953978776931763
1.835548996925354
1.8779512643814087
1.9238795042037964
0.04894348233938217
0.09175155311822891
0.13124197721481323
0.1689436137676239
0.20607788860797882
0.2435707449913025
0.28207799792289734
0.3220643401145935
0.3638255000114441
0.4075433909893036
0.4532959461212158
0.5010893940925598
0.5508627891540527
0.6025075316429138
0.6558699607849121
0.710764467716217
0.7669750452041626
0.8242650628089905
0.8823789358139038
0.941049337387085
1.0
1.058950662612915
1.1176210641860962
1.1757349967956543
1.2330249547958374
1.2892355918884277
1.344130039215088
1.397492527961731
1.4491372108459473
1.498910665512085
1.5467040538787842
1.592456579208374
1.6361744403839111
1.6779357194900513
1.7179219722747803
1.7564293146133423
1.7939220666885376
1.8310563564300537
1.868757963180542
1.9082484245300293
1.9510564804077148
0.02763007953763008
0.06553643196821213
0.10055655986070633
0.1345759779214859
0.1689436137676239
0.20460206270217896
0.2421475201845169
0.28197118639945984
0.32428935170173645
0.36920812726020813
0.41673484444618225
0.4668099582195282
0.5193116664886475
0.5740741491317749
0.6308898329734802
0.6895212531089783
0.7497028708457947
0.8111495971679688
0.873558759689331
0.9366163015365601
1.0
1.06338369846344
1.126441240310669
1.1888504028320312
1.2502970695495605
1.3104788064956665
1.369110107421875
1.425925850868225
1.4806883335113525
1.5331900119781494
1.5832651853561401
1.6307919025421143
1.675710678100586
1.7180287837982178
1.7578524351119995
1.7953978776931763
1.8310563564300537
1.8654240369796753
1.8994433879852295
1.934463620185852
1.972369909286499
0.012311659753322601
0.04290592297911644
0.07158876210451126
0.10055655986070633
0.13124197721481323
0.1644510179758072
0.20063616335391998
0.2400510311126709
0.2827937602996826
0.32886701822280884
0.3781890869140625
0.4306209683418274
0.4859699010848999
0.5440047979354858
0.6044576168060303
0.6670337915420532
0.7314133644104004
0.7972585558891296
0.8642155528068542
0.931920051574707
1.0
1.068079948425293
1.1357845067977905
1.2027413845062256
1.2685866355895996
1.3329662084579468
1.3955423831939697
1.4559952020645142
1.5140300989151
1.5693790912628174
1.6218109130859375
1.671133041381836
1.7172062397003174
1.759948968887329
1.7993638515472412
1.835548996925354
1.868757963180542
1.8994433879852295
1.9284112453460693
1.9570940732955933
1.9876883029937744
0.003082666313275695
0.023000404238700867
0.04290592297911644
0.06553643196821213
0.09175155311822891
0.1220487430691719
0.1566099226474762
0.19548752903938293
0.23862339556217194
0.2858927547931671
0.3371090888977051
0.3920426368713379
0.450421541929245
0.5119428038597107
0.5762726664543152
0.6430547833442688
0.7119106650352478
0.7824461460113525
0.8542526364326477
0.926912248134613
1.0
1.0730876922607422
1.1457473039627075
1.2175538539886475
1.288089394569397
1.356945276260376
1.42372727394104
1.488057255744934
1.5495784282684326
1.607957363128662
1.662890911102295
1.7141072750091553
1.7613766193389893
1.8045125007629395
1.8433901071548462
1.8779512643814087
1.9082484245300293
1.934463620185852
1.9570940732955933
1.9769996404647827
1.9969173669815063
0.0
0.003082666313275695
0.012311659753322601
0.02763007953763008
0.04894348233938217
0.07612046599388123
0.10899347811937332
0.14735983312129974
0.19098301231861115
0.23959402740001678
0.2928932309150696
0.350551962852478
0.4122147560119629
0.47750142216682434
0.5460094809532166
0.6173165440559387
0.69098299741745
0.7665546536445618
0.8435655236244202
0.9215409159660339
1.0
1.0784591436386108
1.156434416770935
1.233445405960083
1.3090169429779053
1.3826833963394165
1.4539904594421387
1.522498607635498
1.587785243988037
1.649448037147522
1.7071068286895752
1.7604060173034668
1.8090169429779053
1.852640151977539
1.8910064697265625
1.9238795042037964
1.9510564804077148
1.972369909286499
1.9876883029937744
1.9969173669815063
2.0
