2.0
1.9969173669815063
1.9876883029937744
1.972369909286499
1.9510564804077148
1.9238795042037964
1.8910064697265625
1.852640151977539
1.8090169429779053
1.7604060173034668
1.7071068286895752
1.649448037147522
1.587785243988037
1.522498607635498
1.4539904594421387
1.3826833963394165
1.3090169429779053
1.233445405960083
1.156434416770935
1.0784591436386108
1.0
0.9215409159660339
0.8435655236244202
0.7665546536445618
0.69098299741745
0.6173165440559387
0.5460094809532166
0.47750142216682434
0.4122147560119629
0.350551962852478
0.2928932309150696
0.23959402740001678
0.19098301231861115
0.14735983312129974
0.10899347811937332
0.07612046599388123
0.04894348233938217
0.02763007953763008
0.012311659753322601
0.003082666313275695
0.0
1.9969173669815063
1.9767502546310425
1.95668625831604
1.9339467287063599
1.9076581001281738
1.877313494682312
1.8427257537841797
1.803838849067688
1.760708212852478
1.7134565114974976
1.6622686386108398
1.607372760772705
1.549039602279663
1.487571120262146
1.42330002784729
1.356581687927246
1.2877936363220215
1.2173292636871338
1.1455962657928467
1.0730117559432983
1.0
0.9269881844520569
0.8544037342071533
0.7826707363128662
0.7122063636779785
0.6434183716773987
0.57669997215271
0.5124288201332092
0.4509603679180145
0.3926272690296173
0.33773139119148254
0.28654345870018005
0.23929175734519958
0.19616112112998962
0.15727418661117554
0.12268652021884918
0.09234189987182617
0.06605323404073715
0.043313778936862946
0.023249773308634758
0.003082666313275695
1.9876883029937744
1.95668625831604
1.9277137517929077
1.8985410928726196
1.8677129745483398
1.8344097137451172
1.798169493675232
1.7587320804595947
1.7159944772720337
1.669950008392334
1.6206769943237305
1.5683120489120483
1.513045310974121
1.4551059007644653
1.3947598934173584
1.3322999477386475
1.268044352531433
1.202329397201538
1.1355072259902954
1.067940592765808
1.0
0.9320594072341919
0.8644927144050598
0.7976706027984619
0.7319555878639221
0.6677000522613525
0.6052401661872864
0.5448940992355347
0.4869546890258789
0.43168795108795166
0.37932297587394714
0.3300500512123108
0.2840054929256439
0.2412678599357605
0.20183047652244568
0.165590301156044
0.13228702545166016
0.10145895928144455
0.07228630781173706
0.043313778936862946
0.012311659753322601
1.972369909286499
1.9339467287063599
1.8985410928726196
1.8642385005950928
1.8296688795089722
1.7938737869262695
1.756245732307434
1.716384768486023
1.6740680932998657
1.6291840076446533
1.5817209482192993
1.531734585762024
1.479343295097351
1.4247097969055176
1.3680392503738403
1.3095663785934448
1.24955415725708
1.1882857084274292
1.126061201095581
1.06319260597229
1.0
0.93680739402771
0.873938798904419
0.8117142915725708
0.7504457831382751
0.6904336810112
0.6319607496261597
0.5752901434898376
0.5206567645072937
0.46826544404029846
0.4182789921760559
0.3708159327507019
0.32593193650245667
0.28361523151397705
0.2437543272972107
0.20612624287605286
0.17033112049102783
0.13576149940490723
0.10145895928144455
0.06605323404073715
0.02763007953763008
1.9510564804077148
1.9076581001281738
1.8677129745483398
1.8296688795089722
1.7922849655151367
1.7546197175979614
1.7160052061080933
1.6759670972824097
1.6342018842697144
1.590521216392517
1.5448417663574219
1.49715256690979
1.4475104808807373
1.3960204124450684
1.3428325653076172
1.2881293296813965
1.232123851776123
1.1750497817993164
1.1171598434448242
1.0587186813354492
1.0
0.9412813186645508
0.8828402161598206
0.8249502778053284
0.7678762078285217
0.7118706107139587
0.6571674346923828
0.6039795875549316
0.5524894595146179
0.50284743309021
0.4551582634449005
0.4094788134098053
0.36579814553260803
0.3240329325199127
0.28399479389190674
0.24538032710552216
0.20771504938602448
0.17033112049102783
0.13228702545166016
0.09234189987182617
0.04894348233938217
1.9238795042037964
1.877313494682312
1.8344097137451172
1.7938737869262695
1.7546197175979614
1.715766429901123
1.6766475439071655
1.6367595195770264
1.5957536697387695
1.553390622138977
1.509534478187561
1.4641224145889282
1.4171606302261353
1.3687050342559814
1.3188583850860596
1.2677571773529053
1.2155693769454956
1.1624845266342163
1.108712077140808
1.0544735193252563
1.0
0.9455264806747437
0.8912879824638367
0.8375154733657837
0.7844306826591492
0.73224276304245
0.6811415553092957
0.6312949061393738
0.58283931016922
0.5358775854110718
0.4904654920101166
0.44660940766334534
0.40424636006355286
0.36324042081832886
0.3233524560928345
0.28423359990119934
0.24538032710552216
0.20612624287605286
0.165590301156044
0.12268652021884918
0.07612046599388123
1.8910064697265625
1.8427257537841797
1.798169493675232
1.756245732307434
1.7160052061080933
1.6766475439071655
1.6375367641448975
1.5981709957122803
1.5581823587417603
1.5173027515411377
1.4753605127334595
1.4322545528411865
1.3879517316818237
1.3424676656723022
1.295865535736084
1.248241901397705
1.1997253894805908
1.1504665613174438
1.1006358861923218
1.0504162311553955
1.0
0.9495838284492493
0.899364173412323
0.8495334386825562
0.8002746105194092
0.7517580389976501
0.704134464263916
0.657532274723053
0.6120482683181763
0.5677453875541687
0.5246394872665405
0.4826972484588623
0.44181761145591736
0.40182897448539734
0.3624632954597473
0.3233524560928345
0.28399479389190674
0.2437543272972107
0.20183047652244568
0.15727418661117554
0.10899347811937332
1.852640151977539
1.803838849067688
1.7587320804595947
1.716384768486023
1.6759670972824097
1.6367595195770264
1.5981709957122803
1.559719443321228
1.521036148071289
1.48184072971344
1.4419406652450562
1.401208758354187
1.3595823049545288
1.31704580783844
1.2736297845840454
1.2293974161148071
1.1844435930252075
1.1388847827911377
1.0928573608398438
1.0465097427368164
1.0
0.9534902572631836
0.9071426391601562
0.8611151576042175
0.8155564069747925
0.7706025838851929
0.7263702750205994
0.6829541325569153
0.6404176950454712
0.598791241645813
0.5580593347549438
0.5181592106819153
0.4789639115333557
0.44028061628341675
0.40182897448539734
0.36324042081832886
0.3240329325199127
0.28361523151397705
0.2412678599357605
0.19616112112998962
0.14735983312129974
1.8090169429779053
1.760708212852478
1.7159944772720337
1.6740680932998657
1.6342018842697144
1.5957536697387695
1.5581823587417603
1.521036148071289
1.4839578866958618
1.4466675519943237
1.408962607383728
1.3707003593444824
1.331797480583191
1.2922152280807495
1.2519582509994507
1.2110626697540283
1.1695948839187622
1.1276425123214722
1.0853118896484375
1.0427218675613403
1.0
0.9572781920433044
0.9146880507469177
0.8723574876785278
0.8304051160812378
0.7889373302459717
0.7480417490005493
0.7077847123146057
0.6682025194168091
0.6292997002601624
0.591037392616272
0.5533323884010315
0.5160420536994934
0.4789639115333557
0.44181761145591736
0.40424636006355286
0.36579814553260803
0.32593193650245667
0.2840054929256439
0.23929175734519958
0.19098301231861115
1.7604060173034668
1.7134565114974976
1.669950008392334
1.6291840076446533
1.590521216392517
1.553390622138977
1.5173027515411377
1.48184072971344
1.4466675519943237
1.411511778831482
1.3761698007583618
1.3404920101165771
1.3043819665908813
1.267784833908081
1.2306853532791138
1.193098545074463
1.1550674438476562
1.1166552305221558
1.077943205833435
1.0390243530273438
1.0
0.960975706577301
0.9220567345619202
0.8833447694778442
0.8449326157569885
0.8069014549255371
0.7693145871162415
0.732215166091919
0.6956179738044739
0.6595080494880676
0.6238301992416382
0.5884882807731628
0.5533323884010315
0.5181592106819153
0.4826972484588623
0.44660940766334534
0.4094788134098053
0.3708159327507019
0.3300500512123108
0.28654345870018005
0.23959402740001678
1.7071068286895752
1.6622686386108398
1.6206769943237305
1.5817209482192993
1.5448417663574219
1.509534478187561
1.4753605127334595
1.4419406652450562
1.408962607383728
1.3761698007583618
1.3433647155761719
1.3103969097137451
1.2771636247634888
1.2435994148254395
1.2096754312515259
1.1753900051116943
1.1407679319381714
1.105852484703064
1.0707039833068848
1.0353933572769165
1.0
0.9646065831184387
0.9292960166931152
0.894147515296936
0.8592321276664734
0.8246099948883057
0.7903246283531189
0.7564005851745605
0.7228363752365112
0.6896031498908997
0.6566352248191833
0.6238301992416382
0.591037392616272
0.5580593347549438
0.5246394872665405
0.4904654920101166
0.4551582634449005
0.4182789921760559
0.37932297587394714
0.33773139119148254
0.2928932309150696
1.649448037147522
1.607372760772705
1.5683120489120483
1.531734585762024
1.49715256690979
1.4641224145889282
1.4322545528411865
1.401208758354187
1.3707003593444824
1.3404920101165771
1.3103969097137451
1.2802691459655762
1.2500050067901611
1.2195336818695068
1.1888171434402466
1.1578420400619507
1.1266188621520996
1.0951753854751587
1.0635544061660767
1.0318090915679932
1.0
0.9681908488273621
0.9364455938339233
0.9048246741294861
0.8733811378479004
0.8421580195426941
0.8111828565597534
0.7804663181304932
0.7499949932098389
0.7197308540344238
0.6896031498908997
0.6595080494880676
0.6292997002601624
0.598791241645813
0.5677453875541687
0.5358775854110718
0.50284743309021
0.46826544404029846
0.43168795108795166
0.3926272690296173
0.350551962852478
1.587785243988037
1.549039602279663
1.513045310974121
1.479343295097351
1.4475104808807373
1.4171606302261353
1.3879517316818237
1.3595823049545288
1.331797480583191
1.3043819665908813
1.2771636247634888
1.2500050067901611
1.2228056192398071
1.195493459701538
1.1680254936218262
1.140380859375
1.1125595569610596
1.0845770835876465
1.0564630031585693
1.028255581855774
1.0
0.9717444181442261
0.9435369372367859
0.9154228568077087
0.8874405026435852
0.8596192002296448
0.831974446773529
0.8045065402984619
0.7771943807601929
0.7499949932098389
0.7228363752365112
0.6956179738044739
0.6682025194168091
0.6404176950454712
0.6120482683181763
0.58283931016922
0.5524894595146179
0.5206567645072937
0.4869546890258789
0.4509603679180145
0.4122147560119629
1.522498607635498
1.487571120262146
1.4551059007644653
1.4247097969055176
1.3960204124450684
1.3687050342559814
1.3424676656723022
1.31704580783844
1.2922152280807495
1.267784833908081
1.2435994148254395
1.2195336818695068
1.195493459701538
1.1714091300964355
1.1472364664077759
1.1229498386383057
1.0985424518585205
1.0740212202072144
1.0494048595428467
1.0247201919555664
1.0
0.9752798080444336
0.9505951404571533
0.9259787797927856
0.9014574885368347
0.8770502209663391
0.8527635931968689
0.8285908102989197
0.8045065402984619
0.7804663181304932
0.7564005851745605
0.732215166091919
0.7077847123146057
0.6829541325569153
0.657532274723053
0.6312949061393738
0.6039795875549316
0.5752901434898376
0.5448940992355347
0.5124288201332092
0.47750142216682434
1.4539904594421387
1.42330002784729
1.3947598934173584
1.3680392503738403
1.3428325653076172
1.3188583850860596
1.295865535736084
1.2736297845840454
1.2519582509994507
1.2306853532791138
1.2096754312515259
1.1888171434402466
1.1680254936218262
1.1472364664077759
1.1264066696166992
1.105509638786316
1.0845342874526978
1.063481330871582
1.0423617362976074
1.0211936235427856
1.0
0.9788064360618591
0.9576382637023926
0.9365187287330627
0.9154657125473022
0.8944903612136841
0.873593270778656
0.8527635931968689
0.831974446773529
0.8111828565597534
0.7903246283531189
0.7693145871162415
0.7480417490005493
0.7263702750205994
0.704134464263916
0.6811415553092957
0.6571674346923828
0.6319607496261597
0.6052401661872864
0.57669997215271
0.5460094809532166
1.3826833963394165
1.356581687927246
1.3322999477386475
1.3095663785934448
1.2881293296813965
1.2677571773529053
1.248241901397705
1.2293974161148071
1.2110626697540283
1.193098545074463
1.1753900051116943
1.1578420400619507
1.140380859375
1.1229498386383057
1.105509638786316
1.0880346298217773
1.0705119371414185
1.0529388189315796
1.03532075881958
1.0176692008972168
1.0
0.9823307991027832
0.9646792411804199
0.9470611810684204
0.9294880032539368
0.9119654297828674
0.8944903612136841
0.8770502209663391
0.8596192002296448
0.8421580195426941
0.8246099948883057
0.8069014549255371
0.7889373302459717
0.7706025838851929
0.7517580389976501
0.73224276304245
0.7118706107139587
0.6904336810112
0.6677000522613525
0.6434183716773987
0.6173165440559387
1.3090169429779053
1.2877936363220215
1.268044352531433
1.24955415725708
1.232123851776123
1.2155693769454956
1.1997253894805908
1.1844435930252075
1.1695948839187622
1.1550674438476562
1.1407679319381714
1.1266188621520996
1.1125595569610596
1.0985424518585205
1.0845342874526978
1.0705119371414185
1.0564632415771484
1.0423831939697266
1.0282741785049438
1.0141429901123047
1.0
0.9858570098876953
0.9717258214950562
0.9576168060302734
0.9435368180274963
0.9294880032539368
0.9154657125473022
0.9014574885368347
0.8874405026435852
0.8733811378479004
0.8592321276664734
0.8449326157569885
0.8304051160812378
0.8155564069747925
0.8002746105194092
0.7844306826591492
0.7678762078285217
0.7504457831382751
0.7319555878639221
0.7122063636779785
0.69098299741745
1.233445405960083
1.2173292636871338
1.202329397201538
1.1882857084274292
1.1750497817993164
1.1624845266342163
1.1504665613174438
1.1388847827911377
1.1276425123214722
1.1166552305221558
1.105852484703064
1.0951753854751587
1.0845770835876465
1.0740212202072144
1.063481330871582
1.0529388189315796
1.0423831939697266
1.0318095684051514
1.021218180656433
1.0106128454208374
1.0
0.9893871545791626
0.9787818789482117
0.9681904911994934
0.9576168060302734
0.9470611810684204
0.9365187287330627
0.9259787797927856
0.9154228568077087
0.9048246741294861
0.894147515296936
0.8833447694778442
0.8723574876785278
0.8611151576042175
0.8495334386825562
0.8375154733657837
0.8249502778053284
0.8117142915725708
0.7976706027984619
0.7826707363128662
0.7665546536445618
1.156434416770935
1.1455962657928467
1.1355072259902954
1.126061201095581
1.1171598434448242
1.108712077140808
1.1006358861923218
1.0928573608398438
1.0853118896484375
1.077943205833435
1.0707039833068848
1.0635544061660767
1.0564630031585693
1.0494048595428467
1.0423617362976074
1.03532075881958
1.0282741785049438
1.021218180656433
1.0141521692276
1.0070782899856567
1.0
0.9929217100143433
0.9858477711677551
0.9787818789482117
0.9717258214950562
0.9646792411804199
0.9576382637023926
0.9505951404571533
0.9435369372367859
0.9364455938339233
0.9292960166931152
0.9220567345619202
0.9146880507469177
0.9071426391601562
0.899364173412323
0.8912879824638367
0.8828402161598206
0.873938798904419
0.8644927144050598
0.8544037342071533
0.8435655236244202
1.0784591436386108
1.0730117559432983
1.067940592765808
1.06319260597229
1.0587186813354492
1.0544735193252563
1.0504162311553955
1.0465097427368164
1.0427218675613403
1.0390243530273438
1.0353933572769165
1.0318090915679932
1.028255581855774
1.0247201919555664
1.0211936235427856
1.0176692008972168
1.0141429901123047
1.0106128454208374
1.0070782899856567
1.0035401582717896
1.0
0.9964598417282104
0.9929217100143433
0.9893871545791626
0.9858570098876953
0.9823307991027832
0.9788064360618591
0.9752798080444336
0.9717444181442261
0.9681908488273621
0.9646065831184387
0.960975706577301
0.9572781920433044
0.9534902572631836
0.9495838284492493
0.9455264806747437
0.9412813186645508
0.93680739402771
0.9320594072341919
0.9269881844520569
0.9215409159660339
1.0
1.0
1.0
1.0
1.0
1.0
1.0
1.0
1.0
1.0
1.0
1.0
1.0
1.0
1.0
1.0
1.0
1.0
1.0
1.0
1.0
1.0
1.0
1.0
1.0
1.0
1.0
1.0
1.0
1.0
1.0
1.0
1.0
1.0
1.0
1.0
1.0
1.0
1.0
1.0
1.0
0.9215409159660339
0.9269881844520569
0.9320594072341919
0.93680739402771
0.9412813186645508
0.9455264806747437
0.9495838284492493
0.9534902572631836
0.9572781920433044
0.960975706577301
0.9646065831184387
0.9681908488273621
0.9717444181442261
0.9752798080444336
0.9788064360618591
0.9823307991027832
0.9858570098876953
0.9893871545791626
0.9929217100143433
0.9964598417282104
1.0
1.0035401582717896
1.0070782899856567
1.0106128454208374
1.0141429901123047
1.0176692008972168
1.0211936235427856
1.0247201919555664
1.028255581855774
1.0318090915679932
1.0353933572769165
1.0390243530273438
1.0427218675613403
1.0465097427368164
1.0504162311553955
1.0544735193252563
1.0587186813354492
1.06319260597229
1.067940592765808
1.0730117559432983
1.0784591436386108
0.8435655236244202
0.8544037342071533
0.8644927144050598
0.873938798904419
0.8828402161598206
0.8912879824638367
0.899364173412323
0.9071426391601562
0.9146880507469177
0.9220567345619202
0.9292960166931152
0.9364455938339233
0.9435369372367859
0.9505951404571533
0.9576382637023926
0.9646792411804199
0.9717258214950562
0.9787818789482117
0.9858477711677551
0.9929217100143433
1.0
1.0070782899856567
1.0141521692276
1.021218180656433
1.0282741785049438
1.03532075881958
1.0423617362976074
1.0494048595428467
1.0564630031585693
1.0635544061660767
1.0707039833068848
1.077943205833435
1.0853118896484375
1.0928573608398438
1.1006358861923218
1.108712077140808
1.1171598434448242
1.126061201095581
1.1355072259902954
1.1455962657928467
1.156434416770935
0.7665546536445618
0.7826707363128662
0.7976706027984619
0.8117142915725708
0.8249502778053284
0.8375154733657837
0.8495334386825562
0.8611151576042175
0.8723574876785278
0.8833447694778442
0.894147515296936
0.9048246741294861
0.9154228568077087
0.9259787797927856
0.9365187287330627
0.9470611810684204
0.9576168060302734
0.9681904911994934
0.9787818789482117
0.9893871545791626
1.0
1.0106128454208374
1.021218180656433
1.0318095684051514
1.0423831939697266
1.0529388189315796
1.063481330871582
1.0740212202072144
1.0845770835876465
1.0951753854751587
1.105852484703064
1.1166552305221558
1.1276425123214722
1.1388847827911377
1.1504665613174438
1.1624845266342163
1.1750497817993164
1.1882857084274292
1.202329397201538
1.2173292636871338
1.233445405960083
0.69098299741745
0.7122063636779785
0.7319555878639221
0.7504457831382751
0.7678762078285217
0.7844306826591492
0.8002746105194092
0.8155564069747925
0.8304051160812378
0.8449326157569885
0.8592321276664734
0.8733811378479004
0.8874405026435852
0.9014574885368347
0.9154657125473022
0.9294880032539368
0.9435368180274963
0.9576168060302734
0.9717258214950562
0.9858570098876953
1.0
1.0141429901123047
1.0282741785049438
1.0423831939697266
1.0564632415771484
1.0705119371414185
1.0845342874526978
1.0985424518585205
1.1125595569610596
1.1266188621520996
1.1407679319381714
1.1550674438476562
1.1695948839187622
1.1844435930252075
1.1997253894805908
1.2155693769454956
1.232123851776123
1.24955415725708
1.268044352531433
1.2877936363220215
1.3090169429779053
0.6173165440559387
0.6434183716773987
0.6677000522613525
0.6904336810112
0.7118706107139587
0.73224276304245
0.7517580389976501
0.7706025838851929
0.7889373302459717
0.8069014549255371
0.8246099948883057
0.8421580195426941
0.8596192002296448
0.8770502209663391
0.8944903612136841
0.9119654297828674
0.9294880032539368
0.9470611810684204
0.9646792411804199
0.9823307991027832
1.0
1.0176692008972168
1.03532075881958
1.0529388189315796
1.0705119371414185
1.0880346298217773
1.105509638786316
1.1229498386383057
1.140380859375
1.1578420400619507
1.1753900051116943
1.193098545074463
1.2110626697540283
1.2293974161148071
1.248241901397705
1.2677571773529053
1.2881293296813965
1.3095663785934448
1.3322999477386475
1.356581687927246
1.3826833963394165
0.5460094809532166
0.57669997215271
0.6052401661872864
0.6319607496261597
0.6571674346923828
0.6811415553092957
0.704134464263916
0.7263702750205994
0.7480417490005493
0.7693145871162415
0.7903246283531189
0.8111828565597534
0.831974446773529
0.8527635931968689
0.873593270778656
0.8944903612136841
0.9154657125473022
0.9365187287330627
0.9576382637023926
0.9788064360618591
1.0
1.0211936235427856
1.0423617362976074
1.063481330871582
1.0845342874526978
1.105509638786316
1.1264066696166992
1.1472364664077759
1.1680254936218262
1.1888171434402466
1.2096754312515259
1.2306853532791138
1.2519582509994507
1.2736297845840454
1.295865535736084
1.3188583850860596
1.3428325653076172
1.3680392503738403
1.3947598934173584
1.42330002784729
1.4539904594421387
0.47750142216682434
0.5124288201332092
0.5448940992355347
0.5752901434898376
0.6039795875549316
0.6312949061393738
0.657532274723053
0.6829541325569153
0.7077847123146057
0.732215166091919
0.7564005851745605
0.7804663181304932
0.8045065402984619
0.8285908102989197
0.8527635931968689
0.8770502209663391
0.9014574885368347
0.9259787797927856
0.9505951404571533
0.9752798080444336
1.0
1.0247201919555664
1.0494048595428467
1.0740212202072144
1.0985424518585205
1.1229498386383057
1.1472364664077759
1.1714091300964355
1.195493459701538
1.2195336818695068
1.2435994148254395
1.267784833908081
1.2922152280807495
1.31704580783844
1.3424676656723022
1.3687050342559814
1.3960204124450684
1.4247097969055176
1.4551059007644653
1.487571120262146
1.522498607635498
0.4122147560119629
0.4509603679180145
0.4869546890258789
0.5206567645072937
0.5524894595146179
0.58283931016922
0.6120482683181763
0.6404176950454712
0.6682025194168091
0.6956179738044739
0.7228363752365112
0.7499949932098389
0.7771943807601929
0.8045065402984619
0.831974446773529
0.8596192002296448
0.8874405026435852
0.9154228568077087
0.9435369372367859
0.9717444181442261
1.0
1.028255581855774
1.0564630031585693
1.0845770835876465
1.1125595569610596
1.140380859375
1.1680254936218262
1.195493459701538
1.2228056192398071
1.2500050067901611
1.2771636247634888
1.3043819665908813
1.331797480583191
1.3595823049545288
1.3879517316818237
1.4171606302261353
1.4475104808807373
1.479343295097351
1.513045310974121
1.549039602279663
1.587785243988037
0.350551962852478
0.3926272690296173
0.43168795108795166
0.46826544404029846
0.50284743309021
0.5358775854110718
0.5677453875541687
0.598791241645813
0.6292997002601624
0.6595080494880676
0.6896031498908997
0.7197308540344238
0.7499949932098389
0.7804663181304932
0.8111828565597534
0.8421580195426941
0.8733811378479004
0.9048246741294861
0.9364455938339233
0.9681908488273621
1.0
1.0318090915679932
1.0635544061660767
1.0951753854751587
1.1266188621520996
1.1578420400619507
1.1888171434402466
1.2195336818695068
1.2500050067901611
1.2802691459655762
1.3103969097137451
1.3404920101165771
1.3707003593444824
1.401208758354187
1.4322545528411865
1.4641224145889282
1.49715256690979
1.531734585762024
1.5683120489120483
1.607372760772705
1.649448037147522
0.2928932309150696
0.33773139119148254
0.37932297587394714
0.4182789921760559
0.4551582634449005
0.4904654920101166
0.5246394872665405
0.5580593347549438
0.591037392616272
0.6238301992416382
0.6566352248191833
0.6896031498908997
0.7228363752365112
0.7564005851745605
0.7903246283531189
0.8246099948883057
0.8592321276664734
0.894147515296936
0.9292960166931152
0.9646065831184387
1.0
1.0353933572769165
1.0707039833068848
1.105852484703064
1.1407679319381714
1.1753900051116943
1.2096754312515259
1.2435994148254395
1.2771636247634888
1.3103969097137451
1.3433647155761719
1.3761698007583618
1.408962607383728
1.4419406652450562
1.4753605127334595
1.509534478187561
1.5448417663574219
1.5817209482192993
1.6206769943237305
1.6622686386108398
1.7071068286895752
0.23959402740001678
0.28654345870018005
0.3300500512123108
0.3708159327507019
0.4094788134098053
0.44660940766334534
0.4826972484588623
0.5181592106819153
0.5533323884010315
0.5884882807731628
0.6238301992416382
0.6595080494880676
0.6956179738044739
0.732215166091919
0.7693145871162415
0.8069014549255371
0.8449326157569885
0.8833447694778442
0.9220567345619202
0.960975706577301
1.0
1.0390243530273438
1.077943205833435
1.1166552305221558
1.1550674438476562
1.193098545074463
1.2306853532791138
1.267784833908081
1.3043819665908813
1.3404920101165771
1.3761698007583618
1.411511778831482
1.4466675519943237
1.48184072971344
1.5173027515411377
1.553390622138977
1.590521216392517
1.6291840076446533
1.669950008392334
1.7134565114974976
1.7604060173034668
0.19098301231861115
0.23929175734519958
0.2840054929256439
0.32593193650245667
0.36579814553260803
0.40424636006355286
0.44181761145591736
0.4789639115333557
0.5160420536994934
0.5533323884010315
0.591037392616272
0.6292997002601624
0.6682025194168091
0.7077847123146057
0.7480417490005493
0.7889373302459717
0.8304051160812378
0.8723574876785278
0.9146880507469177
0.9572781920433044
1.0
1.0427218675613403
1.0853118896484375
1.1276425123214722
1.1695948839187622
1.2110626697540283
1.2519582509994507
1.2922152280807495
1.331797480583191
1.3707003593444824
1.408962607383728
1.4466675519943237
1.4839578866958618
1.521036148071289
1.5581823587417603
1.5957536697387695
1.6342018842697144
1.6740680932998657
1.7159944772720337
1.760708212852478
1.8090169429779053
0.14735983312129974
0.19616112112998962
0.2412678599357605
0.28361523151397705
0.3240329325199127
0.36324042081832886
0.40182897448539734
0.44028061628341675
0.4789639115333557
0.5181592106819153
0.5580593347549438
0.598791241645813
0.6404176950454712
0.6829541325569153
0.7263702750205994
0.7706025838851929
0.8155564069747925
0.8611151576042175
0.9071426391601562
0.9534902572631836
1.0
1.0465097427368164
1.0928573608398438
1.1388847827911377
1.1844435930252075
1.2293974161148071
1.2736297845840454
1.31704580783844
1.3595823049545288
1.401208758354187
1.4419406652450562
1.48184072971344
1.521036148071289
1.559719443321228
1.5981709957122803
1.6367595195770264
1.6759670972824097
1.716384768486023
1.7587320804595947
1.803838849067688
1.852640151977539
0.10899347811937332
0.15727418661117554
0.20183047652244568
0.2437543272972107
0.28399479389190674
0.3233524560928345
0.3624632954597473
0.40182897448539734
0.44181761145591736
0.4826972484588623
0.5246394872665405
0.5677453875541687
0.6120482683181763
0.657532274723053
0.704134464263916
0.7517580389976501
0.8002746105194092
0.8495334386825562
0.899364173412323
0.9495838284492493
1.0
1.0504162311553955
1.1006358861923218
1.1504665613174438
1.1997253894805908
1.248241901397705
1.295865535736084
1.3424676656723022
1.3879517316818237
1.4322545528411865
1.4753605127334595
1.5173027515411377
1.5581823587417603
1.5981709957122803
1.6375367641448975
1.6766475439071655
1.7160052061080933
1.756245732307434
1.798169493675232
1.8427257537841797
1.8910064697265625
0.07612046599388123
0.12268652021884918
0.165590301156044
0.20612624287605286
0.24538032710552216
0.28423359990119934
0.3233524560928345
0.36324042081832886
0.40424636006355286
0.44660940766334534
0.4904654920101166
0.5358775854110718
0.58283931016922
0.6312949061393738
0.6811415553092957
0.73224276304245
0.7844306826591492
0.8375154733657837
0.8912879824638367
0.9455264806747437
1.0
1.0544735193252563
1.108712077140808
1.1624845266342163
1.2155693769454956
1.2677571773529053
1.3188583850860596
1.3687050342559814
1.4171606302261353
1.4641224145889282
1.509534478187561
1.553390622138977
1.5957536697387695
1.6367595195770264
1.6766475439071655
1.715766429901123
1.7546197175979614
1.7938737869262695
1.8344097137451172
1.877313494682312
1.9238795042037964
0.04894348233938217
0.09234189987182617
0.13228702545166016
0.17033112049102783
0.20771504938602448
0.24538032710552216
0.28399479389190674
0.3240329325199127
0.36579814553260803
0.4094788134098053
0.4551582634449005
0.50284743309021
0.5524894595146179
0.6039795875549316
0.6571674346923828
0.7118706107139587
0.7678762078285217
0.8249502778053284
0.8828402161598206
0.9412813186645508
1.0
1.0587186813354492
1.1171598434448242
1.1750497817993164
1.232123851776123
1.2881293296813965
1.3428325653076172
1.3960204124450684
1.4475104808807373
1.49715256690979
1.5448417663574219
1.590521216392517
1.6342018842697144
1.6759670972824097
1.7160052061080933
1.7546197175979614
1.7922849655151367
1.8296688795089722
1.8677129745483398
1.9076581001281738
1.9510564804077148
0.02763007953763008
0.06605323404073715
0.10145895928144455
0.13576149940490723
0.17033112049102783
0.20612624287605286
0.2437543272972107
0.28361523151397705
0.32593193650245667
0.3708159327507019
0.4182789921760559
0.46826544404029846
0.5206567645072937
0.5752901434898376
0.6319607496261597
0.6904336810112
0.7504457831382751
0.8117142915725708
0.873938798904419
0.93680739402771
1.0
1.06319260597229
1.126061201095581
1.1882857084274292
1.24955415725708
1.3095663785934448
1.3680392503738403
1.4247097969055176
1.479343295097351
1.531734585762024
1.5817209482192993
1.6291840076446533
1.6740680932998657
1.716384768486023
1.756245732307434
1.7938737869262695
1.8296688795089722
1.8642385005950928
1.8985410928726196
1.9339467287063599
1.972369909286499
0.012311659753322601
0.043313778936862946
0.07228630781173706
0.10145895928144455
0.13228702545166016
0.165590301156044
0.20183047652244568
0.2412678599357605
0.2840054929256439
0.3300500512123108
0.37932297587394714
0.43168795108795166
0.4869546890258789
0.5448940992355347
0.6052401661872864
0.6677000522613525
0.7319555878639221
0.7976706027984619
0.8644927144050598
0.9320594072341919
1.0
1.067940592765808
1.1355072259902954
1.202329397201538
1.268044352531433
1.3322999477386475
1.3947598934173584
1.4551059007644653
1.513045310974121
1.5683120489120483
1.6206769943237305
1.669950008392334
1.7159944772720337
1.7587320804595947
1.798169493675232
1.8344097137451172
1.8677129745483398
1.8985410928726196
1.9277137517929077
1.95668625831604
1.9876883029937744
0.003082666313275695
0.023249773308634758
0.043313778936862946
0.06605323404073715
0.09234189987182617
0.12268652021884918
0.15727418661117554
0.19616112112998962
0.23929175734519958
0.28654345870018005
0.33773139119148254
0.3926272690296173
0.4509603679180145
0.5124288201332092
0.57669997215271
0.6434183716773987
0.7122063636779785
0.7826707363128662
0.8544037342071533
0.9269881844520569
1.0
1.0730117559432983
1.1455962657928467
1.2173292636871338
1.2877936363220215
1.356581687927246
1.42330002784729
1.487571120262146
1.549039602279663
1.607372760772705
1.6622686386108398
1.7134565114974976
1.760708212852478
1.803838849067688
1.8427257537841797
1.877313494682312
1.9076581001281738
1.9339467287063599
1.95668625831604
1.9767502546310425
1.9969173669815063
0.0
0.003082666313275695
0.012311659753322601
0.02763007953763008
0.04894348233938217
0.07612046599388123
0.10899347811937332
0.14735983312129974
0.19098301231861115
0.23959402740001678
0.2928932309150696
0.350551962852478
0.4122147560119629
0.47750142216682434
0.5460094809532166
0.6173165440559387
0.69098299741745
0.7665546536445618
0.8435655236244202
0.9215409159660339
1.0
1.0784591436386108
1.156434416770935
1.233445405960083
1.3090169429779053
1.3826833963394165
1.4539904594421387
1.522498607635498
1.587785243988037
1.649448037147522
1.7071068286895752
1.7604060173034668
1.8090169429779053
1.852640151977539
1.8910064697265625
1.9238795042037964
1.9510564804077148
1.972369909286499
1.9876883029937744
1.9969173669815063
2.0
