2.0
1.9969173669815063
1.9876883029937744
1.972369909286499
1.9510564804077148
1.9238795042037964
1.8910064697265625
1.852640151977539
1.8090169429779053
1.7604060173034668
1.7071068286895752
1.649448037147522
1.587785243988037
1.522498607635498
1.4539904594421387
1.3826833963394165
1.3090169429779053
1.233445405960083
1.156434416770935
1.0784591436386108
1.0
0.9215409159660339
0.8435655236244202
0.7665546536445618
0.69098299741745
0.6173165440559387
0.5460094809532166
0.47750142216682434
0.4122147560119629
0.350551962852478
0.2928932309150696
0.23959402740001678
0.19098301231861115
0.14735983312129974
0.10899347811937332
0.07612046599388123
0.04894348233938217
0.02763007953763008
0.012311659753322601
0.003082666313275695
0.0
1.9969173669815063
1.9766960144042969
1.9565975666046143
1.933834433555603
1.9075297117233276
1.877174735069275
1.8425813913345337
1.80369234085083
1.7605628967285156
1.7133150100708008
1.6621332168579102
1.6072455644607544
1.5489224195480347
1.487465500831604
1.4232070446014404
1.3565025329589844
1.287729263305664
1.217280387878418
1.1455634832382202
1.0729953050613403
1.0
0.9270046949386597
0.8544365763664246
0.782719612121582
0.7122706770896912
0.6434974074363708
0.5767928957939148
0.5125345587730408
0.45107752084732056
0.39275437593460083
0.33786672353744507
0.2866849899291992
0.23943711817264557
0.19630761444568634
0.1574186533689499
0.12282522022724152
0.09247028082609177
0.06616562604904175
0.043402474373579025
0.023304004222154617
0.003082666313275695
1.9876883029937744
1.9565975666046143
1.9275619983673096
1.8983447551727295
1.867485761642456
1.8341618776321411
1.7979097366333008
1.7584675550460815
1.7157310247421265
1.6696926355361938
1.6204304695129395
1.568079948425293
1.512831211090088
1.454912543296814
1.3945896625518799
1.3321549892425537
1.2679264545440674
1.2022398710250854
1.1354470252990723
1.0679103136062622
1.0
0.9320896863937378
0.8645530343055725
0.7977601885795593
0.7320735454559326
0.6678449511528015
0.6054103374481201
0.545087456703186
0.4871688485145569
0.43191999197006226
0.37956956028938293
0.33030733466148376
0.2842690348625183
0.24153248965740204
0.20209021866321564
0.1658380627632141
0.13251428306102753
0.10165520757436752
0.07243800163269043
0.043402474373579025
0.012311659753322601
1.972369909286499
1.933834433555603
1.8983447551727295
1.8639806509017944
1.8293671607971191
1.7935422658920288
1.7558962106704712
1.7160272598266602
1.673710823059082
1.6288343667984009
1.5813851356506348
1.5314180850982666
1.4790507555007935
1.424445390701294
1.367806315422058
1.3093678951263428
1.2493926286697388
1.188162922859192
1.1259785890579224
1.0631510019302368
1.0
0.9368489980697632
0.8740214109420776
0.8118371367454529
0.7506073713302612
0.6906321048736572
0.6321936249732971
0.575554609298706
0.5209493041038513
0.4685819745063782
0.41861480474472046
0.37116560339927673
0.3262891471385956
0.28397276997566223
0.24410375952720642
0.20645771920681
0.17063286900520325
0.13601931929588318
0.10165520757436752
0.06616562604904175
0.02763007953763008
1.9510564804077148
1.9075297117233276
1.867485761642456
1.8293671607971191
1.7919288873672485
1.7542260885238647
1.7155883312225342
1.6755390167236328
1.633772850036621
1.5901002883911133
1.5444366931915283
1.4967702627182007
1.4471567869186401
1.3957003355026245
1.3425503969192505
1.2878888845443726
1.2319278717041016
1.174900770187378
1.1170594692230225
1.0586682558059692
1.0
0.9413317441940308
0.8829405307769775
0.8250992894172668
0.7680721282958984
0.7121111750602722
0.6574496030807495
0.6042996644973755
0.5528432130813599
0.5032297372817993
0.4555632472038269
0.4098997116088867
0.3662271499633789
0.32446104288101196
0.2844116687774658
0.24577385187149048
0.20807109773159027
0.17063286900520325
0.13251428306102753
0.09247028082609177
0.04894348233938217
1.9238795042037964
1.877174735069275
1.8341618776321411
1.7935422658920288
1.7542260885238647
1.7153292894363403
1.6761826276779175
1.6362805366516113
1.595272421836853
1.55291748046875
1.5090785026550293
1.4636913537979126
1.4167612791061401
1.3683433532714844
1.3185393810272217
1.2674850225448608
1.2153475284576416
1.1623157262802124
1.1085983514785767
1.0544164180755615
1.0
0.9455836415290833
0.8914015889167786
0.8376842141151428
0.7846525311470032
0.7325149774551392
0.6814606189727783
0.6316566467285156
0.5832387208938599
0.5363087058067322
0.4909215271472931
0.44708251953125
0.404727578163147
0.3637194037437439
0.32381734251976013
0.28467074036598206
0.24577385187149048
0.20645771920681
0.1658380627632141
0.12282522022724152
0.07612046599388123
1.8910064697265625
1.8425813913345337
1.7979097366333008
1.7558962106704712
1.7155883312225342
1.6761826276779175
1.637040615081787
1.5976585149765015
1.557666301727295
1.5167944431304932
1.474869728088379
1.4317901134490967
1.3875209093093872
1.3420772552490234
1.2955209016799927
1.2479476928710938
1.1994855403900146
1.1502840518951416
1.1005128622055054
1.0503543615341187
1.0
0.9496456384658813
0.8994870781898499
0.8497159481048584
0.8005144596099854
0.7520522475242615
0.7044790983200073
0.6579227447509766
0.612479031085968
0.5682098865509033
0.5251302123069763
0.4832055866718292
0.4423336386680603
0.40234148502349854
0.3629593253135681
0.32381734251976013
0.2844116687774658
0.24410375952720642
0.20209021866321564
0.1574186533689499
0.10899347811937332
1.852640151977539
1.80369234085083
1.7584675550460815
1.7160272598266602
1.6755390167236328
1.6362805366516113
1.5976585149765015
1.559188723564148
1.520500659942627
1.4813125133514404
1.4414299726486206
1.4007247686386108
1.3591331243515015
1.3166383504867554
1.273269772529602
1.2290899753570557
1.1841927766799927
1.138693928718567
1.0927287340164185
1.0464450120925903
1.0
0.9535549879074097
0.9072712063789368
0.8613060116767883
0.8158071637153625
0.7709099650382996
0.726730227470398
0.6833617091178894
0.6408669352531433
0.5992751717567444
0.5585700273513794
0.5186874866485596
0.47949931025505066
0.44081130623817444
0.40234148502349854
0.3637194037437439
0.32446104288101196
0.28397276997566223
0.24153248965740204
0.19630761444568634
0.14735983312129974
1.8090169429779053
1.7605628967285156
1.7157310247421265
1.673710823059082
1.633772850036621
1.595272421836853
1.557666301727295
1.520500659942627
1.4834167957305908
1.446133017539978
1.408445119857788
1.3702094554901123
1.3313415050506592
1.2918012142181396
1.2515923976898193
1.2107501029968262
1.1693397760391235
1.127448320388794
1.0851811170578003
1.0426559448242188
1.0
0.9573439955711365
0.9148189425468445
0.8725517392158508
0.8306601643562317
0.7892499566078186
0.7484076619148254
0.7081987261772156
0.6686584949493408
0.6297905445098877
0.5915548205375671
0.5538670420646667
0.5165831446647644
0.47949931025505066
0.4423336386680603
0.404727578163147
0.3662271499633789
0.3262891471385956
0.2842690348625183
0.23943711817264557
0.19098301231861115
1.7604060173034668
1.7133150100708008
1.6696926355361938
1.6288343667984009
1.5901002883911133
1.55291748046875
1.5167944431304932
1.4813125133514404
1.446133017539978
1.4109828472137451
1.3756574392318726
1.3400053977966309
1.3039296865463257
1.2673739194869995
1.230322003364563
1.192788004875183
1.1548138856887817
1.1164621114730835
1.0778131484985352
1.0389587879180908
1.0
0.9610411524772644
0.9221868515014648
0.8835378289222717
0.8451861143112183
0.8072120547294617
0.769677996635437
0.7326261401176453
0.6960703134536743
0.6599945425987244
0.6243426203727722
0.5890171527862549
0.5538670420646667
0.5186874866485596
0.4832055866718292
0.44708251953125
0.4098997116088867
0.37116560339927673
0.33030733466148376
0.2866849899291992
0.23959402740001678
1.7071068286895752
1.6621332168579102
1.6204304695129395
1.5813851356506348
1.5444366931915283
1.5090785026550293
1.474869728088379
1.4414299726486206
1.408445119857788
1.3756574392318726
1.3428678512573242
1.3099247217178345
1.2767243385314941
1.2432000637054443
1.2093220949172974
1.1750879287719727
1.1405212879180908
1.105664610862732
1.0705773830413818
1.0353296995162964
1.0
0.9646703004837036
0.9294226765632629
0.8943353891372681
0.8594787120819092
0.8249120712280273
0.7906778454780579
0.7567998766899109
0.7232756614685059
0.6900753378868103
0.6571322083473206
0.6243426203727722
0.5915548205375671
0.5585700273513794
0.5251302123069763
0.4909215271472931
0.4555632472038269
0.41861480474472046
0.37956956028938293
0.33786672353744507
0.2928932309150696
1.649448037147522
1.6072455644607544
1.568079948425293
1.5314180850982666
1.4967702627182007
1.4636913537979126
1.4317901134490967
1.4007247686386108
1.3702094554901123
1.3400053977966309
1.3099247217178345
1.279820203781128
1.249587059020996
1.219153642654419
1.1884807348251343
1.157554268836975
1.126383900642395
1.0949963331222534
1.0634337663650513
1.0317484140396118
1.0
0.9682515859603882
0.9365662932395935
0.9050037264823914
0.873616099357605
0.8424457311630249
0.8115192651748657
0.780846357345581
0.7504128813743591
0.7201798558235168
0.6900753378868103
0.6599945425987244
0.6297905445098877
0.5992751717567444
0.5682098865509033
0.5363087058067322
0.5032297372817993
0.4685819745063782
0.43191999197006226
0.39275437593460083
0.350551962852478
1.587785243988037
1.5489224195480347
1.512831211090088
1.4790507555007935
1.4471567869186401
1.4167612791061401
1.3875209093093872
1.3591331243515015
1.3313415050506592
1.3039296865463257
1.2767243385314941
1.249587059020996
1.2224164009094238
1.1951392889022827
1.1677119731903076
1.1401125192642212
1.1123403310775757
1.0844101905822754
1.0563504695892334
1.0281989574432373
1.0
0.9718010425567627
0.9436495304107666
0.9155898690223694
0.8876596093177795
0.859887421131134
0.8322879672050476
0.8048606514930725
0.7775835990905762
0.7504128813743591
0.7232756614685059
0.6960703134536743
0.6686584949493408
0.6408669352531433
0.612479031085968
0.5832387208938599
0.5528432130813599
0.5209493041038513
0.4871688485145569
0.45107752084732056
0.4122147560119629
1.522498607635498
1.487465500831604
1.454912543296814
1.424445390701294
1.3957003355026245
1.3683433532714844
1.3420772552490234
1.3166383504867554
1.2918012142181396
1.2673739194869995
1.2432000637054443
1.219153642654419
1.1951392889022827
1.1710869073867798
1.1469509601593018
1.1227054595947266
1.0983428955078125
1.0738691091537476
1.049302339553833
1.024668574333191
1.0
0.9753314852714539
0.9506977200508118
0.9261308908462524
0.9016571044921875
0.8772945404052734
0.8530490398406982
0.828913152217865
0.8048606514930725
0.780846357345581
0.7567998766899109
0.7326261401176453
0.7081987261772156
0.6833617091178894
0.6579227447509766
0.6316566467285156
0.6042996644973755
0.575554609298706
0.545087456703186
0.5125345587730408
0.47750142216682434
1.4539904594421387
1.4232070446014404
1.3945896625518799
1.367806315422058
1.3425503969192505
1.3185393810272217
1.2955209016799927
1.273269772529602
1.2515923976898193
1.230322003364563
1.2093220949172974
1.1884807348251343
1.1677119731903076
1.1469509601593018
1.126153826713562
1.1052931547164917
1.0843573808670044
1.0633465051651
1.0422707796096802
1.0211478471755981
1.0
0.9788522124290466
0.957729160785675
0.9366535544395447
0.9156426191329956
0.8947068452835083
0.873846173286438
0.8530490398406982
0.8322879672050476
0.8115192651748657
0.7906778454780579
0.769677996635437
0.7484076619148254
0.726730227470398
0.7044790983200073
0.6814606189727783
0.6574496030807495
0.6321936249732971
0.6054103374481201
0.5767928957939148
0.5460094809532166
1.3826833963394165
1.3565025329589844
1.3321549892425537
1.3093678951263428
1.2878888845443726
1.2674850225448608
1.2479476928710938
1.2290899753570557
1.2107501029968262
1.192788004875183
1.1750879287719727
1.157554268836975
1.1401125192642212
1.1227054595947266
1.1052931547164917
1.0878492593765259
1.070360541343689
1.0528233051300049
1.0352429151535034
1.0176299810409546
1.0
0.9823700189590454
0.9647571444511414
0.9471766948699951
0.929639458656311
0.9121507406234741
0.8947068452835083
0.8772945404052734
0.859887421131134
0.8424457311630249
0.8249120712280273
0.8072120547294617
0.7892499566078186
0.7709099650382996
0.7520522475242615
0.7325149774551392
0.7121111750602722
0.6906321048736572
0.6678449511528015
0.6434974074363708
0.6173165440559387
1.3090169429779053
1.287729263305664
1.2679264545440674
1.2493926286697388
1.2319278717041016
1.2153475284576416
1.1994855403900146
1.1841927766799927
1.1693397760391235
1.1548138856887817
1.1405212879180908
1.126383900642395
1.1123403310775757
1.0983428955078125
1.0843573808670044
1.070360541343689
1.0563393831253052
1.0422887802124023
1.0282105207443237
1.0141109228134155
1.0
0.9858890175819397
0.9717894792556763
0.9577112197875977
0.9436606168746948
0.929639458656311
0.9156426191329956
0.9016571044921875
0.8876596093177795
0.873616099357605
0.8594787120819092
0.8451861143112183
0.8306601643562317
0.8158071637153625
0.8005144596099854
0.7846525311470032
0.7680721282958984
0.7506073713302612
0.7320735454559326
0.7122706770896912
0.69098299741745
1.233445405960083
1.217280387878418
1.2022398710250854
1.188162922859192
1.174900770187378
1.1623157262802124
1.1502840518951416
1.138693928718567
1.127448320388794
1.1164621114730835
1.105664610862732
1.0949963331222534
1.0844101905822754
1.0738691091537476
1.0633465051651
1.0528233051300049
1.0422887802124023
1.0317375659942627
1.0211695432662964
1.0105884075164795
1.0
0.9894115924835205
0.9788303971290588
0.9682624936103821
0.9577112197875977
0.9471766948699951
0.9366535544395447
0.9261308908462524
0.9155898690223694
0.9050037264823914
0.8943353891372681
0.8835378289222717
0.8725517392158508
0.8613060116767883
0.8497159481048584
0.8376842141151428
0.8250992894172668
0.8118371367454529
0.7977601885795593
0.782719612121582
0.7665546536445618
1.156434416770935
1.1455634832382202
1.1354470252990723
1.1259785890579224
1.1170594692230225
1.1085983514785767
1.1005128622055054
1.0927287340164185
1.0851811170578003
1.0778131484985352
1.0705773830413818
1.0634337663650513
1.0563504695892334
1.049302339553833
1.0422707796096802
1.0352429151535034
1.0282105207443237
1.0211695432662964
1.0141195058822632
1.0070618391036987
1.0
0.9929381608963013
0.9858804941177368
0.9788303971290588
0.9717894792556763
0.9647571444511414
0.957729160785675
0.9506977200508118
0.9436495304107666
0.9365662932395935
0.9294226765632629
0.9221868515014648
0.9148189425468445
0.9072712063789368
0.8994870781898499
0.8914015889167786
0.8829405307769775
0.8740214109420776
0.8645530343055725
0.8544365763664246
0.8435655236244202
1.0784591436386108
1.0729953050613403
1.0679103136062622
1.0631510019302368
1.0586682558059692
1.0544164180755615
1.0503543615341187
1.0464450120925903
1.0426559448242188
1.0389587879180908
1.0353296995162964
1.0317484140396118
1.0281989574432373
1.024668574333191
1.0211478471755981
1.0176299810409546
1.0141109228134155
1.0105884075164795
1.0070618391036987
1.003531813621521
1.0
0.9964681267738342
0.9929381608963013
0.9894115924835205
0.9858890175819397
0.9823700189590454
0.9788522124290466
0.9753314852714539
0.9718010425567627
0.9682515859603882
0.9646703004837036
0.9610411524772644
0.9573439955711365
0.9535549879074097
0.9496456384658813
0.9455836415290833
0.9413317441940308
0.9368489980697632
0.9320896863937378
0.9270046949386597
0.9215409159660339
1.0
1.0
1.0
1.0
1.0
1.0
1.0
1.0
1.0
1.0
1.0
1.0
1.0
1.0
1.0
1.0
1.0
1.0
1.0
1.0
1.0
1.0
1.0
1.0
1.0
1.0
1.0
1.0
1.0
1.0
1.0
1.0
1.0
1.0
1.0
1.0
1.0
1.0
1.0
1.0
1.0
0.9215409159660339
0.9270046949386597
0.9320896863937378
0.9368489980697632
0.9413317441940308
0.9455836415290833
0.9496456384658813
0.9535549879074097
0.9573439955711365
0.9610411524772644
0.9646703004837036
0.9682515859603882
0.9718010425567627
0.9753314852714539
0.9788522124290466
0.9823700189590454
0.9858890175819397
0.9894115924835205
0.9929381608963013
0.9964681267738342
1.0
1.003531813621521
1.0070618391036987
1.0105884075164795
1.0141109228134155
1.0176299810409546
1.0211478471755981
1.024668574333191
1.0281989574432373
1.0317484140396118
1.0353296995162964
1.0389587879180908
1.0426559448242188
1.0464450120925903
1.0503543615341187
1.0544164180755615
1.0586682558059692
1.0631510019302368
1.0679103136062622
1.0729953050613403
1.0784591436386108
0.8435655236244202
0.8544365763664246
0.8645530343055725
0.8740214109420776
0.8829405307769775
0.8914015889167786
0.8994870781898499
0.9072712063789368
0.9148189425468445
0.9221868515014648
0.9294226765632629
0.9365662932395935
0.9436495304107666
0.9506977200508118
0.957729160785675
0.9647571444511414
0.9717894792556763
0.9788303971290588
0.9858804941177368
0.9929381608963013
1.0
1.0070618391036987
1.0141195058822632
1.0211695432662964
1.0282105207443237
1.0352429151535034
1.0422707796096802
1.049302339553833
1.0563504695892334
1.0634337663650513
1.0705773830413818
1.0778131484985352
1.0851811170578003
1.0927287340164185
1.1005128622055054
1.1085983514785767
1.1170594692230225
1.1259785890579224
1.1354470252990723
1.1455634832382202
1.156434416770935
0.7665546536445618
0.782719612121582
0.7977601885795593
0.8118371367454529
0.8250992894172668
0.8376842141151428
0.8497159481048584
0.8613060116767883
0.8725517392158508
0.8835378289222717
0.8943353891372681
0.9050037264823914
0.9155898690223694
0.9261308908462524
0.9366535544395447
0.9471766948699951
0.9577112197875977
0.9682624936103821
0.9788303971290588
0.9894115924835205
1.0
1.0105884075164795
1.0211695432662964
1.0317375659942627
1.0422887802124023
1.0528233051300049
1.0633465051651
1.0738691091537476
1.0844101905822754
1.0949963331222534
1.105664610862732
1.1164621114730835
1.127448320388794
1.138693928718567
1.1502840518951416
1.1623157262802124
1.174900770187378
1.188162922859192
1.2022398710250854
1.217280387878418
1.233445405960083
0.69098299741745
0.7122706770896912
0.7320735454559326
0.7506073713302612
0.7680721282958984
0.7846525311470032
0.8005144596099854
0.8158071637153625
0.8306601643562317
0.8451861143112183
0.8594787120819092
0.873616099357605
0.8876596093177795
0.9016571044921875
0.9156426191329956
0.929639458656311
0.9436606168746948
0.9577112197875977
0.9717894792556763
0.9858890175819397
1.0
1.0141109228134155
1.0282105207443237
1.0422887802124023
1.0563393831253052
1.070360541343689
1.0843573808670044
1.0983428955078125
1.1123403310775757
1.126383900642395
1.1405212879180908
1.1548138856887817
1.1693397760391235
1.1841927766799927
1.1994855403900146
1.2153475284576416
1.2319278717041016
1.2493926286697388
1.2679264545440674
1.287729263305664
1.3090169429779053
0.6173165440559387
0.6434974074363708
0.6678449511528015
0.6906321048736572
0.7121111750602722
0.7325149774551392
0.7520522475242615
0.7709099650382996
0.7892499566078186
0.8072120547294617
0.8249120712280273
0.8424457311630249
0.859887421131134
0.8772945404052734
0.8947068452835083
0.9121507406234741
0.929639458656311
0.9471766948699951
0.9647571444511414
0.9823700189590454
1.0
1.0176299810409546
1.0352429151535034
1.0528233051300049
1.070360541343689
1.0878492593765259
1.1052931547164917
1.1227054595947266
1.1401125192642212
1.157554268836975
1.1750879287719727
1.192788004875183
1.2107501029968262
1.2290899753570557
1.2479476928710938
1.2674850225448608
1.2878888845443726
1.3093678951263428
1.3321549892425537
1.3565025329589844
1.3826833963394165
0.5460094809532166
0.5767928957939148
0.6054103374481201
0.6321936249732971
0.6574496030807495
0.6814606189727783
0.7044790983200073
0.726730227470398
0.7484076619148254
0.769677996635437
0.7906778454780579
0.8115192651748657
0.8322879672050476
0.8530490398406982
0.873846173286438
0.8947068452835083
0.9156426191329956
0.9366535544395447
0.957729160785675
0.9788522124290466
1.0
1.0211478471755981
1.0422707796096802
1.0633465051651
1.0843573808670044
1.1052931547164917
1.126153826713562
1.1469509601593018
1.1677119731903076
1.1884807348251343
1.2093220949172974
1.230322003364563
1.2515923976898193
1.273269772529602
1.2955209016799927
1.3185393810272217
1.3425503969192505
1.367806315422058
1.3945896625518799
1.4232070446014404
1.4539904594421387
0.47750142216682434
0.5125345587730408
0.545087456703186
0.575554609298706
0.6042996644973755
0.6316566467285156
0.6579227447509766
0.6833617091178894
0.7081987261772156
0.7326261401176453
0.7567998766899109
0.780846357345581
0.8048606514930725
0.828913152217865
0.8530490398406982
0.8772945404052734
0.9016571044921875
0.9261308908462524
0.9506977200508118
0.9753314852714539
1.0
1.024668574333191
1.049302339553833
1.0738691091537476
1.0983428955078125
1.1227054595947266
1.1469509601593018
1.1710869073867798
1.1951392889022827
1.219153642654419
1.2432000637054443
1.2673739194869995
1.2918012142181396
1.3166383504867554
1.3420772552490234
1.3683433532714844
1.3957003355026245
1.424445390701294
1.454912543296814
1.487465500831604
1.522498607635498
0.4122147560119629
0.45107752084732056
0.4871688485145569
0.5209493041038513
0.5528432130813599
0.5832387208938599
0.612479031085968
0.6408669352531433
0.6686584949493408
0.6960703134536743
0.7232756614685059
0.7504128813743591
0.7775835990905762
0.8048606514930725
0.8322879672050476
0.859887421131134
0.8876596093177795
0.9155898690223694
0.9436495304107666
0.9718010425567627
1.0
1.0281989574432373
1.0563504695892334
1.0844101905822754
1.1123403310775757
1.1401125192642212
1.1677119731903076
1.1951392889022827
1.2224164009094238
1.249587059020996
1.2767243385314941
1.3039296865463257
1.3313415050506592
1.3591331243515015
1.3875209093093872
1.4167612791061401
1.4471567869186401
1.4790507555007935
1.512831211090088
1.5489224195480347
1.587785243988037
0.350551962852478
0.39275437593460083
0.43191999197006226
0.4685819745063782
0.5032297372817993
0.5363087058067322
0.5682098865509033
0.5992751717567444
0.6297905445098877
0.6599945425987244
0.6900753378868103
0.7201798558235168
0.7504128813743591
0.780846357345581
0.8115192651748657
0.8424457311630249
0.873616099357605
0.9050037264823914
0.9365662932395935
0.9682515859603882
1.0
1.0317484140396118
1.0634337663650513
1.0949963331222534
1.126383900642395
1.157554268836975
1.1884807348251343
1.219153642654419
1.249587059020996
1.279820203781128
1.3099247217178345
1.3400053977966309
1.3702094554901123
1.4007247686386108
1.4317901134490967
1.4636913537979126
1.4967702627182007
1.5314180850982666
1.568079948425293
1.6072455644607544
1.649448037147522
0.2928932309150696
0.33786672353744507
0.37956956028938293
0.41861480474472046
0.4555632472038269
0.4909215271472931
0.5251302123069763
0.5585700273513794
0.5915548205375671
0.6243426203727722
0.6571322083473206
0.6900753378868103
0.7232756614685059
0.7567998766899109
0.7906778454780579
0.8249120712280273
0.8594787120819092
0.8943353891372681
0.9294226765632629
0.9646703004837036
1.0
1.0353296995162964
1.0705773830413818
1.105664610862732
1.1405212879180908
1.1750879287719727
1.2093220949172974
1.2432000637054443
1.2767243385314941
1.3099247217178345
1.3428678512573242
1.3756574392318726
1.408445119857788
1.4414299726486206
1.474869728088379
1.5090785026550293
1.5444366931915283
1.5813851356506348
1.6204304695129395
1.6621332168579102
1.7071068286895752
0.23959402740001678
0.2866849899291992
0.33030733466148376
0.37116560339927673
0.4098997116088867
0.44708251953125
0.4832055866718292
0.5186874866485596
0.5538670420646667
0.5890171527862549
0.6243426203727722
0.6599945425987244
0.6960703134536743
0.7326261401176453
0.769677996635437
0.8072120547294617
0.8451861143112183
0.8835378289222717
0.9221868515014648
0.9610411524772644
1.0
1.0389587879180908
1.0778131484985352
1.1164621114730835
1.1548138856887817
1.192788004875183
1.230322003364563
1.2673739194869995
1.3039296865463257
1.3400053977966309
1.3756574392318726
1.4109828472137451
1.446133017539978
1.4813125133514404
1.5167944431304932
1.55291748046875
1.5901002883911133
1.6288343667984009
1.6696926355361938
1.7133150100708008
1.7604060173034668
0.19098301231861115
0.23943711817264557
0.2842690348625183
0.3262891471385956
0.3662271499633789
0.404727578163147
0.4423336386680603
0.47949931025505066
0.5165831446647644
0.5538670420646667
0.5915548205375671
0.6297905445098877
0.6686584949493408
0.7081987261772156
0.7484076619148254
0.7892499566078186
0.8306601643562317
0.8725517392158508
0.9148189425468445
0.9573439955711365
1.0
1.0426559448242188
1.0851811170578003
1.127448320388794
1.1693397760391235
1.2107501029968262
1.2515923976898193
1.2918012142181396
1.3313415050506592
1.3702094554901123
1.408445119857788
1.446133017539978
1.4834167957305908
1.520500659942627
1.557666301727295
1.595272421836853
1.633772850036621
1.673710823059082
1.7157310247421265
1.7605628967285156
1.8090169429779053
0.14735983312129974
0.19630761444568634
0.24153248965740204
0.28397276997566223
0.32446104288101196
0.3637194037437439
0.40234148502349854
0.44081130623817444
0.47949931025505066
0.5186874866485596
0.5585700273513794
0.5992751717567444
0.6408669352531433
0.6833617091178894
0.726730227470398
0.7709099650382996
0.8158071637153625
0.8613060116767883
0.9072712063789368
0.9535549879074097
1.0
1.0464450120925903
1.0927287340164185
1.138693928718567
1.1841927766799927
1.2290899753570557
1.273269772529602
1.3166383504867554
1.3591331243515015
1.4007247686386108
1.4414299726486206
1.4813125133514404
1.520500659942627
1.559188723564148
1.5976585149765015
1.6362805366516113
1.6755390167236328
1.7160272598266602
1.7584675550460815
1.80369234085083
1.852640151977539
0.10899347811937332
0.1574186533689499
0.20209021866321564
0.24410375952720642
0.2844116687774658
0.32381734251976013
0.3629593253135681
0.40234148502349854
0.4423336386680603
0.4832055866718292
0.5251302123069763
0.5682098865509033
0.612479031085968
0.6579227447509766
0.7044790983200073
0.7520522475242615
0.8005144596099854
0.8497159481048584
0.8994870781898499
0.9496456384658813
1.0
1.0503543615341187
1.1005128622055054
1.1502840518951416
1.1994855403900146
1.2479476928710938
1.2955209016799927
1.3420772552490234
1.3875209093093872
1.4317901134490967
1.474869728088379
1.5167944431304932
1.557666301727295
1.5976585149765015
1.637040615081787
1.6761826276779175
1.7155883312225342
1.7558962106704712
1.7979097366333008
1.8425813913345337
1.8910064697265625
0.07612046599388123
0.12282522022724152
0.1658380627632141
0.20645771920681
0.24577385187149048
0.28467074036598206
0.32381734251976013
0.3637194037437439
0.404727578163147
0.44708251953125
0.4909215271472931
0.5363087058067322
0.5832387208938599
0.6316566467285156
0.6814606189727783
0.7325149774551392
0.7846525311470032
0.8376842141151428
0.8914015889167786
0.9455836415290833
1.0
1.0544164180755615
1.1085983514785767
1.1623157262802124
1.2153475284576416
1.2674850225448608
1.3185393810272217
1.3683433532714844
1.4167612791061401
1.4636913537979126
1.5090785026550293
1.55291748046875
1.595272421836853
1.6362805366516113
1.6761826276779175
1.7153292894363403
1.7542260885238647
1.7935422658920288
1.8341618776321411
1.877174735069275
1.9238795042037964
0.04894348233938217
0.09247028082609177
0.13251428306102753
0.17063286900520325
0.20807109773159027
0.24577385187149048
0.2844116687774658
0.32446104288101196
0.3662271499633789
0.4098997116088867
0.4555632472038269
0.5032297372817993
0.5528432130813599
0.6042996644973755
0.6574496030807495
0.7121111750602722
0.7680721282958984
0.8250992894172668
0.8829405307769775
0.9413317441940308
1.0
1.0586682558059692
1.1170594692230225
1.174900770187378
1.2319278717041016
1.2878888845443726
1.3425503969192505
1.3957003355026245
1.4471567869186401
1.4967702627182007
1.5444366931915283
1.5901002883911133
1.633772850036621
1.6755390167236328
1.7155883312225342
1.7542260885238647
1.7919288873672485
1.8293671607971191
1.867485761642456
1.9075297117233276
1.9510564804077148
0.02763007953763008
0.06616562604904175
0.10165520757436752
0.13601931929588318
0.17063286900520325
0.20645771920681
0.24410375952720642
0.28397276997566223
0.3262891471385956
0.37116560339927673
0.41861480474472046
0.4685819745063782
0.5209493041038513
0.575554609298706
0.6321936249732971
0.6906321048736572
0.7506073713302612
0.8118371367454529
0.8740214109420776
0.9368489980697632
1.0
1.0631510019302368
1.1259785890579224
1.188162922859192
1.2493926286697388
1.3093678951263428
1.367806315422058
1.424445390701294
1.4790507555007935
1.5314180850982666
1.5813851356506348
1.6288343667984009
1.673710823059082
1.7160272598266602
1.7558962106704712
1.7935422658920288
1.8293671607971191
1.8639806509017944
1.8983447551727295
1.933834433555603
1.972369909286499
0.012311659753322601
0.043402474373579025
0.07243800163269043
0.10165520757436752
0.13251428306102753
0.1658380627632141
0.20209021866321564
0.24153248965740204
0.2842690348625183
0.33030733466148376
0.37956956028938293
0.43191999197006226
0.4871688485145569
0.545087456703186
0.6054103374481201
0.6678449511528015
0.7320735454559326
0.7977601885795593
0.8645530343055725
0.9320896863937378
1.0
1.0679103136062622
1.1354470252990723
1.2022398710250854
1.2679264545440674
1.3321549892425537
1.3945896625518799
1.454912543296814
1.512831211090088
1.568079948425293
1.6204304695129395
1.6696926355361938
1.7157310247421265
1.7584675550460815
1.7979097366333008
1.8341618776321411
1.867485761642456
1.8983447551727295
1.9275619983673096
1.9565975666046143
1.9876883029937744
0.003082666313275695
0.023304004222154617
0.043402474373579025
0.06616562604904175
0.09247028082609177
0.12282522022724152
0.1574186533689499
0.19630761444568634
0.23943711817264557
0.2866849899291992
0.33786672353744507
0.39275437593460083
0.45107752084732056
0.5125345587730408
0.5767928957939148
0.6434974074363708
0.7122706770896912
0.782719612121582
0.8544365763664246
0.9270046949386597
1.0
1.0729953050613403
1.1455634832382202
1.217280387878418
1.287729263305664
1.3565025329589844
1.4232070446014404
1.487465500831604
1.5489224195480347
1.6072455644607544
1.6621332168579102
1.7133150100708008
1.7605628967285156
1.80369234085083
1.8425813913345337
1.877174735069275
1.9075297117233276
1.933834433555603
1.9565975666046143
1.9766960144042969
1.9969173669815063
0.0
0.003082666313275695
0.012311659753322601
0.02763007953763008
0.04894348233938217
0.07612046599388123
0.10899347811937332
0.14735983312129974
0.19098301231861115
0.23959402740001678
0.2928932309150696
0.350551962852478
0.4122147560119629
0.47750142216682434
0.5460094809532166
0.6173165440559387
0.69098299741745
0.7665546536445618
0.8435655236244202
0.9215409159660339
1.0
1.0784591436386108
1.156434416770935
1.233445405960083
1.3090169429779053
1.3826833963394165
1.4539904594421387
1.522498607635498
1.587785243988037
1.649448037147522
1.7071068286895752
1.7604060173034668
1.8090169429779053
1.852640151977539
1.8910064697265625
1.9238795042037964
1.9510564804077148
1.972369909286499
1.9876883029937744
1.9969173669815063
2.0
