2.0
1.9969173669815063
1.9876883029937744
1.972369909286499
1.9510564804077148
1.9238795042037964
1.8910064697265625
1.852640151977539
1.8090169429779053
1.7604060173034668
1.7071068286895752
1.649448037147522
1.587785243988037
1.522498607635498
1.4539904594421387
1.3826833963394165
1.3090169429779053
1.233445405960083
1.156434416770935
1.0784591436386108
1.0
0.9215409159660339
0.8435655236244202
0.7665546536445618
0.69098299741745
0.6173165440559387
0.5460094809532166
0.47750142216682434
0.4122147560119629
0.350551962852478
0.2928932309150696
0.23959402740001678
0.19098301231861115
0.14735983312129974
0.10899347811937332
0.07612046599388123
0.04894348233938217
0.02763007953763008
0.012311659753322601
0.003082666313275695
0.0
1.9969173669815063
1.9764288663864136
1.956160545349121
1.9332807064056396
1.9068971872329712
1.8764914274215698
1.841869592666626
1.8029706478118896
1.759846806526184
1.7126178741455078
1.6614664793014526
1.6066192388534546
1.5483452081680298
1.4869446754455566
1.4227492809295654
1.356113076210022
1.287412405014038
1.217039704322815
1.1454015970230103
1.0729138851165771
1.0
0.9270860552787781
0.8545984625816345
0.7829602360725403
0.7125875353813171
0.6438869833946228
0.5772507786750793
0.5130552649497986
0.4516548216342926
0.3933807611465454
0.33853352069854736
0.28738218545913696
0.2401532232761383
0.19702930748462677
0.15813037753105164
0.12350855022668839
0.09310279786586761
0.06671933829784393
0.0438394621014595
0.023571185767650604
0.003082666313275695
1.9876883029937744
1.956160545349121
1.9268146753311157
1.8973779678344727
1.8663660287857056
1.8329412937164307
1.7966301441192627
1.7571637630462646
1.714432716369629
1.6684250831604004
1.6192156076431274
1.566936731338501
1.511776089668274
1.4539597034454346
1.3937512636184692
1.3314411640167236
1.2673455476760864
1.201798439025879
1.1351499557495117
1.067760944366455
1.0
0.9322389960289001
0.8648500442504883
0.7982016205787659
0.7326545119285583
0.6685588359832764
0.6062487959861755
0.5460402965545654
0.48822396993637085
0.43306320905685425
0.38078442215919495
0.3315748870372772
0.28556734323501587
0.24283625185489655
0.2033698558807373
0.16705873608589172
0.13363397121429443
0.10262207686901093
0.07318537682294846
0.0438394621014595
0.012311659753322601
1.972369909286499
1.9332807064056396
1.8973779678344727
1.8627104759216309
1.8278805017471313
1.7919092178344727
1.7541747093200684
1.7142657041549683
1.6719509363174438
1.6271116733551025
1.579730749130249
1.5298585891723633
1.4776095151901245
1.4231425523757935
1.3666589260101318
1.3083903789520264
1.2485966682434082
1.1875578165054321
1.125571370124817
1.0629463195800781
1.0
0.9370537400245667
0.8744286298751831
0.8124421834945679
0.7514033317565918
0.6916096806526184
0.6333410143852234
0.5768574476242065
0.5223904252052307
0.4701414108276367
0.42026928067207336
0.3728882670402527
0.32804909348487854
0.28573429584503174
0.24582533538341522
0.20809076726436615
0.17211948335170746
0.13728953897953033
0.10262207686901093
0.06671933829784393
0.02763007953763008
1.9510564804077148
1.9068971872329712
1.8663660287857056
1.8278805017471313
1.7901748418807983
1.7522872686386108
1.7135345935821533
1.6734297275543213
1.6316592693328857
1.5880266427993774
1.5424413681030273
1.4948866367340088
1.4454138278961182
1.3941230773925781
1.3411601781845093
1.2867037057876587
1.2309623956680298
1.1741665601730347
1.116565227508545
1.0584197044372559
1.0
0.9415802955627441
0.8834347128868103
0.8258334398269653
0.769037663936615
0.7132963538169861
0.658839762210846
0.6058769226074219
0.5545861721038818
0.5051133632659912
0.45755860209465027
0.41197338700294495
0.36834070086479187
0.3265702426433563
0.2864654064178467
0.24771270155906677
0.20982521772384644
0.17211948335170746
0.13363397121429443
0.09310279786586761
0.04894348233938217
1.9238795042037964
1.8764914274215698
1.8329412937164307
1.7919092178344727
1.7522872686386108
1.7131755352020264
1.6738922595977783
1.6339207887649536
1.592901587486267
1.550586462020874
1.5068316459655762
1.4615672826766968
1.4147937297821045
1.3665611743927002
1.3169673681259155
1.266144037246704
1.2142544984817505
1.1614843606948853
1.1080385446548462
1.0541348457336426
1.0
0.9458651542663574
0.891961395740509
0.8385156393051147
0.7857455015182495
0.7338560223579407
0.6830326914787292
0.6334388852119446
0.5852062702178955
0.5384327173233032
0.4931683838367462
0.44941356778144836
0.4070984423160553
0.36607927083969116
0.32610777020454407
0.28682440519332886
0.24771270155906677
0.20809076726436615
0.16705873608589172
0.12350855022668839
0.07612046599388123
1.8910064697265625
1.841869592666626
1.7966301441192627
1.7541747093200684
1.7135345935821533
1.6738922595977783
1.6345967054367065
1.595133662223816
1.5551239252090454
1.5142899751663208
1.4724520444869995
1.4295016527175903
1.3853988647460938
1.3401533365249634
1.2938227653503418
1.2464983463287354
1.1983036994934082
1.1493847370147705
1.0999072790145874
1.0500496625900269
1.0
0.9499503374099731
0.9000927209854126
0.8506152629852295
0.8016963005065918
0.7535017132759094
0.706177294254303
0.6598466038703918
0.614601194858551
0.5704983472824097
0.5275478959083557
0.4857099652290344
0.4448760747909546
0.40486639738082886
0.36540326476097107
0.32610777020454407
0.2864654064178467
0.24582533538341522
0.2033698558807373
0.15813037753105164
0.10899347811937332
1.852640151977539
1.8029706478118896
1.7571637630462646
1.7142657041549683
1.6734297275543213
1.6339207887649536
1.595133662223816
1.5565741062164307
1.5178627967834473
1.4787098169326782
1.4389139413833618
1.3983405828475952
1.3569200038909912
1.3146305084228516
1.271496295928955
1.2275755405426025
1.182957410812378
1.1377536058425903
1.0920953750610352
1.046126365661621
1.0
0.9538736343383789
0.9079046845436096
0.8622463941574097
0.8170425891876221
0.7724245190620422
0.7285036444664001
0.6853695511817932
0.6430799961090088
0.6016594171524048
0.5610860586166382
0.5212901830673218
0.48213720321655273
0.4434259235858917
0.40486639738082886
0.36607927083969116
0.3265702426433563
0.28573429584503174
0.24283625185489655
0.19702930748462677
0.14735983312129974
1.8090169429779053
1.759846806526184
1.714432716369629
1.6719509363174438
1.6316592693328857
1.592901587486267
1.5551239252090454
1.5178627967834473
1.4807510375976562
1.443498969078064
1.4058958292007446
1.3677911758422852
1.3290948867797852
1.2897615432739258
1.2497897148132324
1.20920991897583
1.1680830717086792
1.1264914274215698
1.0845363140106201
1.042331576347351
1.0
0.9576683640480042
0.9154636263847351
0.873508632183075
0.8319169878959656
0.7907900810241699
0.7502102851867676
0.7102384567260742
0.6709051132202148
0.6322087645530701
0.5941041707992554
0.5565009713172913
0.5192489624023438
0.48213720321655273
0.4448760747909546
0.4070984423160553
0.36834070086479187
0.32804909348487854
0.28556734323501587
0.2401532232761383
0.19098301231861115
1.7604060173034668
1.7126178741455078
1.6684250831604004
1.6271116733551025
1.5880266427993774
1.550586462020874
1.5142899751663208
1.4787098169326782
1.443498969078064
1.4083771705627441
1.3731328248977661
1.3376084566116333
1.3017011880874634
1.265349268913269
1.228531837463379
1.1912578344345093
1.1535648107528687
1.1155109405517578
1.0771721601486206
1.038636326789856
1.0
0.9613637328147888
0.9228278994560242
0.884489119052887
0.8464351892471313
0.8087422251701355
0.7714681625366211
0.7346506714820862
0.6982988119125366
0.6623915433883667
0.6268672347068787
0.5916228294372559
0.5565009713172913
0.5212901830673218
0.4857099652290344
0.44941356778144836
0.41197338700294495
0.3728882670402527
0.3315748870372772
0.28738218545913696
0.23959402740001678
1.7071068286895752
1.6614664793014526
1.6192156076431274
1.579730749130249
1.5424413681030273
1.5068316459655762
1.4724520444869995
1.4389139413833618
1.4058958292007446
1.3731328248977661
1.3404195308685303
1.307598352432251
1.2745600938796997
1.2412327527999878
1.2075817584991455
1.1735998392105103
1.1393061876296997
1.1047389507293701
1.0699535608291626
1.0350157022476196
1.0
0.9649842977523804
0.9300464987754822
0.8952609896659851
0.8606938719749451
0.8264002203941345
0.7924182415008545
0.7587671875953674
0.7254399657249451
0.692401647567749
0.6595804691314697
0.6268672347068787
0.5941041707992554
0.5610860586166382
0.5275478959083557
0.4931683838367462
0.45755860209465027
0.42026928067207336
0.38078442215919495
0.33853352069854736
0.2928932309150696
1.649448037147522
1.6066192388534546
1.566936731338501
1.5298585891723633
1.4948866367340088
1.4615672826766968
1.4295016527175903
1.3983405828475952
1.3677911758422852
1.3376084566116333
1.307598352432251
1.2776082754135132
1.247528076171875
1.2172811031341553
1.1868234872817993
1.1561367511749268
1.1252261400222778
1.0941141843795776
1.062839150428772
1.0314490795135498
1.0
0.9685508608818054
0.937160849571228
0.9058858156204224
0.8747739195823669
0.8438632488250732
0.8131765127182007
0.7827189564704895
0.752471923828125
0.7223917841911316
0.692401647567749
0.6623915433883667
0.6322087645530701
0.6016594171524048
0.5704983472824097
0.5384327173233032
0.5051133632659912
0.4701414108276367
0.43306320905685425
0.3933807611465454
0.350551962852478
1.587785243988037
1.5483452081680298
1.511776089668274
1.4776095151901245
1.4454138278961182
1.4147937297821045
1.3853988647460938
1.3569200038909912
1.3290948867797852
1.3017011880874634
1.2745600938796997
1.247528076171875
1.22049880027771
1.1933945417404175
1.1661673784255981
1.1387909650802612
1.1112606525421143
1.083587408065796
1.0557957887649536
1.0279197692871094
1.0
0.9720802307128906
0.9442042112350464
0.9164126515388489
0.8887393474578857
0.8612090945243835
0.8338326215744019
0.8066053986549377
0.7795012593269348
0.752471923828125
0.7254399657249451
0.6982988119125366
0.6709051132202148
0.6430799961090088
0.614601194858551
0.5852062702178955
0.5545861721038818
0.5223904252052307
0.48822396993637085
0.4516548216342926
0.4122147560119629
1.522498607635498
1.4869446754455566
1.4539597034454346
1.4231425523757935
1.3941230773925781
1.3665611743927002
1.3401533365249634
1.3146305084228516
1.2897615432739258
1.265349268913269
1.2412327527999878
1.2172811031341553
1.1933945417404175
1.1694989204406738
1.1455446481704712
1.1215019226074219
1.0973594188690186
1.0731195211410522
1.0487968921661377
1.0244141817092896
1.0
0.9755858182907104
0.9512030482292175
0.926880419254303
0.9026405811309814
0.8784980773925781
0.8544553518295288
0.830501139163971
0.8066053986549377
0.7827189564704895
0.7587671875953674
0.7346506714820862
0.7102384567260742
0.6853695511817932
0.6598466038703918
0.6334388852119446
0.6058769226074219
0.5768574476242065
0.5460402965545654
0.5130552649497986
0.47750142216682434
1.4539904594421387
1.4227492809295654
1.3937512636184692
1.3666589260101318
1.3411601781845093
1.3169673681259155
1.2938227653503418
1.271496295928955
1.2497897148132324
1.228531837463379
1.2075817584991455
1.1868234872817993
1.1661673784255981
1.1455446481704712
1.1249080896377563
1.10422682762146
1.0834858417510986
1.0626821517944336
1.041822910308838
1.020922303199768
1.0
0.9790776968002319
0.9581771492958069
0.9373178482055664
0.9165140986442566
0.8957732319831848
0.8750919103622437
0.8544553518295288
0.8338326215744019
0.8131765127182007
0.7924182415008545
0.7714681625366211
0.7502102851867676
0.7285036444664001
0.706177294254303
0.6830326914787292
0.658839762210846
0.6333410143852234
0.6062487959861755
0.5772507786750793
0.5460094809532166
1.3826833963394165
1.356113076210022
1.3314411640167236
1.3083903789520264
1.2867037057876587
1.266144037246704
1.2464983463287354
1.2275755405426025
1.20920991897583
1.1912578344345093
1.1735998392105103
1.1561367511749268
1.1387909650802612
1.1215019226074219
1.10422682762146
1.0869362354278564
1.069614291191101
1.0522544384002686
1.0348591804504395
1.0174368619918823
1.0
0.9825631380081177
0.9651407599449158
0.9477455615997314
0.9303857684135437
0.9130637645721436
0.8957732319831848
0.8784980773925781
0.8612090945243835
0.8438632488250732
0.8264002203941345
0.8087422251701355
0.7907900810241699
0.7724245190620422
0.7535017132759094
0.7338560223579407
0.7132963538169861
0.6916096806526184
0.6685588359832764
0.6438869833946228
0.6173165440559387
1.3090169429779053
1.287412405014038
1.2673455476760864
1.2485966682434082
1.2309623956680298
1.2142544984817505
1.1983036994934082
1.182957410812378
1.1680830717086792
1.1535648107528687
1.1393061876296997
1.1252261400222778
1.1112606525421143
1.0973594188690186
1.0834858417510986
1.069614291191101
1.0557293891906738
1.0418236255645752
1.0278968811035156
1.0139530897140503
1.0
0.9860469698905945
0.9721031188964844
0.95817631483078
0.944270670413971
0.9303857684135437
0.9165140986442566
0.9026405811309814
0.8887393474578857
0.8747739195823669
0.8606938719749451
0.8464351892471313
0.8319169878959656
0.8170425891876221
0.8016963005065918
0.7857455015182495
0.769037663936615
0.7514033317565918
0.7326545119285583
0.7125875353813171
0.69098299741745
1.233445405960083
1.217039704322815
1.201798439025879
1.1875578165054321
1.1741665601730347
1.1614843606948853
1.1493847370147705
1.1377536058425903
1.1264914274215698
1.1155109405517578
1.1047389507293701
1.0941141843795776
1.083587408065796
1.0731195211410522
1.0626821517944336
1.0522544384002686
1.0418236255645752
1.0313829183578491
1.0209304094314575
1.0104680061340332
1.0
0.9895319938659668
0.9790695905685425
0.9686170816421509
0.95817631483078
0.9477455615997314
0.9373178482055664
0.926880419254303
0.9164126515388489
0.9058858156204224
0.8952609896659851
0.884489119052887
0.873508632183075
0.8622463941574097
0.8506152629852295
0.8385156393051147
0.8258334398269653
0.8124421834945679
0.7982016205787659
0.7829602360725403
0.7665546536445618
1.156434416770935
1.1454015970230103
1.1351499557495117
1.125571370124817
1.116565227508545
1.1080385446548462
1.0999072790145874
1.0920953750610352
1.0845363140106201
1.0771721601486206
1.0699535608291626
1.062839150428772
1.0557957887649536
1.0487968921661377
1.041822910308838
1.0348591804504395
1.0278968811035156
1.0209304094314575
1.013958215713501
1.0069806575775146
1.0
0.9930194020271301
0.986041784286499
0.9790695905685425
0.9721031188964844
0.9651407599449158
0.9581771492958069
0.9512030482292175
0.9442042112350464
0.937160849571228
0.9300464987754822
0.9228278994560242
0.9154636263847351
0.9079046845436096
0.9000927209854126
0.891961395740509
0.8834347128868103
0.8744286298751831
0.8648500442504883
0.8545984625816345
0.8435655236244202
1.0784591436386108
1.0729138851165771
1.067760944366455
1.0629463195800781
1.0584197044372559
1.0541348457336426
1.0500496625900269
1.046126365661621
1.042331576347351
1.038636326789856
1.0350157022476196
1.0314490795135498
1.0279197692871094
1.0244141817092896
1.020922303199768
1.0174368619918823
1.0139530897140503
1.0104680061340332
1.0069806575775146
1.003490924835205
1.0
0.9965090155601501
0.9930194020271301
0.9895319938659668
0.9860469698905945
0.9825631380081177
0.9790776968002319
0.9755858182907104
0.9720802307128906
0.9685508608818054
0.9649842977523804
0.9613637328147888
0.9576683640480042
0.9538736343383789
0.9499503374099731
0.9458651542663574
0.9415802955627441
0.9370537400245667
0.9322389960289001
0.9270860552787781
0.9215409159660339
1.0
1.0
1.0
1.0
1.0
1.0
1.0
1.0
1.0
1.0
1.0
1.0
1.0
1.0
1.0
1.0
1.0
1.0
1.0
1.0
1.0
1.0
1.0
1.0
1.0
1.0
1.0
1.0
1.0
1.0
1.0
1.0
1.0
1.0
1.0
1.0
1.0
1.0
1.0
1.0
1.0
0.9215409159660339
0.9270860552787781
0.9322389960289001
0.9370537400245667
0.9415802955627441
0.9458651542663574
0.9499503374099731
0.9538736343383789
0.9576683640480042
0.9613637328147888
0.9649842977523804
0.9685508608818054
0.9720802307128906
0.9755858182907104
0.9790776968002319
0.9825631380081177
0.9860469698905945
0.9895319938659668
0.9930194020271301
0.9965090155601501
1.0
1.003490924835205
1.0069806575775146
1.0104680061340332
1.0139530897140503
1.0174368619918823
1.020922303199768
1.0244141817092896
1.0279197692871094
1.0314490795135498
1.0350157022476196
1.038636326789856
1.042331576347351
1.046126365661621
1.0500496625900269
1.0541348457336426
1.0584197044372559
1.0629463195800781
1.067760944366455
1.0729138851165771
1.0784591436386108
0.8435655236244202
0.8545984625816345
0.8648500442504883
0.8744286298751831
0.8834347128868103
0.891961395740509
0.9000927209854126
0.9079046845436096
0.9154636263847351
0.9228278994560242
0.9300464987754822
0.937160849571228
0.9442042112350464
0.9512030482292175
0.9581771492958069
0.9651407599449158
0.9721031188964844
0.9790695905685425
0.986041784286499
0.9930194020271301
1.0
1.0069806575775146
1.013958215713501
1.0209304094314575
1.0278968811035156
1.0348591804504395
1.041822910308838
1.0487968921661377
1.0557957887649536
1.062839150428772
1.0699535608291626
1.0771721601486206
1.0845363140106201
1.0920953750610352
1.0999072790145874
1.1080385446548462
1.116565227508545
1.125571370124817
1.1351499557495117
1.1454015970230103
1.156434416770935
0.7665546536445618
0.7829602360725403
0.7982016205787659
0.8124421834945679
0.8258334398269653
0.8385156393051147
0.8506152629852295
0.8622463941574097
0.873508632183075
0.884489119052887
0.8952609896659851
0.9058858156204224
0.9164126515388489
0.926880419254303
0.9373178482055664
0.9477455615997314
0.95817631483078
0.9686170816421509
0.9790695905685425
0.9895319938659668
1.0
1.0104680061340332
1.0209304094314575
1.0313829183578491
1.0418236255645752
1.0522544384002686
1.0626821517944336
1.0731195211410522
1.083587408065796
1.0941141843795776
1.1047389507293701
1.1155109405517578
1.1264914274215698
1.1377536058425903
1.1493847370147705
1.1614843606948853
1.1741665601730347
1.1875578165054321
1.201798439025879
1.217039704322815
1.233445405960083
0.69098299741745
0.7125875353813171
0.7326545119285583
0.7514033317565918
0.769037663936615
0.7857455015182495
0.8016963005065918
0.8170425891876221
0.8319169878959656
0.8464351892471313
0.8606938719749451
0.8747739195823669
0.8887393474578857
0.9026405811309814
0.9165140986442566
0.9303857684135437
0.944270670413971
0.95817631483078
0.9721031188964844
0.9860469698905945
1.0
1.0139530897140503
1.0278968811035156
1.0418236255645752
1.0557293891906738
1.069614291191101
1.0834858417510986
1.0973594188690186
1.1112606525421143
1.1252261400222778
1.1393061876296997
1.1535648107528687
1.1680830717086792
1.182957410812378
1.1983036994934082
1.2142544984817505
1.2309623956680298
1.2485966682434082
1.2673455476760864
1.287412405014038
1.3090169429779053
0.6173165440559387
0.6438869833946228
0.6685588359832764
0.6916096806526184
0.7132963538169861
0.7338560223579407
0.7535017132759094
0.7724245190620422
0.7907900810241699
0.8087422251701355
0.8264002203941345
0.8438632488250732
0.8612090945243835
0.8784980773925781
0.8957732319831848
0.9130637645721436
0.9303857684135437
0.9477455615997314
0.9651407599449158
0.9825631380081177
1.0
1.0174368619918823
1.0348591804504395
1.0522544384002686
1.069614291191101
1.0869362354278564
1.10422682762146
1.1215019226074219
1.1387909650802612
1.1561367511749268
1.1735998392105103
1.1912578344345093
1.20920991897583
1.2275755405426025
1.2464983463287354
1.266144037246704
1.2867037057876587
1.3083903789520264
1.3314411640167236
1.356113076210022
1.3826833963394165
0.5460094809532166
0.5772507786750793
0.6062487959861755
0.6333410143852234
0.658839762210846
0.6830326914787292
0.706177294254303
0.7285036444664001
0.7502102851867676
0.7714681625366211
0.7924182415008545
0.8131765127182007
0.8338326215744019
0.8544553518295288
0.8750919103622437
0.8957732319831848
0.9165140986442566
0.9373178482055664
0.9581771492958069
0.9790776968002319
1.0
1.020922303199768
1.041822910308838
1.0626821517944336
1.0834858417510986
1.10422682762146
1.1249080896377563
1.1455446481704712
1.1661673784255981
1.1868234872817993
1.2075817584991455
1.228531837463379
1.2497897148132324
1.271496295928955
1.2938227653503418
1.3169673681259155
1.3411601781845093
1.3666589260101318
1.3937512636184692
1.4227492809295654
1.4539904594421387
0.47750142216682434
0.5130552649497986
0.5460402965545654
0.5768574476242065
0.6058769226074219
0.6334388852119446
0.6598466038703918
0.6853695511817932
0.7102384567260742
0.7346506714820862
0.7587671875953674
0.7827189564704895
0.8066053986549377
0.830501139163971
0.8544553518295288
0.8784980773925781
0.9026405811309814
0.926880419254303
0.9512030482292175
0.9755858182907104
1.0
1.0244141817092896
1.0487968921661377
1.0731195211410522
1.0973594188690186
1.1215019226074219
1.1455446481704712
1.1694989204406738
1.1933945417404175
1.2172811031341553
1.2412327527999878
1.265349268913269
1.2897615432739258
1.3146305084228516
1.3401533365249634
1.3665611743927002
1.3941230773925781
1.4231425523757935
1.4539597034454346
1.4869446754455566
1.522498607635498
0.4122147560119629
0.4516548216342926
0.48822396993637085
0.5223904252052307
0.5545861721038818
0.5852062702178955
0.614601194858551
0.6430799961090088
0.6709051132202148
0.6982988119125366
0.7254399657249451
0.752471923828125
0.7795012593269348
0.8066053986549377
0.8338326215744019
0.8612090945243835
0.8887393474578857
0.9164126515388489
0.9442042112350464
0.9720802307128906
1.0
1.0279197692871094
1.0557957887649536
1.083587408065796
1.1112606525421143
1.1387909650802612
1.1661673784255981
1.1933945417404175
1.22049880027771
1.247528076171875
1.2745600938796997
1.3017011880874634
1.3290948867797852
1.3569200038909912
1.3853988647460938
1.4147937297821045
1.4454138278961182
1.4776095151901245
1.511776089668274
1.5483452081680298
1.587785243988037
0.350551962852478
0.3933807611465454
0.43306320905685425
0.4701414108276367
0.5051133632659912
0.5384327173233032
0.5704983472824097
0.6016594171524048
0.6322087645530701
0.6623915433883667
0.692401647567749
0.7223917841911316
0.752471923828125
0.7827189564704895
0.8131765127182007
0.8438632488250732
0.8747739195823669
0.9058858156204224
0.937160849571228
0.9685508608818054
1.0
1.0314490795135498
1.062839150428772
1.0941141843795776
1.1252261400222778
1.1561367511749268
1.1868234872817993
1.2172811031341553
1.247528076171875
1.2776082754135132
1.307598352432251
1.3376084566116333
1.3677911758422852
1.3983405828475952
1.4295016527175903
1.4615672826766968
1.4948866367340088
1.5298585891723633
1.566936731338501
1.6066192388534546
1.649448037147522
0.2928932309150696
0.33853352069854736
0.38078442215919495
0.42026928067207336
0.45755860209465027
0.4931683838367462
0.5275478959083557
0.5610860586166382
0.5941041707992554
0.6268672347068787
0.6595804691314697
0.692401647567749
0.7254399657249451
0.7587671875953674
0.7924182415008545
0.8264002203941345
0.8606938719749451
0.8952609896659851
0.9300464987754822
0.9649842977523804
1.0
1.0350157022476196
1.0699535608291626
1.1047389507293701
1.1393061876296997
1.1735998392105103
1.2075817584991455
1.2412327527999878
1.2745600938796997
1.307598352432251
1.3404195308685303
1.3731328248977661
1.4058958292007446
1.4389139413833618
1.4724520444869995
1.5068316459655762
1.5424413681030273
1.579730749130249
1.6192156076431274
1.6614664793014526
1.7071068286895752
0.23959402740001678
0.28738218545913696
0.3315748870372772
0.3728882670402527
0.41197338700294495
0.44941356778144836
0.4857099652290344
0.5212901830673218
0.5565009713172913
0.5916228294372559
0.6268672347068787
0.6623915433883667
0.6982988119125366
0.7346506714820862
0.7714681625366211
0.8087422251701355
0.8464351892471313
0.884489119052887
0.9228278994560242
0.9613637328147888
1.0
1.038636326789856
1.0771721601486206
1.1155109405517578
1.1535648107528687
1.1912578344345093
1.228531837463379
1.265349268913269
1.3017011880874634
1.3376084566116333
1.3731328248977661
1.4083771705627441
1.443498969078064
1.4787098169326782
1.5142899751663208
1.550586462020874
1.5880266427993774
1.6271116733551025
1.6684250831604004
1.7126178741455078
1.7604060173034668
0.19098301231861115
0.2401532232761383
0.28556734323501587
0.32804909348487854
0.36834070086479187
0.4070984423160553
0.4448760747909546
0.48213720321655273
0.5192489624023438
0.5565009713172913
0.5941041707992554
0.6322087645530701
0.6709051132202148
0.7102384567260742
0.7502102851867676
0.7907900810241699
0.8319169878959656
0.873508632183075
0.9154636263847351
0.9576683640480042
1.0
1.042331576347351
1.0845363140106201
1.1264914274215698
1.1680830717086792
1.20920991897583
1.2497897148132324
1.2897615432739258
1.3290948867797852
1.3677911758422852
1.4058958292007446
1.443498969078064
1.4807510375976562
1.5178627967834473
1.5551239252090454
1.592901587486267
1.6316592693328857
1.6719509363174438
1.714432716369629
1.759846806526184
1.8090169429779053
0.14735983312129974
0.19702930748462677
0.24283625185489655
0.28573429584503174
0.3265702426433563
0.36607927083969116
0.40486639738082886
0.4434259235858917
0.48213720321655273
0.5212901830673218
0.5610860586166382
0.6016594171524048
0.6430799961090088
0.6853695511817932
0.7285036444664001
0.7724245190620422
0.8170425891876221
0.8622463941574097
0.9079046845436096
0.9538736343383789
1.0
1.046126365661621
1.0920953750610352
1.1377536058425903
1.182957410812378
1.2275755405426025
1.271496295928955
1.3146305084228516
1.3569200038909912
1.3983405828475952
1.4389139413833618
1.4787098169326782
1.5178627967834473
1.5565741062164307
1.595133662223816
1.6339207887649536
1.6734297275543213
1.7142657041549683
1.7571637630462646
1.8029706478118896
1.852640151977539
0.10899347811937332
0.15813037753105164
0.2033698558807373
0.24582533538341522
0.2864654064178467
0.32610777020454407
0.36540326476097107
0.40486639738082886
0.4448760747909546
0.4857099652290344
0.5275478959083557
0.5704983472824097
0.614601194858551
0.6598466038703918
0.706177294254303
0.7535017132759094
0.8016963005065918
0.8506152629852295
0.9000927209854126
0.9499503374099731
1.0
1.0500496625900269
1.0999072790145874
1.1493847370147705
1.1983036994934082
1.2464983463287354
1.2938227653503418
1.3401533365249634
1.3853988647460938
1.4295016527175903
1.4724520444869995
1.5142899751663208
1.5551239252090454
1.595133662223816
1.6345967054367065
1.6738922595977783
1.7135345935821533
1.7541747093200684
1.7966301441192627
1.841869592666626
1.8910064697265625
0.07612046599388123
0.12350855022668839
0.16705873608589172
0.20809076726436615
0.24771270155906677
0.28682440519332886
0.32610777020454407
0.36607927083969116
0.4070984423160553
0.44941356778144836
0.4931683838367462
0.5384327173233032
0.5852062702178955
0.6334388852119446
0.6830326914787292
0.7338560223579407
0.7857455015182495
0.8385156393051147
0.891961395740509
0.9458651542663574
1.0
1.0541348457336426
1.1080385446548462
1.1614843606948853
1.2142544984817505
1.266144037246704
1.3169673681259155
1.3665611743927002
1.4147937297821045
1.4615672826766968
1.5068316459655762
1.550586462020874
1.592901587486267
1.6339207887649536
1.6738922595977783
1.7131755352020264
1.7522872686386108
1.7919092178344727
1.8329412937164307
1.8764914274215698
1.9238795042037964
0.04894348233938217
0.09310279786586761
0.13363397121429443
0.17211948335170746
0.20982521772384644
0.24771270155906677
0.2864654064178467
0.3265702426433563
0.36834070086479187
0.41197338700294495
0.45755860209465027
0.5051133632659912
0.5545861721038818
0.6058769226074219
0.658839762210846
0.7132963538169861
0.769037663936615
0.8258334398269653
0.8834347128868103
0.9415802955627441
1.0
1.0584197044372559
1.116565227508545
1.1741665601730347
1.2309623956680298
1.2867037057876587
1.3411601781845093
1.3941230773925781
1.4454138278961182
1.4948866367340088
1.5424413681030273
1.5880266427993774
1.6316592693328857
1.6734297275543213
1.7135345935821533
1.7522872686386108
1.7901748418807983
1.8278805017471313
1.8663660287857056
1.9068971872329712
1.9510564804077148
0.02763007953763008
0.06671933829784393
0.10262207686901093
0.13728953897953033
0.17211948335170746
0.20809076726436615
0.24582533538341522
0.28573429584503174
0.32804909348487854
0.3728882670402527
0.42026928067207336
0.4701414108276367
0.5223904252052307
0.5768574476242065
0.6333410143852234
0.6916096806526184
0.7514033317565918
0.8124421834945679
0.8744286298751831
0.9370537400245667
1.0
1.0629463195800781
1.125571370124817
1.1875578165054321
1.2485966682434082
1.3083903789520264
1.3666589260101318
1.4231425523757935
1.4776095151901245
1.5298585891723633
1.579730749130249
1.6271116733551025
1.6719509363174438
1.7142657041549683
1.7541747093200684
1.7919092178344727
1.8278805017471313
1.8627104759216309
1.8973779678344727
1.9332807064056396
1.972369909286499
0.012311659753322601
0.0438394621014595
0.07318537682294846
0.10262207686901093
0.13363397121429443
0.16705873608589172
0.2033698558807373
0.24283625185489655
0.28556734323501587
0.3315748870372772
0.38078442215919495
0.43306320905685425
0.48822396993637085
0.5460402965545654
0.6062487959861755
0.6685588359832764
0.7326545119285583
0.7982016205787659
0.8648500442504883
0.9322389960289001
1.0
1.067760944366455
1.1351499557495117
1.201798439025879
1.2673455476760864
1.3314411640167236
1.3937512636184692
1.4539597034454346
1.511776089668274
1.566936731338501
1.6192156076431274
1.6684250831604004
1.714432716369629
1.7571637630462646
1.7966301441192627
1.8329412937164307
1.8663660287857056
1.8973779678344727
1.9268146753311157
1.956160545349121
1.9876883029937744
0.003082666313275695
0.023571185767650604
0.0438394621014595
0.06671933829784393
0.09310279786586761
0.12350855022668839
0.15813037753105164
0.19702930748462677
0.2401532232761383
0.28738218545913696
0.33853352069854736
0.3933807611465454
0.4516548216342926
0.5130552649497986
0.5772507786750793
0.6438869833946228
0.7125875353813171
0.7829602360725403
0.8545984625816345
0.9270860552787781
1.0
1.0729138851165771
1.1454015970230103
1.217039704322815
1.287412405014038
1.356113076210022
1.4227492809295654
1.4869446754455566
1.5483452081680298
1.6066192388534546
1.6614664793014526
1.7126178741455078
1.759846806526184
1.8029706478118896
1.841869592666626
1.8764914274215698
1.9068971872329712
1.9332807064056396
1.956160545349121
1.9764288663864136
1.9969173669815063
0.0
0.003082666313275695
0.012311659753322601
0.02763007953763008
0.04894348233938217
0.07612046599388123
0.10899347811937332
0.14735983312129974
0.19098301231861115
0.23959402740001678
0.2928932309150696
0.350551962852478
0.4122147560119629
0.47750142216682434
0.5460094809532166
0.6173165440559387
0.69098299741745
0.7665546536445618
0.8435655236244202
0.9215409159660339
1.0
1.0784591436386108
1.156434416770935
1.233445405960083
1.3090169429779053
1.3826833963394165
1.4539904594421387
1.522498607635498
1.587785243988037
1.649448037147522
1.7071068286895752
1.7604060173034668
1.8090169429779053
1.852640151977539
1.8910064697265625
1.9238795042037964
1.9510564804077148
1.972369909286499
1.9876883029937744
1.9969173669815063
2.0
