2.0
1.9969173669815063
1.9876883029937744
1.972369909286499
1.9510564804077148
1.9238795042037964
1.8910064697265625
1.852640151977539
1.8090169429779053
1.7604060173034668
1.7071068286895752
1.649448037147522
1.587785243988037
1.522498607635498
1.4539904594421387
1.3826833963394165
1.3090169429779053
1.233445405960083
1.156434416770935
1.0784591436386108
1.0
0.9215409159660339
0.8435655236244202
0.7665546536445618
0.69098299741745
0.6173165440559387
0.5460094809532166
0.47750142216682434
0.4122147560119629
0.350551962852478
0.2928932309150696
0.23959402740001678
0.19098301231861115
0.14735983312129974
0.10899347811937332
0.07612046599388123
0.04894348233938217
0.02763007953763008
0.012311659753322601
0.003082666313275695
0.0
1.9969173669815063
1.976479172706604
1.9562429189682007
1.9333850145339966
1.907016396522522
1.8766202926635742
1.8420038223266602
1.8031067848205566
1.7599817514419556
1.7127492427825928
1.6615922451019287
1.6067373752593994
1.5484540462493896
1.4870429039001465
1.4228355884552002
1.3561865091323853
1.2874722480773926
1.2170851230621338
1.1454321146011353
1.0729292631149292
1.0
0.9270707368850708
0.8545679450035095
0.7829148769378662
0.7125278115272522
0.6438134908676147
0.5771644115447998
0.5129570960998535
0.45154598355293274
0.393262654542923
0.33840781450271606
0.28725072741508484
0.24001821875572205
0.19689324498176575
0.15799619257450104
0.12337971478700638
0.09298354387283325
0.06661494821310043
0.04375707730650902
0.023520812392234802
0.003082666313275695
1.9876883029937744
1.9562429189682007
1.9269555807113647
1.8975602388381958
1.8665771484375
1.8331713676452637
1.7968714237213135
1.7574095726013184
1.7146774530410767
1.6686640977859497
1.6194446086883545
1.5671522617340088
1.5119749307632446
1.4541393518447876
1.3939093351364136
1.3315757513046265
1.2674551010131836
1.2018816471099854
1.1352059841156006
1.0677891969680786
1.0
0.9322108626365662
0.8647940158843994
0.7981184124946594
0.7325449585914612
0.6684242486953735
0.6060907244682312
0.5458606481552124
0.488025039434433
0.43284767866134644
0.3805553913116455
0.3313359022140503
0.28532254695892334
0.24259044229984283
0.20312859117984772
0.16682860255241394
0.1334228813648224
0.10243978351354599
0.07304447144269943
0.04375707730650902
0.012311659753322601
1.972369909286499
1.9333850145339966
1.8975602388381958
1.8629499673843384
1.8281607627868652
1.7922171354293823
1.7544991970062256
1.7145978212356567
1.6722826957702637
1.6274365186691284
1.5800426006317139
1.5301525592803955
1.4778813123703003
1.4233882427215576
1.3668752908706665
1.3085746765136719
1.2487467527389526
1.1876718997955322
1.1256481409072876
1.0629849433898926
1.0
0.9370151162147522
0.8743518590927124
0.8123281002044678
0.7512532472610474
0.6914253830909729
0.6331247091293335
0.5766118168830872
0.5221187472343445
0.4698474109172821
0.41995736956596375
0.3725634813308716
0.32771727442741394
0.28540217876434326
0.24550075829029083
0.20778287947177887
0.17183920741081238
0.13705004751682281
0.10243978351354599
0.06661494821310043
0.02763007953763008
1.9510564804077148
1.907016396522522
1.8665771484375
1.8281607627868652
1.7905055284500122
1.752652883529663
1.7139217853546143
1.6738274097442627
1.632057785987854
1.5884175300598145
1.5428175926208496
1.4952417612075806
1.4457424879074097
1.3944205045700073
1.3414223194122314
1.2869271039962769
1.2311444282531738
1.1743049621582031
1.1166584491729736
1.0584665536880493
1.0
0.9415334463119507
0.8833415508270264
0.8256950378417969
0.768855631351471
0.7130728960037231
0.6585776805877686
0.6055795550346375
0.5542575716972351
0.5047582387924194
0.4571824073791504
0.41158241033554077
0.367942214012146
0.3261725902557373
0.28607821464538574
0.2473471611738205
0.20949450135231018
0.17183920741081238
0.1334228813648224
0.09298354387283325
0.04894348233938217
1.9238795042037964
1.8766202926635742
1.8331713676452637
1.7922171354293823
1.752652883529663
1.7135816812515259
1.6743240356445312
1.6343656778335571
1.593348503112793
1.5510258674621582
1.50725519657135
1.4619677066802979
1.4151647090911865
1.3668971061706543
1.3172637224197388
1.2663968801498413
1.2144606113433838
1.1616411209106445
1.1081441640853882
1.0541878938674927
1.0
0.9458121061325073
0.8918558359146118
0.8383588790893555
0.785539448261261
0.7336031794548035
0.6827362775802612
0.6331028938293457
0.5848353505134583
0.5380322337150574
0.4927447736263275
0.448974072933197
0.40665143728256226
0.36563435196876526
0.32567593455314636
0.2864183783531189
0.2473471611738205
0.20778287947177887
0.16682860255241394
0.12337971478700638
0.07612046599388123
1.8910064697265625
1.8420038223266602
1.7968714237213135
1.7544991970062256
1.7139217853546143
1.6743240356445312
1.6350574493408203
1.5956096649169922
1.555603265762329
1.5147621631622314
1.4729079008102417
1.4299330711364746
1.3857989311218262
1.3405160903930664
1.2941428422927856
1.2467715740203857
1.1985265016555786
1.1495542526245117
1.100021481513977
1.0501071214675903
1.0
0.9498928785324097
0.8999785780906677
0.8504456877708435
0.8014734983444214
0.7532284259796143
0.7058570981025696
0.6594839096069336
0.6142010688781738
0.5700668692588806
0.5270920991897583
0.48523780703544617
0.4443967342376709
0.4043903648853302
0.3649425208568573
0.32567593455314636
0.28607821464538574
0.24550075829029083
0.20312859117984772
0.15799619257450104
0.10899347811937332
1.852640151977539
1.8031067848205566
1.7574095726013184
1.7145978212356567
1.6738274097442627
1.6343656778335571
1.5956096649169922
1.5570670366287231
1.5183601379394531
1.4792004823684692
1.4393882751464844
1.3987901210784912
1.357337236404419
1.3150089979171753
1.271830677986145
1.2278610467910767
1.1831903457641602
1.1379308700561523
1.0922147035598755
1.0461864471435547
1.0
0.9538135528564453
0.9077852368354797
0.8620690703392029
0.8168096542358398
0.7721389532089233
0.728169322013855
0.6849910020828247
0.642662763595581
0.6012098789215088
0.5606116652488708
0.520799458026886
0.4816398620605469
0.44293296337127686
0.4043903648853302
0.36563435196876526
0.3261725902557373
0.28540217876434326
0.24259044229984283
0.19689324498176575
0.14735983312129974
1.8090169429779053
1.7599817514419556
1.7146774530410767
1.6722826957702637
1.632057785987854
1.593348503112793
1.555603265762329
1.5183601379394531
1.4812536239624023
1.4439955949783325
1.4063764810562134
1.368247151374817
1.329518437385559
1.2901461124420166
1.2501295804977417
1.2095003128051758
1.1683199405670166
1.1266717910766602
1.084657907485962
1.0423927307128906
1.0
0.9576072096824646
0.9153420925140381
0.8733282089233398
0.8316799998283386
0.790499746799469
0.7498704195022583
0.7098538875579834
0.6704815626144409
0.6317528486251831
0.5936235189437866
0.5560044050216675
0.5187463760375977
0.4816398620605469
0.4443967342376709
0.40665143728256226
0.367942214012146
0.32771727442741394
0.28532254695892334
0.24001821875572205
0.19098301231861115
1.7604060173034668
1.7127492427825928
1.6686640977859497
1.6274365186691284
1.5884175300598145
1.5510258674621582
1.5147621631622314
1.4792004823684692
1.4439955949783325
1.408868432044983
1.3736087083816528
1.3380603790283203
1.3021212816238403
1.2657309770584106
1.2288693189620972
1.1915463209152222
1.153800368309021
1.1156902313232422
1.0772929191589355
1.0386971235275269
1.0
0.9613029360771179
0.9227070212364197
0.8843097686767578
0.8461996912956238
0.8084537386894226
0.7711306214332581
0.7342689633369446
0.6978786587715149
0.6619396209716797
0.6263912320137024
0.5911315679550171
0.5560044050216675
0.520799458026886
0.48523780703544617
0.448974072933197
0.41158241033554077
0.3725634813308716
0.3313359022140503
0.28725072741508484
0.23959402740001678
1.7071068286895752
1.6615922451019287
1.6194446086883545
1.5800426006317139
1.5428175926208496
1.50725519657135
1.4729079008102417
1.4393882751464844
1.4063764810562134
1.3736087083816528
1.340881109237671
1.3080369234085083
1.274968147277832
1.2416037321090698
1.2079099416732788
1.1738803386688232
1.1395351886749268
1.1049134731292725
1.0700711011886597
1.0350749492645264
1.0
0.9649251103401184
0.9299288988113403
0.8950864672660828
0.8604647517204285
0.8261196613311768
0.792090117931366
0.7583962678909302
0.7250319123268127
0.6919630765914917
0.6591188907623291
0.6263912320137024
0.5936235189437866
0.5606116652488708
0.5270920991897583
0.4927447736263275
0.4571824073791504
0.41995736956596375
0.3805553913116455
0.33840781450271606
0.2928932309150696
1.649448037147522
1.6067373752593994
1.5671522617340088
1.5301525592803955
1.4952417612075806
1.4619677066802979
1.4299330711364746
1.3987901210784912
1.368247151374817
1.3380603790283203
1.3080369234085083
1.2780252695083618
1.2479162216186523
1.2176340818405151
1.187135934829712
1.1564040184020996
1.1254444122314453
1.094280481338501
1.0629512071609497
1.0315055847167969
1.0
0.9684944748878479
0.9370487928390503
0.905719518661499
0.8745556473731995
0.8435960412025452
0.8128640651702881
0.7823659181594849
0.7520837187767029
0.7219747304916382
0.6919630765914917
0.6619396209716797
0.6317528486251831
0.6012098789215088
0.5700668692588806
0.5380322337150574
0.5047582387924194
0.4698474109172821
0.43284767866134644
0.393262654542923
0.350551962852478
1.587785243988037
1.5484540462493896
1.5119749307632446
1.4778813123703003
1.4457424879074097
1.4151647090911865
1.3857989311218262
1.357337236404419
1.329518437385559
1.3021212816238403
1.274968147277832
1.2479162216186523
1.220860242843628
1.1937235593795776
1.1664586067199707
1.1390401124954224
1.111464262008667
1.0837424993515015
1.0559003353118896
1.0279723405838013
1.0
0.972027599811554
0.9440996646881104
0.9162575006484985
0.888535737991333
0.8609598875045776
0.8335414528846741
0.8062764406204224
0.7791396975517273
0.7520837187767029
0.7250319123268127
0.6978786587715149
0.6704815626144409
0.642662763595581
0.6142010688781738
0.5848353505134583
0.5542575716972351
0.5221187472343445
0.488025039434433
0.45154598355293274
0.4122147560119629
1.522498607635498
1.4870429039001465
1.4541393518447876
1.4233882427215576
1.3944205045700073
1.3668971061706543
1.3405160903930664
1.3150089979171753
1.2901461124420166
1.2657309770584106
1.2416037321090698
1.2176340818405151
1.1937235593795776
1.1697982549667358
1.1458097696304321
1.121728777885437
1.0975449085235596
1.0732609033584595
1.0488922595977783
1.024462103843689
1.0
0.975537896156311
0.9511078000068665
0.9267390966415405
0.9024551510810852
0.8782711625099182
0.8541902303695679
0.8302017450332642
0.8062764406204224
0.7823659181594849
0.7583962678909302
0.7342689633369446
0.7098538875579834
0.6849910020828247
0.6594839096069336
0.6331028938293457
0.6055795550346375
0.5766118168830872
0.5458606481552124
0.5129570960998535
0.47750142216682434
1.4539904594421387
1.4228355884552002
1.3939093351364136
1.3668752908706665
1.3414223194122314
1.3172637224197388
1.2941428422927856
1.271830677986145
1.2501295804977417
1.2288693189620972
1.2079099416732788
1.187135934829712
1.1664586067199707
1.1458097696304321
1.1251429319381714
1.1044278144836426
1.0836502313613892
1.0628074407577515
1.0419073104858398
1.0209648609161377
1.0
0.9790351390838623
0.9580926895141602
0.9371926188468933
0.9163498282432556
0.8955721855163574
0.8748570680618286
0.8541902303695679
0.8335414528846741
0.8128640651702881
0.792090117931366
0.7711306214332581
0.7498704195022583
0.728169322013855
0.7058570981025696
0.6827362775802612
0.6585776805877686
0.6331247091293335
0.6060907244682312
0.5771644115447998
0.5460094809532166
1.3826833963394165
1.3561865091323853
1.3315757513046265
1.3085746765136719
1.2869271039962769
1.2663968801498413
1.2467715740203857
1.2278610467910767
1.2095003128051758
1.1915463209152222
1.1738803386688232
1.1564040184020996
1.1390401124954224
1.121728777885437
1.1044278144836426
1.0871083736419678
1.069754958152771
1.0523617267608643
1.0349315404891968
1.0174733400344849
1.0
0.9825267195701599
0.9650684595108032
0.9476383328437805
0.930245041847229
0.9128916263580322
0.8955721855163574
0.8782711625099182
0.8609598875045776
0.8435960412025452
0.8261196613311768
0.8084537386894226
0.790499746799469
0.7721389532089233
0.7532284259796143
0.7336031794548035
0.7130728960037231
0.6914253830909729
0.6684242486953735
0.6438134908676147
0.6173165440559387
1.3090169429779053
1.2874722480773926
1.2674551010131836
1.2487467527389526
1.2311444282531738
1.2144606113433838
1.1985265016555786
1.1831903457641602
1.1683199405670166
1.153800368309021
1.1395351886749268
1.1254444122314453
1.111464262008667
1.0975449085235596
1.0836502313613892
1.069754958152771
1.0558443069458008
1.0419113636016846
1.0279560089111328
1.0139827728271484
1.0
0.9860171675682068
0.9720439910888672
0.9580886363983154
0.9441556334495544
0.930245041847229
0.9163498282432556
0.9024551510810852
0.888535737991333
0.8745556473731995
0.8604647517204285
0.8461996912956238
0.8316799998283386
0.8168096542358398
0.8014734983444214
0.785539448261261
0.768855631351471
0.7512532472610474
0.7325449585914612
0.7125278115272522
0.69098299741745
1.233445405960083
1.2170851230621338
1.2018816471099854
1.1876718997955322
1.1743049621582031
1.1616411209106445
1.1495542526245117
1.1379308700561523
1.1266717910766602
1.1156902313232422
1.1049134731292725
1.094280481338501
1.0837424993515015
1.0732609033584595
1.0628074407577515
1.0523617267608643
1.0419113636016846
1.031449794769287
1.0209754705429077
1.0104906558990479
1.0
0.9895092844963074
0.9790244698524475
0.9685502052307129
0.9580886363983154
0.9476383328437805
0.9371926188468933
0.9267390966415405
0.9162575006484985
0.905719518661499
0.8950864672660828
0.8843097686767578
0.8733282089233398
0.8620690703392029
0.8504456877708435
0.8383588790893555
0.8256950378417969
0.8123281002044678
0.7981184124946594
0.7829148769378662
0.7665546536445618
1.156434416770935
1.1454321146011353
1.1352059841156006
1.1256481409072876
1.1166584491729736
1.1081441640853882
1.100021481513977
1.0922147035598755
1.084657907485962
1.0772929191589355
1.0700711011886597
1.0629512071609497
1.0559003353118896
1.0488922595977783
1.0419073104858398
1.0349315404891968
1.0279560089111328
1.0209754705429077
1.0139886140823364
1.0069959163665771
1.0
0.9930040836334229
0.9860113859176636
0.9790244698524475
0.9720439910888672
0.9650684595108032
0.9580926895141602
0.9511078000068665
0.9440996646881104
0.9370487928390503
0.9299288988113403
0.9227070212364197
0.9153420925140381
0.9077852368354797
0.8999785780906677
0.8918558359146118
0.8833415508270264
0.8743518590927124
0.8647940158843994
0.8545679450035095
0.8435655236244202
1.0784591436386108
1.0729292631149292
1.0677891969680786
1.0629849433898926
1.0584665536880493
1.0541878938674927
1.0501071214675903
1.0461864471435547
1.0423927307128906
1.0386971235275269
1.0350749492645264
1.0315055847167969
1.0279723405838013
1.024462103843689
1.0209648609161377
1.0174733400344849
1.0139827728271484
1.0104906558990479
1.0069959163665771
1.0034986734390259
1.0
0.9965013265609741
0.9930040836334229
0.9895092844963074
0.9860171675682068
0.9825267195701599
0.9790351390838623
0.975537896156311
0.972027599811554
0.9684944748878479
0.9649251103401184
0.9613029360771179
0.9576072096824646
0.9538135528564453
0.9498928785324097
0.9458121061325073
0.9415334463119507
0.9370151162147522
0.9322108626365662
0.9270707368850708
0.9215409159660339
1.0
1.0
1.0
1.0
1.0
1.0
1.0
1.0
1.0
1.0
1.0
1.0
1.0
1.0
1.0
1.0
1.0
1.0
1.0
1.0
1.0
1.0
1.0
1.0
1.0
1.0
1.0
1.0
1.0
1.0
1.0
1.0
1.0
1.0
1.0
1.0
1.0
1.0
1.0
1.0
1.0
0.9215409159660339
0.9270707368850708
0.9322108626365662
0.9370151162147522
0.9415334463119507
0.9458121061325073
0.9498928785324097
0.9538135528564453
0.9576072096824646
0.9613029360771179
0.9649251103401184
0.9684944748878479
0.972027599811554
0.975537896156311
0.9790351390838623
0.9825267195701599
0.9860171675682068
0.9895092844963074
0.9930040836334229
0.9965013265609741
1.0
1.0034986734390259
1.0069959163665771
1.0104906558990479
1.0139827728271484
1.0174733400344849
1.0209648609161377
1.024462103843689
1.0279723405838013
1.0315055847167969
1.0350749492645264
1.0386971235275269
1.0423927307128906
1.0461864471435547
1.0501071214675903
1.0541878938674927
1.0584665536880493
1.0629849433898926
1.0677891969680786
1.0729292631149292
1.0784591436386108
0.8435655236244202
0.8545679450035095
0.8647940158843994
0.8743518590927124
0.8833415508270264
0.8918558359146118
0.8999785780906677
0.9077852368354797
0.9153420925140381
0.9227070212364197
0.9299288988113403
0.9370487928390503
0.9440996646881104
0.9511078000068665
0.9580926895141602
0.9650684595108032
0.9720439910888672
0.9790244698524475
0.9860113859176636
0.9930040836334229
1.0
1.0069959163665771
1.0139886140823364
1.0209754705429077
1.0279560089111328
1.0349315404891968
1.0419073104858398
1.0488922595977783
1.0559003353118896
1.0629512071609497
1.0700711011886597
1.0772929191589355
1.084657907485962
1.0922147035598755
1.100021481513977
1.1081441640853882
1.1166584491729736
1.1256481409072876
1.1352059841156006
1.1454321146011353
1.156434416770935
0.7665546536445618
0.7829148769378662
0.7981184124946594
0.8123281002044678
0.8256950378417969
0.8383588790893555
0.8504456877708435
0.8620690703392029
0.8733282089233398
0.8843097686767578
0.8950864672660828
0.905719518661499
0.9162575006484985
0.9267390966415405
0.9371926188468933
0.9476383328437805
0.9580886363983154
0.9685502052307129
0.9790244698524475
0.9895092844963074
1.0
1.0104906558990479
1.0209754705429077
1.031449794769287
1.0419113636016846
1.0523617267608643
1.0628074407577515
1.0732609033584595
1.0837424993515015
1.094280481338501
1.1049134731292725
1.1156902313232422
1.1266717910766602
1.1379308700561523
1.1495542526245117
1.1616411209106445
1.1743049621582031
1.1876718997955322
1.2018816471099854
1.2170851230621338
1.233445405960083
0.69098299741745
0.7125278115272522
0.7325449585914612
0.7512532472610474
0.768855631351471
0.785539448261261
0.8014734983444214
0.8168096542358398
0.8316799998283386
0.8461996912956238
0.8604647517204285
0.8745556473731995
0.888535737991333
0.9024551510810852
0.9163498282432556
0.930245041847229
0.9441556334495544
0.9580886363983154
0.9720439910888672
0.9860171675682068
1.0
1.0139827728271484
1.0279560089111328
1.0419113636016846
1.0558443069458008
1.069754958152771
1.0836502313613892
1.0975449085235596
1.111464262008667
1.1254444122314453
1.1395351886749268
1.153800368309021
1.1683199405670166
1.1831903457641602
1.1985265016555786
1.2144606113433838
1.2311444282531738
1.2487467527389526
1.2674551010131836
1.2874722480773926
1.3090169429779053
0.6173165440559387
0.6438134908676147
0.6684242486953735
0.6914253830909729
0.7130728960037231
0.7336031794548035
0.7532284259796143
0.7721389532089233
0.790499746799469
0.8084537386894226
0.8261196613311768
0.8435960412025452
0.8609598875045776
0.8782711625099182
0.8955721855163574
0.9128916263580322
0.930245041847229
0.9476383328437805
0.9650684595108032
0.9825267195701599
1.0
1.0174733400344849
1.0349315404891968
1.0523617267608643
1.069754958152771
1.0871083736419678
1.1044278144836426
1.121728777885437
1.1390401124954224
1.1564040184020996
1.1738803386688232
1.1915463209152222
1.2095003128051758
1.2278610467910767
1.2467715740203857
1.2663968801498413
1.2869271039962769
1.3085746765136719
1.3315757513046265
1.3561865091323853
1.3826833963394165
0.5460094809532166
0.5771644115447998
0.6060907244682312
0.6331247091293335
0.6585776805877686
0.6827362775802612
0.7058570981025696
0.728169322013855
0.7498704195022583
0.7711306214332581
0.792090117931366
0.8128640651702881
0.8335414528846741
0.8541902303695679
0.8748570680618286
0.8955721855163574
0.9163498282432556
0.9371926188468933
0.9580926895141602
0.9790351390838623
1.0
1.0209648609161377
1.0419073104858398
1.0628074407577515
1.0836502313613892
1.1044278144836426
1.1251429319381714
1.1458097696304321
1.1664586067199707
1.187135934829712
1.2079099416732788
1.2288693189620972
1.2501295804977417
1.271830677986145
1.2941428422927856
1.3172637224197388
1.3414223194122314
1.3668752908706665
1.3939093351364136
1.4228355884552002
1.4539904594421387
0.47750142216682434
0.5129570960998535
0.5458606481552124
0.5766118168830872
0.6055795550346375
0.6331028938293457
0.6594839096069336
0.6849910020828247
0.7098538875579834
0.7342689633369446
0.7583962678909302
0.7823659181594849
0.8062764406204224
0.8302017450332642
0.8541902303695679
0.8782711625099182
0.9024551510810852
0.9267390966415405
0.9511078000068665
0.975537896156311
1.0
1.024462103843689
1.0488922595977783
1.0732609033584595
1.0975449085235596
1.121728777885437
1.1458097696304321
1.1697982549667358
1.1937235593795776
1.2176340818405151
1.2416037321090698
1.2657309770584106
1.2901461124420166
1.3150089979171753
1.3405160903930664
1.3668971061706543
1.3944205045700073
1.4233882427215576
1.4541393518447876
1.4870429039001465
1.522498607635498
0.4122147560119629
0.45154598355293274
0.488025039434433
0.5221187472343445
0.5542575716972351
0.5848353505134583
0.6142010688781738
0.642662763595581
0.6704815626144409
0.6978786587715149
0.7250319123268127
0.7520837187767029
0.7791396975517273
0.8062764406204224
0.8335414528846741
0.8609598875045776
0.888535737991333
0.9162575006484985
0.9440996646881104
0.972027599811554
1.0
1.0279723405838013
1.0559003353118896
1.0837424993515015
1.111464262008667
1.1390401124954224
1.1664586067199707
1.1937235593795776
1.220860242843628
1.2479162216186523
1.274968147277832
1.3021212816238403
1.329518437385559
1.357337236404419
1.3857989311218262
1.4151647090911865
1.4457424879074097
1.4778813123703003
1.5119749307632446
1.5484540462493896
1.587785243988037
0.350551962852478
0.393262654542923
0.43284767866134644
0.4698474109172821
0.5047582387924194
0.5380322337150574
0.5700668692588806
0.6012098789215088
0.6317528486251831
0.6619396209716797
0.6919630765914917
0.7219747304916382
0.7520837187767029
0.7823659181594849
0.8128640651702881
0.8435960412025452
0.8745556473731995
0.905719518661499
0.9370487928390503
0.9684944748878479
1.0
1.0315055847167969
1.0629512071609497
1.094280481338501
1.1254444122314453
1.1564040184020996
1.187135934829712
1.2176340818405151
1.2479162216186523
1.2780252695083618
1.3080369234085083
1.3380603790283203
1.368247151374817
1.3987901210784912
1.4299330711364746
1.4619677066802979
1.4952417612075806
1.5301525592803955
1.5671522617340088
1.6067373752593994
1.649448037147522
0.2928932309150696
0.33840781450271606
0.3805553913116455
0.41995736956596375
0.4571824073791504
0.4927447736263275
0.5270920991897583
0.5606116652488708
0.5936235189437866
0.6263912320137024
0.6591188907623291
0.6919630765914917
0.7250319123268127
0.7583962678909302
0.792090117931366
0.8261196613311768
0.8604647517204285
0.8950864672660828
0.9299288988113403
0.9649251103401184
1.0
1.0350749492645264
1.0700711011886597
1.1049134731292725
1.1395351886749268
1.1738803386688232
1.2079099416732788
1.2416037321090698
1.274968147277832
1.3080369234085083
1.340881109237671
1.3736087083816528
1.4063764810562134
1.4393882751464844
1.4729079008102417
1.50725519657135
1.5428175926208496
1.5800426006317139
1.6194446086883545
1.6615922451019287
1.7071068286895752
0.23959402740001678
0.28725072741508484
0.3313359022140503
0.3725634813308716
0.41158241033554077
0.448974072933197
0.48523780703544617
0.520799458026886
0.5560044050216675
0.5911315679550171
0.6263912320137024
0.6619396209716797
0.6978786587715149
0.7342689633369446
0.7711306214332581
0.8084537386894226
0.8461996912956238
0.8843097686767578
0.9227070212364197
0.9613029360771179
1.0
1.0386971235275269
1.0772929191589355
1.1156902313232422
1.153800368309021
1.1915463209152222
1.2288693189620972
1.2657309770584106
1.3021212816238403
1.3380603790283203
1.3736087083816528
1.408868432044983
1.4439955949783325
1.4792004823684692
1.5147621631622314
1.5510258674621582
1.5884175300598145
1.6274365186691284
1.6686640977859497
1.7127492427825928
1.7604060173034668
0.19098301231861115
0.24001821875572205
0.28532254695892334
0.32771727442741394
0.367942214012146
0.40665143728256226
0.4443967342376709
0.4816398620605469
0.5187463760375977
0.5560044050216675
0.5936235189437866
0.6317528486251831
0.6704815626144409
0.7098538875579834
0.7498704195022583
0.790499746799469
0.8316799998283386
0.8733282089233398
0.9153420925140381
0.9576072096824646
1.0
1.0423927307128906
1.084657907485962
1.1266717910766602
1.1683199405670166
1.2095003128051758
1.2501295804977417
1.2901461124420166
1.329518437385559
1.368247151374817
1.4063764810562134
1.4439955949783325
1.4812536239624023
1.5183601379394531
1.555603265762329
1.593348503112793
1.632057785987854
1.6722826957702637
1.7146774530410767
1.7599817514419556
1.8090169429779053
0.14735983312129974
0.19689324498176575
0.24259044229984283
0.28540217876434326
0.3261725902557373
0.36563435196876526
0.4043903648853302
0.44293296337127686
0.4816398620605469
0.520799458026886
0.5606116652488708
0.6012098789215088
0.642662763595581
0.6849910020828247
0.728169322013855
0.7721389532089233
0.8168096542358398
0.8620690703392029
0.9077852368354797
0.9538135528564453
1.0
1.0461864471435547
1.0922147035598755
1.1379308700561523
1.1831903457641602
1.2278610467910767
1.271830677986145
1.3150089979171753
1.357337236404419
1.3987901210784912
1.4393882751464844
1.4792004823684692
1.5183601379394531
1.5570670366287231
1.5956096649169922
1.6343656778335571
1.6738274097442627
1.7145978212356567
1.7574095726013184
1.8031067848205566
1.852640151977539
0.10899347811937332
0.15799619257450104
0.20312859117984772
0.24550075829029083
0.28607821464538574
0.32567593455314636
0.3649425208568573
0.4043903648853302
0.4443967342376709
0.48523780703544617
0.5270920991897583
0.5700668692588806
0.6142010688781738
0.6594839096069336
0.7058570981025696
0.7532284259796143
0.8014734983444214
0.8504456877708435
0.8999785780906677
0.9498928785324097
1.0
1.0501071214675903
1.100021481513977
1.1495542526245117
1.1985265016555786
1.2467715740203857
1.2941428422927856
1.3405160903930664
1.3857989311218262
1.4299330711364746
1.4729079008102417
1.5147621631622314
1.555603265762329
1.5956096649169922
1.6350574493408203
1.6743240356445312
1.7139217853546143
1.7544991970062256
1.7968714237213135
1.8420038223266602
1.8910064697265625
0.07612046599388123
0.12337971478700638
0.16682860255241394
0.20778287947177887
0.2473471611738205
0.2864183783531189
0.32567593455314636
0.36563435196876526
0.40665143728256226
0.448974072933197
0.4927447736263275
0.5380322337150574
0.5848353505134583
0.6331028938293457
0.6827362775802612
0.7336031794548035
0.785539448261261
0.8383588790893555
0.8918558359146118
0.9458121061325073
1.0
1.0541878938674927
1.1081441640853882
1.1616411209106445
1.2144606113433838
1.2663968801498413
1.3172637224197388
1.3668971061706543
1.4151647090911865
1.4619677066802979
1.50725519657135
1.5510258674621582
1.593348503112793
1.6343656778335571
1.6743240356445312
1.7135816812515259
1.752652883529663
1.7922171354293823
1.8331713676452637
1.8766202926635742
1.9238795042037964
0.04894348233938217
0.09298354387283325
0.1334228813648224
0.17183920741081238
0.20949450135231018
0.2473471611738205
0.28607821464538574
0.3261725902557373
0.367942214012146
0.41158241033554077
0.4571824073791504
0.5047582387924194
0.5542575716972351
0.6055795550346375
0.6585776805877686
0.7130728960037231
0.768855631351471
0.8256950378417969
0.8833415508270264
0.9415334463119507
1.0
1.0584665536880493
1.1166584491729736
1.1743049621582031
1.2311444282531738
1.2869271039962769
1.3414223194122314
1.3944205045700073
1.4457424879074097
1.4952417612075806
1.5428175926208496
1.5884175300598145
1.632057785987854
1.6738274097442627
1.7139217853546143
1.752652883529663
1.7905055284500122
1.8281607627868652
1.8665771484375
1.907016396522522
1.9510564804077148
0.02763007953763008
0.06661494821310043
0.10243978351354599
0.13705004751682281
0.17183920741081238
0.20778287947177887
0.24550075829029083
0.28540217876434326
0.32771727442741394
0.3725634813308716
0.41995736956596375
0.4698474109172821
0.5221187472343445
0.5766118168830872
0.6331247091293335
0.6914253830909729
0.7512532472610474
0.8123281002044678
0.8743518590927124
0.9370151162147522
1.0
1.0629849433898926
1.1256481409072876
1.1876718997955322
1.2487467527389526
1.3085746765136719
1.3668752908706665
1.4233882427215576
1.4778813123703003
1.5301525592803955
1.5800426006317139
1.6274365186691284
1.6722826957702637
1.7145978212356567
1.7544991970062256
1.7922171354293823
1.8281607627868652
1.8629499673843384
1.8975602388381958
1.9333850145339966
1.972369909286499
0.012311659753322601
0.04375707730650902
0.07304447144269943
0.10243978351354599
0.1334228813648224
0.16682860255241394
0.20312859117984772
0.24259044229984283
0.28532254695892334
0.3313359022140503
0.3805553913116455
0.43284767866134644
0.488025039434433
0.5458606481552124
0.6060907244682312
0.6684242486953735
0.7325449585914612
0.7981184124946594
0.8647940158843994
0.9322108626365662
1.0
1.0677891969680786
1.1352059841156006
1.2018816471099854
1.2674551010131836
1.3315757513046265
1.3939093351364136
1.4541393518447876
1.5119749307632446
1.5671522617340088
1.6194446086883545
1.6686640977859497
1.7146774530410767
1.7574095726013184
1.7968714237213135
1.8331713676452637
1.8665771484375
1.8975602388381958
1.9269555807113647
1.9562429189682007
1.9876883029937744
0.003082666313275695
0.023520812392234802
0.04375707730650902
0.06661494821310043
0.09298354387283325
0.12337971478700638
0.15799619257450104
0.19689324498176575
0.24001821875572205
0.28725072741508484
0.33840781450271606
0.393262654542923
0.45154598355293274
0.5129570960998535
0.5771644115447998
0.6438134908676147
0.7125278115272522
0.7829148769378662
0.8545679450035095
0.9270707368850708
1.0
1.0729292631149292
1.1454321146011353
1.2170851230621338
1.2874722480773926
1.3561865091323853
1.4228355884552002
1.4870429039001465
1.5484540462493896
1.6067373752593994
1.6615922451019287
1.7127492427825928
1.7599817514419556
1.8031067848205566
1.8420038223266602
1.8766202926635742
1.907016396522522
1.9333850145339966
1.9562429189682007
1.976479172706604
1.9969173669815063
0.0
0.003082666313275695
0.012311659753322601
0.02763007953763008
0.04894348233938217
0.07612046599388123
0.10899347811937332
0.14735983312129974
0.19098301231861115
0.23959402740001678
0.2928932309150696
0.350551962852478
0.4122147560119629
0.47750142216682434
0.5460094809532166
0.6173165440559387
0.69098299741745
0.7665546536445618
0.8435655236244202
0.9215409159660339
1.0
1.0784591436386108
1.156434416770935
1.233445405960083
1.3090169429779053
1.3826833963394165
1.4539904594421387
1.522498607635498
1.587785243988037
1.649448037147522
1.7071068286895752
1.7604060173034668
1.8090169429779053
1.852640151977539
1.8910064697265625
1.9238795042037964
1.9510564804077148
1.972369909286499
1.9876883029937744
1.9969173669815063
2.0
