2.0
1.9969173669815063
1.9876883029937744
1.972369909286499
1.9510564804077148
1.9238795042037964
1.8910064697265625
1.852640151977539
1.8090169429779053
1.7604060173034668
1.7071068286895752
1.649448037147522
1.587785243988037
1.522498607635498
1.4539904594421387
1.3826833963394165
1.3090169429779053
1.233445405960083
1.156434416770935
1.0784591436386108
1.0
0.9215409159660339
0.8435655236244202
0.7665546536445618
0.69098299741745
0.6173165440559387
0.5460094809532166
0.47750142216682434
0.4122147560119629
0.350551962852478
0.2928932309150696
0.23959402740001678
0.19098301231861115
0.14735983312129974
0.10899347811937332
0.07612046599388123
0.04894348233938217
0.02763007953763008
0.012311659753322601
0.003082666313275695
0.0
1.9969173669815063
1.9766192436218262
1.9564719200134277
1.9336752891540527
1.9073479175567627
1.8769783973693848
1.8423768281936646
1.8034850358963013
1.760357141494751
1.7131147384643555
1.661941647529602
1.6070656776428223
1.5487565994262695
1.4873158931732178
1.423075556755066
1.3563905954360962
1.2876383066177368
1.2172112464904785
1.1455168724060059
1.0729719400405884
1.0
0.9270281195640564
0.8544830679893494
0.7827887535095215
0.712361752986908
0.643609344959259
0.5769244432449341
0.512684166431427
0.45124340057373047
0.3929343819618225
0.33805832266807556
0.2868853211402893
0.23964287340641022
0.19651497900485992
0.15762315690517426
0.12302156537771225
0.09265203028917313
0.06632472574710846
0.04352803900837898
0.02338077500462532
0.003082666313275695
1.9876883029937744
1.9564719200134277
1.9273473024368286
1.8980669975280762
1.8671640157699585
1.8338111639022827
1.7975420951843262
1.7580928802490234
1.7153578996658325
1.6693284511566162
1.6200813055038452
1.5677515268325806
1.5125279426574707
1.4546387195587158
1.3943487405776978
1.3319499492645264
1.2677595615386963
1.2021130323410034
1.135361671447754
1.067867398262024
1.0
0.9321326017379761
0.8646383881568909
0.7978870272636414
0.7322404384613037
0.6680501103401184
0.6056512594223022
0.5453612804412842
0.4874720275402069
0.4322485029697418
0.37991863489151
0.3306715488433838
0.2846420705318451
0.24190711975097656
0.20245790481567383
0.1661888211965561
0.1328360140323639
0.10193302482366562
0.07265274971723557
0.04352803900837898
0.012311659753322601
1.972369909286499
1.9336752891540527
1.8980669975280762
1.8636157512664795
1.8289399147033691
1.793073058128357
1.755401611328125
1.7155210971832275
1.6732051372528076
1.628339409828186
1.5809098482131958
1.5309699773788452
1.478636622428894
1.4240710735321045
1.3674767017364502
1.3090870380401611
1.2491639852523804
1.1879889965057373
1.1258615255355835
1.0630922317504883
1.0
0.9369078278541565
0.8741384148597717
0.8120110034942627
0.7508360743522644
0.6909129619598389
0.6325232982635498
0.5759289264678955
0.521363377571106
0.4690300524234772
0.419090211391449
0.37166059017181396
0.3267948627471924
0.28447893261909485
0.24459843337535858
0.20692695677280426
0.17106002569198608
0.13638430833816528
0.10193302482366562
0.06632472574710846
0.02763007953763008
1.9510564804077148
1.9073479175567627
1.8671640157699585
1.8289399147033691
1.7914248704910278
1.753669023513794
1.7149982452392578
1.6749329566955566
1.6331655979156494
1.5895044803619385
1.5438634157180786
1.4962290525436401
1.4466559886932373
1.3952471017837524
1.3421509265899658
1.287548303604126
1.231650471687317
1.174689769744873
1.1169174909591675
1.0585968494415283
1.0
0.9414032101631165
0.8830825090408325
0.825310230255127
0.7683495879173279
0.712451696395874
0.6578490734100342
0.6047528982162476
0.5533440709114075
0.5037710070610046
0.4561366140842438
0.4104955494403839
0.366834431886673
0.32506710290908813
0.2850017845630646
0.24633096158504486
0.20857511460781097
0.17106002569198608
0.1328360140323639
0.09265203028917313
0.04894348233938217
1.9238795042037964
1.8769783973693848
1.8338111639022827
1.793073058128357
1.753669023513794
1.7147104740142822
1.6755244731903076
1.6356024742126465
1.5945911407470703
1.5522476434707642
1.5084328651428223
1.4630810022354126
1.4161959886550903
1.3678312301635742
1.3180876970291138
1.2670997381210327
1.2150334119796753
1.1620768308639526
1.1084375381469727
1.0543354749679565
1.0
0.9456645250320435
0.8915624618530273
0.8379231095314026
0.7849665880203247
0.7329003214836121
0.681912362575531
0.6321687698364258
0.5838040709495544
0.5369189977645874
0.49156713485717773
0.44775232672691345
0.4054088294506073
0.36439749598503113
0.3244754672050476
0.28528955578804016
0.24633096158504486
0.20692695677280426
0.1661888211965561
0.12302156537771225
0.07612046599388123
1.8910064697265625
1.8423768281936646
1.7975420951843262
1.755401611328125
1.7149982452392578
1.6755244731903076
1.636338472366333
1.5969330072402954
1.5569357872009277
1.516074776649475
1.4741750955581665
1.4311325550079346
1.386911153793335
1.3415244817733765
1.2950329780578613
1.2475312948226929
1.1991459131240845
1.1500256061553955
1.1003389358520508
1.0502667427062988
1.0
0.9497331976890564
0.899661123752594
0.8499743938446045
0.8008540868759155
0.7524687647819519
0.7049670815467834
0.6584755778312683
0.6130887866020203
0.5688674449920654
0.5258249044418335
0.4839251935482025
0.4430641829967499
0.4030669927597046
0.36366158723831177
0.3244754672050476
0.2850017845630646
0.24459843337535858
0.20245790481567383
0.15762315690517426
0.10899347811937332
1.852640151977539
1.8034850358963013
1.7580928802490234
1.7155210971832275
1.6749329566955566
1.6356024742126465
1.5969330072402954
1.558437466621399
1.519742727279663
1.4805645942687988
1.4407069683074951
1.400039792060852
1.358497142791748
1.3160613775253296
1.2727601528167725
1.2286548614501953
1.183837890625
1.1384238004684448
1.0925467014312744
1.0463534593582153
1.0
0.9536465406417847
0.9074532389640808
0.8615761995315552
0.8161621689796448
0.7713451385498047
0.7272397875785828
0.6839386224746704
0.6415027976036072
0.5999602675437927
0.5592929720878601
0.5194353461265564
0.4802572727203369
0.44156259298324585
0.4030669927597046
0.36439749598503113
0.32506710290908813
0.28447893261909485
0.24190711975097656
0.19651497900485992
0.14735983312129974
1.8090169429779053
1.760357141494751
1.7153578996658325
1.6732051372528076
1.6331655979156494
1.5945911407470703
1.5569357872009277
1.519742727279663
1.482650876045227
1.4453761577606201
1.407712697982788
1.3695145845413208
1.3306959867477417
1.291215181350708
1.2510744333267212
1.2103074789047241
1.1689786911010742
1.1271733045578003
1.0849958658218384
1.0425628423690796
1.0
0.9574372172355652
0.9150041937828064
0.8728266954421997
0.8310213088989258
0.7896925210952759
0.7489256262779236
0.708784818649292
0.6693040728569031
0.6304853558540344
0.5922873616218567
0.5546238422393799
0.517349123954773
0.4802572727203369
0.4430641829967499
0.4054088294506073
0.366834431886673
0.3267948627471924
0.2846420705318451
0.23964287340641022
0.19098301231861115
1.7604060173034668
1.7131147384643555
1.6693284511566162
1.628339409828186
1.5895044803619385
1.5522476434707642
1.516074776649475
1.4805645942687988
1.4453761577606201
1.4102340936660767
1.3749319314956665
1.339316725730896
1.3032894134521484
1.2667921781539917
1.2298076152801514
1.1923482418060303
1.1544549465179443
1.1161887645721436
1.0776289701461792
1.0388661623001099
1.0
0.9611338376998901
0.9223710298538208
0.8838111758232117
0.8455449938774109
0.807651698589325
0.7701923847198486
0.7332078814506531
0.6967106461524963
0.6606833338737488
0.6250680088996887
0.5897659063339233
0.5546238422393799
0.5194353461265564
0.4839251935482025
0.44775232672691345
0.4104955494403839
0.37166059017181396
0.3306715488433838
0.2868853211402893
0.23959402740001678
1.7071068286895752
1.661941647529602
1.6200813055038452
1.5809098482131958
1.5438634157180786
1.5084328651428223
1.4741750955581665
1.4407069683074951
1.407712697982788
1.3749319314956665
1.3421642780303955
1.3092561960220337
1.2761024236679077
1.2426347732543945
1.2088220119476318
1.174660325050354
1.1401721239089966
1.1053986549377441
1.0703980922698975
1.0352394580841064
1.0
0.9647605419158936
0.9296019077301025
0.8946013450622559
0.8598278760910034
0.825339674949646
0.7911779284477234
0.7573651671409607
0.7238975763320923
0.6907437443733215
0.6578356623649597
0.6250680088996887
0.5922873616218567
0.5592929720878601
0.5258249044418335
0.49156713485717773
0.4561366140842438
0.419090211391449
0.37991863489151
0.33805832266807556
0.2928932309150696
1.649448037147522
1.6070656776428223
1.5677515268325806
1.5309699773788452
1.4962290525436401
1.4630810022354126
1.4311325550079346
1.400039792060852
1.3695145845413208
1.339316725730896
1.3092561960220337
1.2791845798492432
1.2489954233169556
1.2186155319213867
1.1880046129226685
1.15714693069458
1.1260511875152588
1.094742774963379
1.0632628202438354
1.0316623449325562
1.0
0.9683375954627991
0.9367371201515198
0.9052571654319763
0.8739488124847412
0.8428530693054199
0.8119954466819763
0.7813844084739685
0.7510045170783997
0.7208154201507568
0.6907437443733215
0.6606833338737488
0.6304853558540344
0.5999602675437927
0.5688674449920654
0.5369189977645874
0.5037710070610046
0.4690300524234772
0.4322485029697418
0.3929343819618225
0.350551962852478
1.587785243988037
1.5487565994262695
1.5125279426574707
1.478636622428894
1.4466559886932373
1.4161959886550903
1.386911153793335
1.358497142791748
1.3306959867477417
1.3032894134521484
1.2761024236679077
1.2489954233169556
1.2218654155731201
1.1946380138397217
1.16726815700531
1.139732837677002
1.1120301485061646
1.0841736793518066
1.056191086769104
1.0281187295913696
1.0
0.9718812704086304
0.943808913230896
0.9158262610435486
0.8879698514938354
0.860267162322998
0.8327318429946899
0.8053619861602783
0.7781345844268799
0.7510045170783997
0.7238975763320923
0.6967106461524963
0.6693040728569031
0.6415027976036072
0.6130887866020203
0.5838040709495544
0.5533440709114075
0.521363377571106
0.4874720275402069
0.45124340057373047
0.4122147560119629
1.522498607635498
1.4873158931732178
1.4546387195587158
1.4240710735321045
1.3952471017837524
1.3678312301635742
1.3415244817733765
1.3160613775253296
1.291215181350708
1.2667921781539917
1.2426347732543945
1.2186155319213867
1.1946380138397217
1.1706305742263794
1.1465468406677246
1.1223596334457397
1.0980603694915771
1.0736536979675293
1.0491570234298706
1.0245954990386963
1.0
0.9754045605659485
0.9508429169654846
0.9263462424278259
0.9019396901130676
0.8776403665542603
0.8534530997276306
0.8293694257736206
0.8053619861602783
0.7813844084739685
0.7573651671409607
0.7332078814506531
0.708784818649292
0.6839386224746704
0.6584755778312683
0.6321687698364258
0.6047528982162476
0.5759289264678955
0.5453612804412842
0.512684166431427
0.47750142216682434
1.4539904594421387
1.423075556755066
1.3943487405776978
1.3674767017364502
1.3421509265899658
1.3180876970291138
1.2950329780578613
1.2727601528167725
1.2510744333267212
1.2298076152801514
1.2088220119476318
1.1880046129226685
1.16726815700531
1.1465468406677246
1.125795841217041
1.1049867868423462
1.0841069221496582
1.0631555318832397
1.0421421527862549
1.0210829973220825
1.0
0.9789170026779175
0.9578579068183899
0.9368444085121155
0.915893018245697
0.8950132131576538
0.8742040991783142
0.8534530997276306
0.8327318429946899
0.8119954466819763
0.7911779284477234
0.7701923847198486
0.7489256262779236
0.7272397875785828
0.7049670815467834
0.681912362575531
0.6578490734100342
0.6325232982635498
0.6056512594223022
0.5769244432449341
0.5460094809532166
1.3826833963394165
1.3563905954360962
1.3319499492645264
1.3090870380401611
1.287548303604126
1.2670997381210327
1.2475312948226929
1.2286548614501953
1.2103074789047241
1.1923482418060303
1.174660325050354
1.15714693069458
1.139732837677002
1.1223596334457397
1.1049867868423462
1.0875868797302246
1.070146083831787
1.0526598691940308
1.035132646560669
1.0175745487213135
1.0
0.9824255108833313
0.964867353439331
0.9473401308059692
0.9298539161682129
0.9124130606651306
0.8950132131576538
0.8776403665542603
0.860267162322998
0.8428530693054199
0.825339674949646
0.807651698589325
0.7896925210952759
0.7713451385498047
0.7524687647819519
0.7329003214836121
0.712451696395874
0.6909129619598389
0.6680501103401184
0.643609344959259
0.6173165440559387
1.3090169429779053
1.2876383066177368
1.2677595615386963
1.2491639852523804
1.231650471687317
1.2150334119796753
1.1991459131240845
1.183837890625
1.1689786911010742
1.1544549465179443
1.1401721239089966
1.1260511875152588
1.1120301485061646
1.0980603694915771
1.0841069221496582
1.070146083831787
1.0561641454696655
1.042155146598816
1.0281203985214233
1.0140656232833862
1.0
0.9859344363212585
0.9718796014785767
0.9578448534011841
0.9438359141349792
0.9298539161682129
0.915893018245697
0.9019396901130676
0.8879698514938354
0.8739488124847412
0.8598278760910034
0.8455449938774109
0.8310213088989258
0.8161621689796448
0.8008540868759155
0.7849665880203247
0.7683495879173279
0.7508360743522644
0.7322404384613037
0.712361752986908
0.69098299741745
1.233445405960083
1.2172112464904785
1.2021130323410034
1.1879889965057373
1.174689769744873
1.1620768308639526
1.1500256061553955
1.1384238004684448
1.1271733045578003
1.1161887645721436
1.1053986549377441
1.094742774963379
1.0841736793518066
1.0736536979675293
1.0631555318832397
1.0526598691940308
1.042155146598816
1.0316356420516968
1.0211008787155151
1.0105538368225098
1.0
0.989446222782135
0.9788991212844849
0.9683643579483032
0.9578448534011841
0.9473401308059692
0.9368444085121155
0.9263462424278259
0.9158262610435486
0.9052571654319763
0.8946013450622559
0.8838111758232117
0.8728266954421997
0.8615761995315552
0.8499743938446045
0.8379231095314026
0.825310230255127
0.8120110034942627
0.7978870272636414
0.7827887535095215
0.7665546536445618
1.156434416770935
1.1455168724060059
1.135361671447754
1.1258615255355835
1.1169174909591675
1.1084375381469727
1.1003389358520508
1.0925467014312744
1.0849958658218384
1.0776289701461792
1.0703980922698975
1.0632628202438354
1.056191086769104
1.0491570234298706
1.0421421527862549
1.035132646560669
1.0281203985214233
1.0211008787155151
1.014073133468628
1.0070384740829468
1.0
0.9929615259170532
0.9859268665313721
0.9788991212844849
0.9718796014785767
0.964867353439331
0.9578579068183899
0.9508429169654846
0.943808913230896
0.9367371201515198
0.9296019077301025
0.9223710298538208
0.9150041937828064
0.9074532389640808
0.899661123752594
0.8915624618530273
0.8830825090408325
0.8741384148597717
0.8646383881568909
0.8544830679893494
0.8435655236244202
1.0784591436386108
1.0729719400405884
1.067867398262024
1.0630922317504883
1.0585968494415283
1.0543354749679565
1.0502667427062988
1.0463534593582153
1.0425628423690796
1.0388661623001099
1.0352394580841064
1.0316623449325562
1.0281187295913696
1.0245954990386963
1.0210829973220825
1.0175745487213135
1.0140656232833862
1.0105538368225098
1.0070384740829468
1.003520131111145
1.0
0.996479868888855
0.9929615259170532
0.989446222782135
0.9859344363212585
0.9824255108833313
0.9789170026779175
0.9754045605659485
0.9718812704086304
0.9683375954627991
0.9647605419158936
0.9611338376998901
0.9574372172355652
0.9536465406417847
0.9497331976890564
0.9456645250320435
0.9414032101631165
0.9369078278541565
0.9321326017379761
0.9270281195640564
0.9215409159660339
1.0
1.0
1.0
1.0
1.0
1.0
1.0
1.0
1.0
1.0
1.0
1.0
1.0
1.0
1.0
1.0
1.0
1.0
1.0
1.0
1.0
1.0
1.0
1.0
1.0
1.0
1.0
1.0
1.0
1.0
1.0
1.0
1.0
1.0
1.0
1.0
1.0
1.0
1.0
1.0
1.0
0.9215409159660339
0.9270281195640564
0.9321326017379761
0.9369078278541565
0.9414032101631165
0.9456645250320435
0.9497331976890564
0.9536465406417847
0.9574372172355652
0.9611338376998901
0.9647605419158936
0.9683375954627991
0.9718812704086304
0.9754045605659485
0.9789170026779175
0.9824255108833313
0.9859344363212585
0.989446222782135
0.9929615259170532
0.996479868888855
1.0
1.003520131111145
1.0070384740829468
1.0105538368225098
1.0140656232833862
1.0175745487213135
1.0210829973220825
1.0245954990386963
1.0281187295913696
1.0316623449325562
1.0352394580841064
1.0388661623001099
1.0425628423690796
1.0463534593582153
1.0502667427062988
1.0543354749679565
1.0585968494415283
1.0630922317504883
1.067867398262024
1.0729719400405884
1.0784591436386108
0.8435655236244202
0.8544830679893494
0.8646383881568909
0.8741384148597717
0.8830825090408325
0.8915624618530273
0.899661123752594
0.9074532389640808
0.9150041937828064
0.9223710298538208
0.9296019077301025
0.9367371201515198
0.943808913230896
0.9508429169654846
0.9578579068183899
0.964867353439331
0.9718796014785767
0.9788991212844849
0.9859268665313721
0.9929615259170532
1.0
1.0070384740829468
1.014073133468628
1.0211008787155151
1.0281203985214233
1.035132646560669
1.0421421527862549
1.0491570234298706
1.056191086769104
1.0632628202438354
1.0703980922698975
1.0776289701461792
1.0849958658218384
1.0925467014312744
1.1003389358520508
1.1084375381469727
1.1169174909591675
1.1258615255355835
1.135361671447754
1.1455168724060059
1.156434416770935
0.7665546536445618
0.7827887535095215
0.7978870272636414
0.8120110034942627
0.825310230255127
0.8379231095314026
0.8499743938446045
0.8615761995315552
0.8728266954421997
0.8838111758232117
0.8946013450622559
0.9052571654319763
0.9158262610435486
0.9263462424278259
0.9368444085121155
0.9473401308059692
0.9578448534011841
0.9683643579483032
0.9788991212844849
0.989446222782135
1.0
1.0105538368225098
1.0211008787155151
1.0316356420516968
1.042155146598816
1.0526598691940308
1.0631555318832397
1.0736536979675293
1.0841736793518066
1.094742774963379
1.1053986549377441
1.1161887645721436
1.1271733045578003
1.1384238004684448
1.1500256061553955
1.1620768308639526
1.174689769744873
1.1879889965057373
1.2021130323410034
1.2172112464904785
1.233445405960083
0.69098299741745
0.712361752986908
0.7322404384613037
0.7508360743522644
0.7683495879173279
0.7849665880203247
0.8008540868759155
0.8161621689796448
0.8310213088989258
0.8455449938774109
0.8598278760910034
0.8739488124847412
0.8879698514938354
0.9019396901130676
0.915893018245697
0.9298539161682129
0.9438359141349792
0.9578448534011841
0.9718796014785767
0.9859344363212585
1.0
1.0140656232833862
1.0281203985214233
1.042155146598816
1.0561641454696655
1.070146083831787
1.0841069221496582
1.0980603694915771
1.1120301485061646
1.1260511875152588
1.1401721239089966
1.1544549465179443
1.1689786911010742
1.183837890625
1.1991459131240845
1.2150334119796753
1.231650471687317
1.2491639852523804
1.2677595615386963
1.2876383066177368
1.3090169429779053
0.6173165440559387
0.643609344959259
0.6680501103401184
0.6909129619598389
0.712451696395874
0.7329003214836121
0.7524687647819519
0.7713451385498047
0.7896925210952759
0.807651698589325
0.825339674949646
0.8428530693054199
0.860267162322998
0.8776403665542603
0.8950132131576538
0.9124130606651306
0.9298539161682129
0.9473401308059692
0.964867353439331
0.9824255108833313
1.0
1.0175745487213135
1.035132646560669
1.0526598691940308
1.070146083831787
1.0875868797302246
1.1049867868423462
1.1223596334457397
1.139732837677002
1.15714693069458
1.174660325050354
1.1923482418060303
1.2103074789047241
1.2286548614501953
1.2475312948226929
1.2670997381210327
1.287548303604126
1.3090870380401611
1.3319499492645264
1.3563905954360962
1.3826833963394165
0.5460094809532166
0.5769244432449341
0.6056512594223022
0.6325232982635498
0.6578490734100342
0.681912362575531
0.7049670815467834
0.7272397875785828
0.7489256262779236
0.7701923847198486
0.7911779284477234
0.8119954466819763
0.8327318429946899
0.8534530997276306
0.8742040991783142
0.8950132131576538
0.915893018245697
0.9368444085121155
0.9578579068183899
0.9789170026779175
1.0
1.0210829973220825
1.0421421527862549
1.0631555318832397
1.0841069221496582
1.1049867868423462
1.125795841217041
1.1465468406677246
1.16726815700531
1.1880046129226685
1.2088220119476318
1.2298076152801514
1.2510744333267212
1.2727601528167725
1.2950329780578613
1.3180876970291138
1.3421509265899658
1.3674767017364502
1.3943487405776978
1.423075556755066
1.4539904594421387
0.47750142216682434
0.512684166431427
0.5453612804412842
0.5759289264678955
0.6047528982162476
0.6321687698364258
0.6584755778312683
0.6839386224746704
0.708784818649292
0.7332078814506531
0.7573651671409607
0.7813844084739685
0.8053619861602783
0.8293694257736206
0.8534530997276306
0.8776403665542603
0.9019396901130676
0.9263462424278259
0.9508429169654846
0.9754045605659485
1.0
1.0245954990386963
1.0491570234298706
1.0736536979675293
1.0980603694915771
1.1223596334457397
1.1465468406677246
1.1706305742263794
1.1946380138397217
1.2186155319213867
1.2426347732543945
1.2667921781539917
1.291215181350708
1.3160613775253296
1.3415244817733765
1.3678312301635742
1.3952471017837524
1.4240710735321045
1.4546387195587158
1.4873158931732178
1.522498607635498
0.4122147560119629
0.45124340057373047
0.4874720275402069
0.521363377571106
0.5533440709114075
0.5838040709495544
0.6130887866020203
0.6415027976036072
0.6693040728569031
0.6967106461524963
0.7238975763320923
0.7510045170783997
0.7781345844268799
0.8053619861602783
0.8327318429946899
0.860267162322998
0.8879698514938354
0.9158262610435486
0.943808913230896
0.9718812704086304
1.0
1.0281187295913696
1.056191086769104
1.0841736793518066
1.1120301485061646
1.139732837677002
1.16726815700531
1.1946380138397217
1.2218654155731201
1.2489954233169556
1.2761024236679077
1.3032894134521484
1.3306959867477417
1.358497142791748
1.386911153793335
1.4161959886550903
1.4466559886932373
1.478636622428894
1.5125279426574707
1.5487565994262695
1.587785243988037
0.350551962852478
0.3929343819618225
0.4322485029697418
0.4690300524234772
0.5037710070610046
0.5369189977645874
0.5688674449920654
0.5999602675437927
0.6304853558540344
0.6606833338737488
0.6907437443733215
0.7208154201507568
0.7510045170783997
0.7813844084739685
0.8119954466819763
0.8428530693054199
0.8739488124847412
0.9052571654319763
0.9367371201515198
0.9683375954627991
1.0
1.0316623449325562
1.0632628202438354
1.094742774963379
1.1260511875152588
1.15714693069458
1.1880046129226685
1.2186155319213867
1.2489954233169556
1.2791845798492432
1.3092561960220337
1.339316725730896
1.3695145845413208
1.400039792060852
1.4311325550079346
1.4630810022354126
1.4962290525436401
1.5309699773788452
1.5677515268325806
1.6070656776428223
1.649448037147522
0.2928932309150696
0.33805832266807556
0.37991863489151
0.419090211391449
0.4561366140842438
0.49156713485717773
0.5258249044418335
0.5592929720878601
0.5922873616218567
0.6250680088996887
0.6578356623649597
0.6907437443733215
0.7238975763320923
0.7573651671409607
0.7911779284477234
0.825339674949646
0.8598278760910034
0.8946013450622559
0.9296019077301025
0.9647605419158936
1.0
1.0352394580841064
1.0703980922698975
1.1053986549377441
1.1401721239089966
1.174660325050354
1.2088220119476318
1.2426347732543945
1.2761024236679077
1.3092561960220337
1.3421642780303955
1.3749319314956665
1.407712697982788
1.4407069683074951
1.4741750955581665
1.5084328651428223
1.5438634157180786
1.5809098482131958
1.6200813055038452
1.661941647529602
1.7071068286895752
0.23959402740001678
0.2868853211402893
0.3306715488433838
0.37166059017181396
0.4104955494403839
0.44775232672691345
0.4839251935482025
0.5194353461265564
0.5546238422393799
0.5897659063339233
0.6250680088996887
0.6606833338737488
0.6967106461524963
0.7332078814506531
0.7701923847198486
0.807651698589325
0.8455449938774109
0.8838111758232117
0.9223710298538208
0.9611338376998901
1.0
1.0388661623001099
1.0776289701461792
1.1161887645721436
1.1544549465179443
1.1923482418060303
1.2298076152801514
1.2667921781539917
1.3032894134521484
1.339316725730896
1.3749319314956665
1.4102340936660767
1.4453761577606201
1.4805645942687988
1.516074776649475
1.5522476434707642
1.5895044803619385
1.628339409828186
1.6693284511566162
1.7131147384643555
1.7604060173034668
0.19098301231861115
0.23964287340641022
0.2846420705318451
0.3267948627471924
0.366834431886673
0.4054088294506073
0.4430641829967499
0.4802572727203369
0.517349123954773
0.5546238422393799
0.5922873616218567
0.6304853558540344
0.6693040728569031
0.708784818649292
0.7489256262779236
0.7896925210952759
0.8310213088989258
0.8728266954421997
0.9150041937828064
0.9574372172355652
1.0
1.0425628423690796
1.0849958658218384
1.1271733045578003
1.1689786911010742
1.2103074789047241
1.2510744333267212
1.291215181350708
1.3306959867477417
1.3695145845413208
1.407712697982788
1.4453761577606201
1.482650876045227
1.519742727279663
1.5569357872009277
1.5945911407470703
1.6331655979156494
1.6732051372528076
1.7153578996658325
1.760357141494751
1.8090169429779053
0.14735983312129974
0.19651497900485992
0.24190711975097656
0.28447893261909485
0.32506710290908813
0.36439749598503113
0.4030669927597046
0.44156259298324585
0.4802572727203369
0.5194353461265564
0.5592929720878601
0.5999602675437927
0.6415027976036072
0.6839386224746704
0.7272397875785828
0.7713451385498047
0.8161621689796448
0.8615761995315552
0.9074532389640808
0.9536465406417847
1.0
1.0463534593582153
1.0925467014312744
1.1384238004684448
1.183837890625
1.2286548614501953
1.2727601528167725
1.3160613775253296
1.358497142791748
1.400039792060852
1.4407069683074951
1.4805645942687988
1.519742727279663
1.558437466621399
1.5969330072402954
1.6356024742126465
1.6749329566955566
1.7155210971832275
1.7580928802490234
1.8034850358963013
1.852640151977539
0.10899347811937332
0.15762315690517426
0.20245790481567383
0.24459843337535858
0.2850017845630646
0.3244754672050476
0.36366158723831177
0.4030669927597046
0.4430641829967499
0.4839251935482025
0.5258249044418335
0.5688674449920654
0.6130887866020203
0.6584755778312683
0.7049670815467834
0.7524687647819519
0.8008540868759155
0.8499743938446045
0.899661123752594
0.9497331976890564
1.0
1.0502667427062988
1.1003389358520508
1.1500256061553955
1.1991459131240845
1.2475312948226929
1.2950329780578613
1.3415244817733765
1.386911153793335
1.4311325550079346
1.4741750955581665
1.516074776649475
1.5569357872009277
1.5969330072402954
1.636338472366333
1.6755244731903076
1.7149982452392578
1.755401611328125
1.7975420951843262
1.8423768281936646
1.8910064697265625
0.07612046599388123
0.12302156537771225
0.1661888211965561
0.20692695677280426
0.24633096158504486
0.28528955578804016
0.3244754672050476
0.36439749598503113
0.4054088294506073
0.44775232672691345
0.49156713485717773
0.5369189977645874
0.5838040709495544
0.6321687698364258
0.681912362575531
0.7329003214836121
0.7849665880203247
0.8379231095314026
0.8915624618530273
0.9456645250320435
1.0
1.0543354749679565
1.1084375381469727
1.1620768308639526
1.2150334119796753
1.2670997381210327
1.3180876970291138
1.3678312301635742
1.4161959886550903
1.4630810022354126
1.5084328651428223
1.5522476434707642
1.5945911407470703
1.6356024742126465
1.6755244731903076
1.7147104740142822
1.753669023513794
1.793073058128357
1.8338111639022827
1.8769783973693848
1.9238795042037964
0.04894348233938217
0.09265203028917313
0.1328360140323639
0.17106002569198608
0.20857511460781097
0.24633096158504486
0.2850017845630646
0.32506710290908813
0.366834431886673
0.4104955494403839
0.4561366140842438
0.5037710070610046
0.5533440709114075
0.6047528982162476
0.6578490734100342
0.712451696395874
0.7683495879173279
0.825310230255127
0.8830825090408325
0.9414032101631165
1.0
1.0585968494415283
1.1169174909591675
1.174689769744873
1.231650471687317
1.287548303604126
1.3421509265899658
1.3952471017837524
1.4466559886932373
1.4962290525436401
1.5438634157180786
1.5895044803619385
1.6331655979156494
1.6749329566955566
1.7149982452392578
1.753669023513794
1.7914248704910278
1.8289399147033691
1.8671640157699585
1.9073479175567627
1.9510564804077148
0.02763007953763008
0.06632472574710846
0.10193302482366562
0.13638430833816528
0.17106002569198608
0.20692695677280426
0.24459843337535858
0.28447893261909485
0.3267948627471924
0.37166059017181396
0.419090211391449
0.4690300524234772
0.521363377571106
0.5759289264678955
0.6325232982635498
0.6909129619598389
0.7508360743522644
0.8120110034942627
0.8741384148597717
0.9369078278541565
1.0
1.0630922317504883
1.1258615255355835
1.1879889965057373
1.2491639852523804
1.3090870380401611
1.3674767017364502
1.4240710735321045
1.478636622428894
1.5309699773788452
1.5809098482131958
1.628339409828186
1.6732051372528076
1.7155210971832275
1.755401611328125
1.793073058128357
1.8289399147033691
1.8636157512664795
1.8980669975280762
1.9336752891540527
1.972369909286499
0.012311659753322601
0.04352803900837898
0.07265274971723557
0.10193302482366562
0.1328360140323639
0.1661888211965561
0.20245790481567383
0.24190711975097656
0.2846420705318451
0.3306715488433838
0.37991863489151
0.4322485029697418
0.4874720275402069
0.5453612804412842
0.6056512594223022
0.6680501103401184
0.7322404384613037
0.7978870272636414
0.8646383881568909
0.9321326017379761
1.0
1.067867398262024
1.135361671447754
1.2021130323410034
1.2677595615386963
1.3319499492645264
1.3943487405776978
1.4546387195587158
1.5125279426574707
1.5677515268325806
1.6200813055038452
1.6693284511566162
1.7153578996658325
1.7580928802490234
1.7975420951843262
1.8338111639022827
1.8671640157699585
1.8980669975280762
1.9273473024368286
1.9564719200134277
1.9876883029937744
0.003082666313275695
0.02338077500462532
0.04352803900837898
0.06632472574710846
0.09265203028917313
0.12302156537771225
0.15762315690517426
0.19651497900485992
0.23964287340641022
0.2868853211402893
0.33805832266807556
0.3929343819618225
0.45124340057373047
0.512684166431427
0.5769244432449341
0.643609344959259
0.712361752986908
0.7827887535095215
0.8544830679893494
0.9270281195640564
1.0
1.0729719400405884
1.1455168724060059
1.2172112464904785
1.2876383066177368
1.3563905954360962
1.423075556755066
1.4873158931732178
1.5487565994262695
1.6070656776428223
1.661941647529602
1.7131147384643555
1.760357141494751
1.8034850358963013
1.8423768281936646
1.8769783973693848
1.9073479175567627
1.9336752891540527
1.9564719200134277
1.9766192436218262
1.9969173669815063
0.0
0.003082666313275695
0.012311659753322601
0.02763007953763008
0.04894348233938217
0.07612046599388123
0.10899347811937332
0.14735983312129974
0.19098301231861115
0.23959402740001678
0.2928932309150696
0.350551962852478
0.4122147560119629
0.47750142216682434
0.5460094809532166
0.6173165440559387
0.69098299741745
0.7665546536445618
0.8435655236244202
0.9215409159660339
1.0
1.0784591436386108
1.156434416770935
1.233445405960083
1.3090169429779053
1.3826833963394165
1.4539904594421387
1.522498607635498
1.587785243988037
1.649448037147522
1.7071068286895752
1.7604060173034668
1.8090169429779053
1.852640151977539
1.8910064697265625
1.9238795042037964
1.9510564804077148
1.972369909286499
1.9876883029937744
1.9969173669815063
2.0
