2.0
1.9969173669815063
1.9876883029937744
1.972369909286499
1.9510564804077148
1.9238795042037964
1.8910064697265625
1.852640151977539
1.8090169429779053
1.7604060173034668
1.7071068286895752
1.649448037147522
1.587785243988037
1.522498607635498
1.4539904594421387
1.3826833963394165
1.3090169429779053
1.233445405960083
1.156434416770935
1.0784591436386108
1.0
0.9215409159660339
0.8435655236244202
0.7665546536445618
0.69098299741745
0.6173165440559387
0.5460094809532166
0.47750142216682434
0.4122147560119629
0.350551962852478
0.2928932309150696
0.23959402740001678
0.19098301231861115
0.14735983312129974
0.10899347811937332
0.07612046599388123
0.04894348233938217
0.02763007953763008
0.012311659753322601
0.003082666313275695
0.0
1.9969173669815063
1.9766688346862793
1.9565532207489014
1.933778166770935
1.9074655771255493
1.877105474472046
1.842509150505066
1.803619146347046
1.7604902982711792
1.7132443189620972
1.6620656251907349
1.6071820259094238
1.5488638877868652
1.487412691116333
1.4231606721878052
1.356463074684143
1.287697196006775
1.21725594997406
1.1455470323562622
1.0729870796203613
1.0
0.9270129799842834
0.8544529676437378
0.7827439904212952
0.7123028635978699
0.6435369253158569
0.5768393874168396
0.5125873684883118
0.4511360824108124
0.3928179144859314
0.33793437480926514
0.2867557108402252
0.23950976133346558
0.1963808238506317
0.15749084949493408
0.1228945329785347
0.09253444522619247
0.06622179597616196
0.04344680532813072
0.023331107571721077
0.003082666313275695
1.9876883029937744
1.9565532207489014
1.9274861812591553
1.8982467651367188
1.8673721551895142
1.8340381383895874
1.79777991771698
1.7583352327346802
1.7155992984771729
1.669564127922058
1.620307207107544
1.5679640769958496
1.5127241611480713
1.4548158645629883
1.3945045471191406
1.3320826292037964
1.2678675651550293
1.2021950483322144
1.135416865348816
1.0678951740264893
1.0
0.9321048259735107
0.8645831346511841
0.7978049516677856
0.7321324348449707
0.6679173707962036
0.6054953932762146
0.5451841354370117
0.4872758686542511
0.43203598260879517
0.37969279289245605
0.3304359018802643
0.28440073132514954
0.24166475236415863
0.20222002267837524
0.16596189141273499
0.13262787461280823
0.10175328701734543
0.07251381874084473
0.04344680532813072
0.012311659753322601
1.972369909286499
1.933778166770935
1.8982467651367188
1.86385178565979
1.8292163610458374
1.7933766841888428
1.7557215690612793
1.7158485651016235
1.6735323667526245
1.6286596059799194
1.5812174081802368
1.5312598943710327
1.4789044857025146
1.4243133068084717
1.3676899671554565
1.3092687129974365
1.249311923980713
1.1881015300750732
1.1259372234344482
1.063130259513855
1.0
0.936869740486145
0.874062716960907
0.8118985295295715
0.7506880760192871
0.6907312273979187
0.6323100328445435
0.5756867527961731
0.5210954546928406
0.46874016523361206
0.41878265142440796
0.3713403642177582
0.32646769285202026
0.28415146470069885
0.24427840113639832
0.206623375415802
0.17078366875648499
0.13614816963672638
0.10175328701734543
0.06622179597616196
0.02763007953763008
1.9510564804077148
1.9074655771255493
1.8673721551895142
1.8292163610458374
1.7917509078979492
1.7540295124053955
1.7153799533843994
1.6753250360488892
1.6335585117340088
1.5898898839950562
1.544234275817871
1.4965791702270508
1.4469799995422363
1.3955403566360474
1.342409372329712
1.2877686023712158
1.2318298816680908
1.1748262643814087
1.1170094013214111
1.0586429834365845
1.0
0.9413569569587708
0.8829906582832336
0.8251737356185913
0.7681701183319092
0.7122313976287842
0.6575906276702881
0.6044597029685974
0.5530200600624084
0.5034208297729492
0.45576566457748413
0.4101100564002991
0.366441547870636
0.3246749937534332
0.2846199870109558
0.24597053229808807
0.208249032497406
0.17078366875648499
0.13262787461280823
0.09253444522619247
0.04894348233938217
1.9238795042037964
1.877105474472046
1.8340381383895874
1.7933766841888428
1.7540295124053955
1.7151107788085938
1.675950288772583
1.6360411643981934
1.5950318574905396
1.5526809692382812
1.5088505744934082
1.4634758234024048
1.4165617227554321
1.3681625127792358
1.3183798789978027
1.2673490047454834
1.2152366638183594
1.1622314453125
1.1085416078567505
1.0543878078460693
1.0
0.9456121921539307
0.8914583921432495
0.8377685546875
0.7847633957862854
0.7326509952545166
0.6816201210021973
0.6318374872207642
0.5834382772445679
0.5365241765975952
0.4911494553089142
0.44731900095939636
0.4049680829048157
0.36395880579948425
0.3240496814250946
0.28488919138908386
0.24597053229808807
0.206623375415802
0.16596189141273499
0.1228945329785347
0.07612046599388123
1.8910064697265625
1.842509150505066
1.79777991771698
1.7557215690612793
1.7153799533843994
1.675950288772583
1.636792778968811
1.5974023342132568
1.5574084520339966
1.5165404081344604
1.474624514579773
1.4315578937530518
1.387305736541748
1.3418821096420288
1.2953486442565918
1.2478007078170776
1.1993656158447266
1.1501928567886353
1.1004514694213867
1.050323486328125
1.0
0.9496765732765198
0.8995485305786133
0.8498072028160095
0.8006343841552734
0.7521992921829224
0.704651415348053
0.658117949962616
0.6126943230628967
0.5684420466423035
0.525375485420227
0.48345962166786194
0.4425915479660034
0.4025976061820984
0.36320725083351135
0.3240496814250946
0.2846199870109558
0.24427840113639832
0.20222002267837524
0.15749084949493408
0.10899347811937332
1.852640151977539
1.803619146347046
1.7583352327346802
1.7158485651016235
1.6753250360488892
1.6360411643981934
1.5974023342132568
1.5589234828948975
1.5202330350875854
1.4810484647750854
1.4411747455596924
1.4004830121994019
1.3589086532592773
1.316434621810913
1.27308988571167
1.2289364337921143
1.1840674877166748
1.1385985612869263
1.0926644802093506
1.046412706375122
1.0
0.9535872936248779
0.9073355197906494
0.8614014387130737
0.8159325122833252
0.7710636258125305
0.7269101142883301
0.6835653781890869
0.6410914063453674
0.5995170474052429
0.5588252544403076
0.5189515352249146
0.4797669053077698
0.4410765469074249
0.4025976061820984
0.36395880579948425
0.3246749937534332
0.28415146470069885
0.24166475236415863
0.1963808238506317
0.14735983312129974
1.8090169429779053
1.7604902982711792
1.7155992984771729
1.6735323667526245
1.6335585117340088
1.5950318574905396
1.5574084520339966
1.5202330350875854
1.4831464290618896
1.4458657503128052
1.4081865549087524
1.3699641227722168
1.331113576889038
1.291594386100769
1.2514095306396484
1.210593819618225
1.1692123413085938
1.12735116481781
1.085115671157837
1.0426230430603027
1.0
0.9573768973350525
0.9148843288421631
0.8726487755775452
0.8307876586914062
0.7894061803817749
0.7485905289649963
0.7084056735038757
0.6688864231109619
0.6300358176231384
0.5918134450912476
0.5541342496871948
0.5168535709381104
0.4797669053077698
0.4425915479660034
0.4049680829048157
0.366441547870636
0.32646769285202026
0.28440073132514954
0.23950976133346558
0.19098301231861115
1.7604060173034668
1.7132443189620972
1.669564127922058
1.6286596059799194
1.5898898839950562
1.5526809692382812
1.5165404081344604
1.4810484647750854
1.4458657503128052
1.410718560218811
1.375401258468628
1.3397623300552368
1.3037036657333374
1.2671685218811035
1.2301404476165771
1.1926326751708984
1.1546871662139893
1.116365671157837
1.0777480602264404
1.038926124572754
1.0
0.9610738754272461
0.9222518801689148
0.8836343288421631
0.8453128337860107
0.8073672652244568
0.7698595523834229
0.7328314781188965
0.6962963938713074
0.660237729549408
0.6245986819267273
0.5892814993858337
0.5541342496871948
0.5189515352249146
0.48345962166786194
0.44731900095939636
0.4101100564002991
0.3713403642177582
0.3304359018802643
0.2867557108402252
0.23959402740001678
1.7071068286895752
1.6620656251907349
1.620307207107544
1.5812174081802368
1.544234275817871
1.5088505744934082
1.474624514579773
1.4411747455596924
1.4081865549087524
1.375401258468628
1.3426194190979004
1.309688687324524
1.2765047550201416
1.2430005073547363
1.2091455459594727
1.1749370098114014
1.1403980255126953
1.105570673942566
1.0705140829086304
1.0352978706359863
1.0
0.9647021889686584
0.9294859170913696
0.8944292664527893
0.8596019744873047
0.8250630497932434
0.7908543944358826
0.7569994330406189
0.7234952449798584
0.6903113126754761
0.6573805212974548
0.6245986819267273
0.5918134450912476
0.5588252544403076
0.525375485420227
0.4911494553089142
0.45576566457748413
0.41878265142440796
0.37969279289245605
0.33793437480926514
0.2928932309150696
1.649448037147522
1.6071820259094238
1.5679640769958496
1.5312598943710327
1.4965791702270508
1.4634758234024048
1.4315578937530518
1.4004830121994019
1.3699641227722168
1.3397623300552368
1.309688687324524
1.2795957326889038
1.2493782043457031
1.218963623046875
1.1883126497268677
1.1574105024337769
1.1262664794921875
1.0949068069458008
1.0633734464645386
1.0317180156707764
1.0
0.9682819843292236
0.9366266131401062
0.9050931930541992
0.8737335801124573
0.8425894975662231
0.8116873502731323
0.7810363173484802
0.7506217360496521
0.7204042077064514
0.6903113126754761
0.660237729549408
0.6300358176231384
0.5995170474052429
0.5684420466423035
0.5365241765975952
0.5034208297729492
0.46874016523361206
0.43203598260879517
0.3928179144859314
0.350551962852478
1.587785243988037
1.5488638877868652
1.5127241611480713
1.4789044857025146
1.4469799995422363
1.4165617227554321
1.387305736541748
1.3589086532592773
1.331113576889038
1.3037036657333374
1.2765047550201416
1.2493782043457031
1.222221851348877
1.1949623823165894
1.167555332183838
1.1399785280227661
1.112230896949768
1.0843266248703003
1.0562942028045654
1.0281705856323242
1.0
0.9718294143676758
0.9437057971954346
0.9156733155250549
0.8877691626548767
0.8600214719772339
0.8324446678161621
0.8050376772880554
0.777778148651123
0.7506217360496521
0.7234952449798584
0.6962963938713074
0.6688864231109619
0.6410914063453674
0.6126943230628967
0.5834382772445679
0.5530200600624084
0.5210954546928406
0.4872758686542511
0.4511360824108124
0.4122147560119629
1.522498607635498
1.487412691116333
1.4548158645629883
1.4243133068084717
1.3955403566360474
1.3681625127792358
1.3418821096420288
1.316434621810913
1.291594386100769
1.2671685218811035
1.2430005073547363
1.218963623046875
1.1949623823165894
1.1709257364273071
1.1468082666397095
1.1225833892822266
1.0982431173324585
1.0737930536270142
1.0492510795593262
1.0246427059173584
1.0
0.9753572940826416
0.9507489800453186
0.9262069463729858
0.9017568826675415
0.8774166107177734
0.8531916737556458
0.8290742039680481
0.8050376772880554
0.7810363173484802
0.7569994330406189
0.7328314781188965
0.7084056735038757
0.6835653781890869
0.658117949962616
0.6318374872207642
0.6044597029685974
0.5756867527961731
0.5451841354370117
0.5125873684883118
0.47750142216682434
1.4539904594421387
1.4231606721878052
1.3945045471191406
1.3676899671554565
1.342409372329712
1.3183798789978027
1.2953486442565918
1.27308988571167
1.2514095306396484
1.2301404476165771
1.2091455459594727
1.1883126497268677
1.167555332183838
1.1468082666397095
1.1260274648666382
1.1051850318908691
1.0842690467834473
1.0632790327072144
1.0422253608703613
1.0211249589920044
1.0
0.9788750410079956
0.9577746391296387
0.9367209672927856
0.9157310128211975
0.8948149681091309
0.8739725351333618
0.8531916737556458
0.8324446678161621
0.8116873502731323
0.7908543944358826
0.7698595523834229
0.7485905289649963
0.7269101142883301
0.704651415348053
0.6816201210021973
0.6575906276702881
0.6323100328445435
0.6054953932762146
0.5768393874168396
0.5460094809532166
1.3826833963394165
1.356463074684143
1.3320826292037964
1.3092687129974365
1.2877686023712158
1.2673490047454834
1.2478007078170776
1.2289364337921143
1.210593819618225
1.1926326751708984
1.1749370098114014
1.1574105024337769
1.1399785280227661
1.1225833892822266
1.1051850318908691
1.087756633758545
1.0702848434448242
1.0527656078338623
1.0352039337158203
1.0176104307174683
1.0
0.9823895692825317
0.9647960662841797
0.9472343921661377
0.9297152161598206
0.9122433662414551
0.8948149681091309
0.8774166107177734
0.8600214719772339
0.8425894975662231
0.8250630497932434
0.8073672652244568
0.7894061803817749
0.7710636258125305
0.7521992921829224
0.7326509952545166
0.7122313976287842
0.6907312273979187
0.6679173707962036
0.6435369253158569
0.6173165440559387
1.3090169429779053
1.287697196006775
1.2678675651550293
1.249311923980713
1.2318298816680908
1.2152366638183594
1.1993656158447266
1.1840674877166748
1.1692123413085938
1.1546871662139893
1.1403980255126953
1.1262664794921875
1.112230896949768
1.0982431173324585
1.0842690467834473
1.0702848434448242
1.0562775135040283
1.0422415733337402
1.0281786918640137
1.0140949487686157
1.0
0.9859050512313843
0.9718213081359863
0.9577584266662598
0.9437224864959717
0.9297152161598206
0.9157310128211975
0.9017568826675415
0.8877691626548767
0.8737335801124573
0.8596019744873047
0.8453128337860107
0.8307876586914062
0.8159325122833252
0.8006343841552734
0.7847633957862854
0.7681701183319092
0.7506880760192871
0.7321324348449707
0.7123028635978699
0.69098299741745
1.233445405960083
1.21725594997406
1.2021950483322144
1.1881015300750732
1.1748262643814087
1.1622314453125
1.1501928567886353
1.1385985612869263
1.12735116481781
1.116365671157837
1.105570673942566
1.0949068069458008
1.0843266248703003
1.0737930536270142
1.0632790327072144
1.0527656078338623
1.0422415733337402
1.0317015647888184
1.0211453437805176
1.0105761289596558
1.0
0.9894238114356995
0.9788546562194824
0.9682984352111816
0.9577584266662598
0.9472343921661377
0.9367209672927856
0.9262069463729858
0.9156733155250549
0.9050931930541992
0.8944292664527893
0.8836343288421631
0.8726487755775452
0.8614014387130737
0.8498072028160095
0.8377685546875
0.8251737356185913
0.8118985295295715
0.7978049516677856
0.7827439904212952
0.7665546536445618
1.156434416770935
1.1455470323562622
1.135416865348816
1.1259372234344482
1.1170094013214111
1.1085416078567505
1.1004514694213867
1.0926644802093506
1.085115671157837
1.0777480602264404
1.0705140829086304
1.0633734464645386
1.0562942028045654
1.0492510795593262
1.0422253608703613
1.0352039337158203
1.0281786918640137
1.0211453437805176
1.0141031742095947
1.0070536136627197
1.0
0.9929463863372803
0.98589688539505
0.9788546562194824
0.9718213081359863
0.9647960662841797
0.9577746391296387
0.9507489800453186
0.9437057971954346
0.9366266131401062
0.9294859170913696
0.9222518801689148
0.9148843288421631
0.9073355197906494
0.8995485305786133
0.8914583921432495
0.8829906582832336
0.874062716960907
0.8645831346511841
0.8544529676437378
0.8435655236244202
1.0784591436386108
1.0729870796203613
1.0678951740264893
1.063130259513855
1.0586429834365845
1.0543878078460693
1.050323486328125
1.046412706375122
1.0426230430603027
1.038926124572754
1.0352978706359863
1.0317180156707764
1.0281705856323242
1.0246427059173584
1.0211249589920044
1.0176104307174683
1.0140949487686157
1.0105761289596558
1.0070536136627197
1.0035277605056763
1.0
0.9964722990989685
0.9929463863372803
0.9894238114356995
0.9859050512313843
0.9823895692825317
0.9788750410079956
0.9753572940826416
0.9718294143676758
0.9682819843292236
0.9647021889686584
0.9610738754272461
0.9573768973350525
0.9535872936248779
0.9496765732765198
0.9456121921539307
0.9413569569587708
0.936869740486145
0.9321048259735107
0.9270129799842834
0.9215409159660339
1.0
1.0
1.0
1.0
1.0
1.0
1.0
1.0
1.0
1.0
1.0
1.0
1.0
1.0
1.0
1.0
1.0
1.0
1.0
1.0
1.0
1.0
1.0
1.0
1.0
1.0
1.0
1.0
1.0
1.0
1.0
1.0
1.0
1.0
1.0
1.0
1.0
1.0
1.0
1.0
1.0
0.9215409159660339
0.9270129799842834
0.9321048259735107
0.936869740486145
0.9413569569587708
0.9456121921539307
0.9496765732765198
0.9535872936248779
0.9573768973350525
0.9610738754272461
0.9647021889686584
0.9682819843292236
0.9718294143676758
0.9753572940826416
0.9788750410079956
0.9823895692825317
0.9859050512313843
0.9894238114356995
0.9929463863372803
0.9964722990989685
1.0
1.0035277605056763
1.0070536136627197
1.0105761289596558
1.0140949487686157
1.0176104307174683
1.0211249589920044
1.0246427059173584
1.0281705856323242
1.0317180156707764
1.0352978706359863
1.038926124572754
1.0426230430603027
1.046412706375122
1.050323486328125
1.0543878078460693
1.0586429834365845
1.063130259513855
1.0678951740264893
1.0729870796203613
1.0784591436386108
0.8435655236244202
0.8544529676437378
0.8645831346511841
0.874062716960907
0.8829906582832336
0.8914583921432495
0.8995485305786133
0.9073355197906494
0.9148843288421631
0.9222518801689148
0.9294859170913696
0.9366266131401062
0.9437057971954346
0.9507489800453186
0.9577746391296387
0.9647960662841797
0.9718213081359863
0.9788546562194824
0.98589688539505
0.9929463863372803
1.0
1.0070536136627197
1.0141031742095947
1.0211453437805176
1.0281786918640137
1.0352039337158203
1.0422253608703613
1.0492510795593262
1.0562942028045654
1.0633734464645386
1.0705140829086304
1.0777480602264404
1.085115671157837
1.0926644802093506
1.1004514694213867
1.1085416078567505
1.1170094013214111
1.1259372234344482
1.135416865348816
1.1455470323562622
1.156434416770935
0.7665546536445618
0.7827439904212952
0.7978049516677856
0.8118985295295715
0.8251737356185913
0.8377685546875
0.8498072028160095
0.8614014387130737
0.8726487755775452
0.8836343288421631
0.8944292664527893
0.9050931930541992
0.9156733155250549
0.9262069463729858
0.9367209672927856
0.9472343921661377
0.9577584266662598
0.9682984352111816
0.9788546562194824
0.9894238114356995
1.0
1.0105761289596558
1.0211453437805176
1.0317015647888184
1.0422415733337402
1.0527656078338623
1.0632790327072144
1.0737930536270142
1.0843266248703003
1.0949068069458008
1.105570673942566
1.116365671157837
1.12735116481781
1.1385985612869263
1.1501928567886353
1.1622314453125
1.1748262643814087
1.1881015300750732
1.2021950483322144
1.21725594997406
1.233445405960083
0.69098299741745
0.7123028635978699
0.7321324348449707
0.7506880760192871
0.7681701183319092
0.7847633957862854
0.8006343841552734
0.8159325122833252
0.8307876586914062
0.8453128337860107
0.8596019744873047
0.8737335801124573
0.8877691626548767
0.9017568826675415
0.9157310128211975
0.9297152161598206
0.9437224864959717
0.9577584266662598
0.9718213081359863
0.9859050512313843
1.0
1.0140949487686157
1.0281786918640137
1.0422415733337402
1.0562775135040283
1.0702848434448242
1.0842690467834473
1.0982431173324585
1.112230896949768
1.1262664794921875
1.1403980255126953
1.1546871662139893
1.1692123413085938
1.1840674877166748
1.1993656158447266
1.2152366638183594
1.2318298816680908
1.249311923980713
1.2678675651550293
1.287697196006775
1.3090169429779053
0.6173165440559387
0.6435369253158569
0.6679173707962036
0.6907312273979187
0.7122313976287842
0.7326509952545166
0.7521992921829224
0.7710636258125305
0.7894061803817749
0.8073672652244568
0.8250630497932434
0.8425894975662231
0.8600214719772339
0.8774166107177734
0.8948149681091309
0.9122433662414551
0.9297152161598206
0.9472343921661377
0.9647960662841797
0.9823895692825317
1.0
1.0176104307174683
1.0352039337158203
1.0527656078338623
1.0702848434448242
1.087756633758545
1.1051850318908691
1.1225833892822266
1.1399785280227661
1.1574105024337769
1.1749370098114014
1.1926326751708984
1.210593819618225
1.2289364337921143
1.2478007078170776
1.2673490047454834
1.2877686023712158
1.3092687129974365
1.3320826292037964
1.356463074684143
1.3826833963394165
0.5460094809532166
0.5768393874168396
0.6054953932762146
0.6323100328445435
0.6575906276702881
0.6816201210021973
0.704651415348053
0.7269101142883301
0.7485905289649963
0.7698595523834229
0.7908543944358826
0.8116873502731323
0.8324446678161621
0.8531916737556458
0.8739725351333618
0.8948149681091309
0.9157310128211975
0.9367209672927856
0.9577746391296387
0.9788750410079956
1.0
1.0211249589920044
1.0422253608703613
1.0632790327072144
1.0842690467834473
1.1051850318908691
1.1260274648666382
1.1468082666397095
1.167555332183838
1.1883126497268677
1.2091455459594727
1.2301404476165771
1.2514095306396484
1.27308988571167
1.2953486442565918
1.3183798789978027
1.342409372329712
1.3676899671554565
1.3945045471191406
1.4231606721878052
1.4539904594421387
0.47750142216682434
0.5125873684883118
0.5451841354370117
0.5756867527961731
0.6044597029685974
0.6318374872207642
0.658117949962616
0.6835653781890869
0.7084056735038757
0.7328314781188965
0.7569994330406189
0.7810363173484802
0.8050376772880554
0.8290742039680481
0.8531916737556458
0.8774166107177734
0.9017568826675415
0.9262069463729858
0.9507489800453186
0.9753572940826416
1.0
1.0246427059173584
1.0492510795593262
1.0737930536270142
1.0982431173324585
1.1225833892822266
1.1468082666397095
1.1709257364273071
1.1949623823165894
1.218963623046875
1.2430005073547363
1.2671685218811035
1.291594386100769
1.316434621810913
1.3418821096420288
1.3681625127792358
1.3955403566360474
1.4243133068084717
1.4548158645629883
1.487412691116333
1.522498607635498
0.4122147560119629
0.4511360824108124
0.4872758686542511
0.5210954546928406
0.5530200600624084
0.5834382772445679
0.6126943230628967
0.6410914063453674
0.6688864231109619
0.6962963938713074
0.7234952449798584
0.7506217360496521
0.777778148651123
0.8050376772880554
0.8324446678161621
0.8600214719772339
0.8877691626548767
0.9156733155250549
0.9437057971954346
0.9718294143676758
1.0
1.0281705856323242
1.0562942028045654
1.0843266248703003
1.112230896949768
1.1399785280227661
1.167555332183838
1.1949623823165894
1.222221851348877
1.2493782043457031
1.2765047550201416
1.3037036657333374
1.331113576889038
1.3589086532592773
1.387305736541748
1.4165617227554321
1.4469799995422363
1.4789044857025146
1.5127241611480713
1.5488638877868652
1.587785243988037
0.350551962852478
0.3928179144859314
0.43203598260879517
0.46874016523361206
0.5034208297729492
0.5365241765975952
0.5684420466423035
0.5995170474052429
0.6300358176231384
0.660237729549408
0.6903113126754761
0.7204042077064514
0.7506217360496521
0.7810363173484802
0.8116873502731323
0.8425894975662231
0.8737335801124573
0.9050931930541992
0.9366266131401062
0.9682819843292236
1.0
1.0317180156707764
1.0633734464645386
1.0949068069458008
1.1262664794921875
1.1574105024337769
1.1883126497268677
1.218963623046875
1.2493782043457031
1.2795957326889038
1.309688687324524
1.3397623300552368
1.3699641227722168
1.4004830121994019
1.4315578937530518
1.4634758234024048
1.4965791702270508
1.5312598943710327
1.5679640769958496
1.6071820259094238
1.649448037147522
0.2928932309150696
0.33793437480926514
0.37969279289245605
0.41878265142440796
0.45576566457748413
0.4911494553089142
0.525375485420227
0.5588252544403076
0.5918134450912476
0.6245986819267273
0.6573805212974548
0.6903113126754761
0.7234952449798584
0.7569994330406189
0.7908543944358826
0.8250630497932434
0.8596019744873047
0.8944292664527893
0.9294859170913696
0.9647021889686584
1.0
1.0352978706359863
1.0705140829086304
1.105570673942566
1.1403980255126953
1.1749370098114014
1.2091455459594727
1.2430005073547363
1.2765047550201416
1.309688687324524
1.3426194190979004
1.375401258468628
1.4081865549087524
1.4411747455596924
1.474624514579773
1.5088505744934082
1.544234275817871
1.5812174081802368
1.620307207107544
1.6620656251907349
1.7071068286895752
0.23959402740001678
0.2867557108402252
0.3304359018802643
0.3713403642177582
0.4101100564002991
0.44731900095939636
0.48345962166786194
0.5189515352249146
0.5541342496871948
0.5892814993858337
0.6245986819267273
0.660237729549408
0.6962963938713074
0.7328314781188965
0.7698595523834229
0.8073672652244568
0.8453128337860107
0.8836343288421631
0.9222518801689148
0.9610738754272461
1.0
1.038926124572754
1.0777480602264404
1.116365671157837
1.1546871662139893
1.1926326751708984
1.2301404476165771
1.2671685218811035
1.3037036657333374
1.3397623300552368
1.375401258468628
1.410718560218811
1.4458657503128052
1.4810484647750854
1.5165404081344604
1.5526809692382812
1.5898898839950562
1.6286596059799194
1.669564127922058
1.7132443189620972
1.7604060173034668
0.19098301231861115
0.23950976133346558
0.28440073132514954
0.32646769285202026
0.366441547870636
0.4049680829048157
0.4425915479660034
0.4797669053077698
0.5168535709381104
0.5541342496871948
0.5918134450912476
0.6300358176231384
0.6688864231109619
0.7084056735038757
0.7485905289649963
0.7894061803817749
0.8307876586914062
0.8726487755775452
0.9148843288421631
0.9573768973350525
1.0
1.0426230430603027
1.085115671157837
1.12735116481781
1.1692123413085938
1.210593819618225
1.2514095306396484
1.291594386100769
1.331113576889038
1.3699641227722168
1.4081865549087524
1.4458657503128052
1.4831464290618896
1.5202330350875854
1.5574084520339966
1.5950318574905396
1.6335585117340088
1.6735323667526245
1.7155992984771729
1.7604902982711792
1.8090169429779053
0.14735983312129974
0.1963808238506317
0.24166475236415863
0.28415146470069885
0.3246749937534332
0.36395880579948425
0.4025976061820984
0.4410765469074249
0.4797669053077698
0.5189515352249146
0.5588252544403076
0.5995170474052429
0.6410914063453674
0.6835653781890869
0.7269101142883301
0.7710636258125305
0.8159325122833252
0.8614014387130737
0.9073355197906494
0.9535872936248779
1.0
1.046412706375122
1.0926644802093506
1.1385985612869263
1.1840674877166748
1.2289364337921143
1.27308988571167
1.316434621810913
1.3589086532592773
1.4004830121994019
1.4411747455596924
1.4810484647750854
1.5202330350875854
1.5589234828948975
1.5974023342132568
1.6360411643981934
1.6753250360488892
1.7158485651016235
1.7583352327346802
1.803619146347046
1.852640151977539
0.10899347811937332
0.15749084949493408
0.20222002267837524
0.24427840113639832
0.2846199870109558
0.3240496814250946
0.36320725083351135
0.4025976061820984
0.4425915479660034
0.48345962166786194
0.525375485420227
0.5684420466423035
0.6126943230628967
0.658117949962616
0.704651415348053
0.7521992921829224
0.8006343841552734
0.8498072028160095
0.8995485305786133
0.9496765732765198
1.0
1.050323486328125
1.1004514694213867
1.1501928567886353
1.1993656158447266
1.2478007078170776
1.2953486442565918
1.3418821096420288
1.387305736541748
1.4315578937530518
1.474624514579773
1.5165404081344604
1.5574084520339966
1.5974023342132568
1.636792778968811
1.675950288772583
1.7153799533843994
1.7557215690612793
1.79777991771698
1.842509150505066
1.8910064697265625
0.07612046599388123
0.1228945329785347
0.16596189141273499
0.206623375415802
0.24597053229808807
0.28488919138908386
0.3240496814250946
0.36395880579948425
0.4049680829048157
0.44731900095939636
0.4911494553089142
0.5365241765975952
0.5834382772445679
0.6318374872207642
0.6816201210021973
0.7326509952545166
0.7847633957862854
0.8377685546875
0.8914583921432495
0.9456121921539307
1.0
1.0543878078460693
1.1085416078567505
1.1622314453125
1.2152366638183594
1.2673490047454834
1.3183798789978027
1.3681625127792358
1.4165617227554321
1.4634758234024048
1.5088505744934082
1.5526809692382812
1.5950318574905396
1.6360411643981934
1.675950288772583
1.7151107788085938
1.7540295124053955
1.7933766841888428
1.8340381383895874
1.877105474472046
1.9238795042037964
0.04894348233938217
0.09253444522619247
0.13262787461280823
0.17078366875648499
0.208249032497406
0.24597053229808807
0.2846199870109558
0.3246749937534332
0.366441547870636
0.4101100564002991
0.45576566457748413
0.5034208297729492
0.5530200600624084
0.6044597029685974
0.6575906276702881
0.7122313976287842
0.7681701183319092
0.8251737356185913
0.8829906582832336
0.9413569569587708
1.0
1.0586429834365845
1.1170094013214111
1.1748262643814087
1.2318298816680908
1.2877686023712158
1.342409372329712
1.3955403566360474
1.4469799995422363
1.4965791702270508
1.544234275817871
1.5898898839950562
1.6335585117340088
1.6753250360488892
1.7153799533843994
1.7540295124053955
1.7917509078979492
1.8292163610458374
1.8673721551895142
1.9074655771255493
1.9510564804077148
0.02763007953763008
0.06622179597616196
0.10175328701734543
0.13614816963672638
0.17078366875648499
0.206623375415802
0.24427840113639832
0.28415146470069885
0.32646769285202026
0.3713403642177582
0.41878265142440796
0.46874016523361206
0.5210954546928406
0.5756867527961731
0.6323100328445435
0.6907312273979187
0.7506880760192871
0.8118985295295715
0.874062716960907
0.936869740486145
1.0
1.063130259513855
1.1259372234344482
1.1881015300750732
1.249311923980713
1.3092687129974365
1.3676899671554565
1.4243133068084717
1.4789044857025146
1.5312598943710327
1.5812174081802368
1.6286596059799194
1.6735323667526245
1.7158485651016235
1.7557215690612793
1.7933766841888428
1.8292163610458374
1.86385178565979
1.8982467651367188
1.933778166770935
1.972369909286499
0.012311659753322601
0.04344680532813072
0.07251381874084473
0.10175328701734543
0.13262787461280823
0.16596189141273499
0.20222002267837524
0.24166475236415863
0.28440073132514954
0.3304359018802643
0.37969279289245605
0.43203598260879517
0.4872758686542511
0.5451841354370117
0.6054953932762146
0.6679173707962036
0.7321324348449707
0.7978049516677856
0.8645831346511841
0.9321048259735107
1.0
1.0678951740264893
1.135416865348816
1.2021950483322144
1.2678675651550293
1.3320826292037964
1.3945045471191406
1.4548158645629883
1.5127241611480713
1.5679640769958496
1.620307207107544
1.669564127922058
1.7155992984771729
1.7583352327346802
1.79777991771698
1.8340381383895874
1.8673721551895142
1.8982467651367188
1.9274861812591553
1.9565532207489014
1.9876883029937744
0.003082666313275695
0.023331107571721077
0.04344680532813072
0.06622179597616196
0.09253444522619247
0.1228945329785347
0.15749084949493408
0.1963808238506317
0.23950976133346558
0.2867557108402252
0.33793437480926514
0.3928179144859314
0.4511360824108124
0.5125873684883118
0.5768393874168396
0.6435369253158569
0.7123028635978699
0.7827439904212952
0.8544529676437378
0.9270129799842834
1.0
1.0729870796203613
1.1455470323562622
1.21725594997406
1.287697196006775
1.356463074684143
1.4231606721878052
1.487412691116333
1.5488638877868652
1.6071820259094238
1.6620656251907349
1.7132443189620972
1.7604902982711792
1.803619146347046
1.842509150505066
1.877105474472046
1.9074655771255493
1.933778166770935
1.9565532207489014
1.9766688346862793
1.9969173669815063
0.0
0.003082666313275695
0.012311659753322601
0.02763007953763008
0.04894348233938217
0.07612046599388123
0.10899347811937332
0.14735983312129974
0.19098301231861115
0.23959402740001678
0.2928932309150696
0.350551962852478
0.4122147560119629
0.47750142216682434
0.5460094809532166
0.6173165440559387
0.69098299741745
0.7665546536445618
0.8435655236244202
0.9215409159660339
1.0
1.0784591436386108
1.156434416770935
1.233445405960083
1.3090169429779053
1.3826833963394165
1.4539904594421387
1.522498607635498
1.587785243988037
1.649448037147522
1.7071068286895752
1.7604060173034668
1.8090169429779053
1.852640151977539
1.8910064697265625
1.9238795042037964
1.9510564804077148
1.972369909286499
1.9876883029937744
1.9969173669815063
2.0
