2.0
1.9969173669815063
1.9876883029937744
1.972369909286499
1.9510564804077148
1.9238795042037964
1.8910064697265625
1.852640151977539
1.8090169429779053
1.7604060173034668
1.7071068286895752
1.649448037147522
1.587785243988037
1.522498607635498
1.4539904594421387
1.3826833963394165
1.3090169429779053
1.233445405960083
1.156434416770935
1.0784591436386108
1.0
0.9215409159660339
0.8435655236244202
0.7665546536445618
0.69098299741745
0.6173165440559387
0.5460094809532166
0.47750142216682434
0.4122147560119629
0.350551962852478
0.2928932309150696
0.23959402740001678
0.19098301231861115
0.14735983312129974
0.10899347811937332
0.07612046599388123
0.04894348233938217
0.02763007953763008
0.012311659753322601
0.003082666313275695
0.0
1.9969173669815063
1.9764195680618286
1.9561454057693481
1.933261513710022
1.9068753719329834
1.8764678239822388
1.8418450355529785
1.802945852279663
1.759822130203247
1.7125937938690186
1.6614434719085693
1.606597661972046
1.5483253002166748
1.486926794052124
1.4227334260940552
1.3560996055603027
1.287401556968689
1.217031478881836
1.1453959941864014
1.0729111433029175
1.0
0.9270889163017273
0.8546040058135986
0.7829685807228088
0.712598443031311
0.6439003944396973
0.5772665143013
0.5130732655525208
0.4516747295856476
0.3934023678302765
0.3385564982891083
0.28740623593330383
0.2401779294013977
0.1970542073249817
0.1581549197435379
0.12353212386369705
0.093124620616436
0.06673844158649445
0.04385453835129738
0.023580402135849
0.003082666313275695
1.9876883029937744
1.9561454057693481
1.9267888069152832
1.8973445892333984
1.8663274049758911
1.8328990936279297
1.796586036682129
1.757118821144104
1.7143878936767578
1.6683814525604248
1.6191736459732056
1.5668973922729492
1.5117396116256714
1.4539268016815186
1.3937222957611084
1.3314164876937866
1.267325520515442
1.2017831802368164
1.1351397037506104
1.0677558183670044
1.0
0.9322441816329956
0.8648602962493896
0.7982168197631836
0.7326745390892029
0.6685834527015686
0.6062777042388916
0.5460731983184814
0.4882603585720062
0.43310266733169556
0.38082635402679443
0.33161860704421997
0.2856121361255646
0.24288122355937958
0.20341399312019348
0.16710084676742554
0.13367260992527008
0.10265542566776276
0.07321115583181381
0.04385453835129738
0.012311659753322601
1.972369909286499
1.933261513710022
1.8973445892333984
1.8626666069030762
1.8278292417526245
1.7918528318405151
1.7541152238845825
1.7142049074172974
1.671890139579773
1.6270523071289062
1.5796736478805542
1.5298048257827759
1.4775598049163818
1.4230976104736328
1.366619348526001
1.3083566427230835
1.2485692501068115
1.1875369548797607
1.12555730342865
1.062939167022705
1.0
0.9370607733726501
0.8744426369667053
0.8124630451202393
0.7514308094978333
0.6916434168815613
0.6333805918693542
0.5769023895263672
0.5224401354789734
0.4701952040195465
0.4203263521194458
0.37294769287109375
0.3281098008155823
0.28579506278038025
0.2458847314119339
0.2081471085548401
0.17217077314853668
0.13733334839344025
0.10265542566776276
0.06673844158649445
0.02763007953763008
1.9510564804077148
1.9068753719329834
1.8663274049758911
1.8278292417526245
1.7901142835617065
1.7522203922271729
1.7134637832641602
1.6733570098876953
1.6315864324569702
1.587955117225647
1.5423725843429565
1.4948216676712036
1.4453537464141846
1.394068717956543
1.3411122560501099
1.2866628170013428
1.2309290170669556
1.1741411685943604
1.1165481805801392
1.0584111213684082
1.0
0.9415888786315918
0.8834517598152161
0.8258587718009949
0.7690709233283997
0.713337242603302
0.6588877439498901
0.605931282043457
0.5546462535858154
0.5051783919334412
0.45762744545936584
0.4120449125766754
0.3684135973453522
0.3266430199146271
0.28653624653816223
0.24777959287166595
0.20988573133945465
0.17217077314853668
0.13367260992527008
0.093124620616436
0.04894348233938217
1.9238795042037964
1.8764678239822388
1.8328990936279297
1.7918528318405151
1.7522203922271729
1.7131012678146362
1.6738132238388062
1.6338393688201904
1.5928198099136353
1.5505059957504272
1.5067541599273682
1.461493968963623
1.4147257804870605
1.366499662399292
1.31691312789917
1.2660977840423584
1.2142168283462524
1.1614556312561035
1.108019232749939
1.0541250705718994
1.0
0.9458748698234558
0.8919807076454163
0.8385443091392517
0.7857831716537476
0.7339022755622864
0.6830868721008301
0.633500337600708
0.5852741599082947
0.5385059714317322
0.4932458996772766
0.44949397444725037
0.40718021988868713
0.36616069078445435
0.32618677616119385
0.2868987023830414
0.24777959287166595
0.2081471085548401
0.16710084676742554
0.12353212386369705
0.07612046599388123
1.8910064697265625
1.8418450355529785
1.796586036682129
1.7541152238845825
1.7134637832641602
1.6738132238388062
1.6345124244689941
1.5950465202331543
1.555036187171936
1.514203667640686
1.4723687171936035
1.4294227361679077
1.38532555103302
1.3400870561599731
1.2937641143798828
1.246448278427124
1.1982629299163818
1.1493537425994873
1.099886417388916
1.0500391721725464
1.0
0.9499608278274536
0.9001136422157288
0.8506462574005127
0.8017370700836182
0.753551721572876
0.7062358856201172
0.6599130034446716
0.6146743893623352
0.5705772638320923
0.5276313424110413
0.48579636216163635
0.4449637830257416
0.4049534797668457
0.36548757553100586
0.32618677616119385
0.28653624653816223
0.2458847314119339
0.20341399312019348
0.1581549197435379
0.10899347811937332
1.852640151977539
1.802945852279663
1.757118821144104
1.7142049074172974
1.6733570098876953
1.6338393688201904
1.5950465202331543
1.5564838647842407
1.51777184009552
1.4786200523376465
1.4388271570205688
1.3982583284378052
1.3568437099456787
1.314561128616333
1.2714351415634155
1.2275232076644897
1.1829148530960083
1.1377211809158325
1.0920734405517578
1.0461153984069824
1.0
0.9538846611976624
0.9079264998435974
0.8622788190841675
0.8170852065086365
0.7724767327308655
0.7285648584365845
0.6854388117790222
0.6431563496589661
0.6017416715621948
0.5611728429794312
0.5213799476623535
0.48222818970680237
0.4435161352157593
0.4049534797668457
0.36616069078445435
0.3266430199146271
0.28579506278038025
0.24288122355937958
0.1970542073249817
0.14735983312129974
1.8090169429779053
1.759822130203247
1.7143878936767578
1.671890139579773
1.6315864324569702
1.5928198099136353
1.555036187171936
1.51777184009552
1.4806591272354126
1.4434081315994263
1.4058078527450562
1.3677077293395996
1.3290174007415771
1.2896912097930908
1.249727487564087
1.2091567516326904
1.1680396795272827
1.1264584064483643
1.0845141410827637
1.0423203706741333
1.0
0.9576795697212219
0.9154858589172363
0.8735415935516357
0.8319603204727173
0.7908432483673096
0.7502724528312683
0.7103087902069092
0.6709825992584229
0.6322922110557556
0.5941920876502991
0.5565918684005737
0.5193409323692322
0.48222818970680237
0.4449637830257416
0.40718021988868713
0.3684135973453522
0.3281098008155823
0.2856121361255646
0.2401779294013977
0.19098301231861115
1.7604060173034668
1.7125937938690186
1.6683814525604248
1.6270523071289062
1.587955117225647
1.5505059957504272
1.514203667640686
1.4786200523376465
1.4434081315994263
1.4082872867584229
1.3730456829071045
1.337525725364685
1.3016242980957031
1.2652795314788818
1.2284700870513916
1.1912050247192383
1.1535217761993408
1.1154780387878418
1.0771499872207642
1.0386251211166382
1.0
0.961374819278717
0.9228500127792358
0.8845219016075134
0.846478283405304
0.8087949752807617
0.7715299129486084
0.7347205281257629
0.6983757019042969
0.6624742150306702
0.6269543170928955
0.5917127728462219
0.5565918684005737
0.5213799476623535
0.48579636216163635
0.44949397444725037
0.4120449125766754
0.37294769287109375
0.33161860704421997
0.28740623593330383
0.23959402740001678
1.7071068286895752
1.6614434719085693
1.6191736459732056
1.5796736478805542
1.5423725843429565
1.5067541599273682
1.4723687171936035
1.4388271570205688
1.4058078527450562
1.3730456829071045
1.3403350114822388
1.3075181245803833
1.2744853496551514
1.2411649227142334
1.207521677017212
1.1735484600067139
1.1392642259597778
1.10470712184906
1.069931983947754
1.0350048542022705
1.0
0.9649950861930847
0.9300680160522461
0.8952929377555847
0.8607357740402222
0.8264515399932861
0.7924782633781433
0.7588350772857666
0.7255145907402039
0.6924819350242615
0.6596649289131165
0.6269543170928955
0.5941920876502991
0.5611728429794312
0.5276313424110413
0.4932458996772766
0.45762744545936584
0.4203263521194458
0.38082635402679443
0.3385564982891083
0.2928932309150696
1.649448037147522
1.606597661972046
1.5668973922729492
1.5298048257827759
1.4948216676712036
1.461493968963623
1.4294227361679077
1.3982583284378052
1.3677077293395996
1.337525725364685
1.3075181245803833
1.2775318622589111
1.2474570274353027
1.2172164916992188
1.1867663860321045
1.156087875366211
1.1251862049102783
1.0940837860107422
1.0628186464309692
1.0314388275146484
1.0
0.9685611724853516
0.9371814131736755
0.9059162735939026
0.8748138546943665
0.8439121842384338
0.8132336735725403
0.782783567905426
0.7525429725646973
0.7224680781364441
0.6924819350242615
0.6624742150306702
0.6322922110557556
0.6017416715621948
0.5705772638320923
0.5385059714317322
0.5051783919334412
0.4701952040195465
0.43310266733169556
0.3934023678302765
0.350551962852478
1.587785243988037
1.5483253002166748
1.5117396116256714
1.4775598049163818
1.4453537464141846
1.4147257804870605
1.38532555103302
1.3568437099456787
1.3290174007415771
1.3016242980957031
1.2744853496551514
1.2474570274353027
1.2204326391220093
1.1933343410491943
1.166114091873169
1.1387453079223633
1.1112234592437744
1.0835590362548828
1.055776596069336
1.0279101133346558
1.0
0.9720898866653442
0.9442233443260193
0.916441023349762
0.8887766003608704
0.8612546920776367
0.8338859677314758
0.8066655993461609
0.7795674204826355
0.7525429725646973
0.7255145907402039
0.6983757019042969
0.6709825992584229
0.6431563496589661
0.6146743893623352
0.5852741599082947
0.5546462535858154
0.5224401354789734
0.4882603585720062
0.4516747295856476
0.4122147560119629
1.522498607635498
1.486926794052124
1.4539268016815186
1.4230976104736328
1.394068717956543
1.366499662399292
1.3400870561599731
1.314561128616333
1.2896912097930908
1.2652795314788818
1.2411649227142334
1.2172164916992188
1.1933343410491943
1.1694440841674805
1.145496129989624
1.1214604377746582
1.0973255634307861
1.0730937719345093
1.0487794876098633
1.0244053602218628
1.0
0.9755946397781372
0.9512205123901367
0.9269062876701355
0.9026744961738586
0.8785396218299866
0.854503870010376
0.8305559158325195
0.8066655993461609
0.782783567905426
0.7588350772857666
0.7347205281257629
0.7103087902069092
0.6854388117790222
0.6599130034446716
0.633500337600708
0.605931282043457
0.5769023895263672
0.5460731983184814
0.5130732655525208
0.47750142216682434
1.4539904594421387
1.4227334260940552
1.3937222957611084
1.366619348526001
1.3411122560501099
1.31691312789917
1.2937641143798828
1.2714351415634155
1.249727487564087
1.2284700870513916
1.207521677017212
1.1867663860321045
1.166114091873169
1.145496129989624
1.1248650550842285
1.1041899919509888
1.0834558010101318
1.0626592636108398
1.0418074131011963
1.0209145545959473
1.0
0.9790854454040527
0.9581925868988037
0.9373407959938049
0.9165441989898682
0.8958100080490112
0.8751348853111267
0.854503870010376
0.8338859677314758
0.8132336735725403
0.7924782633781433
0.7715299129486084
0.7502724528312683
0.7285648584365845
0.7062358856201172
0.6830868721008301
0.6588877439498901
0.6333805918693542
0.6062777042388916
0.5772665143013
0.5460094809532166
1.3826833963394165
1.3560996055603027
1.3314164876937866
1.3083566427230835
1.2866628170013428
1.2660977840423584
1.246448278427124
1.2275232076644897
1.2091567516326904
1.1912050247192383
1.1735484600067139
1.156087875366211
1.1387453079223633
1.1214604377746582
1.1041899919509888
1.086904764175415
1.069588541984558
1.0522347688674927
1.0348459482192993
1.0174301862716675
1.0
0.9825697541236877
0.9651539921760559
0.9477651715278625
0.9304115176200867
0.913095235824585
0.8958100080490112
0.8785396218299866
0.8612546920776367
0.8439121842384338
0.8264515399932861
0.8087949752807617
0.7908432483673096
0.7724767327308655
0.753551721572876
0.7339022755622864
0.713337242603302
0.6916434168815613
0.6685834527015686
0.6439003944396973
0.6173165440559387
1.3090169429779053
1.287401556968689
1.267325520515442
1.2485692501068115
1.2309290170669556
1.2142168283462524
1.1982629299163818
1.1829148530960083
1.1680396795272827
1.1535217761993408
1.1392642259597778
1.1251862049102783
1.1112234592437744
1.0973255634307861
1.0834558010101318
1.069588541984558
1.0557082891464233
1.0418076515197754
1.0278860330581665
1.013947606086731
1.0
0.986052393913269
0.9721139669418335
0.9581923484802246
0.9442917108535767
0.9304115176200867
0.9165441989898682
0.9026744961738586
0.8887766003608704
0.8748138546943665
0.8607357740402222
0.846478283405304
0.8319603204727173
0.8170852065086365
0.8017370700836182
0.7857831716537476
0.7690709233283997
0.7514308094978333
0.7326745390892029
0.712598443031311
0.69098299741745
1.233445405960083
1.217031478881836
1.2017831802368164
1.1875369548797607
1.1741411685943604
1.1614556312561035
1.1493537425994873
1.1377211809158325
1.1264584064483643
1.1154780387878418
1.10470712184906
1.0940837860107422
1.0835590362548828
1.0730937719345093
1.0626592636108398
1.0522347688674927
1.0418076515197754
1.0313706398010254
1.0209221839904785
1.010463833808899
1.0
0.9895361661911011
0.9790778160095215
0.9686293005943298
0.9581923484802246
0.9477651715278625
0.9373407959938049
0.9269062876701355
0.916441023349762
0.9059162735939026
0.8952929377555847
0.8845219016075134
0.8735415935516357
0.8622788190841675
0.8506462574005127
0.8385443091392517
0.8258587718009949
0.8124630451202393
0.7982168197631836
0.7829685807228088
0.7665546536445618
1.156434416770935
1.1453959941864014
1.1351397037506104
1.12555730342865
1.1165481805801392
1.108019232749939
1.099886417388916
1.0920734405517578
1.0845141410827637
1.0771499872207642
1.069931983947754
1.0628186464309692
1.055776596069336
1.0487794876098633
1.0418074131011963
1.0348459482192993
1.0278860330581665
1.0209221839904785
1.013952612876892
1.0069777965545654
1.0
0.9930222034454346
0.9860473871231079
0.9790778160095215
0.9721139669418335
0.9651539921760559
0.9581925868988037
0.9512205123901367
0.9442233443260193
0.9371814131736755
0.9300680160522461
0.9228500127792358
0.9154858589172363
0.9079264998435974
0.9001136422157288
0.8919807076454163
0.8834517598152161
0.8744426369667053
0.8648602962493896
0.8546040058135986
0.8435655236244202
1.0784591436386108
1.0729111433029175
1.0677558183670044
1.062939167022705
1.0584111213684082
1.0541250705718994
1.0500391721725464
1.0461153984069824
1.0423203706741333
1.0386251211166382
1.0350048542022705
1.0314388275146484
1.0279101133346558
1.0244053602218628
1.0209145545959473
1.0174301862716675
1.013947606086731
1.010463833808899
1.0069777965545654
1.00348961353302
1.0
0.9965104460716248
0.9930222034454346
0.9895361661911011
0.986052393913269
0.9825697541236877
0.9790854454040527
0.9755946397781372
0.9720898866653442
0.9685611724853516
0.9649950861930847
0.961374819278717
0.9576795697212219
0.9538846611976624
0.9499608278274536
0.9458748698234558
0.9415888786315918
0.9370607733726501
0.9322441816329956
0.9270889163017273
0.9215409159660339
1.0
1.0
1.0
1.0
1.0
1.0
1.0
1.0
1.0
1.0
1.0
1.0
1.0
1.0
1.0
1.0
1.0
1.0
1.0
1.0
1.0
1.0
1.0
1.0
1.0
1.0
1.0
1.0
1.0
1.0
1.0
1.0
1.0
1.0
1.0
1.0
1.0
1.0
1.0
1.0
1.0
0.9215409159660339
0.9270889163017273
0.9322441816329956
0.9370607733726501
0.9415888786315918
0.9458748698234558
0.9499608278274536
0.9538846611976624
0.9576795697212219
0.961374819278717
0.9649950861930847
0.9685611724853516
0.9720898866653442
0.9755946397781372
0.9790854454040527
0.9825697541236877
0.986052393913269
0.9895361661911011
0.9930222034454346
0.9965104460716248
1.0
1.00348961353302
1.0069777965545654
1.010463833808899
1.013947606086731
1.0174301862716675
1.0209145545959473
1.0244053602218628
1.0279101133346558
1.0314388275146484
1.0350048542022705
1.0386251211166382
1.0423203706741333
1.0461153984069824
1.0500391721725464
1.0541250705718994
1.0584111213684082
1.062939167022705
1.0677558183670044
1.0729111433029175
1.0784591436386108
0.8435655236244202
0.8546040058135986
0.8648602962493896
0.8744426369667053
0.8834517598152161
0.8919807076454163
0.9001136422157288
0.9079264998435974
0.9154858589172363
0.9228500127792358
0.9300680160522461
0.9371814131736755
0.9442233443260193
0.9512205123901367
0.9581925868988037
0.9651539921760559
0.9721139669418335
0.9790778160095215
0.9860473871231079
0.9930222034454346
1.0
1.0069777965545654
1.013952612876892
1.0209221839904785
1.0278860330581665
1.0348459482192993
1.0418074131011963
1.0487794876098633
1.055776596069336
1.0628186464309692
1.069931983947754
1.0771499872207642
1.0845141410827637
1.0920734405517578
1.099886417388916
1.108019232749939
1.1165481805801392
1.12555730342865
1.1351397037506104
1.1453959941864014
1.156434416770935
0.7665546536445618
0.7829685807228088
0.7982168197631836
0.8124630451202393
0.8258587718009949
0.8385443091392517
0.8506462574005127
0.8622788190841675
0.8735415935516357
0.8845219016075134
0.8952929377555847
0.9059162735939026
0.916441023349762
0.9269062876701355
0.9373407959938049
0.9477651715278625
0.9581923484802246
0.9686293005943298
0.9790778160095215
0.9895361661911011
1.0
1.010463833808899
1.0209221839904785
1.0313706398010254
1.0418076515197754
1.0522347688674927
1.0626592636108398
1.0730937719345093
1.0835590362548828
1.0940837860107422
1.10470712184906
1.1154780387878418
1.1264584064483643
1.1377211809158325
1.1493537425994873
1.1614556312561035
1.1741411685943604
1.1875369548797607
1.2017831802368164
1.217031478881836
1.233445405960083
0.69098299741745
0.712598443031311
0.7326745390892029
0.7514308094978333
0.7690709233283997
0.7857831716537476
0.8017370700836182
0.8170852065086365
0.8319603204727173
0.846478283405304
0.8607357740402222
0.8748138546943665
0.8887766003608704
0.9026744961738586
0.9165441989898682
0.9304115176200867
0.9442917108535767
0.9581923484802246
0.9721139669418335
0.986052393913269
1.0
1.013947606086731
1.0278860330581665
1.0418076515197754
1.0557082891464233
1.069588541984558
1.0834558010101318
1.0973255634307861
1.1112234592437744
1.1251862049102783
1.1392642259597778
1.1535217761993408
1.1680396795272827
1.1829148530960083
1.1982629299163818
1.2142168283462524
1.2309290170669556
1.2485692501068115
1.267325520515442
1.287401556968689
1.3090169429779053
0.6173165440559387
0.6439003944396973
0.6685834527015686
0.6916434168815613
0.713337242603302
0.7339022755622864
0.753551721572876
0.7724767327308655
0.7908432483673096
0.8087949752807617
0.8264515399932861
0.8439121842384338
0.8612546920776367
0.8785396218299866
0.8958100080490112
0.913095235824585
0.9304115176200867
0.9477651715278625
0.9651539921760559
0.9825697541236877
1.0
1.0174301862716675
1.0348459482192993
1.0522347688674927
1.069588541984558
1.086904764175415
1.1041899919509888
1.1214604377746582
1.1387453079223633
1.156087875366211
1.1735484600067139
1.1912050247192383
1.2091567516326904
1.2275232076644897
1.246448278427124
1.2660977840423584
1.2866628170013428
1.3083566427230835
1.3314164876937866
1.3560996055603027
1.3826833963394165
0.5460094809532166
0.5772665143013
0.6062777042388916
0.6333805918693542
0.6588877439498901
0.6830868721008301
0.7062358856201172
0.7285648584365845
0.7502724528312683
0.7715299129486084
0.7924782633781433
0.8132336735725403
0.8338859677314758
0.854503870010376
0.8751348853111267
0.8958100080490112
0.9165441989898682
0.9373407959938049
0.9581925868988037
0.9790854454040527
1.0
1.0209145545959473
1.0418074131011963
1.0626592636108398
1.0834558010101318
1.1041899919509888
1.1248650550842285
1.145496129989624
1.166114091873169
1.1867663860321045
1.207521677017212
1.2284700870513916
1.249727487564087
1.2714351415634155
1.2937641143798828
1.31691312789917
1.3411122560501099
1.366619348526001
1.3937222957611084
1.4227334260940552
1.4539904594421387
0.47750142216682434
0.5130732655525208
0.5460731983184814
0.5769023895263672
0.605931282043457
0.633500337600708
0.6599130034446716
0.6854388117790222
0.7103087902069092
0.7347205281257629
0.7588350772857666
0.782783567905426
0.8066655993461609
0.8305559158325195
0.854503870010376
0.8785396218299866
0.9026744961738586
0.9269062876701355
0.9512205123901367
0.9755946397781372
1.0
1.0244053602218628
1.0487794876098633
1.0730937719345093
1.0973255634307861
1.1214604377746582
1.145496129989624
1.1694440841674805
1.1933343410491943
1.2172164916992188
1.2411649227142334
1.2652795314788818
1.2896912097930908
1.314561128616333
1.3400870561599731
1.366499662399292
1.394068717956543
1.4230976104736328
1.4539268016815186
1.486926794052124
1.522498607635498
0.4122147560119629
0.4516747295856476
0.4882603585720062
0.5224401354789734
0.5546462535858154
0.5852741599082947
0.6146743893623352
0.6431563496589661
0.6709825992584229
0.6983757019042969
0.7255145907402039
0.7525429725646973
0.7795674204826355
0.8066655993461609
0.8338859677314758
0.8612546920776367
0.8887766003608704
0.916441023349762
0.9442233443260193
0.9720898866653442
1.0
1.0279101133346558
1.055776596069336
1.0835590362548828
1.1112234592437744
1.1387453079223633
1.166114091873169
1.1933343410491943
1.2204326391220093
1.2474570274353027
1.2744853496551514
1.3016242980957031
1.3290174007415771
1.3568437099456787
1.38532555103302
1.4147257804870605
1.4453537464141846
1.4775598049163818
1.5117396116256714
1.5483253002166748
1.587785243988037
0.350551962852478
0.3934023678302765
0.43310266733169556
0.4701952040195465
0.5051783919334412
0.5385059714317322
0.5705772638320923
0.6017416715621948
0.6322922110557556
0.6624742150306702
0.6924819350242615
0.7224680781364441
0.7525429725646973
0.782783567905426
0.8132336735725403
0.8439121842384338
0.8748138546943665
0.9059162735939026
0.9371814131736755
0.9685611724853516
1.0
1.0314388275146484
1.0628186464309692
1.0940837860107422
1.1251862049102783
1.156087875366211
1.1867663860321045
1.2172164916992188
1.2474570274353027
1.2775318622589111
1.3075181245803833
1.337525725364685
1.3677077293395996
1.3982583284378052
1.4294227361679077
1.461493968963623
1.4948216676712036
1.5298048257827759
1.5668973922729492
1.606597661972046
1.649448037147522
0.2928932309150696
0.3385564982891083
0.38082635402679443
0.4203263521194458
0.45762744545936584
0.4932458996772766
0.5276313424110413
0.5611728429794312
0.5941920876502991
0.6269543170928955
0.6596649289131165
0.6924819350242615
0.7255145907402039
0.7588350772857666
0.7924782633781433
0.8264515399932861
0.8607357740402222
0.8952929377555847
0.9300680160522461
0.9649950861930847
1.0
1.0350048542022705
1.069931983947754
1.10470712184906
1.1392642259597778
1.1735484600067139
1.207521677017212
1.2411649227142334
1.2744853496551514
1.3075181245803833
1.3403350114822388
1.3730456829071045
1.4058078527450562
1.4388271570205688
1.4723687171936035
1.5067541599273682
1.5423725843429565
1.5796736478805542
1.6191736459732056
1.6614434719085693
1.7071068286895752
0.23959402740001678
0.28740623593330383
0.33161860704421997
0.37294769287109375
0.4120449125766754
0.44949397444725037
0.48579636216163635
0.5213799476623535
0.5565918684005737
0.5917127728462219
0.6269543170928955
0.6624742150306702
0.6983757019042969
0.7347205281257629
0.7715299129486084
0.8087949752807617
0.846478283405304
0.8845219016075134
0.9228500127792358
0.961374819278717
1.0
1.0386251211166382
1.0771499872207642
1.1154780387878418
1.1535217761993408
1.1912050247192383
1.2284700870513916
1.2652795314788818
1.3016242980957031
1.337525725364685
1.3730456829071045
1.4082872867584229
1.4434081315994263
1.4786200523376465
1.514203667640686
1.5505059957504272
1.587955117225647
1.6270523071289062
1.6683814525604248
1.7125937938690186
1.7604060173034668
0.19098301231861115
0.2401779294013977
0.2856121361255646
0.3281098008155823
0.3684135973453522
0.40718021988868713
0.4449637830257416
0.48222818970680237
0.5193409323692322
0.5565918684005737
0.5941920876502991
0.6322922110557556
0.6709825992584229
0.7103087902069092
0.7502724528312683
0.7908432483673096
0.8319603204727173
0.8735415935516357
0.9154858589172363
0.9576795697212219
1.0
1.0423203706741333
1.0845141410827637
1.1264584064483643
1.1680396795272827
1.2091567516326904
1.249727487564087
1.2896912097930908
1.3290174007415771
1.3677077293395996
1.4058078527450562
1.4434081315994263
1.4806591272354126
1.51777184009552
1.555036187171936
1.5928198099136353
1.6315864324569702
1.671890139579773
1.7143878936767578
1.759822130203247
1.8090169429779053
0.14735983312129974
0.1970542073249817
0.24288122355937958
0.28579506278038025
0.3266430199146271
0.36616069078445435
0.4049534797668457
0.4435161352157593
0.48222818970680237
0.5213799476623535
0.5611728429794312
0.6017416715621948
0.6431563496589661
0.6854388117790222
0.7285648584365845
0.7724767327308655
0.8170852065086365
0.8622788190841675
0.9079264998435974
0.9538846611976624
1.0
1.0461153984069824
1.0920734405517578
1.1377211809158325
1.1829148530960083
1.2275232076644897
1.2714351415634155
1.314561128616333
1.3568437099456787
1.3982583284378052
1.4388271570205688
1.4786200523376465
1.51777184009552
1.5564838647842407
1.5950465202331543
1.6338393688201904
1.6733570098876953
1.7142049074172974
1.757118821144104
1.802945852279663
1.852640151977539
0.10899347811937332
0.1581549197435379
0.20341399312019348
0.2458847314119339
0.28653624653816223
0.32618677616119385
0.36548757553100586
0.4049534797668457
0.4449637830257416
0.48579636216163635
0.5276313424110413
0.5705772638320923
0.6146743893623352
0.6599130034446716
0.7062358856201172
0.753551721572876
0.8017370700836182
0.8506462574005127
0.9001136422157288
0.9499608278274536
1.0
1.0500391721725464
1.099886417388916
1.1493537425994873
1.1982629299163818
1.246448278427124
1.2937641143798828
1.3400870561599731
1.38532555103302
1.4294227361679077
1.4723687171936035
1.514203667640686
1.555036187171936
1.5950465202331543
1.6345124244689941
1.6738132238388062
1.7134637832641602
1.7541152238845825
1.796586036682129
1.8418450355529785
1.8910064697265625
0.07612046599388123
0.12353212386369705
0.16710084676742554
0.2081471085548401
0.24777959287166595
0.2868987023830414
0.32618677616119385
0.36616069078445435
0.40718021988868713
0.44949397444725037
0.4932458996772766
0.5385059714317322
0.5852741599082947
0.633500337600708
0.6830868721008301
0.7339022755622864
0.7857831716537476
0.8385443091392517
0.8919807076454163
0.9458748698234558
1.0
1.0541250705718994
1.108019232749939
1.1614556312561035
1.2142168283462524
1.2660977840423584
1.31691312789917
1.366499662399292
1.4147257804870605
1.461493968963623
1.5067541599273682
1.5505059957504272
1.5928198099136353
1.6338393688201904
1.6738132238388062
1.7131012678146362
1.7522203922271729
1.7918528318405151
1.8328990936279297
1.8764678239822388
1.9238795042037964
0.04894348233938217
0.093124620616436
0.13367260992527008
0.17217077314853668
0.20988573133945465
0.24777959287166595
0.28653624653816223
0.3266430199146271
0.3684135973453522
0.4120449125766754
0.45762744545936584
0.5051783919334412
0.5546462535858154
0.605931282043457
0.6588877439498901
0.713337242603302
0.7690709233283997
0.8258587718009949
0.8834517598152161
0.9415888786315918
1.0
1.0584111213684082
1.1165481805801392
1.1741411685943604
1.2309290170669556
1.2866628170013428
1.3411122560501099
1.394068717956543
1.4453537464141846
1.4948216676712036
1.5423725843429565
1.587955117225647
1.6315864324569702
1.6733570098876953
1.7134637832641602
1.7522203922271729
1.7901142835617065
1.8278292417526245
1.8663274049758911
1.9068753719329834
1.9510564804077148
0.02763007953763008
0.06673844158649445
0.10265542566776276
0.13733334839344025
0.17217077314853668
0.2081471085548401
0.2458847314119339
0.28579506278038025
0.3281098008155823
0.37294769287109375
0.4203263521194458
0.4701952040195465
0.5224401354789734
0.5769023895263672
0.6333805918693542
0.6916434168815613
0.7514308094978333
0.8124630451202393
0.8744426369667053
0.9370607733726501
1.0
1.062939167022705
1.12555730342865
1.1875369548797607
1.2485692501068115
1.3083566427230835
1.366619348526001
1.4230976104736328
1.4775598049163818
1.5298048257827759
1.5796736478805542
1.6270523071289062
1.671890139579773
1.7142049074172974
1.7541152238845825
1.7918528318405151
1.8278292417526245
1.8626666069030762
1.8973445892333984
1.933261513710022
1.972369909286499
0.012311659753322601
0.04385453835129738
0.07321115583181381
0.10265542566776276
0.13367260992527008
0.16710084676742554
0.20341399312019348
0.24288122355937958
0.2856121361255646
0.33161860704421997
0.38082635402679443
0.43310266733169556
0.4882603585720062
0.5460731983184814
0.6062777042388916
0.6685834527015686
0.7326745390892029
0.7982168197631836
0.8648602962493896
0.9322441816329956
1.0
1.0677558183670044
1.1351397037506104
1.2017831802368164
1.267325520515442
1.3314164876937866
1.3937222957611084
1.4539268016815186
1.5117396116256714
1.5668973922729492
1.6191736459732056
1.6683814525604248
1.7143878936767578
1.757118821144104
1.796586036682129
1.8328990936279297
1.8663274049758911
1.8973445892333984
1.9267888069152832
1.9561454057693481
1.9876883029937744
0.003082666313275695
0.023580402135849
0.04385453835129738
0.06673844158649445
0.093124620616436
0.12353212386369705
0.1581549197435379
0.1970542073249817
0.2401779294013977
0.28740623593330383
0.3385564982891083
0.3934023678302765
0.4516747295856476
0.5130732655525208
0.5772665143013
0.6439003944396973
0.712598443031311
0.7829685807228088
0.8546040058135986
0.9270889163017273
1.0
1.0729111433029175
1.1453959941864014
1.217031478881836
1.287401556968689
1.3560996055603027
1.4227334260940552
1.486926794052124
1.5483253002166748
1.606597661972046
1.6614434719085693
1.7125937938690186
1.759822130203247
1.802945852279663
1.8418450355529785
1.8764678239822388
1.9068753719329834
1.933261513710022
1.9561454057693481
1.9764195680618286
1.9969173669815063
0.0
0.003082666313275695
0.012311659753322601
0.02763007953763008
0.04894348233938217
0.07612046599388123
0.10899347811937332
0.14735983312129974
0.19098301231861115
0.23959402740001678
0.2928932309150696
0.350551962852478
0.4122147560119629
0.47750142216682434
0.5460094809532166
0.6173165440559387
0.69098299741745
0.7665546536445618
0.8435655236244202
0.9215409159660339
1.0
1.0784591436386108
1.156434416770935
1.233445405960083
1.3090169429779053
1.3826833963394165
1.4539904594421387
1.522498607635498
1.587785243988037
1.649448037147522
1.7071068286895752
1.7604060173034668
1.8090169429779053
1.852640151977539
1.8910064697265625
1.9238795042037964
1.9510564804077148
1.972369909286499
1.9876883029937744
1.9969173669815063
2.0
