2.0
1.9969173669815063
1.9876883029937744
1.972369909286499
1.9510564804077148
1.9238795042037964
1.8910064697265625
1.852640151977539
1.8090169429779053
1.7604060173034668
1.7071068286895752
1.649448037147522
1.587785243988037
1.522498607635498
1.4539904594421387
1.3826833963394165
1.3090169429779053
1.233445405960083
1.156434416770935
1.0784591436386108
1.0
0.9215409159660339
0.8435655236244202
0.7665546536445618
0.69098299741745
0.6173165440559387
0.5460094809532166
0.47750142216682434
0.4122147560119629
0.350551962852478
0.2928932309150696
0.23959402740001678
0.19098301231861115
0.14735983312129974
0.10899347811937332
0.07612046599388123
0.04894348233938217
0.02763007953763008
0.012311659753322601
0.003082666313275695
0.0
1.9969173669815063
1.9765193462371826
1.9563086032867432
1.9334683418273926
1.9071115255355835
1.876723051071167
1.8421108722686768
1.8032152652740479
1.7600895166397095
1.7128541469573975
1.661692500114441
1.6068315505981445
1.5485408306121826
1.4871212244033813
1.422904372215271
1.3562450408935547
1.2875198125839233
1.2171213626861572
1.1454564332962036
1.072941541671753
1.0
0.9270585179328918
0.8545435667037964
0.7828786969184875
0.7124801874160767
0.6437549591064453
0.5770955681800842
0.5128787755966187
0.4514591693878174
0.39316847920417786
0.33830752968788147
0.2871459126472473
0.2399105280637741
0.19678471982479095
0.15788917243480682
0.1232769712805748
0.09288843721151352
0.06653168797492981
0.04369136691093445
0.02348063699901104
0.003082666313275695
1.9876883029937744
1.9563086032867432
1.9270678758621216
1.8977055549621582
1.8667454719543457
1.8333549499511719
1.7970638275146484
1.7576055526733398
1.7148727178573608
1.6688547134399414
1.6196272373199463
1.567324161529541
1.5121335983276367
1.4542826414108276
1.3940353393554688
1.3316830396652222
1.2675423622131348
1.2019479274749756
1.1352505683898926
1.0678116083145142
1.0
0.9321883916854858
0.8647493720054626
0.7980520129203796
0.7324575781822205
0.6683169007301331
0.6059646606445312
0.5457174181938171
0.4878663718700409
0.4326757788658142
0.38037270307540894
0.331145316362381
0.28512734174728394
0.24239440262317657
0.20293618738651276
0.16664505004882812
0.1332545131444931
0.10229440778493881
0.07293208688497543
0.04369136691093445
0.012311659753322601
1.972369909286499
1.9334683418273926
1.8977055549621582
1.8631409406661987
1.828384280204773
1.792462706565857
1.7547581195831299
1.7148627042770386
1.6725473403930664
1.6276955604553223
1.5802913904190063
1.530387043952942
1.478097915649414
1.4235841035842896
1.3670477867126465
1.308721661567688
1.2488664388656616
1.1877628564834595
1.1257094144821167
1.0630156993865967
1.0
0.9369843006134033
0.8742906451225281
0.8122371435165405
0.7511335611343384
0.691278338432312
0.6329521536827087
0.5764158964157104
0.5219020247459412
0.4696129262447357
0.41970857977867126
0.3723044693470001
0.3274526596069336
0.2851373255252838
0.2452418953180313
0.20753732323646545
0.17161567509174347
0.13685905933380127
0.10229440778493881
0.06653168797492981
0.02763007953763008
1.9510564804077148
1.9071115255355835
1.8667454719543457
1.828384280204773
1.7907692193984985
1.7529443502426147
1.7142306566238403
1.6741445064544678
1.6323755979537964
1.5887293815612793
1.543117642402649
1.4955250024795532
1.4460045099258423
1.3946576118469238
1.341631293296814
1.2871053218841553
1.2312895059585571
1.1744153499603271
1.1167327165603638
1.0585039854049683
1.0
0.9414960741996765
0.8832672238349915
0.8255846500396729
0.7687104344367981
0.7128946781158447
0.6583686470985413
0.6053423881530762
0.5539954900741577
0.5044749975204468
0.45688238739967346
0.4112706184387207
0.3676244020462036
0.32585543394088745
0.28576940298080444
0.24705563485622406
0.20923075079917908
0.17161567509174347
0.1332545131444931
0.09288843721151352
0.04894348233938217
1.9238795042037964
1.876723051071167
1.8333549499511719
1.792462706565857
1.7529443502426147
1.7139054536819458
1.6746684312820435
1.6347204446792603
1.5937050580978394
1.551376461982727
1.507593035697937
1.4622870683670044
1.415460467338562
1.3671650886535645
1.317500114440918
1.2665984630584717
1.2146248817443848
1.1617661714553833
1.108228325843811
1.0542302131652832
1.0
0.9457697868347168
0.891771674156189
0.8382338881492615
0.7853750586509705
0.7334015369415283
0.682499885559082
0.6328349113464355
0.5845394730567932
0.5377128720283508
0.4924069344997406
0.44862356781959534
0.40629497170448303
0.36527952551841736
0.32533153891563416
0.2860945165157318
0.24705563485622406
0.20753732323646545
0.16664505004882812
0.1232769712805748
0.07612046599388123
1.8910064697265625
1.8421108722686768
1.7970638275146484
1.7547581195831299
1.7142306566238403
1.6746684312820435
1.6354249715805054
1.5959893465042114
1.5559855699539185
1.5151387453079224
1.4732714891433716
1.4302772283554077
1.3861180543899536
1.3408054113388062
1.2943981885910034
1.2469894886016846
1.1987042427062988
1.1496895551681519
1.1001125574111938
1.0501528978347778
1.0
0.9498470425605774
0.8998875021934509
0.8503105044364929
0.801295816898346
0.7530105113983154
0.7056017518043518
0.6591946482658386
0.6138820052146912
0.5697227716445923
0.5267285704612732
0.48486122488975525
0.44401445984840393
0.40401071310043335
0.36457502841949463
0.32533153891563416
0.28576940298080444
0.2452418953180313
0.20293618738651276
0.15788917243480682
0.10899347811937332
1.852640151977539
1.8032152652740479
1.7576055526733398
1.7148627042770386
1.6741445064544678
1.6347204446792603
1.5959893465042114
1.5574601888656616
1.5187567472457886
1.4795918464660645
1.4397666454315186
1.3991485834121704
1.3576700687408447
1.3153109550476074
1.2720973491668701
1.2280887365341187
1.1833760738372803
1.1380723714828491
1.0923099517822266
1.046234369277954
1.0
0.9537656307220459
0.9076899886131287
0.8619276881217957
0.816623866558075
0.7719112038612366
0.7279026508331299
0.6846891045570374
0.6423299908638
0.6008514165878296
0.5602333545684814
0.5204081535339355
0.48124322295188904
0.44253984093666077
0.40401071310043335
0.36527952551841736
0.32585543394088745
0.2851373255252838
0.24239440262317657
0.19678471982479095
0.14735983312129974
1.8090169429779053
1.7600895166397095
1.7148727178573608
1.6725473403930664
1.6323755979537964
1.5937050580978394
1.5559855699539185
1.5187567472457886
1.4816545248031616
1.4443916082382202
1.4067597389221191
1.3686107397079468
1.329856276512146
1.2904528379440308
1.2504006624221802
1.2097318172454834
1.1685090065002441
1.126815676689148
1.0847548246383667
1.0424416065216064
1.0
0.9575584530830383
0.9152451157569885
0.873184323310852
0.8314910531044006
0.7902681231498718
0.7495993971824646
0.709547221660614
0.670143723487854
0.6313892602920532
0.5932402014732361
0.555608332157135
0.5183455348014832
0.48124322295188904
0.44401445984840393
0.40629497170448303
0.3676244020462036
0.3274526596069336
0.28512734174728394
0.2399105280637741
0.19098301231861115
1.7604060173034668
1.7128541469573975
1.6688547134399414
1.6276955604553223
1.5887293815612793
1.551376461982727
1.5151387453079224
1.4795918464660645
1.4443916082382202
1.4092601537704468
1.373988389968872
1.3384207487106323
1.3024563789367676
1.2660354375839233
1.2291384935379028
1.1917763948440552
1.1539881229400635
1.1158332824707031
1.0773893594741821
1.038745641708374
1.0
0.9612544178962708
0.9226106405258179
0.8841667175292969
0.8460118770599365
0.8082236647605896
0.7708614468574524
0.7339645624160767
0.6975435614585876
0.6615791916847229
0.6260116100311279
0.5907397866249084
0.555608332157135
0.5204081535339355
0.48486122488975525
0.44862356781959534
0.4112706184387207
0.3723044693470001
0.331145316362381
0.2871459126472473
0.23959402740001678
1.7071068286895752
1.661692500114441
1.6196272373199463
1.5802913904190063
1.543117642402649
1.507593035697937
1.4732714891433716
1.4397666454315186
1.4067597389221191
1.373988389968872
1.3412492275238037
1.3083866834640503
1.2752934694290161
1.2418994903564453
1.2081716060638428
1.17410409450531
1.139717936515808
1.1050527095794678
1.0701649188995361
1.0351221561431885
1.0
0.9648779034614563
0.9298350811004639
0.8949472904205322
0.8602820634841919
0.8258959054946899
0.7918283939361572
0.7581004500389099
0.7247064709663391
0.6916132569313049
0.6587507724761963
0.6260116100311279
0.5932402014732361
0.5602333545684814
0.5267285704612732
0.4924069344997406
0.45688238739967346
0.41970857977867126
0.38037270307540894
0.33830752968788147
0.2928932309150696
1.649448037147522
1.6068315505981445
1.567324161529541
1.530387043952942
1.4955250024795532
1.4622870683670044
1.4302772283554077
1.3991485834121704
1.3686107397079468
1.3384207487106323
1.3083866834640503
1.2783578634262085
1.2482259273529053
1.217915654182434
1.187385082244873
1.1566171646118164
1.1256184577941895
1.094413161277771
1.0630406141281128
1.0315505266189575
1.0
0.9684494733810425
0.9369593858718872
0.9055868983268738
0.8743815422058105
0.8433828949928284
0.8126148581504822
0.7820843458175659
0.7517741322517395
0.7216421365737915
0.6916132569313049
0.6615791916847229
0.6313892602920532
0.6008514165878296
0.5697227716445923
0.5377128720283508
0.5044749975204468
0.4696129262447357
0.4326757788658142
0.39316847920417786
0.350551962852478
1.587785243988037
1.5485408306121826
1.5121335983276367
1.478097915649414
1.4460045099258423
1.415460467338562
1.3861180543899536
1.3576700687408447
1.329856276512146
1.3024563789367676
1.2752934694290161
1.2482259273529053
1.2211486101150513
1.1939858198165894
1.1666908264160156
1.1392388343811035
1.1116266250610352
1.0838662385940552
1.0559837818145752
1.0280144214630127
1.0
0.9719856381416321
0.9440162181854248
0.9161338210105896
0.8883734345436096
0.8607611656188965
0.8333091735839844
0.8060141205787659
0.778851330280304
0.7517741322517395
0.7247064709663391
0.6975435614585876
0.670143723487854
0.6423299908638
0.6138820052146912
0.5845394730567932
0.5539954900741577
0.5219020247459412
0.4878663718700409
0.4514591693878174
0.4122147560119629
1.522498607635498
1.4871212244033813
1.4542826414108276
1.4235841035842896
1.3946576118469238
1.3671650886535645
1.3408054113388062
1.3153109550476074
1.2904528379440308
1.2660354375839233
1.2418994903564453
1.217915654182434
1.1939858198165894
1.170037031173706
1.1460212469100952
1.121909737586975
1.0976927280426025
1.073373556137085
1.0489681959152222
1.0245003700256348
1.0
0.9754996299743652
0.9510318040847778
0.9266263842582703
0.9023072719573975
0.8780902028083801
0.8539787530899048
0.829962968826294
0.8060141205787659
0.7820843458175659
0.7581004500389099
0.7339645624160767
0.709547221660614
0.6846891045570374
0.6591946482658386
0.6328349113464355
0.6053423881530762
0.5764158964157104
0.5457174181938171
0.5128787755966187
0.47750142216682434
1.4539904594421387
1.422904372215271
1.3940353393554688
1.3670477867126465
1.341631293296814
1.317500114440918
1.2943981885910034
1.2720973491668701
1.2504006624221802
1.2291384935379028
1.2081716060638428
1.187385082244873
1.1666908264160156
1.1460212469100952
1.1253302097320557
1.1045881509780884
1.0837812423706055
1.0629072189331055
1.041974663734436
1.0209987163543701
1.0
0.9790012836456299
0.958025336265564
0.9370927214622498
0.9162187576293945
0.8954117894172668
0.8746697306632996
0.8539787530899048
0.8333091735839844
0.8126148581504822
0.7918283939361572
0.7708614468574524
0.7495993971824646
0.7279026508331299
0.7056017518043518
0.682499885559082
0.6583686470985413
0.6329521536827087
0.6059646606445312
0.5770955681800842
0.5460094809532166
1.3826833963394165
1.3562450408935547
1.3316830396652222
1.308721661567688
1.2871053218841553
1.2665984630584717
1.2469894886016846
1.2280887365341187
1.2097318172454834
1.1917763948440552
1.17410409450531
1.1566171646118164
1.1392388343811035
1.121909737586975
1.1045881509780884
1.0872457027435303
1.0698671340942383
1.0524471998214722
1.0349892377853394
1.0175023078918457
1.0
0.9824976921081543
0.9650107622146606
0.9475528001785278
0.9301328659057617
0.9127543568611145
0.8954117894172668
0.8780902028083801
0.8607611656188965
0.8433828949928284
0.8258959054946899
0.8082236647605896
0.7902681231498718
0.7719112038612366
0.7530105113983154
0.7334015369415283
0.7128946781158447
0.691278338432312
0.6683169007301331
0.6437549591064453
0.6173165440559387
1.3090169429779053
1.2875198125839233
1.2675423622131348
1.2488664388656616
1.2312895059585571
1.2146248817443848
1.1987042427062988
1.1833760738372803
1.1685090065002441
1.1539881229400635
1.139717936515808
1.1256184577941895
1.1116266250610352
1.0976927280426025
1.0837812423706055
1.0698671340942383
1.0559360980987549
1.0419813394546509
1.0280030965805054
1.0140066146850586
1.0
0.9859934449195862
0.9719968438148499
0.9580187201499939
0.9440639019012451
0.9301328659057617
0.9162187576293945
0.9023072719573975
0.8883734345436096
0.8743815422058105
0.8602820634841919
0.8460118770599365
0.8314910531044006
0.816623866558075
0.801295816898346
0.7853750586509705
0.7687104344367981
0.7511335611343384
0.7324575781822205
0.7124801874160767
0.69098299741745
1.233445405960083
1.2171213626861572
1.2019479274749756
1.1877628564834595
1.1744153499603271
1.1617661714553833
1.1496895551681519
1.1380723714828491
1.126815676689148
1.1158332824707031
1.1050527095794678
1.094413161277771
1.0838662385940552
1.073373556137085
1.0629072189331055
1.0524471998214722
1.0419813394546509
1.0315030813217163
1.021011471748352
1.0105087757110596
1.0
0.9894912242889404
0.978988528251648
0.9684969186782837
0.9580187201499939
0.9475528001785278
0.9370927214622498
0.9266263842582703
0.9161338210105896
0.9055868983268738
0.8949472904205322
0.8841667175292969
0.873184323310852
0.8619276881217957
0.8503105044364929
0.8382338881492615
0.8255846500396729
0.8122371435165405
0.7980520129203796
0.7828786969184875
0.7665546536445618
1.156434416770935
1.1454564332962036
1.1352505683898926
1.1257094144821167
1.1167327165603638
1.108228325843811
1.1001125574111938
1.0923099517822266
1.0847548246383667
1.0773893594741821
1.0701649188995361
1.0630406141281128
1.0559837818145752
1.0489681959152222
1.041974663734436
1.0349892377853394
1.0280030965805054
1.021011471748352
1.0140128135681152
1.0070081949234009
1.0
0.9929918646812439
0.98598712682724
0.978988528251648
0.9719968438148499
0.9650107622146606
0.958025336265564
0.9510318040847778
0.9440162181854248
0.9369593858718872
0.9298350811004639
0.9226106405258179
0.9152451157569885
0.9076899886131287
0.8998875021934509
0.891771674156189
0.8832672238349915
0.8742906451225281
0.8647493720054626
0.8545435667037964
0.8435655236244202
1.0784591436386108
1.072941541671753
1.0678116083145142
1.0630156993865967
1.0585039854049683
1.0542302131652832
1.0501528978347778
1.046234369277954
1.0424416065216064
1.038745641708374
1.0351221561431885
1.0315505266189575
1.0280144214630127
1.0245003700256348
1.0209987163543701
1.0175023078918457
1.0140066146850586
1.0105087757110596
1.0070081949234009
1.0035048723220825
1.0
0.9964951872825623
0.9929918646812439
0.9894912242889404
0.9859934449195862
0.9824976921081543
0.9790012836456299
0.9754996299743652
0.9719856381416321
0.9684494733810425
0.9648779034614563
0.9612544178962708
0.9575584530830383
0.9537656307220459
0.9498470425605774
0.9457697868347168
0.9414960741996765
0.9369843006134033
0.9321883916854858
0.9270585179328918
0.9215409159660339
1.0
1.0
1.0
1.0
1.0
1.0
1.0
1.0
1.0
1.0
1.0
1.0
1.0
1.0
1.0
1.0
1.0
1.0
1.0
1.0
1.0
1.0
1.0
1.0
1.0
1.0
1.0
1.0
1.0
1.0
1.0
1.0
1.0
1.0
1.0
1.0
1.0
1.0
1.0
1.0
1.0
0.9215409159660339
0.9270585179328918
0.9321883916854858
0.9369843006134033
0.9414960741996765
0.9457697868347168
0.9498470425605774
0.9537656307220459
0.9575584530830383
0.9612544178962708
0.9648779034614563
0.9684494733810425
0.9719856381416321
0.9754996299743652
0.9790012836456299
0.9824976921081543
0.9859934449195862
0.9894912242889404
0.9929918646812439
0.9964951872825623
1.0
1.0035048723220825
1.0070081949234009
1.0105087757110596
1.0140066146850586
1.0175023078918457
1.0209987163543701
1.0245003700256348
1.0280144214630127
1.0315505266189575
1.0351221561431885
1.038745641708374
1.0424416065216064
1.046234369277954
1.0501528978347778
1.0542302131652832
1.0585039854049683
1.0630156993865967
1.0678116083145142
1.072941541671753
1.0784591436386108
0.8435655236244202
0.8545435667037964
0.8647493720054626
0.8742906451225281
0.8832672238349915
0.891771674156189
0.8998875021934509
0.9076899886131287
0.9152451157569885
0.9226106405258179
0.9298350811004639
0.9369593858718872
0.9440162181854248
0.9510318040847778
0.958025336265564
0.9650107622146606
0.9719968438148499
0.978988528251648
0.98598712682724
0.9929918646812439
1.0
1.0070081949234009
1.0140128135681152
1.021011471748352
1.0280030965805054
1.0349892377853394
1.041974663734436
1.0489681959152222
1.0559837818145752
1.0630406141281128
1.0701649188995361
1.0773893594741821
1.0847548246383667
1.0923099517822266
1.1001125574111938
1.108228325843811
1.1167327165603638
1.1257094144821167
1.1352505683898926
1.1454564332962036
1.156434416770935
0.7665546536445618
0.7828786969184875
0.7980520129203796
0.8122371435165405
0.8255846500396729
0.8382338881492615
0.8503105044364929
0.8619276881217957
0.873184323310852
0.8841667175292969
0.8949472904205322
0.9055868983268738
0.9161338210105896
0.9266263842582703
0.9370927214622498
0.9475528001785278
0.9580187201499939
0.9684969186782837
0.978988528251648
0.9894912242889404
1.0
1.0105087757110596
1.021011471748352
1.0315030813217163
1.0419813394546509
1.0524471998214722
1.0629072189331055
1.073373556137085
1.0838662385940552
1.094413161277771
1.1050527095794678
1.1158332824707031
1.126815676689148
1.1380723714828491
1.1496895551681519
1.1617661714553833
1.1744153499603271
1.1877628564834595
1.2019479274749756
1.2171213626861572
1.233445405960083
0.69098299741745
0.7124801874160767
0.7324575781822205
0.7511335611343384
0.7687104344367981
0.7853750586509705
0.801295816898346
0.816623866558075
0.8314910531044006
0.8460118770599365
0.8602820634841919
0.8743815422058105
0.8883734345436096
0.9023072719573975
0.9162187576293945
0.9301328659057617
0.9440639019012451
0.9580187201499939
0.9719968438148499
0.9859934449195862
1.0
1.0140066146850586
1.0280030965805054
1.0419813394546509
1.0559360980987549
1.0698671340942383
1.0837812423706055
1.0976927280426025
1.1116266250610352
1.1256184577941895
1.139717936515808
1.1539881229400635
1.1685090065002441
1.1833760738372803
1.1987042427062988
1.2146248817443848
1.2312895059585571
1.2488664388656616
1.2675423622131348
1.2875198125839233
1.3090169429779053
0.6173165440559387
0.6437549591064453
0.6683169007301331
0.691278338432312
0.7128946781158447
0.7334015369415283
0.7530105113983154
0.7719112038612366
0.7902681231498718
0.8082236647605896
0.8258959054946899
0.8433828949928284
0.8607611656188965
0.8780902028083801
0.8954117894172668
0.9127543568611145
0.9301328659057617
0.9475528001785278
0.9650107622146606
0.9824976921081543
1.0
1.0175023078918457
1.0349892377853394
1.0524471998214722
1.0698671340942383
1.0872457027435303
1.1045881509780884
1.121909737586975
1.1392388343811035
1.1566171646118164
1.17410409450531
1.1917763948440552
1.2097318172454834
1.2280887365341187
1.2469894886016846
1.2665984630584717
1.2871053218841553
1.308721661567688
1.3316830396652222
1.3562450408935547
1.3826833963394165
0.5460094809532166
0.5770955681800842
0.6059646606445312
0.6329521536827087
0.6583686470985413
0.682499885559082
0.7056017518043518
0.7279026508331299
0.7495993971824646
0.7708614468574524
0.7918283939361572
0.8126148581504822
0.8333091735839844
0.8539787530899048
0.8746697306632996
0.8954117894172668
0.9162187576293945
0.9370927214622498
0.958025336265564
0.9790012836456299
1.0
1.0209987163543701
1.041974663734436
1.0629072189331055
1.0837812423706055
1.1045881509780884
1.1253302097320557
1.1460212469100952
1.1666908264160156
1.187385082244873
1.2081716060638428
1.2291384935379028
1.2504006624221802
1.2720973491668701
1.2943981885910034
1.317500114440918
1.341631293296814
1.3670477867126465
1.3940353393554688
1.422904372215271
1.4539904594421387
0.47750142216682434
0.5128787755966187
0.5457174181938171
0.5764158964157104
0.6053423881530762
0.6328349113464355
0.6591946482658386
0.6846891045570374
0.709547221660614
0.7339645624160767
0.7581004500389099
0.7820843458175659
0.8060141205787659
0.829962968826294
0.8539787530899048
0.8780902028083801
0.9023072719573975
0.9266263842582703
0.9510318040847778
0.9754996299743652
1.0
1.0245003700256348
1.0489681959152222
1.073373556137085
1.0976927280426025
1.121909737586975
1.1460212469100952
1.170037031173706
1.1939858198165894
1.217915654182434
1.2418994903564453
1.2660354375839233
1.2904528379440308
1.3153109550476074
1.3408054113388062
1.3671650886535645
1.3946576118469238
1.4235841035842896
1.4542826414108276
1.4871212244033813
1.522498607635498
0.4122147560119629
0.4514591693878174
0.4878663718700409
0.5219020247459412
0.5539954900741577
0.5845394730567932
0.6138820052146912
0.6423299908638
0.670143723487854
0.6975435614585876
0.7247064709663391
0.7517741322517395
0.778851330280304
0.8060141205787659
0.8333091735839844
0.8607611656188965
0.8883734345436096
0.9161338210105896
0.9440162181854248
0.9719856381416321
1.0
1.0280144214630127
1.0559837818145752
1.0838662385940552
1.1116266250610352
1.1392388343811035
1.1666908264160156
1.1939858198165894
1.2211486101150513
1.2482259273529053
1.2752934694290161
1.3024563789367676
1.329856276512146
1.3576700687408447
1.3861180543899536
1.415460467338562
1.4460045099258423
1.478097915649414
1.5121335983276367
1.5485408306121826
1.587785243988037
0.350551962852478
0.39316847920417786
0.4326757788658142
0.4696129262447357
0.5044749975204468
0.5377128720283508
0.5697227716445923
0.6008514165878296
0.6313892602920532
0.6615791916847229
0.6916132569313049
0.7216421365737915
0.7517741322517395
0.7820843458175659
0.8126148581504822
0.8433828949928284
0.8743815422058105
0.9055868983268738
0.9369593858718872
0.9684494733810425
1.0
1.0315505266189575
1.0630406141281128
1.094413161277771
1.1256184577941895
1.1566171646118164
1.187385082244873
1.217915654182434
1.2482259273529053
1.2783578634262085
1.3083866834640503
1.3384207487106323
1.3686107397079468
1.3991485834121704
1.4302772283554077
1.4622870683670044
1.4955250024795532
1.530387043952942
1.567324161529541
1.6068315505981445
1.649448037147522
0.2928932309150696
0.33830752968788147
0.38037270307540894
0.41970857977867126
0.45688238739967346
0.4924069344997406
0.5267285704612732
0.5602333545684814
0.5932402014732361
0.6260116100311279
0.6587507724761963
0.6916132569313049
0.7247064709663391
0.7581004500389099
0.7918283939361572
0.8258959054946899
0.8602820634841919
0.8949472904205322
0.9298350811004639
0.9648779034614563
1.0
1.0351221561431885
1.0701649188995361
1.1050527095794678
1.139717936515808
1.17410409450531
1.2081716060638428
1.2418994903564453
1.2752934694290161
1.3083866834640503
1.3412492275238037
1.373988389968872
1.4067597389221191
1.4397666454315186
1.4732714891433716
1.507593035697937
1.543117642402649
1.5802913904190063
1.6196272373199463
1.661692500114441
1.7071068286895752
0.23959402740001678
0.2871459126472473
0.331145316362381
0.3723044693470001
0.4112706184387207
0.44862356781959534
0.48486122488975525
0.5204081535339355
0.555608332157135
0.5907397866249084
0.6260116100311279
0.6615791916847229
0.6975435614585876
0.7339645624160767
0.7708614468574524
0.8082236647605896
0.8460118770599365
0.8841667175292969
0.9226106405258179
0.9612544178962708
1.0
1.038745641708374
1.0773893594741821
1.1158332824707031
1.1539881229400635
1.1917763948440552
1.2291384935379028
1.2660354375839233
1.3024563789367676
1.3384207487106323
1.373988389968872
1.4092601537704468
1.4443916082382202
1.4795918464660645
1.5151387453079224
1.551376461982727
1.5887293815612793
1.6276955604553223
1.6688547134399414
1.7128541469573975
1.7604060173034668
0.19098301231861115
0.2399105280637741
0.28512734174728394
0.3274526596069336
0.3676244020462036
0.40629497170448303
0.44401445984840393
0.48124322295188904
0.5183455348014832
0.555608332157135
0.5932402014732361
0.6313892602920532
0.670143723487854
0.709547221660614
0.7495993971824646
0.7902681231498718
0.8314910531044006
0.873184323310852
0.9152451157569885
0.9575584530830383
1.0
1.0424416065216064
1.0847548246383667
1.126815676689148
1.1685090065002441
1.2097318172454834
1.2504006624221802
1.2904528379440308
1.329856276512146
1.3686107397079468
1.4067597389221191
1.4443916082382202
1.4816545248031616
1.5187567472457886
1.5559855699539185
1.5937050580978394
1.6323755979537964
1.6725473403930664
1.7148727178573608
1.7600895166397095
1.8090169429779053
0.14735983312129974
0.19678471982479095
0.24239440262317657
0.2851373255252838
0.32585543394088745
0.36527952551841736
0.40401071310043335
0.44253984093666077
0.48124322295188904
0.5204081535339355
0.5602333545684814
0.6008514165878296
0.6423299908638
0.6846891045570374
0.7279026508331299
0.7719112038612366
0.816623866558075
0.8619276881217957
0.9076899886131287
0.9537656307220459
1.0
1.046234369277954
1.0923099517822266
1.1380723714828491
1.1833760738372803
1.2280887365341187
1.2720973491668701
1.3153109550476074
1.3576700687408447
1.3991485834121704
1.4397666454315186
1.4795918464660645
1.5187567472457886
1.5574601888656616
1.5959893465042114
1.6347204446792603
1.6741445064544678
1.7148627042770386
1.7576055526733398
1.8032152652740479
1.852640151977539
0.10899347811937332
0.15788917243480682
0.20293618738651276
0.2452418953180313
0.28576940298080444
0.32533153891563416
0.36457502841949463
0.40401071310043335
0.44401445984840393
0.48486122488975525
0.5267285704612732
0.5697227716445923
0.6138820052146912
0.6591946482658386
0.7056017518043518
0.7530105113983154
0.801295816898346
0.8503105044364929
0.8998875021934509
0.9498470425605774
1.0
1.0501528978347778
1.1001125574111938
1.1496895551681519
1.1987042427062988
1.2469894886016846
1.2943981885910034
1.3408054113388062
1.3861180543899536
1.4302772283554077
1.4732714891433716
1.5151387453079224
1.5559855699539185
1.5959893465042114
1.6354249715805054
1.6746684312820435
1.7142306566238403
1.7547581195831299
1.7970638275146484
1.8421108722686768
1.8910064697265625
0.07612046599388123
0.1232769712805748
0.16664505004882812
0.20753732323646545
0.24705563485622406
0.2860945165157318
0.32533153891563416
0.36527952551841736
0.40629497170448303
0.44862356781959534
0.4924069344997406
0.5377128720283508
0.5845394730567932
0.6328349113464355
0.682499885559082
0.7334015369415283
0.7853750586509705
0.8382338881492615
0.891771674156189
0.9457697868347168
1.0
1.0542302131652832
1.108228325843811
1.1617661714553833
1.2146248817443848
1.2665984630584717
1.317500114440918
1.3671650886535645
1.415460467338562
1.4622870683670044
1.507593035697937
1.551376461982727
1.5937050580978394
1.6347204446792603
1.6746684312820435
1.7139054536819458
1.7529443502426147
1.792462706565857
1.8333549499511719
1.876723051071167
1.9238795042037964
0.04894348233938217
0.09288843721151352
0.1332545131444931
0.17161567509174347
0.20923075079917908
0.24705563485622406
0.28576940298080444
0.32585543394088745
0.3676244020462036
0.4112706184387207
0.45688238739967346
0.5044749975204468
0.5539954900741577
0.6053423881530762
0.6583686470985413
0.7128946781158447
0.7687104344367981
0.8255846500396729
0.8832672238349915
0.9414960741996765
1.0
1.0585039854049683
1.1167327165603638
1.1744153499603271
1.2312895059585571
1.2871053218841553
1.341631293296814
1.3946576118469238
1.4460045099258423
1.4955250024795532
1.543117642402649
1.5887293815612793
1.6323755979537964
1.6741445064544678
1.7142306566238403
1.7529443502426147
1.7907692193984985
1.828384280204773
1.8667454719543457
1.9071115255355835
1.9510564804077148
0.02763007953763008
0.06653168797492981
0.10229440778493881
0.13685905933380127
0.17161567509174347
0.20753732323646545
0.2452418953180313
0.2851373255252838
0.3274526596069336
0.3723044693470001
0.41970857977867126
0.4696129262447357
0.5219020247459412
0.5764158964157104
0.6329521536827087
0.691278338432312
0.7511335611343384
0.8122371435165405
0.8742906451225281
0.9369843006134033
1.0
1.0630156993865967
1.1257094144821167
1.1877628564834595
1.2488664388656616
1.308721661567688
1.3670477867126465
1.4235841035842896
1.478097915649414
1.530387043952942
1.5802913904190063
1.6276955604553223
1.6725473403930664
1.7148627042770386
1.7547581195831299
1.792462706565857
1.828384280204773
1.8631409406661987
1.8977055549621582
1.9334683418273926
1.972369909286499
0.012311659753322601
0.04369136691093445
0.07293208688497543
0.10229440778493881
0.1332545131444931
0.16664505004882812
0.20293618738651276
0.24239440262317657
0.28512734174728394
0.331145316362381
0.38037270307540894
0.4326757788658142
0.4878663718700409
0.5457174181938171
0.6059646606445312
0.6683169007301331
0.7324575781822205
0.7980520129203796
0.8647493720054626
0.9321883916854858
1.0
1.0678116083145142
1.1352505683898926
1.2019479274749756
1.2675423622131348
1.3316830396652222
1.3940353393554688
1.4542826414108276
1.5121335983276367
1.567324161529541
1.6196272373199463
1.6688547134399414
1.7148727178573608
1.7576055526733398
1.7970638275146484
1.8333549499511719
1.8667454719543457
1.8977055549621582
1.9270678758621216
1.9563086032867432
1.9876883029937744
0.003082666313275695
0.02348063699901104
0.04369136691093445
0.06653168797492981
0.09288843721151352
0.1232769712805748
0.15788917243480682
0.19678471982479095
0.2399105280637741
0.2871459126472473
0.33830752968788147
0.39316847920417786
0.4514591693878174
0.5128787755966187
0.5770955681800842
0.6437549591064453
0.7124801874160767
0.7828786969184875
0.8545435667037964
0.9270585179328918
1.0
1.072941541671753
1.1454564332962036
1.2171213626861572
1.2875198125839233
1.3562450408935547
1.422904372215271
1.4871212244033813
1.5485408306121826
1.6068315505981445
1.661692500114441
1.7128541469573975
1.7600895166397095
1.8032152652740479
1.8421108722686768
1.876723051071167
1.9071115255355835
1.9334683418273926
1.9563086032867432
1.9765193462371826
1.9969173669815063
0.0
0.003082666313275695
0.012311659753322601
0.02763007953763008
0.04894348233938217
0.07612046599388123
0.10899347811937332
0.14735983312129974
0.19098301231861115
0.23959402740001678
0.2928932309150696
0.350551962852478
0.4122147560119629
0.47750142216682434
0.5460094809532166
0.6173165440559387
0.69098299741745
0.7665546536445618
0.8435655236244202
0.9215409159660339
1.0
1.0784591436386108
1.156434416770935
1.233445405960083
1.3090169429779053
1.3826833963394165
1.4539904594421387
1.522498607635498
1.587785243988037
1.649448037147522
1.7071068286895752
1.7604060173034668
1.8090169429779053
1.852640151977539
1.8910064697265625
1.9238795042037964
1.9510564804077148
1.972369909286499
1.9876883029937744
1.9969173669815063
2.0
