2.0
1.9969173669815063
1.9876883029937744
1.972369909286499
1.9510564804077148
1.9238795042037964
1.8910064697265625
1.852640151977539
1.8090169429779053
1.7604060173034668
1.7071068286895752
1.649448037147522
1.587785243988037
1.522498607635498
1.4539904594421387
1.3826833963394165
1.3090169429779053
1.233445405960083
1.156434416770935
1.0784591436386108
1.0
0.9215409159660339
0.8435655236244202
0.7665546536445618
0.69098299741745
0.6173165440559387
0.5460094809532166
0.47750142216682434
0.4122147560119629
0.350551962852478
0.2928932309150696
0.23959402740001678
0.19098301231861115
0.14735983312129974
0.10899347811937332
0.07612046599388123
0.04894348233938217
0.02763007953763008
0.012311659753322601
0.003082666313275695
0.0
1.9969173669815063
1.9766350984573364
1.9564980268478394
1.9337083101272583
1.9073857069015503
1.8770191669464111
1.8424192667007446
1.803528070449829
1.7603998184204102
1.7131562232971191
1.661981463432312
1.6071029901504517
1.5487910509109497
1.487346887588501
1.423102855682373
1.3564138412475586
1.2876571416854858
1.2172255516052246
1.1455265283584595
1.0729767084121704
1.0
0.9270232319831848
0.8544734120368958
0.7827743887901306
0.7123428583145142
0.6435860991477966
0.5768972039222717
0.512653112411499
0.45120900869369507
0.3928970396518707
0.3380185663700104
0.28684374690055847
0.23960018157958984
0.1964719593524933
0.15758071839809418
0.12298082560300827
0.0926143229007721
0.06629171967506409
0.04350198805332184
0.023364847525954247
0.003082666313275695
1.9876883029937744
1.9564980268478394
1.927391767501831
1.8981245756149292
1.867230772972107
1.8338840007781982
1.7976183891296387
1.7581706047058105
1.715435266494751
1.6694040298461914
1.620153784751892
1.5678197145462036
1.5125908851623535
1.4546955823898315
1.3943986892700195
1.331992506980896
1.267794132232666
1.2021392583847046
1.1353793144226074
1.0678763389587402
1.0
0.9321237206459045
0.8646206855773926
0.7978606820106506
0.7322058081626892
0.6680075526237488
0.6056012511253357
0.5453044772148132
0.4874091148376465
0.43218034505844116
0.3798462152481079
0.3305959701538086
0.28456467390060425
0.24182939529418945
0.20238161087036133
0.16611604392528534
0.13276927173137665
0.10187538713216782
0.07260819524526596
0.04350198805332184
0.012311659753322601
1.972369909286499
1.9337083101272583
1.8981245756149292
1.8636914491653442
1.829028606414795
1.79317045211792
1.7555042505264282
1.7156261205673218
1.6733100414276123
1.6284420490264893
1.5810084342956543
1.5310629606246948
1.4787225723266602
1.424148678779602
1.3675451278686523
1.3091453313827515
1.2492114305496216
1.1880251169204712
1.1258858442306519
1.0631043910980225
1.0
0.9368956089019775
0.8741141557693481
0.8119748830795288
0.7507886290550232
0.6908547282218933
0.6324549317359924
0.5758512616157532
0.5212774872779846
0.46893709897994995
0.4189915657043457
0.37155789136886597
0.3266899287700653
0.2843739092350006
0.24449579417705536
0.20682959258556366
0.17097139358520508
0.13630858063697815
0.10187538713216782
0.06629171967506409
0.02763007953763008
1.9510564804077148
1.9073857069015503
1.867230772972107
1.829028606414795
1.7915294170379639
1.7537846565246582
1.7151206731796265
1.6750586032867432
1.6332916021347046
1.5896281003952026
1.5439823865890503
1.496341347694397
1.446759819984436
1.395341157913208
1.3422337770462036
1.2876189947128296
1.2317079305648804
1.1747335195541382
1.1169469356536865
1.0586116313934326
1.0
0.9413883686065674
0.8830530643463135
0.8252664804458618
0.7682920098304749
0.7123810648918152
0.6577662229537964
0.604658842086792
0.5532401204109192
0.5036587119102478
0.4560176432132721
0.41037192940711975
0.3667084574699402
0.32494136691093445
0.2848793566226959
0.24621537327766418
0.20847053825855255
0.17097139358520508
0.13276927173137665
0.0926143229007721
0.04894348233938217
1.9238795042037964
1.8770191669464111
1.8338840007781982
1.79317045211792
1.7537846565246582
1.7148388624191284
1.6756610870361328
1.6357431411743164
1.5947325229644775
1.5523866415023804
1.5085668563842773
1.4632076025009155
1.4163132905960083
1.367937445640564
1.3181813955307007
1.2671796083450317
1.2150986194610596
1.1621264219284058
1.1084709167480469
1.0543522834777832
1.0
0.9456477165222168
0.8915290832519531
0.8378735780715942
0.7849013805389404
0.7328203320503235
0.6818186044692993
0.6320624947547913
0.5836867690086365
0.5367923974990845
0.49143320322036743
0.44761335849761963
0.40526747703552246
0.3642567992210388
0.3243389427661896
0.28516116738319397
0.24621537327766418
0.20682959258556366
0.16611604392528534
0.12298082560300827
0.07612046599388123
1.8910064697265625
1.8424192667007446
1.7976183891296387
1.7555042505264282
1.7151206731796265
1.6756610870361328
1.636484146118164
1.597083568572998
1.5570874214172363
1.5162241458892822
1.4743192195892334
1.4312689304351807
1.387037754058838
1.3416391611099243
1.29513418674469
1.2476177215576172
1.199216365814209
1.1500792503356934
1.1003749370574951
1.0502849817276
1.0
0.9497150182723999
0.8996250033378601
0.8499207496643066
0.800783634185791
0.7523823380470276
0.7048658132553101
0.6583608984947205
0.6129623055458069
0.5687310099601746
0.5256807804107666
0.48377588391304016
0.44291260838508606
0.40291646122932434
0.3635158836841583
0.3243389427661896
0.2848793566226959
0.24449579417705536
0.20238161087036133
0.15758071839809418
0.10899347811937332
1.852640151977539
1.803528070449829
1.7581706047058105
1.7156261205673218
1.6750586032867432
1.6357431411743164
1.597083568572998
1.5585932731628418
1.5198999643325806
1.480719804763794
1.4408570528030396
1.4001818895339966
1.3586291074752808
1.3161810636520386
1.272865891456604
1.2287451028823853
1.1839114427566528
1.1384798288345337
1.092584490776062
1.046372413635254
1.0
0.9536275267601013
0.907415509223938
0.8615201711654663
0.8160884976387024
0.7712548971176147
0.7271340489387512
0.6838189363479614
0.6413708925247192
0.5998181104660034
0.5591430068016052
0.519280195236206
0.48010003566741943
0.4414067268371582
0.40291646122932434
0.3642567992210388
0.32494136691093445
0.2843739092350006
0.24182939529418945
0.1964719593524933
0.14735983312129974
1.8090169429779053
1.7603998184204102
1.715435266494751
1.6733100414276123
1.6332916021347046
1.5947325229644775
1.5570874214172363
1.5198999643325806
1.4828097820281982
1.4455331563949585
1.4078645706176758
1.3696588277816772
1.3308298587799072
1.2913367748260498
1.2511818408966064
1.2103992700576782
1.169053554534912
1.1272304058074951
1.0850342512130737
1.0425821542739868
1.0
0.9574178457260132
0.9149657487869263
0.8727696537971497
0.8309463858604431
0.789600670337677
0.7488181591033936
0.7086632251739502
0.6691701412200928
0.6303412318229675
0.5921353697776794
0.5544668436050415
0.5171902179718018
0.48010003566741943
0.44291260838508606
0.40526747703552246
0.3667084574699402
0.3266899287700653
0.28456467390060425
0.23960018157958984
0.19098301231861115
1.7604060173034668
1.7131562232971191
1.6694040298461914
1.6284420490264893
1.5896281003952026
1.5523866415023804
1.5162241458892822
1.480719804763794
1.4455331563949585
1.4103894233703613
1.3750824928283691
1.3394595384597778
1.303422212600708
1.266912817955017
1.2299143075942993
1.1924395561218262
1.1545294523239136
1.1162455081939697
1.0776671171188354
1.0388853549957275
1.0
0.9611146450042725
0.9223328232765198
0.8837544918060303
0.8454705476760864
0.8075605034828186
0.7700856328010559
0.7330871820449829
0.696577787399292
0.6605404019355774
0.6249175071716309
0.5896105170249939
0.5544668436050415
0.519280195236206
0.48377588391304016
0.44761335849761963
0.41037192940711975
0.37155789136886597
0.3305959701538086
0.28684374690055847
0.23959402740001678
1.7071068286895752
1.661981463432312
1.620153784751892
1.5810084342956543
1.5439823865890503
1.5085668563842773
1.4743192195892334
1.4408570528030396
1.4078645706176758
1.3750824928283691
1.3423103094100952
1.3093949556350708
1.2762315273284912
1.2427520751953125
1.2089258432388306
1.1747490167617798
1.1402446031570435
1.1054538488388062
1.0704352855682373
1.035258173942566
1.0
0.9647418260574341
0.9295647144317627
0.8945461511611938
0.8597554564476013
0.8252509236335754
0.7910741567611694
0.7572478652000427
0.7237685322761536
0.690605103969574
0.6576897501945496
0.6249175071716309
0.5921353697776794
0.5591430068016052
0.5256807804107666
0.49143320322036743
0.4560176432132721
0.4189915657043457
0.3798462152481079
0.3380185663700104
0.2928932309150696
1.649448037147522
1.6071029901504517
1.5678197145462036
1.5310629606246948
1.496341347694397
1.4632076025009155
1.4312689304351807
1.4001818895339966
1.3696588277816772
1.3394595384597778
1.3093949556350708
1.2793164253234863
1.2491182088851929
1.2187272310256958
1.1881033182144165
1.1572314500808716
1.1261202096939087
1.0947954654693604
1.0632983446121216
1.0316802263259888
1.0
0.9683197736740112
0.9367016553878784
0.9052045941352844
0.8738797903060913
0.8427685499191284
0.8118966221809387
0.781272828578949
0.7508817911148071
0.7206835150718689
0.690605103969574
0.6605404019355774
0.6303412318229675
0.5998181104660034
0.5687310099601746
0.5367923974990845
0.5036587119102478
0.46893709897994995
0.43218034505844116
0.3928970396518707
0.350551962852478
1.587785243988037
1.5487910509109497
1.5125908851623535
1.4787225723266602
1.446759819984436
1.4163132905960083
1.387037754058838
1.3586291074752808
1.3308298587799072
1.303422212600708
1.2762315273284912
1.2491182088851929
1.2219797372817993
1.19474196434021
1.1673603057861328
1.139811635017395
1.112094521522522
1.0842227935791016
1.0562241077423096
1.0281352996826172
1.0
0.971864640712738
0.9437758326530457
0.9157772064208984
0.887905478477478
0.8601884245872498
0.832639753818512
0.8052579760551453
0.7780202627182007
0.7508817911148071
0.7237685322761536
0.696577787399292
0.6691701412200928
0.6413708925247192
0.6129623055458069
0.5836867690086365
0.5532401204109192
0.5212774872779846
0.4874091148376465
0.45120900869369507
0.4122147560119629
1.522498607635498
1.487346887588501
1.4546955823898315
1.424148678779602
1.395341157913208
1.367937445640564
1.3416391611099243
1.3161810636520386
1.2913367748260498
1.266912817955017
1.2427520751953125
1.2187272310256958
1.19474196434021
1.1707252264022827
1.1466307640075684
1.1224313974380493
1.0981189012527466
1.0736984014511108
1.049187183380127
1.0246106386184692
1.0
0.9753894209861755
0.950812816619873
0.9263015985488892
0.9018810391426086
0.8775686025619507
0.8533692955970764
0.8292747735977173
0.8052579760551453
0.781272828578949
0.7572478652000427
0.7330871820449829
0.7086632251739502
0.6838189363479614
0.6583608984947205
0.6320624947547913
0.604658842086792
0.5758512616157532
0.5453044772148132
0.512653112411499
0.47750142216682434
1.4539904594421387
1.423102855682373
1.3943986892700195
1.3675451278686523
1.3422337770462036
1.3181813955307007
1.29513418674469
1.272865891456604
1.2511818408966064
1.2299143075942993
1.2089258432388306
1.1881033182144165
1.1673603057861328
1.1466307640075684
1.1258701086044312
1.1050503253936768
1.0841588973999023
1.0631952285766602
1.0421688556671143
1.0210964679718018
1.0
0.9789035320281982
0.9578312039375305
0.9368048310279846
0.9158410429954529
0.8949496746063232
0.8741298317909241
0.8533692955970764
0.832639753818512
0.8118966221809387
0.7910741567611694
0.7700856328010559
0.7488181591033936
0.7271340489387512
0.7048658132553101
0.6818186044692993
0.6577662229537964
0.6324549317359924
0.6056012511253357
0.5768972039222717
0.5460094809532166
1.3826833963394165
1.3564138412475586
1.331992506980896
1.3091453313827515
1.2876189947128296
1.2671796083450317
1.2476177215576172
1.2287451028823853
1.2103992700576782
1.1924395561218262
1.1747490167617798
1.1572314500808716
1.139811635017395
1.1224313974380493
1.1050503253936768
1.0876413583755493
1.0701905488967896
1.0526937246322632
1.0351555347442627
1.0175859928131104
1.0
0.9824139475822449
0.9648445248603821
0.947306215763092
0.9298094511032104
0.9123586416244507
0.8949496746063232
0.8775686025619507
0.8601884245872498
0.8427685499191284
0.8252509236335754
0.8075605034828186
0.789600670337677
0.7712548971176147
0.7523823380470276
0.7328203320503235
0.7123810648918152
0.6908547282218933
0.6680075526237488
0.6435860991477966
0.6173165440559387
1.3090169429779053
1.2876571416854858
1.267794132232666
1.2492114305496216
1.2317079305648804
1.2150986194610596
1.199216365814209
1.1839114427566528
1.169053554534912
1.1545294523239136
1.1402446031570435
1.1261202096939087
1.112094521522522
1.0981189012527466
1.0841588973999023
1.0701905488967896
1.0562005043029785
1.0421829223632812
1.0281391143798828
1.0140750408172607
1.0
0.985925018787384
0.971860945224762
0.9578171372413635
0.9437995553016663
0.9298094511032104
0.9158410429954529
0.9018810391426086
0.887905478477478
0.8738797903060913
0.8597554564476013
0.8454705476760864
0.8309463858604431
0.8160884976387024
0.800783634185791
0.7849013805389404
0.7682920098304749
0.7507886290550232
0.7322058081626892
0.7123428583145142
0.69098299741745
1.233445405960083
1.2172255516052246
1.2021392583847046
1.1880251169204712
1.1747335195541382
1.1621264219284058
1.1500792503356934
1.1384798288345337
1.1272304058074951
1.1162455081939697
1.1054538488388062
1.0947954654693604
1.0842227935791016
1.0736984014511108
1.0631952285766602
1.0526937246322632
1.0421829223632812
1.0316567420959473
1.0211151838302612
1.0105609893798828
1.0
0.9894390106201172
0.9788848757743835
0.968343198299408
0.9578171372413635
0.947306215763092
0.9368048310279846
0.9263015985488892
0.9157772064208984
0.9052045941352844
0.8945461511611938
0.8837544918060303
0.8727696537971497
0.8615201711654663
0.8499207496643066
0.8378735780715942
0.8252664804458618
0.8119748830795288
0.7978606820106506
0.7827743887901306
0.7665546536445618
1.156434416770935
1.1455265283584595
1.1353793144226074
1.1258858442306519
1.1169469356536865
1.1084709167480469
1.1003749370574951
1.092584490776062
1.0850342512130737
1.0776671171188354
1.0704352855682373
1.0632983446121216
1.0562241077423096
1.049187183380127
1.0421688556671143
1.0351555347442627
1.0281391143798828
1.0211151838302612
1.0140827894210815
1.0070433616638184
1.0
0.9929566979408264
0.9859172701835632
0.9788848757743835
0.971860945224762
0.9648445248603821
0.9578312039375305
0.950812816619873
0.9437758326530457
0.9367016553878784
0.9295647144317627
0.9223328232765198
0.9149657487869263
0.907415509223938
0.8996250033378601
0.8915290832519531
0.8830530643463135
0.8741141557693481
0.8646206855773926
0.8544734120368958
0.8435655236244202
1.0784591436386108
1.0729767084121704
1.0678763389587402
1.0631043910980225
1.0586116313934326
1.0543522834777832
1.0502849817276
1.046372413635254
1.0425821542739868
1.0388853549957275
1.035258173942566
1.0316802263259888
1.0281352996826172
1.0246106386184692
1.0210964679718018
1.0175859928131104
1.0140750408172607
1.0105609893798828
1.0070433616638184
1.003522515296936
1.0
0.996477484703064
0.9929566979408264
0.9894390106201172
0.985925018787384
0.9824139475822449
0.9789035320281982
0.9753894209861755
0.971864640712738
0.9683197736740112
0.9647418260574341
0.9611146450042725
0.9574178457260132
0.9536275267601013
0.9497150182723999
0.9456477165222168
0.9413883686065674
0.9368956089019775
0.9321237206459045
0.9270232319831848
0.9215409159660339
1.0
1.0
1.0
1.0
1.0
1.0
1.0
1.0
1.0
1.0
1.0
1.0
1.0
1.0
1.0
1.0
1.0
1.0
1.0
1.0
1.0
1.0
1.0
1.0
1.0
1.0
1.0
1.0
1.0
1.0
1.0
1.0
1.0
1.0
1.0
1.0
1.0
1.0
1.0
1.0
1.0
0.9215409159660339
0.9270232319831848
0.9321237206459045
0.9368956089019775
0.9413883686065674
0.9456477165222168
0.9497150182723999
0.9536275267601013
0.9574178457260132
0.9611146450042725
0.9647418260574341
0.9683197736740112
0.971864640712738
0.9753894209861755
0.9789035320281982
0.9824139475822449
0.985925018787384
0.9894390106201172
0.9929566979408264
0.996477484703064
1.0
1.003522515296936
1.0070433616638184
1.0105609893798828
1.0140750408172607
1.0175859928131104
1.0210964679718018
1.0246106386184692
1.0281352996826172
1.0316802263259888
1.035258173942566
1.0388853549957275
1.0425821542739868
1.046372413635254
1.0502849817276
1.0543522834777832
1.0586116313934326
1.0631043910980225
1.0678763389587402
1.0729767084121704
1.0784591436386108
0.8435655236244202
0.8544734120368958
0.8646206855773926
0.8741141557693481
0.8830530643463135
0.8915290832519531
0.8996250033378601
0.907415509223938
0.9149657487869263
0.9223328232765198
0.9295647144317627
0.9367016553878784
0.9437758326530457
0.950812816619873
0.9578312039375305
0.9648445248603821
0.971860945224762
0.9788848757743835
0.9859172701835632
0.9929566979408264
1.0
1.0070433616638184
1.0140827894210815
1.0211151838302612
1.0281391143798828
1.0351555347442627
1.0421688556671143
1.049187183380127
1.0562241077423096
1.0632983446121216
1.0704352855682373
1.0776671171188354
1.0850342512130737
1.092584490776062
1.1003749370574951
1.1084709167480469
1.1169469356536865
1.1258858442306519
1.1353793144226074
1.1455265283584595
1.156434416770935
0.7665546536445618
0.7827743887901306
0.7978606820106506
0.8119748830795288
0.8252664804458618
0.8378735780715942
0.8499207496643066
0.8615201711654663
0.8727696537971497
0.8837544918060303
0.8945461511611938
0.9052045941352844
0.9157772064208984
0.9263015985488892
0.9368048310279846
0.947306215763092
0.9578171372413635
0.968343198299408
0.9788848757743835
0.9894390106201172
1.0
1.0105609893798828
1.0211151838302612
1.0316567420959473
1.0421829223632812
1.0526937246322632
1.0631952285766602
1.0736984014511108
1.0842227935791016
1.0947954654693604
1.1054538488388062
1.1162455081939697
1.1272304058074951
1.1384798288345337
1.1500792503356934
1.1621264219284058
1.1747335195541382
1.1880251169204712
1.2021392583847046
1.2172255516052246
1.233445405960083
0.69098299741745
0.7123428583145142
0.7322058081626892
0.7507886290550232
0.7682920098304749
0.7849013805389404
0.800783634185791
0.8160884976387024
0.8309463858604431
0.8454705476760864
0.8597554564476013
0.8738797903060913
0.887905478477478
0.9018810391426086
0.9158410429954529
0.9298094511032104
0.9437995553016663
0.9578171372413635
0.971860945224762
0.985925018787384
1.0
1.0140750408172607
1.0281391143798828
1.0421829223632812
1.0562005043029785
1.0701905488967896
1.0841588973999023
1.0981189012527466
1.112094521522522
1.1261202096939087
1.1402446031570435
1.1545294523239136
1.169053554534912
1.1839114427566528
1.199216365814209
1.2150986194610596
1.2317079305648804
1.2492114305496216
1.267794132232666
1.2876571416854858
1.3090169429779053
0.6173165440559387
0.6435860991477966
0.6680075526237488
0.6908547282218933
0.7123810648918152
0.7328203320503235
0.7523823380470276
0.7712548971176147
0.789600670337677
0.8075605034828186
0.8252509236335754
0.8427685499191284
0.8601884245872498
0.8775686025619507
0.8949496746063232
0.9123586416244507
0.9298094511032104
0.947306215763092
0.9648445248603821
0.9824139475822449
1.0
1.0175859928131104
1.0351555347442627
1.0526937246322632
1.0701905488967896
1.0876413583755493
1.1050503253936768
1.1224313974380493
1.139811635017395
1.1572314500808716
1.1747490167617798
1.1924395561218262
1.2103992700576782
1.2287451028823853
1.2476177215576172
1.2671796083450317
1.2876189947128296
1.3091453313827515
1.331992506980896
1.3564138412475586
1.3826833963394165
0.5460094809532166
0.5768972039222717
0.6056012511253357
0.6324549317359924
0.6577662229537964
0.6818186044692993
0.7048658132553101
0.7271340489387512
0.7488181591033936
0.7700856328010559
0.7910741567611694
0.8118966221809387
0.832639753818512
0.8533692955970764
0.8741298317909241
0.8949496746063232
0.9158410429954529
0.9368048310279846
0.9578312039375305
0.9789035320281982
1.0
1.0210964679718018
1.0421688556671143
1.0631952285766602
1.0841588973999023
1.1050503253936768
1.1258701086044312
1.1466307640075684
1.1673603057861328
1.1881033182144165
1.2089258432388306
1.2299143075942993
1.2511818408966064
1.272865891456604
1.29513418674469
1.3181813955307007
1.3422337770462036
1.3675451278686523
1.3943986892700195
1.423102855682373
1.4539904594421387
0.47750142216682434
0.512653112411499
0.5453044772148132
0.5758512616157532
0.604658842086792
0.6320624947547913
0.6583608984947205
0.6838189363479614
0.7086632251739502
0.7330871820449829
0.7572478652000427
0.781272828578949
0.8052579760551453
0.8292747735977173
0.8533692955970764
0.8775686025619507
0.9018810391426086
0.9263015985488892
0.950812816619873
0.9753894209861755
1.0
1.0246106386184692
1.049187183380127
1.0736984014511108
1.0981189012527466
1.1224313974380493
1.1466307640075684
1.1707252264022827
1.19474196434021
1.2187272310256958
1.2427520751953125
1.266912817955017
1.2913367748260498
1.3161810636520386
1.3416391611099243
1.367937445640564
1.395341157913208
1.424148678779602
1.4546955823898315
1.487346887588501
1.522498607635498
0.4122147560119629
0.45120900869369507
0.4874091148376465
0.5212774872779846
0.5532401204109192
0.5836867690086365
0.6129623055458069
0.6413708925247192
0.6691701412200928
0.696577787399292
0.7237685322761536
0.7508817911148071
0.7780202627182007
0.8052579760551453
0.832639753818512
0.8601884245872498
0.887905478477478
0.9157772064208984
0.9437758326530457
0.971864640712738
1.0
1.0281352996826172
1.0562241077423096
1.0842227935791016
1.112094521522522
1.139811635017395
1.1673603057861328
1.19474196434021
1.2219797372817993
1.2491182088851929
1.2762315273284912
1.303422212600708
1.3308298587799072
1.3586291074752808
1.387037754058838
1.4163132905960083
1.446759819984436
1.4787225723266602
1.5125908851623535
1.5487910509109497
1.587785243988037
0.350551962852478
0.3928970396518707
0.43218034505844116
0.46893709897994995
0.5036587119102478
0.5367923974990845
0.5687310099601746
0.5998181104660034
0.6303412318229675
0.6605404019355774
0.690605103969574
0.7206835150718689
0.7508817911148071
0.781272828578949
0.8118966221809387
0.8427685499191284
0.8738797903060913
0.9052045941352844
0.9367016553878784
0.9683197736740112
1.0
1.0316802263259888
1.0632983446121216
1.0947954654693604
1.1261202096939087
1.1572314500808716
1.1881033182144165
1.2187272310256958
1.2491182088851929
1.2793164253234863
1.3093949556350708
1.3394595384597778
1.3696588277816772
1.4001818895339966
1.4312689304351807
1.4632076025009155
1.496341347694397
1.5310629606246948
1.5678197145462036
1.6071029901504517
1.649448037147522
0.2928932309150696
0.3380185663700104
0.3798462152481079
0.4189915657043457
0.4560176432132721
0.49143320322036743
0.5256807804107666
0.5591430068016052
0.5921353697776794
0.6249175071716309
0.6576897501945496
0.690605103969574
0.7237685322761536
0.7572478652000427
0.7910741567611694
0.8252509236335754
0.8597554564476013
0.8945461511611938
0.9295647144317627
0.9647418260574341
1.0
1.035258173942566
1.0704352855682373
1.1054538488388062
1.1402446031570435
1.1747490167617798
1.2089258432388306
1.2427520751953125
1.2762315273284912
1.3093949556350708
1.3423103094100952
1.3750824928283691
1.4078645706176758
1.4408570528030396
1.4743192195892334
1.5085668563842773
1.5439823865890503
1.5810084342956543
1.620153784751892
1.661981463432312
1.7071068286895752
0.23959402740001678
0.28684374690055847
0.3305959701538086
0.37155789136886597
0.41037192940711975
0.44761335849761963
0.48377588391304016
0.519280195236206
0.5544668436050415
0.5896105170249939
0.6249175071716309
0.6605404019355774
0.696577787399292
0.7330871820449829
0.7700856328010559
0.8075605034828186
0.8454705476760864
0.8837544918060303
0.9223328232765198
0.9611146450042725
1.0
1.0388853549957275
1.0776671171188354
1.1162455081939697
1.1545294523239136
1.1924395561218262
1.2299143075942993
1.266912817955017
1.303422212600708
1.3394595384597778
1.3750824928283691
1.4103894233703613
1.4455331563949585
1.480719804763794
1.5162241458892822
1.5523866415023804
1.5896281003952026
1.6284420490264893
1.6694040298461914
1.7131562232971191
1.7604060173034668
0.19098301231861115
0.23960018157958984
0.28456467390060425
0.3266899287700653
0.3667084574699402
0.40526747703552246
0.44291260838508606
0.48010003566741943
0.5171902179718018
0.5544668436050415
0.5921353697776794
0.6303412318229675
0.6691701412200928
0.7086632251739502
0.7488181591033936
0.789600670337677
0.8309463858604431
0.8727696537971497
0.9149657487869263
0.9574178457260132
1.0
1.0425821542739868
1.0850342512130737
1.1272304058074951
1.169053554534912
1.2103992700576782
1.2511818408966064
1.2913367748260498
1.3308298587799072
1.3696588277816772
1.4078645706176758
1.4455331563949585
1.4828097820281982
1.5198999643325806
1.5570874214172363
1.5947325229644775
1.6332916021347046
1.6733100414276123
1.715435266494751
1.7603998184204102
1.8090169429779053
0.14735983312129974
0.1964719593524933
0.24182939529418945
0.2843739092350006
0.32494136691093445
0.3642567992210388
0.40291646122932434
0.4414067268371582
0.48010003566741943
0.519280195236206
0.5591430068016052
0.5998181104660034
0.6413708925247192
0.6838189363479614
0.7271340489387512
0.7712548971176147
0.8160884976387024
0.8615201711654663
0.907415509223938
0.9536275267601013
1.0
1.046372413635254
1.092584490776062
1.1384798288345337
1.1839114427566528
1.2287451028823853
1.272865891456604
1.3161810636520386
1.3586291074752808
1.4001818895339966
1.4408570528030396
1.480719804763794
1.5198999643325806
1.5585932731628418
1.597083568572998
1.6357431411743164
1.6750586032867432
1.7156261205673218
1.7581706047058105
1.803528070449829
1.852640151977539
0.10899347811937332
0.15758071839809418
0.20238161087036133
0.24449579417705536
0.2848793566226959
0.3243389427661896
0.3635158836841583
0.40291646122932434
0.44291260838508606
0.48377588391304016
0.5256807804107666
0.5687310099601746
0.6129623055458069
0.6583608984947205
0.7048658132553101
0.7523823380470276
0.800783634185791
0.8499207496643066
0.8996250033378601
0.9497150182723999
1.0
1.0502849817276
1.1003749370574951
1.1500792503356934
1.199216365814209
1.2476177215576172
1.29513418674469
1.3416391611099243
1.387037754058838
1.4312689304351807
1.4743192195892334
1.5162241458892822
1.5570874214172363
1.597083568572998
1.636484146118164
1.6756610870361328
1.7151206731796265
1.7555042505264282
1.7976183891296387
1.8424192667007446
1.8910064697265625
0.07612046599388123
0.12298082560300827
0.16611604392528534
0.20682959258556366
0.24621537327766418
0.28516116738319397
0.3243389427661896
0.3642567992210388
0.40526747703552246
0.44761335849761963
0.49143320322036743
0.5367923974990845
0.5836867690086365
0.6320624947547913
0.6818186044692993
0.7328203320503235
0.7849013805389404
0.8378735780715942
0.8915290832519531
0.9456477165222168
1.0
1.0543522834777832
1.1084709167480469
1.1621264219284058
1.2150986194610596
1.2671796083450317
1.3181813955307007
1.367937445640564
1.4163132905960083
1.4632076025009155
1.5085668563842773
1.5523866415023804
1.5947325229644775
1.6357431411743164
1.6756610870361328
1.7148388624191284
1.7537846565246582
1.79317045211792
1.8338840007781982
1.8770191669464111
1.9238795042037964
0.04894348233938217
0.0926143229007721
0.13276927173137665
0.17097139358520508
0.20847053825855255
0.24621537327766418
0.2848793566226959
0.32494136691093445
0.3667084574699402
0.41037192940711975
0.4560176432132721
0.5036587119102478
0.5532401204109192
0.604658842086792
0.6577662229537964
0.7123810648918152
0.7682920098304749
0.8252664804458618
0.8830530643463135
0.9413883686065674
1.0
1.0586116313934326
1.1169469356536865
1.1747335195541382
1.2317079305648804
1.2876189947128296
1.3422337770462036
1.395341157913208
1.446759819984436
1.496341347694397
1.5439823865890503
1.5896281003952026
1.6332916021347046
1.6750586032867432
1.7151206731796265
1.7537846565246582
1.7915294170379639
1.829028606414795
1.867230772972107
1.9073857069015503
1.9510564804077148
0.02763007953763008
0.06629171967506409
0.10187538713216782
0.13630858063697815
0.17097139358520508
0.20682959258556366
0.24449579417705536
0.2843739092350006
0.3266899287700653
0.37155789136886597
0.4189915657043457
0.46893709897994995
0.5212774872779846
0.5758512616157532
0.6324549317359924
0.6908547282218933
0.7507886290550232
0.8119748830795288
0.8741141557693481
0.9368956089019775
1.0
1.0631043910980225
1.1258858442306519
1.1880251169204712
1.2492114305496216
1.3091453313827515
1.3675451278686523
1.424148678779602
1.4787225723266602
1.5310629606246948
1.5810084342956543
1.6284420490264893
1.6733100414276123
1.7156261205673218
1.7555042505264282
1.79317045211792
1.829028606414795
1.8636914491653442
1.8981245756149292
1.9337083101272583
1.972369909286499
0.012311659753322601
0.04350198805332184
0.07260819524526596
0.10187538713216782
0.13276927173137665
0.16611604392528534
0.20238161087036133
0.24182939529418945
0.28456467390060425
0.3305959701538086
0.3798462152481079
0.43218034505844116
0.4874091148376465
0.5453044772148132
0.6056012511253357
0.6680075526237488
0.7322058081626892
0.7978606820106506
0.8646206855773926
0.9321237206459045
1.0
1.0678763389587402
1.1353793144226074
1.2021392583847046
1.267794132232666
1.331992506980896
1.3943986892700195
1.4546955823898315
1.5125908851623535
1.5678197145462036
1.620153784751892
1.6694040298461914
1.715435266494751
1.7581706047058105
1.7976183891296387
1.8338840007781982
1.867230772972107
1.8981245756149292
1.927391767501831
1.9564980268478394
1.9876883029937744
0.003082666313275695
0.023364847525954247
0.04350198805332184
0.06629171967506409
0.0926143229007721
0.12298082560300827
0.15758071839809418
0.1964719593524933
0.23960018157958984
0.28684374690055847
0.3380185663700104
0.3928970396518707
0.45120900869369507
0.512653112411499
0.5768972039222717
0.6435860991477966
0.7123428583145142
0.7827743887901306
0.8544734120368958
0.9270232319831848
1.0
1.0729767084121704
1.1455265283584595
1.2172255516052246
1.2876571416854858
1.3564138412475586
1.423102855682373
1.487346887588501
1.5487910509109497
1.6071029901504517
1.661981463432312
1.7131562232971191
1.7603998184204102
1.803528070449829
1.8424192667007446
1.8770191669464111
1.9073857069015503
1.9337083101272583
1.9564980268478394
1.9766350984573364
1.9969173669815063
0.0
0.003082666313275695
0.012311659753322601
0.02763007953763008
0.04894348233938217
0.07612046599388123
0.10899347811937332
0.14735983312129974
0.19098301231861115
0.23959402740001678
0.2928932309150696
0.350551962852478
0.4122147560119629
0.47750142216682434
0.5460094809532166
0.6173165440559387
0.69098299741745
0.7665546536445618
0.8435655236244202
0.9215409159660339
1.0
1.0784591436386108
1.156434416770935
1.233445405960083
1.3090169429779053
1.3826833963394165
1.4539904594421387
1.522498607635498
1.587785243988037
1.649448037147522
1.7071068286895752
1.7604060173034668
1.8090169429779053
1.852640151977539
1.8910064697265625
1.9238795042037964
1.9510564804077148
1.972369909286499
1.9876883029937744
1.9969173669815063
2.0
