2.0
1.9969173669815063
1.9876883029937744
1.972369909286499
1.9510564804077148
1.9238795042037964
1.8910064697265625
1.852640151977539
1.8090169429779053
1.7604060173034668
1.7071068286895752
1.649448037147522
1.587785243988037
1.522498607635498
1.4539904594421387
1.3826833963394165
1.3090169429779053
1.233445405960083
1.156434416770935
1.0784591436386108
1.0
0.9215409159660339
0.8435655236244202
0.7665546536445618
0.69098299741745
0.6173165440559387
0.5460094809532166
0.47750142216682434
0.4122147560119629
0.350551962852478
0.2928932309150696
0.23959402740001678
0.19098301231861115
0.14735983312129974
0.10899347811937332
0.07612046599388123
0.04894348233938217
0.02763007953763008
0.012311659753322601
0.003082666313275695
0.0
1.9969173669815063
1.9765644073486328
1.956382393836975
1.9335616827011108
1.9072182178497314
1.8768383264541626
1.8422309160232544
1.8033369779586792
1.7602102756500244
1.7129716873168945
1.6618049144744873
1.6069371700286865
1.5486382246017456
1.4872090816497803
1.4229816198349
1.3563107252120972
1.2875733375549316
1.2171618938446045
1.1454837322235107
1.0729552507400513
1.0
0.9270448088645935
0.8545162677764893
0.7828381061553955
0.7124267220497131
0.6436892151832581
0.5770183801651001
0.5127909779548645
0.4513618052005768
0.3930628299713135
0.3381950855255127
0.28702831268310547
0.23978975415229797
0.1966629922389984
0.1577691286802292
0.12316171079874039
0.09278175234794617
0.06643829494714737
0.04361766204237938
0.023435572162270546
0.003082666313275695
1.9876883029937744
1.956382393836975
1.9271939992904663
1.8978686332702637
1.8669342994689941
1.833560824394226
1.7972795963287354
1.757825493812561
1.715091586112976
1.669068455696106
1.619832158088684
1.5675170421600342
1.512311577796936
1.454443335533142
1.394176721572876
1.3318034410476685
1.2676403522491455
1.2020224332809448
1.1353007555007935
1.0678367614746094
1.0
0.9321632385253906
0.8646993041038513
0.7979775667190552
0.7323595881462097
0.6681964993476868
0.6058232188224792
0.5455566644668579
0.48768842220306396
0.4324829578399658
0.38016781210899353
0.33093151450157166
0.28490835428237915
0.24217450618743896
0.20272034406661987
0.16643916070461273
0.13306565582752228
0.10213132202625275
0.07280603051185608
0.04361766204237938
0.012311659753322601
1.972369909286499
1.9335616827011108
1.8978686332702637
1.8633551597595215
1.8286350965499878
1.7927380800247192
1.7550485134124756
1.7151597738265991
1.6728441715240479
1.6279860734939575
1.5805704593658447
1.5306501388549805
1.4783411026000977
1.4238038063049316
1.367241382598877
1.3088865280151367
1.2490006685256958
1.187864899635315
1.125778079032898
1.0630501508712769
1.0
0.9369497895240784
0.874221920967102
0.8121351003646851
0.7509993314743042
0.6911134719848633
0.632758617401123
0.5761961340904236
0.5216589570045471
0.4693498909473419
0.4194295406341553
0.3720138967037201
0.32715579867362976
0.2848401963710785
0.2449515163898468
0.20726189017295837
0.1713649183511734
0.13664481043815613
0.10213132202625275
0.06643829494714737
0.02763007953763008
1.9510564804077148
1.9072182178497314
1.8669342994689941
1.8286350965499878
1.7910650968551636
1.7532713413238525
1.7145769596099854
1.6745003461837769
1.6327320337295532
1.5890791416168213
1.5434541702270508
1.495842695236206
1.4462984800338745
1.3949236869812012
1.3418657779693604
1.287305235862732
1.231452465057373
1.1745392084121704
1.1168161630630493
1.0585458278656006
1.0
0.9414541721343994
0.8831838965415955
0.8254607915878296
0.7685475945472717
0.7126947641372681
0.6581341624259949
0.6050763726234436
0.5537015199661255
0.504157304763794
0.4565458297729492
0.4109208583831787
0.367267906665802
0.32549968361854553
0.2854229807853699
0.24672859907150269
0.20893487334251404
0.1713649183511734
0.13306565582752228
0.09278175234794617
0.04894348233938217
1.9238795042037964
1.8768383264541626
1.833560824394226
1.7927380800247192
1.7532713413238525
1.714268684387207
1.6750547885894775
1.6351184844970703
1.5941048860549927
1.5517696142196655
1.507972002029419
1.462645411491394
1.4157923460006714
1.3674657344818115
1.317765235900879
1.266824722290039
1.2148092985153198
1.161906361579895
1.1083227396011353
1.054277777671814
1.0
0.9457222819328308
0.8916772603988647
0.838093638420105
0.7851907014846802
0.7331753373146057
0.6822347640991211
0.6325342655181885
0.5842075943946838
0.5373546481132507
0.49202796816825867
0.44823041558265686
0.40589508414268494
0.3648814857006073
0.32494521141052246
0.2857312560081482
0.24672859907150269
0.20726189017295837
0.16643916070461273
0.12316171079874039
0.07612046599388123
1.8910064697265625
1.8422309160232544
1.7972795963287354
1.7550485134124756
1.7145769596099854
1.6750547885894775
1.635837197303772
1.5964151620864868
1.5564143657684326
1.5155612230300903
1.4736791849136353
1.4306632280349731
1.386475920677185
1.3411298990249634
1.294684648513794
1.2472339868545532
1.1989035606384277
1.1498411893844604
1.1002147197723389
1.0502042770385742
1.0
0.949795663356781
0.8997853398323059
0.8501588106155396
0.8010964393615723
0.7527660131454468
0.705315351486206
0.6588701009750366
0.6135240197181702
0.5693368315696716
0.52632075548172
0.48443883657455444
0.443585604429245
0.4035848379135132
0.364162802696228
0.32494521141052246
0.2854229807853699
0.2449515163898468
0.20272034406661987
0.1577691286802292
0.10899347811937332
1.852640151977539
1.8033369779586792
1.757825493812561
1.7151597738265991
1.6745003461837769
1.6351184844970703
1.5964151620864868
1.55790114402771
1.5192017555236816
1.48003089427948
1.4401910305023193
1.3995507955551147
1.3580433130264282
1.3156496286392212
1.272396445274353
1.228344202041626
1.183584451675415
1.1382309198379517
1.0924168825149536
1.0462881326675415
1.0
0.9537118673324585
0.9075831770896912
0.8617690801620483
0.816415548324585
0.771655797958374
0.7276034951210022
0.6843504309654236
0.6419566869735718
0.60044926404953
0.5598089694976807
0.5199691653251648
0.48079830408096313
0.44209882616996765
0.4035848379135132
0.3648814857006073
0.32549968361854553
0.2848401963710785
0.24217450618743896
0.1966629922389984
0.14735983312129974
1.8090169429779053
1.7602102756500244
1.715091586112976
1.6728441715240479
1.6327320337295532
1.5941048860549927
1.5564143657684326
1.5192017555236816
1.4821041822433472
1.444835901260376
1.4071898460388184
1.3690186738967896
1.330235242843628
1.2907968759536743
1.2507046461105347
1.2099915742874146
1.1687209606170654
1.1269770860671997
1.084863543510437
1.0424962043762207
1.0
0.9575037360191345
0.9151363968849182
0.8730229139328003
0.8312790989875793
0.7900083661079407
0.7492953538894653
0.7092031836509705
0.6697648167610168
0.6309813261032104
0.5928102135658264
0.555164098739624
0.5178958773612976
0.48079830408096313
0.443585604429245
0.40589508414268494
0.367267906665802
0.32715579867362976
0.28490835428237915
0.23978975415229797
0.19098301231861115
1.7604060173034668
1.7129716873168945
1.669068455696106
1.6279860734939575
1.5890791416168213
1.5517696142196655
1.5155612230300903
1.48003089427948
1.444835901260376
1.4096996784210205
1.3744142055511475
1.3388251066207886
1.3028322458267212
1.2663769721984863
1.229440450668335
1.1920344829559326
1.1541987657546997
1.1159937381744385
1.0774974822998047
1.0388000011444092
1.0
0.9611999988555908
0.9225025177001953
0.8840062618255615
0.8458011746406555
0.8079655766487122
0.7705594897270203
0.7336230874061584
0.697167694568634
0.6611748933792114
0.6255857944488525
0.5903002619743347
0.555164098739624
0.5199691653251648
0.48443883657455444
0.44823041558265686
0.4109208583831787
0.3720138967037201
0.33093151450157166
0.28702831268310547
0.23959402740001678
1.7071068286895752
1.6618049144744873
1.619832158088684
1.5805704593658447
1.5434541702270508
1.507972002029419
1.4736791849136353
1.4401910305023193
1.4071898460388184
1.3744142055511475
1.3416621685028076
1.3087791204452515
1.2756586074829102
1.2422313690185547
1.2084650993347168
1.174355149269104
1.139922857284546
1.1052088737487793
1.0702701807022095
1.035175085067749
1.0
0.964824914932251
0.9297298192977905
0.8947911858558655
0.8600770831108093
0.825644850730896
0.7915348410606384
0.7577686309814453
0.7243414521217346
0.6912208795547485
0.6583378314971924
0.6255857944488525
0.5928102135658264
0.5598089694976807
0.52632075548172
0.49202796816825867
0.4565458297729492
0.4194295406341553
0.38016781210899353
0.3381950855255127
0.2928932309150696
1.649448037147522
1.6069371700286865
1.5675170421600342
1.5306501388549805
1.495842695236206
1.462645411491394
1.4306632280349731
1.3995507955551147
1.3690186738967896
1.3388251066207886
1.3087791204452515
1.2787309885025024
1.2485731840133667
1.2182315587997437
1.1876646280288696
1.1568561792373657
1.1258137226104736
1.0945619344711304
1.0631409883499146
1.031601071357727
1.0
0.9683989882469177
0.9368590712547302
0.9054380655288696
0.8741862773895264
0.8431437611579895
0.8123353123664856
0.7817685008049011
0.7514268159866333
0.7212690711021423
0.6912208795547485
0.6611748933792114
0.6309813261032104
0.60044926404953
0.5693368315696716
0.5373546481132507
0.504157304763794
0.4693498909473419
0.4324829578399658
0.3930628299713135
0.350551962852478
1.587785243988037
1.5486382246017456
1.512311577796936
1.4783411026000977
1.4462984800338745
1.4157923460006714
1.386475920677185
1.3580433130264282
1.330235242843628
1.3028322458267212
1.2756586074829102
1.2485731840133667
1.221472144126892
1.1942801475524902
1.1669514179229736
1.1394617557525635
1.1118086576461792
1.0840049982070923
1.0560773611068726
1.0280615091323853
1.0
0.9719385504722595
0.9439226984977722
0.9159950017929077
0.888191282749176
0.8605382442474365
0.8330486416816711
0.8057198524475098
0.7785279154777527
0.7514268159866333
0.7243414521217346
0.697167694568634
0.6697648167610168
0.6419566869735718
0.6135240197181702
0.5842075943946838
0.5537015199661255
0.5216589570045471
0.48768842220306396
0.4513618052005768
0.4122147560119629
1.522498607635498
1.4872090816497803
1.454443335533142
1.4238038063049316
1.3949236869812012
1.3674657344818115
1.3411298990249634
1.3156496286392212
1.2907968759536743
1.2663769721984863
1.2422313690185547
1.2182315587997437
1.1942801475524902
1.1703048944473267
1.1462584733963013
1.12211275100708
1.0978586673736572
1.0735000371932983
1.049053430557251
1.024543285369873
1.0
0.975456714630127
0.950946569442749
0.9264999628067017
0.9021413922309875
0.8778871893882751
0.8537415862083435
0.8296951055526733
0.8057198524475098
0.7817685008049011
0.7577686309814453
0.7336230874061584
0.7092031836509705
0.6843504309654236
0.6588701009750366
0.6325342655181885
0.6050763726234436
0.5761961340904236
0.5455566644668579
0.5127909779548645
0.47750142216682434
1.4539904594421387
1.4229816198349
1.394176721572876
1.367241382598877
1.3418657779693604
1.317765235900879
1.294684648513794
1.272396445274353
1.2507046461105347
1.229440450668335
1.2084650993347168
1.1876646280288696
1.1669514179229736
1.1462584733963013
1.1255403757095337
1.1047680377960205
1.0839282274246216
1.0630192756652832
1.0420502424240112
1.0210367441177368
1.0
0.9789631962776184
0.9579497575759888
0.936980664730072
0.9160717725753784
0.8952319622039795
0.8744596242904663
0.8537415862083435
0.8330486416816711
0.8123353123664856
0.7915348410606384
0.7705594897270203
0.7492953538894653
0.7276034951210022
0.705315351486206
0.6822347640991211
0.6581341624259949
0.632758617401123
0.6058232188224792
0.5770183801651001
0.5460094809532166
1.3826833963394165
1.3563107252120972
1.3318034410476685
1.3088865280151367
1.287305235862732
1.266824722290039
1.2472339868545532
1.228344202041626
1.2099915742874146
1.1920344829559326
1.174355149269104
1.1568561792373657
1.1394617557525635
1.12211275100708
1.1047680377960205
1.0873997211456299
1.069993019104004
1.0525431632995605
1.0350539684295654
1.017534852027893
1.0
0.9824650883674622
0.9649460315704346
0.9474568367004395
0.9300069808959961
0.9126003384590149
0.8952319622039795
0.8778871893882751
0.8605382442474365
0.8431437611579895
0.825644850730896
0.8079655766487122
0.7900083661079407
0.771655797958374
0.7527660131454468
0.7331753373146057
0.7126947641372681
0.6911134719848633
0.6681964993476868
0.6436892151832581
0.6173165440559387
1.3090169429779053
1.2875733375549316
1.2676403522491455
1.2490006685256958
1.231452465057373
1.2148092985153198
1.1989035606384277
1.183584451675415
1.1687209606170654
1.1541987657546997
1.139922857284546
1.1258137226104736
1.1118086576461792
1.0978586673736572
1.0839282274246216
1.069993019104004
1.0560389757156372
1.0420597791671753
1.028056025505066
1.0140331983566284
1.0
0.9859668016433716
0.9719439148902893
0.9579402208328247
0.9439610242843628
0.9300069808959961
0.9160717725753784
0.9021413922309875
0.888191282749176
0.8741862773895264
0.8600770831108093
0.8458011746406555
0.8312790989875793
0.816415548324585
0.8010964393615723
0.7851907014846802
0.7685475945472717
0.7509993314743042
0.7323595881462097
0.7124267220497131
0.69098299741745
1.233445405960083
1.2171618938446045
1.2020224332809448
1.187864899635315
1.1745392084121704
1.161906361579895
1.1498411893844604
1.1382309198379517
1.1269770860671997
1.1159937381744385
1.1052088737487793
1.0945619344711304
1.0840049982070923
1.0735000371932983
1.0630192756652832
1.0525431632995605
1.0420597791671753
1.0315629243850708
1.0210518836975098
1.0105291604995728
1.0
0.989470899105072
0.978948175907135
0.9684370756149292
0.9579402208328247
0.9474568367004395
0.936980664730072
0.9264999628067017
0.9159950017929077
0.9054380655288696
0.8947911858558655
0.8840062618255615
0.8730229139328003
0.8617690801620483
0.8501588106155396
0.838093638420105
0.8254607915878296
0.8121351003646851
0.7979775667190552
0.7828381061553955
0.7665546536445618
1.156434416770935
1.1454837322235107
1.1353007555007935
1.125778079032898
1.1168161630630493
1.1083227396011353
1.1002147197723389
1.0924168825149536
1.084863543510437
1.0774974822998047
1.0702701807022095
1.0631409883499146
1.0560773611068726
1.049053430557251
1.0420502424240112
1.0350539684295654
1.028056025505066
1.0210518836975098
1.0140401124954224
1.0070217847824097
1.0
0.9929781556129456
0.9859599471092224
0.978948175907135
0.9719439148902893
0.9649460315704346
0.9579497575759888
0.950946569442749
0.9439226984977722
0.9368590712547302
0.9297298192977905
0.9225025177001953
0.9151363968849182
0.9075831770896912
0.8997853398323059
0.8916772603988647
0.8831838965415955
0.874221920967102
0.8646993041038513
0.8545162677764893
0.8435655236244202
1.0784591436386108
1.0729552507400513
1.0678367614746094
1.0630501508712769
1.0585458278656006
1.054277777671814
1.0502042770385742
1.0462881326675415
1.0424962043762207
1.0388000011444092
1.035175085067749
1.031601071357727
1.0280615091323853
1.024543285369873
1.0210367441177368
1.017534852027893
1.0140331983566284
1.0105291604995728
1.0070217847824097
1.003511667251587
1.0
0.9964882731437683
0.9929781556129456
0.989470899105072
0.9859668016433716
0.9824650883674622
0.9789631962776184
0.975456714630127
0.9719385504722595
0.9683989882469177
0.964824914932251
0.9611999988555908
0.9575037360191345
0.9537118673324585
0.949795663356781
0.9457222819328308
0.9414541721343994
0.9369497895240784
0.9321632385253906
0.9270448088645935
0.9215409159660339
1.0
1.0
1.0
1.0
1.0
1.0
1.0
1.0
1.0
1.0
1.0
1.0
1.0
1.0
1.0
1.0
1.0
1.0
1.0
1.0
1.0
1.0
1.0
1.0
1.0
1.0
1.0
1.0
1.0
1.0
1.0
1.0
1.0
1.0
1.0
1.0
1.0
1.0
1.0
1.0
1.0
0.9215409159660339
0.9270448088645935
0.9321632385253906
0.9369497895240784
0.9414541721343994
0.9457222819328308
0.949795663356781
0.9537118673324585
0.9575037360191345
0.9611999988555908
0.964824914932251
0.9683989882469177
0.9719385504722595
0.975456714630127
0.9789631962776184
0.9824650883674622
0.9859668016433716
0.989470899105072
0.9929781556129456
0.9964882731437683
1.0
1.003511667251587
1.0070217847824097
1.0105291604995728
1.0140331983566284
1.017534852027893
1.0210367441177368
1.024543285369873
1.0280615091323853
1.031601071357727
1.035175085067749
1.0388000011444092
1.0424962043762207
1.0462881326675415
1.0502042770385742
1.054277777671814
1.0585458278656006
1.0630501508712769
1.0678367614746094
1.0729552507400513
1.0784591436386108
0.8435655236244202
0.8545162677764893
0.8646993041038513
0.874221920967102
0.8831838965415955
0.8916772603988647
0.8997853398323059
0.9075831770896912
0.9151363968849182
0.9225025177001953
0.9297298192977905
0.9368590712547302
0.9439226984977722
0.950946569442749
0.9579497575759888
0.9649460315704346
0.9719439148902893
0.978948175907135
0.9859599471092224
0.9929781556129456
1.0
1.0070217847824097
1.0140401124954224
1.0210518836975098
1.028056025505066
1.0350539684295654
1.0420502424240112
1.049053430557251
1.0560773611068726
1.0631409883499146
1.0702701807022095
1.0774974822998047
1.084863543510437
1.0924168825149536
1.1002147197723389
1.1083227396011353
1.1168161630630493
1.125778079032898
1.1353007555007935
1.1454837322235107
1.156434416770935
0.7665546536445618
0.7828381061553955
0.7979775667190552
0.8121351003646851
0.8254607915878296
0.838093638420105
0.8501588106155396
0.8617690801620483
0.8730229139328003
0.8840062618255615
0.8947911858558655
0.9054380655288696
0.9159950017929077
0.9264999628067017
0.936980664730072
0.9474568367004395
0.9579402208328247
0.9684370756149292
0.978948175907135
0.989470899105072
1.0
1.0105291604995728
1.0210518836975098
1.0315629243850708
1.0420597791671753
1.0525431632995605
1.0630192756652832
1.0735000371932983
1.0840049982070923
1.0945619344711304
1.1052088737487793
1.1159937381744385
1.1269770860671997
1.1382309198379517
1.1498411893844604
1.161906361579895
1.1745392084121704
1.187864899635315
1.2020224332809448
1.2171618938446045
1.233445405960083
0.69098299741745
0.7124267220497131
0.7323595881462097
0.7509993314743042
0.7685475945472717
0.7851907014846802
0.8010964393615723
0.816415548324585
0.8312790989875793
0.8458011746406555
0.8600770831108093
0.8741862773895264
0.888191282749176
0.9021413922309875
0.9160717725753784
0.9300069808959961
0.9439610242843628
0.9579402208328247
0.9719439148902893
0.9859668016433716
1.0
1.0140331983566284
1.028056025505066
1.0420597791671753
1.0560389757156372
1.069993019104004
1.0839282274246216
1.0978586673736572
1.1118086576461792
1.1258137226104736
1.139922857284546
1.1541987657546997
1.1687209606170654
1.183584451675415
1.1989035606384277
1.2148092985153198
1.231452465057373
1.2490006685256958
1.2676403522491455
1.2875733375549316
1.3090169429779053
0.6173165440559387
0.6436892151832581
0.6681964993476868
0.6911134719848633
0.7126947641372681
0.7331753373146057
0.7527660131454468
0.771655797958374
0.7900083661079407
0.8079655766487122
0.825644850730896
0.8431437611579895
0.8605382442474365
0.8778871893882751
0.8952319622039795
0.9126003384590149
0.9300069808959961
0.9474568367004395
0.9649460315704346
0.9824650883674622
1.0
1.017534852027893
1.0350539684295654
1.0525431632995605
1.069993019104004
1.0873997211456299
1.1047680377960205
1.12211275100708
1.1394617557525635
1.1568561792373657
1.174355149269104
1.1920344829559326
1.2099915742874146
1.228344202041626
1.2472339868545532
1.266824722290039
1.287305235862732
1.3088865280151367
1.3318034410476685
1.3563107252120972
1.3826833963394165
0.5460094809532166
0.5770183801651001
0.6058232188224792
0.632758617401123
0.6581341624259949
0.6822347640991211
0.705315351486206
0.7276034951210022
0.7492953538894653
0.7705594897270203
0.7915348410606384
0.8123353123664856
0.8330486416816711
0.8537415862083435
0.8744596242904663
0.8952319622039795
0.9160717725753784
0.936980664730072
0.9579497575759888
0.9789631962776184
1.0
1.0210367441177368
1.0420502424240112
1.0630192756652832
1.0839282274246216
1.1047680377960205
1.1255403757095337
1.1462584733963013
1.1669514179229736
1.1876646280288696
1.2084650993347168
1.229440450668335
1.2507046461105347
1.272396445274353
1.294684648513794
1.317765235900879
1.3418657779693604
1.367241382598877
1.394176721572876
1.4229816198349
1.4539904594421387
0.47750142216682434
0.5127909779548645
0.5455566644668579
0.5761961340904236
0.6050763726234436
0.6325342655181885
0.6588701009750366
0.6843504309654236
0.7092031836509705
0.7336230874061584
0.7577686309814453
0.7817685008049011
0.8057198524475098
0.8296951055526733
0.8537415862083435
0.8778871893882751
0.9021413922309875
0.9264999628067017
0.950946569442749
0.975456714630127
1.0
1.024543285369873
1.049053430557251
1.0735000371932983
1.0978586673736572
1.12211275100708
1.1462584733963013
1.1703048944473267
1.1942801475524902
1.2182315587997437
1.2422313690185547
1.2663769721984863
1.2907968759536743
1.3156496286392212
1.3411298990249634
1.3674657344818115
1.3949236869812012
1.4238038063049316
1.454443335533142
1.4872090816497803
1.522498607635498
0.4122147560119629
0.4513618052005768
0.48768842220306396
0.5216589570045471
0.5537015199661255
0.5842075943946838
0.6135240197181702
0.6419566869735718
0.6697648167610168
0.697167694568634
0.7243414521217346
0.7514268159866333
0.7785279154777527
0.8057198524475098
0.8330486416816711
0.8605382442474365
0.888191282749176
0.9159950017929077
0.9439226984977722
0.9719385504722595
1.0
1.0280615091323853
1.0560773611068726
1.0840049982070923
1.1118086576461792
1.1394617557525635
1.1669514179229736
1.1942801475524902
1.221472144126892
1.2485731840133667
1.2756586074829102
1.3028322458267212
1.330235242843628
1.3580433130264282
1.386475920677185
1.4157923460006714
1.4462984800338745
1.4783411026000977
1.512311577796936
1.5486382246017456
1.587785243988037
0.350551962852478
0.3930628299713135
0.4324829578399658
0.4693498909473419
0.504157304763794
0.5373546481132507
0.5693368315696716
0.60044926404953
0.6309813261032104
0.6611748933792114
0.6912208795547485
0.7212690711021423
0.7514268159866333
0.7817685008049011
0.8123353123664856
0.8431437611579895
0.8741862773895264
0.9054380655288696
0.9368590712547302
0.9683989882469177
1.0
1.031601071357727
1.0631409883499146
1.0945619344711304
1.1258137226104736
1.1568561792373657
1.1876646280288696
1.2182315587997437
1.2485731840133667
1.2787309885025024
1.3087791204452515
1.3388251066207886
1.3690186738967896
1.3995507955551147
1.4306632280349731
1.462645411491394
1.495842695236206
1.5306501388549805
1.5675170421600342
1.6069371700286865
1.649448037147522
0.2928932309150696
0.3381950855255127
0.38016781210899353
0.4194295406341553
0.4565458297729492
0.49202796816825867
0.52632075548172
0.5598089694976807
0.5928102135658264
0.6255857944488525
0.6583378314971924
0.6912208795547485
0.7243414521217346
0.7577686309814453
0.7915348410606384
0.825644850730896
0.8600770831108093
0.8947911858558655
0.9297298192977905
0.964824914932251
1.0
1.035175085067749
1.0702701807022095
1.1052088737487793
1.139922857284546
1.174355149269104
1.2084650993347168
1.2422313690185547
1.2756586074829102
1.3087791204452515
1.3416621685028076
1.3744142055511475
1.4071898460388184
1.4401910305023193
1.4736791849136353
1.507972002029419
1.5434541702270508
1.5805704593658447
1.619832158088684
1.6618049144744873
1.7071068286895752
0.23959402740001678
0.28702831268310547
0.33093151450157166
0.3720138967037201
0.4109208583831787
0.44823041558265686
0.48443883657455444
0.5199691653251648
0.555164098739624
0.5903002619743347
0.6255857944488525
0.6611748933792114
0.697167694568634
0.7336230874061584
0.7705594897270203
0.8079655766487122
0.8458011746406555
0.8840062618255615
0.9225025177001953
0.9611999988555908
1.0
1.0388000011444092
1.0774974822998047
1.1159937381744385
1.1541987657546997
1.1920344829559326
1.229440450668335
1.2663769721984863
1.3028322458267212
1.3388251066207886
1.3744142055511475
1.4096996784210205
1.444835901260376
1.48003089427948
1.5155612230300903
1.5517696142196655
1.5890791416168213
1.6279860734939575
1.669068455696106
1.7129716873168945
1.7604060173034668
0.19098301231861115
0.23978975415229797
0.28490835428237915
0.32715579867362976
0.367267906665802
0.40589508414268494
0.443585604429245
0.48079830408096313
0.5178958773612976
0.555164098739624
0.5928102135658264
0.6309813261032104
0.6697648167610168
0.7092031836509705
0.7492953538894653
0.7900083661079407
0.8312790989875793
0.8730229139328003
0.9151363968849182
0.9575037360191345
1.0
1.0424962043762207
1.084863543510437
1.1269770860671997
1.1687209606170654
1.2099915742874146
1.2507046461105347
1.2907968759536743
1.330235242843628
1.3690186738967896
1.4071898460388184
1.444835901260376
1.4821041822433472
1.5192017555236816
1.5564143657684326
1.5941048860549927
1.6327320337295532
1.6728441715240479
1.715091586112976
1.7602102756500244
1.8090169429779053
0.14735983312129974
0.1966629922389984
0.24217450618743896
0.2848401963710785
0.32549968361854553
0.3648814857006073
0.4035848379135132
0.44209882616996765
0.48079830408096313
0.5199691653251648
0.5598089694976807
0.60044926404953
0.6419566869735718
0.6843504309654236
0.7276034951210022
0.771655797958374
0.816415548324585
0.8617690801620483
0.9075831770896912
0.9537118673324585
1.0
1.0462881326675415
1.0924168825149536
1.1382309198379517
1.183584451675415
1.228344202041626
1.272396445274353
1.3156496286392212
1.3580433130264282
1.3995507955551147
1.4401910305023193
1.48003089427948
1.5192017555236816
1.55790114402771
1.5964151620864868
1.6351184844970703
1.6745003461837769
1.7151597738265991
1.757825493812561
1.8033369779586792
1.852640151977539
0.10899347811937332
0.1577691286802292
0.20272034406661987
0.2449515163898468
0.2854229807853699
0.32494521141052246
0.364162802696228
0.4035848379135132
0.443585604429245
0.48443883657455444
0.52632075548172
0.5693368315696716
0.6135240197181702
0.6588701009750366
0.705315351486206
0.7527660131454468
0.8010964393615723
0.8501588106155396
0.8997853398323059
0.949795663356781
1.0
1.0502042770385742
1.1002147197723389
1.1498411893844604
1.1989035606384277
1.2472339868545532
1.294684648513794
1.3411298990249634
1.386475920677185
1.4306632280349731
1.4736791849136353
1.5155612230300903
1.5564143657684326
1.5964151620864868
1.635837197303772
1.6750547885894775
1.7145769596099854
1.7550485134124756
1.7972795963287354
1.8422309160232544
1.8910064697265625
0.07612046599388123
0.12316171079874039
0.16643916070461273
0.20726189017295837
0.24672859907150269
0.2857312560081482
0.32494521141052246
0.3648814857006073
0.40589508414268494
0.44823041558265686
0.49202796816825867
0.5373546481132507
0.5842075943946838
0.6325342655181885
0.6822347640991211
0.7331753373146057
0.7851907014846802
0.838093638420105
0.8916772603988647
0.9457222819328308
1.0
1.054277777671814
1.1083227396011353
1.161906361579895
1.2148092985153198
1.266824722290039
1.317765235900879
1.3674657344818115
1.4157923460006714
1.462645411491394
1.507972002029419
1.5517696142196655
1.5941048860549927
1.6351184844970703
1.6750547885894775
1.714268684387207
1.7532713413238525
1.7927380800247192
1.833560824394226
1.8768383264541626
1.9238795042037964
0.04894348233938217
0.09278175234794617
0.13306565582752228
0.1713649183511734
0.20893487334251404
0.24672859907150269
0.2854229807853699
0.32549968361854553
0.367267906665802
0.4109208583831787
0.4565458297729492
0.504157304763794
0.5537015199661255
0.6050763726234436
0.6581341624259949
0.7126947641372681
0.7685475945472717
0.8254607915878296
0.8831838965415955
0.9414541721343994
1.0
1.0585458278656006
1.1168161630630493
1.1745392084121704
1.231452465057373
1.287305235862732
1.3418657779693604
1.3949236869812012
1.4462984800338745
1.495842695236206
1.5434541702270508
1.5890791416168213
1.6327320337295532
1.6745003461837769
1.7145769596099854
1.7532713413238525
1.7910650968551636
1.8286350965499878
1.8669342994689941
1.9072182178497314
1.9510564804077148
0.02763007953763008
0.06643829494714737
0.10213132202625275
0.13664481043815613
0.1713649183511734
0.20726189017295837
0.2449515163898468
0.2848401963710785
0.32715579867362976
0.3720138967037201
0.4194295406341553
0.4693498909473419
0.5216589570045471
0.5761961340904236
0.632758617401123
0.6911134719848633
0.7509993314743042
0.8121351003646851
0.874221920967102
0.9369497895240784
1.0
1.0630501508712769
1.125778079032898
1.187864899635315
1.2490006685256958
1.3088865280151367
1.367241382598877
1.4238038063049316
1.4783411026000977
1.5306501388549805
1.5805704593658447
1.6279860734939575
1.6728441715240479
1.7151597738265991
1.7550485134124756
1.7927380800247192
1.8286350965499878
1.8633551597595215
1.8978686332702637
1.9335616827011108
1.972369909286499
0.012311659753322601
0.04361766204237938
0.07280603051185608
0.10213132202625275
0.13306565582752228
0.16643916070461273
0.20272034406661987
0.24217450618743896
0.28490835428237915
0.33093151450157166
0.38016781210899353
0.4324829578399658
0.48768842220306396
0.5455566644668579
0.6058232188224792
0.6681964993476868
0.7323595881462097
0.7979775667190552
0.8646993041038513
0.9321632385253906
1.0
1.0678367614746094
1.1353007555007935
1.2020224332809448
1.2676403522491455
1.3318034410476685
1.394176721572876
1.454443335533142
1.512311577796936
1.5675170421600342
1.619832158088684
1.669068455696106
1.715091586112976
1.757825493812561
1.7972795963287354
1.833560824394226
1.8669342994689941
1.8978686332702637
1.9271939992904663
1.956382393836975
1.9876883029937744
0.003082666313275695
0.023435572162270546
0.04361766204237938
0.06643829494714737
0.09278175234794617
0.12316171079874039
0.1577691286802292
0.1966629922389984
0.23978975415229797
0.28702831268310547
0.3381950855255127
0.3930628299713135
0.4513618052005768
0.5127909779548645
0.5770183801651001
0.6436892151832581
0.7124267220497131
0.7828381061553955
0.8545162677764893
0.9270448088645935
1.0
1.0729552507400513
1.1454837322235107
1.2171618938446045
1.2875733375549316
1.3563107252120972
1.4229816198349
1.4872090816497803
1.5486382246017456
1.6069371700286865
1.6618049144744873
1.7129716873168945
1.7602102756500244
1.8033369779586792
1.8422309160232544
1.8768383264541626
1.9072182178497314
1.9335616827011108
1.956382393836975
1.9765644073486328
1.9969173669815063
0.0
0.003082666313275695
0.012311659753322601
0.02763007953763008
0.04894348233938217
0.07612046599388123
0.10899347811937332
0.14735983312129974
0.19098301231861115
0.23959402740001678
0.2928932309150696
0.350551962852478
0.4122147560119629
0.47750142216682434
0.5460094809532166
0.6173165440559387
0.69098299741745
0.7665546536445618
0.8435655236244202
0.9215409159660339
1.0
1.0784591436386108
1.156434416770935
1.233445405960083
1.3090169429779053
1.3826833963394165
1.4539904594421387
1.522498607635498
1.587785243988037
1.649448037147522
1.7071068286895752
1.7604060173034668
1.8090169429779053
1.852640151977539
1.8910064697265625
1.9238795042037964
1.9510564804077148
1.972369909286499
1.9876883029937744
1.9969173669815063
2.0
