2.0
1.9969173669815063
1.9876883029937744
1.972369909286499
1.9510564804077148
1.9238795042037964
1.8910064697265625
1.852640151977539
1.8090169429779053
1.7604060173034668
1.7071068286895752
1.649448037147522
1.587785243988037
1.522498607635498
1.4539904594421387
1.3826833963394165
1.3090169429779053
1.233445405960083
1.156434416770935
1.0784591436386108
1.0
0.9215409159660339
0.8435655236244202
0.7665546536445618
0.69098299741745
0.6173165440559387
0.5460094809532166
0.47750142216682434
0.4122147560119629
0.350551962852478
0.2928932309150696
0.23959402740001678
0.19098301231861115
0.14735983312129974
0.10899347811937332
0.07612046599388123
0.04894348233938217
0.02763007953763008
0.012311659753322601
0.003082666313275695
0.0
1.9969173669815063
1.9765477180480957
1.9563549757003784
1.9335271120071411
1.9071786403656006
1.8767955303192139
1.8421863317489624
1.803291916847229
1.7601654529571533
1.712928056716919
1.6617631912231445
1.6068979501724243
1.5486021041870117
1.4871764183044434
1.4229530096054077
1.3562864065170288
1.2875534296035767
1.217146873474121
1.145473599433899
1.0729501247406006
1.0
0.9270498752593994
0.8545264005661011
0.7828531265258789
0.7124465107917786
0.6437135934829712
0.5770469903945923
0.5128235220909119
0.45139792561531067
0.3931020200252533
0.3382367789745331
0.28707191348075867
0.23983453214168549
0.19670814275741577
0.1578136384487152
0.12320444732904434
0.09282131493091583
0.06647292524576187
0.043644994497299194
0.023452283814549446
0.003082666313275695
1.9876883029937744
1.9563549757003784
1.9271472692489624
1.8978081941604614
1.8668643236160278
1.8334845304489136
1.7971996068954468
1.7577439546585083
1.715010404586792
1.6689891815185547
1.6197562217712402
1.5674455165863037
1.512245535850525
1.4543837308883667
1.3941243886947632
1.3317588567733765
1.267604112625122
1.201994776725769
1.1352821588516235
1.0678274631500244
1.0
0.9321725368499756
0.8647178411483765
0.7980051636695862
0.7323959469795227
0.6682411432266235
0.6058756709098816
0.5456162691116333
0.4877544045448303
0.4325544536113739
0.38024377822875977
0.3310107886791229
0.2849895656108856
0.2422560453414917
0.20280037820339203
0.16651551425457
0.13313569128513336
0.10219179838895798
0.07285277545452118
0.043644994497299194
0.012311659753322601
1.972369909286499
1.9335271120071411
1.8978081941604614
1.8632757663726807
1.8285421133041382
1.7926359176635742
1.7549407482147217
1.7150496244430542
1.6727341413497925
1.6278783082962036
1.5804669857025146
1.530552625656128
1.4782508611679077
1.4237223863601685
1.3671696186065674
1.3088253736495972
1.2489508390426636
1.1878271102905273
1.125752568244934
1.063037395477295
1.0
0.9369626045227051
0.8742474317550659
0.8121728897094727
0.7510491013526917
0.6911746263504028
0.6328303813934326
0.5762776136398315
0.5217490792274475
0.46944743394851685
0.41953301429748535
0.3721216320991516
0.3272658884525299
0.2849503755569458
0.24505919218063354
0.207364022731781
0.171457901597023
0.13672426342964172
0.10219179838895798
0.06647292524576187
0.02763007953763008
1.9510564804077148
1.9071786403656006
1.8668643236160278
1.8285421133041382
1.7909554243087769
1.7531501054763794
1.7144485712051392
1.6743683815002441
1.6325998306274414
1.58894944190979
1.5433293581008911
1.4957249164581299
1.446189522743225
1.3948249816894531
1.3417788743972778
1.2872310876846313
1.2313920259475708
1.1744933128356934
1.1167851686477661
1.058530330657959
1.0
0.941469669342041
0.8832147717475891
0.8255067467689514
0.7686079740524292
0.7127689123153687
0.6582211256027222
0.6051750183105469
0.5538105368614197
0.5042751431465149
0.4566706418991089
0.41105055809020996
0.3674001097679138
0.32563161849975586
0.28555142879486084
0.24684986472129822
0.20904459059238434
0.171457901597023
0.13313569128513336
0.09282131493091583
0.04894348233938217
1.9238795042037964
1.8767955303192139
1.8334845304489136
1.7926359176635742
1.7531501054763794
1.7141339778900146
1.6749114990234375
1.6349709033966064
1.5939565896987915
1.551623821258545
1.5078314542770386
1.462512493133545
1.415669322013855
1.3673542737960815
1.3176668882369995
1.2667407989501953
1.2147408723831177
1.1618543863296509
1.1082876920700073
1.0542601346969604
1.0
0.9457398653030396
0.8917122483253479
0.8381456732749939
0.7852590680122375
0.7332592010498047
0.6823330521583557
0.6326457262039185
0.584330677986145
0.5374874472618103
0.49216848611831665
0.44837620854377747
0.4060433506965637
0.36502906680107117
0.3250884711742401
0.2858659625053406
0.24684986472129822
0.207364022731781
0.16651551425457
0.12320444732904434
0.07612046599388123
1.8910064697265625
1.8421863317489624
1.7971996068954468
1.7549407482147217
1.7144485712051392
1.6749114990234375
1.6356843709945679
1.596257209777832
1.5562553405761719
1.5154045820236206
1.4735280275344849
1.4305200576782227
1.386343240737915
1.341009497642517
1.2945784330368042
1.2471433877944946
1.1988296508789062
1.1497849225997925
1.1001768112182617
1.050185203552246
1.0
0.9498147368431091
0.8998231887817383
0.8502150774002075
0.8011703491210938
0.7528566718101501
0.7054215669631958
0.6589904427528381
0.613656759262085
0.5694799423217773
0.5264719724655151
0.48459547758102417
0.44374462962150574
0.4037427604198456
0.3643156588077545
0.3250884711742401
0.28555142879486084
0.24505919218063354
0.20280037820339203
0.1578136384487152
0.10899347811937332
1.852640151977539
1.803291916847229
1.7577439546585083
1.7150496244430542
1.6743683815002441
1.6349709033966064
1.596257209777832
1.5577375888824463
1.5190367698669434
1.4798680543899536
1.4400336742401123
1.3994016647338867
1.3579049110412598
1.3155239820480347
1.2722855806350708
1.2282495498657227
1.1835072040557861
1.1381721496582031
1.0923771858215332
1.0462682247161865
1.0
0.9537318348884583
0.907622754573822
0.8618279099464417
0.8164927959442139
0.7717505097389221
0.7277144193649292
0.6844760179519653
0.642095148563385
0.6005983948707581
0.5599663853645325
0.5201319456100464
0.4809632897377014
0.44226235151290894
0.4037427604198456
0.36502906680107117
0.32563161849975586
0.2849503755569458
0.2422560453414917
0.19670814275741577
0.14735983312129974
1.8090169429779053
1.7601654529571533
1.715010404586792
1.6727341413497925
1.6325998306274414
1.5939565896987915
1.5562553405761719
1.5190367698669434
1.4819374084472656
1.4446711540222168
1.4070303440093994
1.3688673973083496
1.3300946950912476
1.290669322013855
1.2505918741226196
1.2098952531814575
1.168642282485962
1.1269172430038452
1.0848232507705688
1.042475938796997
1.0
0.9575240015983582
0.9151767492294312
0.8730827569961548
0.8313576579093933
0.7901046872138977
0.7494080662727356
0.7093307375907898
0.6699053049087524
0.6311326026916504
0.5929696559906006
0.5553288459777832
0.5180625915527344
0.4809632897377014
0.44374462962150574
0.4060433506965637
0.3674001097679138
0.3272658884525299
0.2849895656108856
0.23983453214168549
0.19098301231861115
1.7604060173034668
1.712928056716919
1.6689891815185547
1.6278783082962036
1.58894944190979
1.551623821258545
1.5154045820236206
1.4798680543899536
1.4446711540222168
1.4095367193222046
1.3742562532424927
1.3386751413345337
1.3026928901672363
1.2662502527236938
1.2293285131454468
1.1919387578964233
1.154120683670044
1.1159342527389526
1.0774574279785156
1.038779854774475
1.0
0.9612201452255249
0.9225426316261292
0.8840657472610474
0.845879316329956
0.8080612421035767
0.7706714868545532
0.7337496876716614
0.6973070502281189
0.6613248586654663
0.6257437467575073
0.5904632806777954
0.5553288459777832
0.5201319456100464
0.48459547758102417
0.44837620854377747
0.41105055809020996
0.3721216320991516
0.3310107886791229
0.28707191348075867
0.23959402740001678
1.7071068286895752
1.6617631912231445
1.6197562217712402
1.5804669857025146
1.5433293581008911
1.5078314542770386
1.4735280275344849
1.4400336742401123
1.4070303440093994
1.3742562532424927
1.3415091037750244
1.30863356590271
1.2755231857299805
1.2421083450317383
1.208356261253357
1.1742620468139648
1.139846920967102
1.1051509380340576
1.0702310800552368
1.0351554155349731
1.0
0.9648445844650269
0.9297688603401184
0.8948490619659424
0.860153079032898
0.8257379531860352
0.7916437387466431
0.7578917145729065
0.7244768142700195
0.6913663744926453
0.6584909558296204
0.6257437467575073
0.5929696559906006
0.5599663853645325
0.5264719724655151
0.49216848611831665
0.4566706418991089
0.41953301429748535
0.38024377822875977
0.3382367789745331
0.2928932309150696
1.649448037147522
1.6068979501724243
1.5674455165863037
1.530552625656128
1.4957249164581299
1.462512493133545
1.4305200576782227
1.3994016647338867
1.3688673973083496
1.3386751413345337
1.30863356590271
1.278592586517334
1.2484444379806519
1.2181143760681152
1.18756103515625
1.1567676067352295
1.1257413625717163
1.0945067405700684
1.0631037950515747
1.0315823554992676
1.0
0.9684177041053772
0.9368962645530701
0.9054932594299316
0.8742586970329285
0.8432324528694153
0.81243896484375
0.7818856239318848
0.7515556216239929
0.721407413482666
0.6913663744926453
0.6613248586654663
0.6311326026916504
0.6005983948707581
0.5694799423217773
0.5374874472618103
0.5042751431465149
0.46944743394851685
0.4325544536113739
0.3931020200252533
0.350551962852478
1.587785243988037
1.5486021041870117
1.512245535850525
1.4782508611679077
1.446189522743225
1.415669322013855
1.386343240737915
1.3579049110412598
1.3300946950912476
1.3026928901672363
1.2755231857299805
1.2484444379806519
1.2213521003723145
1.1941710710525513
1.166854739189148
1.1393791437149048
1.1117411851882935
1.0839534997940063
1.0560426712036133
1.0280439853668213
1.0
0.9719560146331787
0.9439573884010315
0.9160465002059937
0.8882588148117065
0.86062091588974
0.833145260810852
0.8058289885520935
0.7786478400230408
0.7515556216239929
0.7244768142700195
0.6973070502281189
0.6699053049087524
0.642095148563385
0.613656759262085
0.584330677986145
0.5538105368614197
0.5217490792274475
0.4877544045448303
0.45139792561531067
0.4122147560119629
1.522498607635498
1.4871764183044434
1.4543837308883667
1.4237223863601685
1.3948249816894531
1.3673542737960815
1.341009497642517
1.3155239820480347
1.290669322013855
1.2662502527236938
1.2421083450317383
1.2181143760681152
1.1941710710525513
1.1702055931091309
1.1461704969406128
1.1220375299453735
1.097797155380249
1.0734531879425049
1.04902184009552
1.0245273113250732
1.0
0.975472629070282
0.95097815990448
0.9265468716621399
0.9022029042243958
0.8779624700546265
0.8538295030593872
0.8297944664955139
0.8058289885520935
0.7818856239318848
0.7578917145729065
0.7337496876716614
0.7093307375907898
0.6844760179519653
0.6589904427528381
0.6326457262039185
0.6051750183105469
0.5762776136398315
0.5456162691116333
0.5128235220909119
0.47750142216682434
1.4539904594421387
1.4229530096054077
1.3941243886947632
1.3671696186065674
1.3417788743972778
1.3176668882369995
1.2945784330368042
1.2722855806350708
1.2505918741226196
1.2293285131454468
1.208356261253357
1.18756103515625
1.166854739189148
1.1461704969406128
1.1254624128341675
1.1047013998031616
1.0838737487792969
1.0629777908325195
1.0420222282409668
1.0210226774215698
1.0
0.9789773225784302
0.9579777717590332
0.9370222091674805
0.9161262512207031
0.8952986598014832
0.8745375275611877
0.8538295030593872
0.833145260810852
0.81243896484375
0.7916437387466431
0.7706714868545532
0.7494080662727356
0.7277144193649292
0.7054215669631958
0.6823330521583557
0.6582211256027222
0.6328303813934326
0.6058756709098816
0.5770469903945923
0.5460094809532166
1.3826833963394165
1.3562864065170288
1.3317588567733765
1.3088253736495972
1.2872310876846313
1.2667407989501953
1.2471433877944946
1.2282495498657227
1.2098952531814575
1.1919387578964233
1.1742620468139648
1.1567676067352295
1.1393791437149048
1.1220375299453735
1.1047013998031616
1.0873425006866455
1.0699464082717896
1.0525076389312744
1.0350300073623657
1.0175228118896484
1.0
0.9824771881103516
0.964970052242279
0.9474924206733704
0.9300536513328552
0.9126574397087097
0.8952986598014832
0.8779624700546265
0.86062091588974
0.8432324528694153
0.8257379531860352
0.8080612421035767
0.7901046872138977
0.7717505097389221
0.7528566718101501
0.7332592010498047
0.7127689123153687
0.6911746263504028
0.6682411432266235
0.6437135934829712
0.6173165440559387
1.3090169429779053
1.2875534296035767
1.267604112625122
1.2489508390426636
1.2313920259475708
1.2147408723831177
1.1988296508789062
1.1835072040557861
1.168642282485962
1.154120683670044
1.139846920967102
1.1257413625717163
1.1117411851882935
1.097797155380249
1.0838737487792969
1.0699464082717896
1.056000828742981
1.042030692100525
1.0280364751815796
1.0140233039855957
1.0
0.9859766960144043
0.9719635844230652
0.9579693675041199
0.943999171257019
0.9300536513328552
0.9161262512207031
0.9022029042243958
0.8882588148117065
0.8742586970329285
0.860153079032898
0.845879316329956
0.8313576579093933
0.8164927959442139
0.8011703491210938
0.7852590680122375
0.7686079740524292
0.7510491013526917
0.7323959469795227
0.7124465107917786
0.69098299741745
1.233445405960083
1.217146873474121
1.201994776725769
1.1878271102905273
1.1744933128356934
1.1618543863296509
1.1497849225997925
1.1381721496582031
1.1269172430038452
1.1159342527389526
1.1051509380340576
1.0945067405700684
1.0839534997940063
1.0734531879425049
1.0629777908325195
1.0525076389312744
1.042030692100525
1.0315407514572144
1.0210368633270264
1.0105215311050415
1.0
0.9894784092903137
0.9789631366729736
0.9684592485427856
0.9579693675041199
0.9474924206733704
0.9370222091674805
0.9265468716621399
0.9160465002059937
0.9054932594299316
0.8948490619659424
0.8840657472610474
0.8730827569961548
0.8618279099464417
0.8502150774002075
0.8381456732749939
0.8255067467689514
0.8121728897094727
0.7980051636695862
0.7828531265258789
0.7665546536445618
1.156434416770935
1.145473599433899
1.1352821588516235
1.125752568244934
1.1167851686477661
1.1082876920700073
1.1001768112182617
1.0923771858215332
1.0848232507705688
1.0774574279785156
1.0702310800552368
1.0631037950515747
1.0560426712036133
1.04902184009552
1.0420222282409668
1.0350300073623657
1.0280364751815796
1.0210368633270264
1.0140299797058105
1.0070167779922485
1.0
0.9929832220077515
0.9859700202941895
0.9789631366729736
0.9719635844230652
0.964970052242279
0.9579777717590332
0.95097815990448
0.9439573884010315
0.9368962645530701
0.9297688603401184
0.9225426316261292
0.9151767492294312
0.907622754573822
0.8998231887817383
0.8917122483253479
0.8832147717475891
0.8742474317550659
0.8647178411483765
0.8545264005661011
0.8435655236244202
1.0784591436386108
1.0729501247406006
1.0678274631500244
1.063037395477295
1.058530330657959
1.0542601346969604
1.050185203552246
1.0462682247161865
1.042475938796997
1.038779854774475
1.0351554155349731
1.0315823554992676
1.0280439853668213
1.0245273113250732
1.0210226774215698
1.0175228118896484
1.0140233039855957
1.0105215311050415
1.0070167779922485
1.0035091638565063
1.0
0.9964908361434937
0.9929832220077515
0.9894784092903137
0.9859766960144043
0.9824771881103516
0.9789773225784302
0.975472629070282
0.9719560146331787
0.9684177041053772
0.9648445844650269
0.9612201452255249
0.9575240015983582
0.9537318348884583
0.9498147368431091
0.9457398653030396
0.941469669342041
0.9369626045227051
0.9321725368499756
0.9270498752593994
0.9215409159660339
1.0
1.0
1.0
1.0
1.0
1.0
1.0
1.0
1.0
1.0
1.0
1.0
1.0
1.0
1.0
1.0
1.0
1.0
1.0
1.0
1.0
1.0
1.0
1.0
1.0
1.0
1.0
1.0
1.0
1.0
1.0
1.0
1.0
1.0
1.0
1.0
1.0
1.0
1.0
1.0
1.0
0.9215409159660339
0.9270498752593994
0.9321725368499756
0.9369626045227051
0.941469669342041
0.9457398653030396
0.9498147368431091
0.9537318348884583
0.9575240015983582
0.9612201452255249
0.9648445844650269
0.9684177041053772
0.9719560146331787
0.975472629070282
0.9789773225784302
0.9824771881103516
0.9859766960144043
0.9894784092903137
0.9929832220077515
0.9964908361434937
1.0
1.0035091638565063
1.0070167779922485
1.0105215311050415
1.0140233039855957
1.0175228118896484
1.0210226774215698
1.0245273113250732
1.0280439853668213
1.0315823554992676
1.0351554155349731
1.038779854774475
1.042475938796997
1.0462682247161865
1.050185203552246
1.0542601346969604
1.058530330657959
1.063037395477295
1.0678274631500244
1.0729501247406006
1.0784591436386108
0.8435655236244202
0.8545264005661011
0.8647178411483765
0.8742474317550659
0.8832147717475891
0.8917122483253479
0.8998231887817383
0.907622754573822
0.9151767492294312
0.9225426316261292
0.9297688603401184
0.9368962645530701
0.9439573884010315
0.95097815990448
0.9579777717590332
0.964970052242279
0.9719635844230652
0.9789631366729736
0.9859700202941895
0.9929832220077515
1.0
1.0070167779922485
1.0140299797058105
1.0210368633270264
1.0280364751815796
1.0350300073623657
1.0420222282409668
1.04902184009552
1.0560426712036133
1.0631037950515747
1.0702310800552368
1.0774574279785156
1.0848232507705688
1.0923771858215332
1.1001768112182617
1.1082876920700073
1.1167851686477661
1.125752568244934
1.1352821588516235
1.145473599433899
1.156434416770935
0.7665546536445618
0.7828531265258789
0.7980051636695862
0.8121728897094727
0.8255067467689514
0.8381456732749939
0.8502150774002075
0.8618279099464417
0.8730827569961548
0.8840657472610474
0.8948490619659424
0.9054932594299316
0.9160465002059937
0.9265468716621399
0.9370222091674805
0.9474924206733704
0.9579693675041199
0.9684592485427856
0.9789631366729736
0.9894784092903137
1.0
1.0105215311050415
1.0210368633270264
1.0315407514572144
1.042030692100525
1.0525076389312744
1.0629777908325195
1.0734531879425049
1.0839534997940063
1.0945067405700684
1.1051509380340576
1.1159342527389526
1.1269172430038452
1.1381721496582031
1.1497849225997925
1.1618543863296509
1.1744933128356934
1.1878271102905273
1.201994776725769
1.217146873474121
1.233445405960083
0.69098299741745
0.7124465107917786
0.7323959469795227
0.7510491013526917
0.7686079740524292
0.7852590680122375
0.8011703491210938
0.8164927959442139
0.8313576579093933
0.845879316329956
0.860153079032898
0.8742586970329285
0.8882588148117065
0.9022029042243958
0.9161262512207031
0.9300536513328552
0.943999171257019
0.9579693675041199
0.9719635844230652
0.9859766960144043
1.0
1.0140233039855957
1.0280364751815796
1.042030692100525
1.056000828742981
1.0699464082717896
1.0838737487792969
1.097797155380249
1.1117411851882935
1.1257413625717163
1.139846920967102
1.154120683670044
1.168642282485962
1.1835072040557861
1.1988296508789062
1.2147408723831177
1.2313920259475708
1.2489508390426636
1.267604112625122
1.2875534296035767
1.3090169429779053
0.6173165440559387
0.6437135934829712
0.6682411432266235
0.6911746263504028
0.7127689123153687
0.7332592010498047
0.7528566718101501
0.7717505097389221
0.7901046872138977
0.8080612421035767
0.8257379531860352
0.8432324528694153
0.86062091588974
0.8779624700546265
0.8952986598014832
0.9126574397087097
0.9300536513328552
0.9474924206733704
0.964970052242279
0.9824771881103516
1.0
1.0175228118896484
1.0350300073623657
1.0525076389312744
1.0699464082717896
1.0873425006866455
1.1047013998031616
1.1220375299453735
1.1393791437149048
1.1567676067352295
1.1742620468139648
1.1919387578964233
1.2098952531814575
1.2282495498657227
1.2471433877944946
1.2667407989501953
1.2872310876846313
1.3088253736495972
1.3317588567733765
1.3562864065170288
1.3826833963394165
0.5460094809532166
0.5770469903945923
0.6058756709098816
0.6328303813934326
0.6582211256027222
0.6823330521583557
0.7054215669631958
0.7277144193649292
0.7494080662727356
0.7706714868545532
0.7916437387466431
0.81243896484375
0.833145260810852
0.8538295030593872
0.8745375275611877
0.8952986598014832
0.9161262512207031
0.9370222091674805
0.9579777717590332
0.9789773225784302
1.0
1.0210226774215698
1.0420222282409668
1.0629777908325195
1.0838737487792969
1.1047013998031616
1.1254624128341675
1.1461704969406128
1.166854739189148
1.18756103515625
1.208356261253357
1.2293285131454468
1.2505918741226196
1.2722855806350708
1.2945784330368042
1.3176668882369995
1.3417788743972778
1.3671696186065674
1.3941243886947632
1.4229530096054077
1.4539904594421387
0.47750142216682434
0.5128235220909119
0.5456162691116333
0.5762776136398315
0.6051750183105469
0.6326457262039185
0.6589904427528381
0.6844760179519653
0.7093307375907898
0.7337496876716614
0.7578917145729065
0.7818856239318848
0.8058289885520935
0.8297944664955139
0.8538295030593872
0.8779624700546265
0.9022029042243958
0.9265468716621399
0.95097815990448
0.975472629070282
1.0
1.0245273113250732
1.04902184009552
1.0734531879425049
1.097797155380249
1.1220375299453735
1.1461704969406128
1.1702055931091309
1.1941710710525513
1.2181143760681152
1.2421083450317383
1.2662502527236938
1.290669322013855
1.3155239820480347
1.341009497642517
1.3673542737960815
1.3948249816894531
1.4237223863601685
1.4543837308883667
1.4871764183044434
1.522498607635498
0.4122147560119629
0.45139792561531067
0.4877544045448303
0.5217490792274475
0.5538105368614197
0.584330677986145
0.613656759262085
0.642095148563385
0.6699053049087524
0.6973070502281189
0.7244768142700195
0.7515556216239929
0.7786478400230408
0.8058289885520935
0.833145260810852
0.86062091588974
0.8882588148117065
0.9160465002059937
0.9439573884010315
0.9719560146331787
1.0
1.0280439853668213
1.0560426712036133
1.0839534997940063
1.1117411851882935
1.1393791437149048
1.166854739189148
1.1941710710525513
1.2213521003723145
1.2484444379806519
1.2755231857299805
1.3026928901672363
1.3300946950912476
1.3579049110412598
1.386343240737915
1.415669322013855
1.446189522743225
1.4782508611679077
1.512245535850525
1.5486021041870117
1.587785243988037
0.350551962852478
0.3931020200252533
0.4325544536113739
0.46944743394851685
0.5042751431465149
0.5374874472618103
0.5694799423217773
0.6005983948707581
0.6311326026916504
0.6613248586654663
0.6913663744926453
0.721407413482666
0.7515556216239929
0.7818856239318848
0.81243896484375
0.8432324528694153
0.8742586970329285
0.9054932594299316
0.9368962645530701
0.9684177041053772
1.0
1.0315823554992676
1.0631037950515747
1.0945067405700684
1.1257413625717163
1.1567676067352295
1.18756103515625
1.2181143760681152
1.2484444379806519
1.278592586517334
1.30863356590271
1.3386751413345337
1.3688673973083496
1.3994016647338867
1.4305200576782227
1.462512493133545
1.4957249164581299
1.530552625656128
1.5674455165863037
1.6068979501724243
1.649448037147522
0.2928932309150696
0.3382367789745331
0.38024377822875977
0.41953301429748535
0.4566706418991089
0.49216848611831665
0.5264719724655151
0.5599663853645325
0.5929696559906006
0.6257437467575073
0.6584909558296204
0.6913663744926453
0.7244768142700195
0.7578917145729065
0.7916437387466431
0.8257379531860352
0.860153079032898
0.8948490619659424
0.9297688603401184
0.9648445844650269
1.0
1.0351554155349731
1.0702310800552368
1.1051509380340576
1.139846920967102
1.1742620468139648
1.208356261253357
1.2421083450317383
1.2755231857299805
1.30863356590271
1.3415091037750244
1.3742562532424927
1.4070303440093994
1.4400336742401123
1.4735280275344849
1.5078314542770386
1.5433293581008911
1.5804669857025146
1.6197562217712402
1.6617631912231445
1.7071068286895752
0.23959402740001678
0.28707191348075867
0.3310107886791229
0.3721216320991516
0.41105055809020996
0.44837620854377747
0.48459547758102417
0.5201319456100464
0.5553288459777832
0.5904632806777954
0.6257437467575073
0.6613248586654663
0.6973070502281189
0.7337496876716614
0.7706714868545532
0.8080612421035767
0.845879316329956
0.8840657472610474
0.9225426316261292
0.9612201452255249
1.0
1.038779854774475
1.0774574279785156
1.1159342527389526
1.154120683670044
1.1919387578964233
1.2293285131454468
1.2662502527236938
1.3026928901672363
1.3386751413345337
1.3742562532424927
1.4095367193222046
1.4446711540222168
1.4798680543899536
1.5154045820236206
1.551623821258545
1.58894944190979
1.6278783082962036
1.6689891815185547
1.712928056716919
1.7604060173034668
0.19098301231861115
0.23983453214168549
0.2849895656108856
0.3272658884525299
0.3674001097679138
0.4060433506965637
0.44374462962150574
0.4809632897377014
0.5180625915527344
0.5553288459777832
0.5929696559906006
0.6311326026916504
0.6699053049087524
0.7093307375907898
0.7494080662727356
0.7901046872138977
0.8313576579093933
0.8730827569961548
0.9151767492294312
0.9575240015983582
1.0
1.042475938796997
1.0848232507705688
1.1269172430038452
1.168642282485962
1.2098952531814575
1.2505918741226196
1.290669322013855
1.3300946950912476
1.3688673973083496
1.4070303440093994
1.4446711540222168
1.4819374084472656
1.5190367698669434
1.5562553405761719
1.5939565896987915
1.6325998306274414
1.6727341413497925
1.715010404586792
1.7601654529571533
1.8090169429779053
0.14735983312129974
0.19670814275741577
0.2422560453414917
0.2849503755569458
0.32563161849975586
0.36502906680107117
0.4037427604198456
0.44226235151290894
0.4809632897377014
0.5201319456100464
0.5599663853645325
0.6005983948707581
0.642095148563385
0.6844760179519653
0.7277144193649292
0.7717505097389221
0.8164927959442139
0.8618279099464417
0.907622754573822
0.9537318348884583
1.0
1.0462682247161865
1.0923771858215332
1.1381721496582031
1.1835072040557861
1.2282495498657227
1.2722855806350708
1.3155239820480347
1.3579049110412598
1.3994016647338867
1.4400336742401123
1.4798680543899536
1.5190367698669434
1.5577375888824463
1.596257209777832
1.6349709033966064
1.6743683815002441
1.7150496244430542
1.7577439546585083
1.803291916847229
1.852640151977539
0.10899347811937332
0.1578136384487152
0.20280037820339203
0.24505919218063354
0.28555142879486084
0.3250884711742401
0.3643156588077545
0.4037427604198456
0.44374462962150574
0.48459547758102417
0.5264719724655151
0.5694799423217773
0.613656759262085
0.6589904427528381
0.7054215669631958
0.7528566718101501
0.8011703491210938
0.8502150774002075
0.8998231887817383
0.9498147368431091
1.0
1.050185203552246
1.1001768112182617
1.1497849225997925
1.1988296508789062
1.2471433877944946
1.2945784330368042
1.341009497642517
1.386343240737915
1.4305200576782227
1.4735280275344849
1.5154045820236206
1.5562553405761719
1.596257209777832
1.6356843709945679
1.6749114990234375
1.7144485712051392
1.7549407482147217
1.7971996068954468
1.8421863317489624
1.8910064697265625
0.07612046599388123
0.12320444732904434
0.16651551425457
0.207364022731781
0.24684986472129822
0.2858659625053406
0.3250884711742401
0.36502906680107117
0.4060433506965637
0.44837620854377747
0.49216848611831665
0.5374874472618103
0.584330677986145
0.6326457262039185
0.6823330521583557
0.7332592010498047
0.7852590680122375
0.8381456732749939
0.8917122483253479
0.9457398653030396
1.0
1.0542601346969604
1.1082876920700073
1.1618543863296509
1.2147408723831177
1.2667407989501953
1.3176668882369995
1.3673542737960815
1.415669322013855
1.462512493133545
1.5078314542770386
1.551623821258545
1.5939565896987915
1.6349709033966064
1.6749114990234375
1.7141339778900146
1.7531501054763794
1.7926359176635742
1.8334845304489136
1.8767955303192139
1.9238795042037964
0.04894348233938217
0.09282131493091583
0.13313569128513336
0.171457901597023
0.20904459059238434
0.24684986472129822
0.28555142879486084
0.32563161849975586
0.3674001097679138
0.41105055809020996
0.4566706418991089
0.5042751431465149
0.5538105368614197
0.6051750183105469
0.6582211256027222
0.7127689123153687
0.7686079740524292
0.8255067467689514
0.8832147717475891
0.941469669342041
1.0
1.058530330657959
1.1167851686477661
1.1744933128356934
1.2313920259475708
1.2872310876846313
1.3417788743972778
1.3948249816894531
1.446189522743225
1.4957249164581299
1.5433293581008911
1.58894944190979
1.6325998306274414
1.6743683815002441
1.7144485712051392
1.7531501054763794
1.7909554243087769
1.8285421133041382
1.8668643236160278
1.9071786403656006
1.9510564804077148
0.02763007953763008
0.06647292524576187
0.10219179838895798
0.13672426342964172
0.171457901597023
0.207364022731781
0.24505919218063354
0.2849503755569458
0.3272658884525299
0.3721216320991516
0.41953301429748535
0.46944743394851685
0.5217490792274475
0.5762776136398315
0.6328303813934326
0.6911746263504028
0.7510491013526917
0.8121728897094727
0.8742474317550659
0.9369626045227051
1.0
1.063037395477295
1.125752568244934
1.1878271102905273
1.2489508390426636
1.3088253736495972
1.3671696186065674
1.4237223863601685
1.4782508611679077
1.530552625656128
1.5804669857025146
1.6278783082962036
1.6727341413497925
1.7150496244430542
1.7549407482147217
1.7926359176635742
1.8285421133041382
1.8632757663726807
1.8978081941604614
1.9335271120071411
1.972369909286499
0.012311659753322601
0.043644994497299194
0.07285277545452118
0.10219179838895798
0.13313569128513336
0.16651551425457
0.20280037820339203
0.2422560453414917
0.2849895656108856
0.3310107886791229
0.38024377822875977
0.4325544536113739
0.4877544045448303
0.5456162691116333
0.6058756709098816
0.6682411432266235
0.7323959469795227
0.7980051636695862
0.8647178411483765
0.9321725368499756
1.0
1.0678274631500244
1.1352821588516235
1.201994776725769
1.267604112625122
1.3317588567733765
1.3941243886947632
1.4543837308883667
1.512245535850525
1.5674455165863037
1.6197562217712402
1.6689891815185547
1.715010404586792
1.7577439546585083
1.7971996068954468
1.8334845304489136
1.8668643236160278
1.8978081941604614
1.9271472692489624
1.9563549757003784
1.9876883029937744
0.003082666313275695
0.023452283814549446
0.043644994497299194
0.06647292524576187
0.09282131493091583
0.12320444732904434
0.1578136384487152
0.19670814275741577
0.23983453214168549
0.28707191348075867
0.3382367789745331
0.3931020200252533
0.45139792561531067
0.5128235220909119
0.5770469903945923
0.6437135934829712
0.7124465107917786
0.7828531265258789
0.8545264005661011
0.9270498752593994
1.0
1.0729501247406006
1.145473599433899
1.217146873474121
1.2875534296035767
1.3562864065170288
1.4229530096054077
1.4871764183044434
1.5486021041870117
1.6068979501724243
1.6617631912231445
1.712928056716919
1.7601654529571533
1.803291916847229
1.8421863317489624
1.8767955303192139
1.9071786403656006
1.9335271120071411
1.9563549757003784
1.9765477180480957
1.9969173669815063
0.0
0.003082666313275695
0.012311659753322601
0.02763007953763008
0.04894348233938217
0.07612046599388123
0.10899347811937332
0.14735983312129974
0.19098301231861115
0.23959402740001678
0.2928932309150696
0.350551962852478
0.4122147560119629
0.47750142216682434
0.5460094809532166
0.6173165440559387
0.69098299741745
0.7665546536445618
0.8435655236244202
0.9215409159660339
1.0
1.0784591436386108
1.156434416770935
1.233445405960083
1.3090169429779053
1.3826833963394165
1.4539904594421387
1.522498607635498
1.587785243988037
1.649448037147522
1.7071068286895752
1.7604060173034668
1.8090169429779053
1.852640151977539
1.8910064697265625
1.9238795042037964
1.9510564804077148
1.972369909286499
1.9876883029937744
1.9969173669815063
2.0
