2.0
1.9969173669815063
1.9876883029937744
1.972369909286499
1.9510564804077148
1.9238795042037964
1.8910064697265625
1.852640151977539
1.8090169429779053
1.7604060173034668
1.7071068286895752
1.649448037147522
1.587785243988037
1.522498607635498
1.4539904594421387
1.3826833963394165
1.3090169429779053
1.233445405960083
1.156434416770935
1.0784591436386108
1.0
0.9215409159660339
0.8435655236244202
0.7665546536445618
0.69098299741745
0.6173165440559387
0.5460094809532166
0.47750142216682434
0.4122147560119629
0.350551962852478
0.2928932309150696
0.23959402740001678
0.19098301231861115
0.14735983312129974
0.10899347811937332
0.07612046599388123
0.04894348233938217
0.02763007953763008
0.012311659753322601
0.003082666313275695
0.0
1.9969173669815063
1.9764987230300903
1.9562748670578003
1.9334255456924438
1.9070626497268677
1.876670241355896
1.8420557975769043
1.803159475326538
1.7600340843200684
1.7128002643585205
1.6616408824920654
1.606783151626587
1.5484962463378906
1.4870809316635132
1.422869086265564
1.356215000152588
1.2874953746795654
1.2171027660369873
1.1454439163208008
1.0729352235794067
1.0
0.9270647764205933
0.8545560836791992
0.7828972935676575
0.7125046253204346
0.6437850594520569
0.5771309733390808
0.5129190683364868
0.45150378346443176
0.3932168781757355
0.3383590579032898
0.28719979524612427
0.23996587097644806
0.19684049487113953
0.15794417262077332
0.1233297735452652
0.09293732047080994
0.06657447665929794
0.043725140392780304
0.023501284420490265
0.003082666313275695
1.9876883029937744
1.9562748670578003
1.927010178565979
1.8976309299468994
1.8666589260101318
1.8332606554031372
1.7969648838043213
1.7575048208236694
1.714772343635559
1.6687567234039307
1.6195334196090698
1.5672358274459839
1.512052059173584
1.4542089700698853
1.3939706087112427
1.3316279649734497
1.2674975395202637
1.201913833618164
1.1352276802062988
1.0678000450134277
1.0
0.9321999549865723
0.8647723197937012
0.7980861067771912
0.7325025200843811
0.6683720946311951
0.6060294508934021
0.5457910299301147
0.48794791102409363
0.4327641427516937
0.38046661019325256
0.33124324679374695
0.2852276861667633
0.24249516427516937
0.20303507149219513
0.16673938930034637
0.13334104418754578
0.10236912220716476
0.07298984378576279
0.043725140392780304
0.012311659753322601
1.972369909286499
1.9334255456924438
1.8976309299468994
1.8630428314208984
1.8282694816589355
1.7923364639282227
1.7546250820159912
1.7147265672683716
1.672411322593689
1.627562403678894
1.580163598060608
1.530266523361206
1.4779865741729736
1.4234833717346191
1.3669590950012207
1.3086460828781128
1.2488049268722534
1.1877161264419556
1.1256779432296753
1.0629998445510864
1.0
0.9370001554489136
0.8743220567703247
0.8122838735580444
0.7511950731277466
0.6913539171218872
0.6330408453941345
0.5765165686607361
0.5220134258270264
0.46973344683647156
0.4198364317417145
0.37243759632110596
0.32758864760398865
0.2852734327316284
0.24537493288516998
0.20766353607177734
0.17173054814338684
0.13695721328258514
0.10236912220716476
0.06657447665929794
0.02763007953763008
1.9510564804077148
1.9070626497268677
1.8666589260101318
1.8282694816589355
1.7906336784362793
1.7527945041656494
1.7140718698501587
1.6739815473556519
1.6322122812271118
1.588569164276123
1.5429633855819702
1.4953794479370117
1.44586980342865
1.394535779953003
1.3415238857269287
1.2870137691497803
1.231215000152588
1.174358606338501
1.1166945695877075
1.058484673500061
1.0
0.9415152668952942
0.8833054304122925
0.825641393661499
0.7687850594520569
0.7129862904548645
0.6584761142730713
0.6054642796516418
0.5541301965713501
0.5046206116676331
0.4570365846157074
0.41143086552619934
0.36778774857521057
0.32601845264434814
0.2859281003475189
0.2472054660320282
0.2093663066625595
0.17173054814338684
0.13334104418754578
0.09293732047080994
0.04894348233938217
1.9238795042037964
1.876670241355896
1.8332606554031372
1.7923364639282227
1.7527945041656494
1.713739037513733
1.6744914054870605
1.634538173675537
1.5935218334197998
1.5511963367462158
1.507419466972351
1.462122917175293
1.4153084754943848
1.3670274019241333
1.3173786401748657
1.266494870185852
1.2145404815673828
1.1617019176483154
1.108185052871704
1.054208517074585
1.0
0.9457915425300598
0.8918149471282959
0.8382981419563293
0.7854595184326172
0.7335051894187927
0.682621419429779
0.6329725980758667
0.5846915245056152
0.5378770232200623
0.4925805628299713
0.44880372285842896
0.4064781665802002
0.36546188592910767
0.32550856471061707
0.2862609624862671
0.2472054660320282
0.20766353607177734
0.16673938930034637
0.1233297735452652
0.07612046599388123
1.8910064697265625
1.8420557975769043
1.7969648838043213
1.7546250820159912
1.7140718698501587
1.6744914054870605
1.635236144065857
1.5957942008972168
1.5557891130447388
1.5149452686309814
1.473084568977356
1.4301003217697144
1.3859540224075317
1.3406567573547363
1.294266939163208
1.2468775510787964
1.198612928390503
1.1496200561523438
1.1000657081604004
1.0501294136047363
1.0
0.9498705863952637
0.8999342918395996
0.850380003452301
0.8013871312141418
0.7531225085258484
0.7057330012321472
0.6593433022499084
0.6140459775924683
0.5698996186256409
0.5269153714179993
0.48505476117134094
0.4442109167575836
0.4042058289051056
0.36476388573646545
0.32550856471061707
0.2859281003475189
0.24537493288516998
0.20303507149219513
0.15794417262077332
0.10899347811937332
1.852640151977539
1.803159475326538
1.7575048208236694
1.7147265672683716
1.6739815473556519
1.634538173675537
1.5957942008972168
1.557258129119873
1.5185528993606567
1.4793907403945923
1.4395722150802612
1.3989644050598145
1.3574990034103394
1.3151557445526123
1.2719602584838867
1.2279716730117798
1.18328058719635
1.1379996538162231
1.0922610759735107
1.046209692955017
1.0
0.9537902474403381
0.9077389240264893
0.8620003461837769
0.8167193531990051
0.7720282673835754
0.7280396819114685
0.6848442554473877
0.6425009965896606
0.6010356545448303
0.5604277849197388
0.5206092596054077
0.4814470708370209
0.44274190068244934
0.4042058289051056
0.36546188592910767
0.32601845264434814
0.2852734327316284
0.24249516427516937
0.19684049487113953
0.14735983312129974
1.8090169429779053
1.7600340843200684
1.714772343635559
1.672411322593689
1.6322122812271118
1.5935218334197998
1.5557891130447388
1.5185528993606567
1.4814485311508179
1.444188117980957
1.4065628051757812
1.3684239387512207
1.3296825885772705
1.290295124053955
1.2502613067626953
1.2096128463745117
1.1684118509292603
1.1267417669296265
1.0847049951553345
1.0424164533615112
1.0
0.9575835466384888
0.9152949452400208
0.8732582926750183
0.8315881490707397
0.7903871536254883
0.7497386932373047
0.7097048163414001
0.6703173518180847
0.6315761208534241
0.5934371948242188
0.555811882019043
0.5185515284538269
0.4814470708370209
0.4442109167575836
0.4064781665802002
0.36778774857521057
0.32758864760398865
0.2852276861667633
0.23996587097644806
0.19098301231861115
1.7604060173034668
1.7128002643585205
1.6687567234039307
1.627562403678894
1.588569164276123
1.5511963367462158
1.5149452686309814
1.4793907403945923
1.444188117980957
1.4090588092803955
1.3737932443618774
1.3382354974746704
1.3022842407226562
1.2658790349960327
1.229000210762024
1.1916581392288208
1.1538915634155273
1.1157597303390503
1.077339768409729
1.038720726966858
1.0
0.9612793326377869
0.9226601719856262
0.8842402100563049
0.8461083769798279
0.808341920375824
0.7709997892379761
0.7341210246086121
0.6977158188819885
0.6617644429206848
0.6262067556381226
0.5909411311149597
0.555811882019043
0.5206092596054077
0.48505476117134094
0.44880372285842896
0.41143086552619934
0.37243759632110596
0.33124324679374695
0.28719979524612427
0.23959402740001678
1.7071068286895752
1.6616408824920654
1.6195334196090698
1.580163598060608
1.5429633855819702
1.507419466972351
1.473084568977356
1.4395722150802612
1.4065628051757812
1.3737932443618774
1.3410600423812866
1.3082069158554077
1.2751262187957764
1.241747498512268
1.2080371379852295
1.1739890575408936
1.139623999595642
1.1049811840057373
1.0701167583465576
1.0350978374481201
1.0
0.9649021625518799
0.9298833012580872
0.8950188159942627
0.8603759407997131
0.8260108828544617
0.7919629216194153
0.7582525014877319
0.7248737215995789
0.6917930245399475
0.6589399576187134
0.6262067556381226
0.5934371948242188
0.5604277849197388
0.5269153714179993
0.4925805628299713
0.4570365846157074
0.4198364317417145
0.38046661019325256
0.3383590579032898
0.2928932309150696
1.649448037147522
1.606783151626587
1.5672358274459839
1.530266523361206
1.4953794479370117
1.462122917175293
1.4301003217697144
1.3989644050598145
1.3684239387512207
1.3382354974746704
1.3082069158554077
1.2781869173049927
1.248066782951355
1.2177709341049194
1.1872570514678955
1.1565076112747192
1.1255289316177368
1.094344973564148
1.0629947185516357
1.0315274000167847
1.0
0.9684725999832153
0.937005341053009
0.905655026435852
0.8744710087776184
0.8434923887252808
0.8127429485321045
0.7822290658950806
0.751933217048645
0.7218130826950073
0.6917930245399475
0.6617644429206848
0.6315761208534241
0.6010356545448303
0.5698996186256409
0.5378770232200623
0.5046206116676331
0.46973344683647156
0.4327641427516937
0.3932168781757355
0.350551962852478
1.587785243988037
1.5484962463378906
1.512052059173584
1.4779865741729736
1.44586980342865
1.4153084754943848
1.3859540224075317
1.3574990034103394
1.3296825885772705
1.3022842407226562
1.2751262187957764
1.248066782951355
1.2210004329681396
1.1938509941101074
1.1665714979171753
1.1391366720199585
1.1115431785583496
1.083802580833435
1.055940866470337
1.027992844581604
1.0
0.9720072150230408
0.9440591335296631
0.9161973595619202
0.8884568810462952
0.8608633279800415
0.8334285616874695
0.8061489462852478
0.7789995670318604
0.751933217048645
0.7248737215995789
0.6977158188819885
0.6703173518180847
0.6425009965896606
0.6140459775924683
0.5846915245056152
0.5541301965713501
0.5220134258270264
0.48794791102409363
0.45150378346443176
0.4122147560119629
1.522498607635498
1.4870809316635132
1.4542089700698853
1.4234833717346191
1.394535779953003
1.3670274019241333
1.3406567573547363
1.3151557445526123
1.290295124053955
1.2658790349960327
1.241747498512268
1.2177709341049194
1.1938509941101074
1.1699143648147583
1.145912528038025
1.1218167543411255
1.0976167917251587
1.0733156204223633
1.0489290952682495
1.0244807004928589
1.0
0.9755192995071411
0.9510708451271057
0.9266843199729919
0.9023832678794861
0.8781831860542297
0.8540874123573303
0.8300856947898865
0.8061489462852478
0.7822290658950806
0.7582525014877319
0.7341210246086121
0.7097048163414001
0.6848442554473877
0.6593433022499084
0.6329725980758667
0.6054642796516418
0.5765165686607361
0.5457910299301147
0.5129190683364868
0.47750142216682434
1.4539904594421387
1.422869086265564
1.3939706087112427
1.3669590950012207
1.3415238857269287
1.3173786401748657
1.294266939163208
1.2719602584838867
1.2502613067626953
1.229000210762024
1.2080371379852295
1.1872570514678955
1.1665714979171753
1.145912528038025
1.1252340078353882
1.1045057773590088
1.0837138891220093
1.0628559589385986
1.0419400930404663
1.0209813117980957
1.0
0.9790186882019043
0.9580599665641785
0.9371440410614014
0.9162861108779907
0.8954942226409912
0.8747659921646118
0.8540874123573303
0.8334285616874695
0.8127429485321045
0.7919629216194153
0.7709997892379761
0.7497386932373047
0.7280396819114685
0.7057330012321472
0.682621419429779
0.6584761142730713
0.6330408453941345
0.6060294508934021
0.5771309733390808
0.5460094809532166
1.3826833963394165
1.356215000152588
1.3316279649734497
1.3086460828781128
1.2870137691497803
1.266494870185852
1.2468775510787964
1.2279716730117798
1.2096128463745117
1.1916581392288208
1.1739890575408936
1.1565076112747192
1.1391366720199585
1.1218167543411255
1.1045057773590088
1.0871751308441162
1.0698094367980957
1.052403211593628
1.0349595546722412
1.0174874067306519
1.0
0.9825125932693481
0.965040385723114
0.9475967288017273
0.9301905035972595
0.9128248691558838
0.8954942226409912
0.8781831860542297
0.8608633279800415
0.8434923887252808
0.8260108828544617
0.808341920375824
0.7903871536254883
0.7720282673835754
0.7531225085258484
0.7335051894187927
0.7129862904548645
0.6913539171218872
0.6683720946311951
0.6437850594520569
0.6173165440559387
1.3090169429779053
1.2874953746795654
1.2674975395202637
1.2488049268722534
1.231215000152588
1.2145404815673828
1.198612928390503
1.18328058719635
1.1684118509292603
1.1538915634155273
1.139623999595642
1.1255289316177368
1.1115431785583496
1.0976167917251587
1.0837138891220093
1.0698094367980957
1.0558888912200928
1.0419453382492065
1.0279788970947266
1.0139943361282349
1.0
0.9860056638717651
0.9720211029052734
0.9580546617507935
0.9441110491752625
0.9301905035972595
0.9162861108779907
0.9023832678794861
0.8884568810462952
0.8744710087776184
0.8603759407997131
0.8461083769798279
0.8315881490707397
0.8167193531990051
0.8013871312141418
0.7854595184326172
0.7687850594520569
0.7511950731277466
0.7325025200843811
0.7125046253204346
0.69098299741745
1.233445405960083
1.2171027660369873
1.201913833618164
1.1877161264419556
1.174358606338501
1.1617019176483154
1.1496200561523438
1.1379996538162231
1.1267417669296265
1.1157597303390503
1.1049811840057373
1.094344973564148
1.083802580833435
1.0733156204223633
1.0628559589385986
1.052403211593628
1.0419453382492065
1.0314756631851196
1.0209929943084717
1.0104994773864746
1.0
0.9895005226135254
0.9790070056915283
0.9685242772102356
0.9580546617507935
0.9475967288017273
0.9371440410614014
0.9266843199729919
0.9161973595619202
0.905655026435852
0.8950188159942627
0.8842402100563049
0.8732582926750183
0.8620003461837769
0.850380003452301
0.8382981419563293
0.825641393661499
0.8122838735580444
0.7980861067771912
0.7828972935676575
0.7665546536445618
1.156434416770935
1.1454439163208008
1.1352276802062988
1.1256779432296753
1.1166945695877075
1.108185052871704
1.1000657081604004
1.0922610759735107
1.0847049951553345
1.077339768409729
1.0701167583465576
1.0629947185516357
1.055940866470337
1.0489290952682495
1.0419400930404663
1.0349595546722412
1.0279788970947266
1.0209929943084717
1.014000415802002
1.0070018768310547
1.0
0.9929981231689453
0.985999584197998
0.9790070056915283
0.9720211029052734
0.965040385723114
0.9580599665641785
0.9510708451271057
0.9440591335296631
0.937005341053009
0.9298833012580872
0.9226601719856262
0.9152949452400208
0.9077389240264893
0.8999342918395996
0.8918149471282959
0.8833054304122925
0.8743220567703247
0.8647723197937012
0.8545560836791992
0.8435655236244202
1.0784591436386108
1.0729352235794067
1.0678000450134277
1.0629998445510864
1.058484673500061
1.054208517074585
1.0501294136047363
1.046209692955017
1.0424164533615112
1.038720726966858
1.0350978374481201
1.0315274000167847
1.027992844581604
1.0244807004928589
1.0209813117980957
1.0174874067306519
1.0139943361282349
1.0104994773864746
1.0070018768310547
1.0035016536712646
1.0
0.9964983463287354
0.9929981231689453
0.9895005226135254
0.9860056638717651
0.9825125932693481
0.9790186882019043
0.9755192995071411
0.9720072150230408
0.9684725999832153
0.9649021625518799
0.9612793326377869
0.9575835466384888
0.9537902474403381
0.9498705863952637
0.9457915425300598
0.9415152668952942
0.9370001554489136
0.9321999549865723
0.9270647764205933
0.9215409159660339
1.0
1.0
1.0
1.0
1.0
1.0
1.0
1.0
1.0
1.0
1.0
1.0
1.0
1.0
1.0
1.0
1.0
1.0
1.0
1.0
1.0
1.0
1.0
1.0
1.0
1.0
1.0
1.0
1.0
1.0
1.0
1.0
1.0
1.0
1.0
1.0
1.0
1.0
1.0
1.0
1.0
0.9215409159660339
0.9270647764205933
0.9321999549865723
0.9370001554489136
0.9415152668952942
0.9457915425300598
0.9498705863952637
0.9537902474403381
0.9575835466384888
0.9612793326377869
0.9649021625518799
0.9684725999832153
0.9720072150230408
0.9755192995071411
0.9790186882019043
0.9825125932693481
0.9860056638717651
0.9895005226135254
0.9929981231689453
0.9964983463287354
1.0
1.0035016536712646
1.0070018768310547
1.0104994773864746
1.0139943361282349
1.0174874067306519
1.0209813117980957
1.0244807004928589
1.027992844581604
1.0315274000167847
1.0350978374481201
1.038720726966858
1.0424164533615112
1.046209692955017
1.0501294136047363
1.054208517074585
1.058484673500061
1.0629998445510864
1.0678000450134277
1.0729352235794067
1.0784591436386108
0.8435655236244202
0.8545560836791992
0.8647723197937012
0.8743220567703247
0.8833054304122925
0.8918149471282959
0.8999342918395996
0.9077389240264893
0.9152949452400208
0.9226601719856262
0.9298833012580872
0.937005341053009
0.9440591335296631
0.9510708451271057
0.9580599665641785
0.965040385723114
0.9720211029052734
0.9790070056915283
0.985999584197998
0.9929981231689453
1.0
1.0070018768310547
1.014000415802002
1.0209929943084717
1.0279788970947266
1.0349595546722412
1.0419400930404663
1.0489290952682495
1.055940866470337
1.0629947185516357
1.0701167583465576
1.077339768409729
1.0847049951553345
1.0922610759735107
1.1000657081604004
1.108185052871704
1.1166945695877075
1.1256779432296753
1.1352276802062988
1.1454439163208008
1.156434416770935
0.7665546536445618
0.7828972935676575
0.7980861067771912
0.8122838735580444
0.825641393661499
0.8382981419563293
0.850380003452301
0.8620003461837769
0.8732582926750183
0.8842402100563049
0.8950188159942627
0.905655026435852
0.9161973595619202
0.9266843199729919
0.9371440410614014
0.9475967288017273
0.9580546617507935
0.9685242772102356
0.9790070056915283
0.9895005226135254
1.0
1.0104994773864746
1.0209929943084717
1.0314756631851196
1.0419453382492065
1.052403211593628
1.0628559589385986
1.0733156204223633
1.083802580833435
1.094344973564148
1.1049811840057373
1.1157597303390503
1.1267417669296265
1.1379996538162231
1.1496200561523438
1.1617019176483154
1.174358606338501
1.1877161264419556
1.201913833618164
1.2171027660369873
1.233445405960083
0.69098299741745
0.7125046253204346
0.7325025200843811
0.7511950731277466
0.7687850594520569
0.7854595184326172
0.8013871312141418
0.8167193531990051
0.8315881490707397
0.8461083769798279
0.8603759407997131
0.8744710087776184
0.8884568810462952
0.9023832678794861
0.9162861108779907
0.9301905035972595
0.9441110491752625
0.9580546617507935
0.9720211029052734
0.9860056638717651
1.0
1.0139943361282349
1.0279788970947266
1.0419453382492065
1.0558888912200928
1.0698094367980957
1.0837138891220093
1.0976167917251587
1.1115431785583496
1.1255289316177368
1.139623999595642
1.1538915634155273
1.1684118509292603
1.18328058719635
1.198612928390503
1.2145404815673828
1.231215000152588
1.2488049268722534
1.2674975395202637
1.2874953746795654
1.3090169429779053
0.6173165440559387
0.6437850594520569
0.6683720946311951
0.6913539171218872
0.7129862904548645
0.7335051894187927
0.7531225085258484
0.7720282673835754
0.7903871536254883
0.808341920375824
0.8260108828544617
0.8434923887252808
0.8608633279800415
0.8781831860542297
0.8954942226409912
0.9128248691558838
0.9301905035972595
0.9475967288017273
0.965040385723114
0.9825125932693481
1.0
1.0174874067306519
1.0349595546722412
1.052403211593628
1.0698094367980957
1.0871751308441162
1.1045057773590088
1.1218167543411255
1.1391366720199585
1.1565076112747192
1.1739890575408936
1.1916581392288208
1.2096128463745117
1.2279716730117798
1.2468775510787964
1.266494870185852
1.2870137691497803
1.3086460828781128
1.3316279649734497
1.356215000152588
1.3826833963394165
0.5460094809532166
0.5771309733390808
0.6060294508934021
0.6330408453941345
0.6584761142730713
0.682621419429779
0.7057330012321472
0.7280396819114685
0.7497386932373047
0.7709997892379761
0.7919629216194153
0.8127429485321045
0.8334285616874695
0.8540874123573303
0.8747659921646118
0.8954942226409912
0.9162861108779907
0.9371440410614014
0.9580599665641785
0.9790186882019043
1.0
1.0209813117980957
1.0419400930404663
1.0628559589385986
1.0837138891220093
1.1045057773590088
1.1252340078353882
1.145912528038025
1.1665714979171753
1.1872570514678955
1.2080371379852295
1.229000210762024
1.2502613067626953
1.2719602584838867
1.294266939163208
1.3173786401748657
1.3415238857269287
1.3669590950012207
1.3939706087112427
1.422869086265564
1.4539904594421387
0.47750142216682434
0.5129190683364868
0.5457910299301147
0.5765165686607361
0.6054642796516418
0.6329725980758667
0.6593433022499084
0.6848442554473877
0.7097048163414001
0.7341210246086121
0.7582525014877319
0.7822290658950806
0.8061489462852478
0.8300856947898865
0.8540874123573303
0.8781831860542297
0.9023832678794861
0.9266843199729919
0.9510708451271057
0.9755192995071411
1.0
1.0244807004928589
1.0489290952682495
1.0733156204223633
1.0976167917251587
1.1218167543411255
1.145912528038025
1.1699143648147583
1.1938509941101074
1.2177709341049194
1.241747498512268
1.2658790349960327
1.290295124053955
1.3151557445526123
1.3406567573547363
1.3670274019241333
1.394535779953003
1.4234833717346191
1.4542089700698853
1.4870809316635132
1.522498607635498
0.4122147560119629
0.45150378346443176
0.48794791102409363
0.5220134258270264
0.5541301965713501
0.5846915245056152
0.6140459775924683
0.6425009965896606
0.6703173518180847
0.6977158188819885
0.7248737215995789
0.751933217048645
0.7789995670318604
0.8061489462852478
0.8334285616874695
0.8608633279800415
0.8884568810462952
0.9161973595619202
0.9440591335296631
0.9720072150230408
1.0
1.027992844581604
1.055940866470337
1.083802580833435
1.1115431785583496
1.1391366720199585
1.1665714979171753
1.1938509941101074
1.2210004329681396
1.248066782951355
1.2751262187957764
1.3022842407226562
1.3296825885772705
1.3574990034103394
1.3859540224075317
1.4153084754943848
1.44586980342865
1.4779865741729736
1.512052059173584
1.5484962463378906
1.587785243988037
0.350551962852478
0.3932168781757355
0.4327641427516937
0.46973344683647156
0.5046206116676331
0.5378770232200623
0.5698996186256409
0.6010356545448303
0.6315761208534241
0.6617644429206848
0.6917930245399475
0.7218130826950073
0.751933217048645
0.7822290658950806
0.8127429485321045
0.8434923887252808
0.8744710087776184
0.905655026435852
0.937005341053009
0.9684725999832153
1.0
1.0315274000167847
1.0629947185516357
1.094344973564148
1.1255289316177368
1.1565076112747192
1.1872570514678955
1.2177709341049194
1.248066782951355
1.2781869173049927
1.3082069158554077
1.3382354974746704
1.3684239387512207
1.3989644050598145
1.4301003217697144
1.462122917175293
1.4953794479370117
1.530266523361206
1.5672358274459839
1.606783151626587
1.649448037147522
0.2928932309150696
0.3383590579032898
0.38046661019325256
0.4198364317417145
0.4570365846157074
0.4925805628299713
0.5269153714179993
0.5604277849197388
0.5934371948242188
0.6262067556381226
0.6589399576187134
0.6917930245399475
0.7248737215995789
0.7582525014877319
0.7919629216194153
0.8260108828544617
0.8603759407997131
0.8950188159942627
0.9298833012580872
0.9649021625518799
1.0
1.0350978374481201
1.0701167583465576
1.1049811840057373
1.139623999595642
1.1739890575408936
1.2080371379852295
1.241747498512268
1.2751262187957764
1.3082069158554077
1.3410600423812866
1.3737932443618774
1.4065628051757812
1.4395722150802612
1.473084568977356
1.507419466972351
1.5429633855819702
1.580163598060608
1.6195334196090698
1.6616408824920654
1.7071068286895752
0.23959402740001678
0.28719979524612427
0.33124324679374695
0.37243759632110596
0.41143086552619934
0.44880372285842896
0.48505476117134094
0.5206092596054077
0.555811882019043
0.5909411311149597
0.6262067556381226
0.6617644429206848
0.6977158188819885
0.7341210246086121
0.7709997892379761
0.808341920375824
0.8461083769798279
0.8842402100563049
0.9226601719856262
0.9612793326377869
1.0
1.038720726966858
1.077339768409729
1.1157597303390503
1.1538915634155273
1.1916581392288208
1.229000210762024
1.2658790349960327
1.3022842407226562
1.3382354974746704
1.3737932443618774
1.4090588092803955
1.444188117980957
1.4793907403945923
1.5149452686309814
1.5511963367462158
1.588569164276123
1.627562403678894
1.6687567234039307
1.7128002643585205
1.7604060173034668
0.19098301231861115
0.23996587097644806
0.2852276861667633
0.32758864760398865
0.36778774857521057
0.4064781665802002
0.4442109167575836
0.4814470708370209
0.5185515284538269
0.555811882019043
0.5934371948242188
0.6315761208534241
0.6703173518180847
0.7097048163414001
0.7497386932373047
0.7903871536254883
0.8315881490707397
0.8732582926750183
0.9152949452400208
0.9575835466384888
1.0
1.0424164533615112
1.0847049951553345
1.1267417669296265
1.1684118509292603
1.2096128463745117
1.2502613067626953
1.290295124053955
1.3296825885772705
1.3684239387512207
1.4065628051757812
1.444188117980957
1.4814485311508179
1.5185528993606567
1.5557891130447388
1.5935218334197998
1.6322122812271118
1.672411322593689
1.714772343635559
1.7600340843200684
1.8090169429779053
0.14735983312129974
0.19684049487113953
0.24249516427516937
0.2852734327316284
0.32601845264434814
0.36546188592910767
0.4042058289051056
0.44274190068244934
0.4814470708370209
0.5206092596054077
0.5604277849197388
0.6010356545448303
0.6425009965896606
0.6848442554473877
0.7280396819114685
0.7720282673835754
0.8167193531990051
0.8620003461837769
0.9077389240264893
0.9537902474403381
1.0
1.046209692955017
1.0922610759735107
1.1379996538162231
1.18328058719635
1.2279716730117798
1.2719602584838867
1.3151557445526123
1.3574990034103394
1.3989644050598145
1.4395722150802612
1.4793907403945923
1.5185528993606567
1.557258129119873
1.5957942008972168
1.634538173675537
1.6739815473556519
1.7147265672683716
1.7575048208236694
1.803159475326538
1.852640151977539
0.10899347811937332
0.15794417262077332
0.20303507149219513
0.24537493288516998
0.2859281003475189
0.32550856471061707
0.36476388573646545
0.4042058289051056
0.4442109167575836
0.48505476117134094
0.5269153714179993
0.5698996186256409
0.6140459775924683
0.6593433022499084
0.7057330012321472
0.7531225085258484
0.8013871312141418
0.850380003452301
0.8999342918395996
0.9498705863952637
1.0
1.0501294136047363
1.1000657081604004
1.1496200561523438
1.198612928390503
1.2468775510787964
1.294266939163208
1.3406567573547363
1.3859540224075317
1.4301003217697144
1.473084568977356
1.5149452686309814
1.5557891130447388
1.5957942008972168
1.635236144065857
1.6744914054870605
1.7140718698501587
1.7546250820159912
1.7969648838043213
1.8420557975769043
1.8910064697265625
0.07612046599388123
0.1233297735452652
0.16673938930034637
0.20766353607177734
0.2472054660320282
0.2862609624862671
0.32550856471061707
0.36546188592910767
0.4064781665802002
0.44880372285842896
0.4925805628299713
0.5378770232200623
0.5846915245056152
0.6329725980758667
0.682621419429779
0.7335051894187927
0.7854595184326172
0.8382981419563293
0.8918149471282959
0.9457915425300598
1.0
1.054208517074585
1.108185052871704
1.1617019176483154
1.2145404815673828
1.266494870185852
1.3173786401748657
1.3670274019241333
1.4153084754943848
1.462122917175293
1.507419466972351
1.5511963367462158
1.5935218334197998
1.634538173675537
1.6744914054870605
1.713739037513733
1.7527945041656494
1.7923364639282227
1.8332606554031372
1.876670241355896
1.9238795042037964
0.04894348233938217
0.09293732047080994
0.13334104418754578
0.17173054814338684
0.2093663066625595
0.2472054660320282
0.2859281003475189
0.32601845264434814
0.36778774857521057
0.41143086552619934
0.4570365846157074
0.5046206116676331
0.5541301965713501
0.6054642796516418
0.6584761142730713
0.7129862904548645
0.7687850594520569
0.825641393661499
0.8833054304122925
0.9415152668952942
1.0
1.058484673500061
1.1166945695877075
1.174358606338501
1.231215000152588
1.2870137691497803
1.3415238857269287
1.394535779953003
1.44586980342865
1.4953794479370117
1.5429633855819702
1.588569164276123
1.6322122812271118
1.6739815473556519
1.7140718698501587
1.7527945041656494
1.7906336784362793
1.8282694816589355
1.8666589260101318
1.9070626497268677
1.9510564804077148
0.02763007953763008
0.06657447665929794
0.10236912220716476
0.13695721328258514
0.17173054814338684
0.20766353607177734
0.24537493288516998
0.2852734327316284
0.32758864760398865
0.37243759632110596
0.4198364317417145
0.46973344683647156
0.5220134258270264
0.5765165686607361
0.6330408453941345
0.6913539171218872
0.7511950731277466
0.8122838735580444
0.8743220567703247
0.9370001554489136
1.0
1.0629998445510864
1.1256779432296753
1.1877161264419556
1.2488049268722534
1.3086460828781128
1.3669590950012207
1.4234833717346191
1.4779865741729736
1.530266523361206
1.580163598060608
1.627562403678894
1.672411322593689
1.7147265672683716
1.7546250820159912
1.7923364639282227
1.8282694816589355
1.8630428314208984
1.8976309299468994
1.9334255456924438
1.972369909286499
0.012311659753322601
0.043725140392780304
0.07298984378576279
0.10236912220716476
0.13334104418754578
0.16673938930034637
0.20303507149219513
0.24249516427516937
0.2852276861667633
0.33124324679374695
0.38046661019325256
0.4327641427516937
0.48794791102409363
0.5457910299301147
0.6060294508934021
0.6683720946311951
0.7325025200843811
0.7980861067771912
0.8647723197937012
0.9321999549865723
1.0
1.0678000450134277
1.1352276802062988
1.201913833618164
1.2674975395202637
1.3316279649734497
1.3939706087112427
1.4542089700698853
1.512052059173584
1.5672358274459839
1.6195334196090698
1.6687567234039307
1.714772343635559
1.7575048208236694
1.7969648838043213
1.8332606554031372
1.8666589260101318
1.8976309299468994
1.927010178565979
1.9562748670578003
1.9876883029937744
0.003082666313275695
0.023501284420490265
0.043725140392780304
0.06657447665929794
0.09293732047080994
0.1233297735452652
0.15794417262077332
0.19684049487113953
0.23996587097644806
0.28719979524612427
0.3383590579032898
0.3932168781757355
0.45150378346443176
0.5129190683364868
0.5771309733390808
0.6437850594520569
0.7125046253204346
0.7828972935676575
0.8545560836791992
0.9270647764205933
1.0
1.0729352235794067
1.1454439163208008
1.2171027660369873
1.2874953746795654
1.356215000152588
1.422869086265564
1.4870809316635132
1.5484962463378906
1.606783151626587
1.6616408824920654
1.7128002643585205
1.7600340843200684
1.803159475326538
1.8420557975769043
1.876670241355896
1.9070626497268677
1.9334255456924438
1.9562748670578003
1.9764987230300903
1.9969173669815063
0.0
0.003082666313275695
0.012311659753322601
0.02763007953763008
0.04894348233938217
0.07612046599388123
0.10899347811937332
0.14735983312129974
0.19098301231861115
0.23959402740001678
0.2928932309150696
0.350551962852478
0.4122147560119629
0.47750142216682434
0.5460094809532166
0.6173165440559387
0.69098299741745
0.7665546536445618
0.8435655236244202
0.9215409159660339
1.0
1.0784591436386108
1.156434416770935
1.233445405960083
1.3090169429779053
1.3826833963394165
1.4539904594421387
1.522498607635498
1.587785243988037
1.649448037147522
1.7071068286895752
1.7604060173034668
1.8090169429779053
1.852640151977539
1.8910064697265625
1.9238795042037964
1.9510564804077148
1.972369909286499
1.9876883029937744
1.9969173669815063
2.0
