0.0
0.0
0.0
0.0
0.0
0.0
0.0
0.0
0.0
0.0
0.0
0.0
0.0
0.0
0.0
0.0
0.0
0.0
0.0
0.0
0.0
0.0
0.0
0.0
0.0
0.0
0.0
0.0
0.0
0.0
0.0
0.0
0.0
0.0
0.0
0.0
0.0
0.0
0.0
0.0
0.0
0.0
2.701577386687859e-06
5.371502993511967e-06
7.978724170243368e-06
1.0493533409317024e-05
1.2887961929664016e-05
1.5136591173359193e-05
1.7216701962752268e-05
1.9109060303890146e-05
2.0797791876248084e-05
2.2271049601840787e-05
2.3520624381490052e-05
2.454241257510148e-05
2.5335799364256673e-05
2.5903886125888675e-05
2.6252746465615928e-05
2.6391404389869422e-05
2.6331059416406788e-05
2.6084884666488506e-05
2.5667321096989326e-05
2.5093755539273843e-05
2.4379980459343642e-05
2.354182106500957e-05
2.259478969790507e-05
2.1553734768531285e-05
2.0432686142157763e-05
1.924456410051789e-05
1.8001186617766507e-05
1.6713040167815052e-05
1.538941614853684e-05
1.4038255358173046e-05
1.266634717467241e-05
1.1279239515715744e-05
9.881473488349002e-06
8.476545190205798e-06
7.067138540151063e-06
5.655137556459522e-06
4.241836450091796e-06
2.827991011145059e-06
1.414001872035442e-06
0.0
0.0
5.434935246739769e-06
1.0805923920997884e-05
1.6050233170972206e-05
2.1107854990987107e-05
2.592229975562077e-05
3.044225559278857e-05
3.4621876693563536e-05
3.8422389479819685e-05
4.181183612672612e-05
4.4766435166820884e-05
4.7269786591641605e-05
4.931381772621535e-05
5.089753176434897e-05
5.202746979193762e-05
5.271616464597173e-05
5.298211908666417e-05
5.284822327666916e-05
5.234130367171019e-05
5.1490726036718115e-05
5.032772241975181e-05
4.888427793048322e-05
4.7192406782414764e-05
4.528342833509669e-05
4.318727951613255e-05
4.0932209230959415e-05
3.854417445836589e-05
3.604688390623778e-05
3.3461343264207244e-05
3.080612441408448e-05
2.8097063477616757e-05
2.5347677365061827e-05
2.2568974600289948e-05
1.9769935533986427e-05
1.6957441403064877e-05
1.4136745448922738e-05
1.1311491107335314e-05
8.484142199449707e-06
5.656083430949366e-06
2.827991011145059e-06
0.0
0.0
8.232454092649277e-06
1.636736669752281e-05
2.4309054424520582e-05
3.1966003007255495e-05
3.925209603039548e-05
4.6089149691397324e-05
5.240736572886817e-05
5.814781252411194e-05
6.326202856143937e-05
6.771412154193968e-05
7.147952419472858e-05
7.454648584825918e-05
7.691411155974492e-05
7.859303877921775e-05
7.960309449117631e-05
7.997318607522175e-05
7.973885658429936e-05
7.894160808064044e-05
7.762670429656282e-05
7.584212289657444e-05
7.363688928307965e-05
7.105991244316101e-05
6.815893721068278e-05
6.497946014860645e-05
6.156430026749149e-05
5.795270044473e-05
5.4180400184122846e-05
5.0278977141715586e-05
4.6276258217403665e-05
4.219588663545437e-05
3.805796222877689e-05
3.3878779504448175e-05
2.9671558877453208e-05
2.5446339350310154e-05
2.1210702470852993e-05
1.6969803255051374e-05
1.2727029570669401e-05
8.484142199449707e-06
4.241836450091796e-06
0.0
0.0
1.1127913239761256e-05
2.2122698283055797e-05
3.2853768061613664e-05
4.3196265323786065e-05
5.303273064782843e-05
6.225660035852343e-05
7.077286863932386e-05
7.850147085264325e-05
8.537678513675928e-05
9.135052096098661e-05
9.639003837946802e-05
0.00010048032709164545
0.00010362135071773082
0.00010582891991361976
0.00010713141818996519
0.00010756960546132177
0.00010719322017394006
0.00010605998249957338
0.00010423258208902553
0.0001017771428450942
9.876100375549868e-05
9.525105269858614e-05
9.131238039117306e-05
8.700674516148865e-05
8.239207818405703e-05
7.752125384286046e-05
7.244224980240688e-05
6.71972447889857e-05
6.182328070281073e-05
5.63516587135382e-05
5.080884147901088e-05
4.52161293651443e-05
3.9590657252119854e-05
3.39452744810842e-05
2.828953802236356e-05
2.2629737941315398e-05
1.6969803255051374e-05
1.1311491107335314e-05
5.655137556459522e-06
0.0
0.0
1.4156953511701431e-05
2.8142461815150455e-05
4.178837116342038e-05
5.493393473443575e-05
6.742799450876191e-05
7.91335478425026e-05
8.992859511636198e-05
9.971060353564098e-05
0.00010839587775990367
0.00011592336522880942
0.00012225241516716778
0.00012736543430946767
0.0001312642707489431
0.00013397143629845232
0.00013552565360441804
0.000135981579660438
0.00013540532381739467
0.00013387296348810196
0.00013146671699360013
0.00012827280443161726
0.0001243786100530997
0.00011987049219897017
0.00011483210255391896
0.0001093424143618904
0.00010347515490138903
9.729726298246533e-05
9.08691727090627e-05
8.424374391324818e-05
7.746710616629571e-05
7.057798211462796e-05
6.36088807368651e-05
5.658570444211364e-05
4.952906965627335e-05
4.245416494086385e-05
3.537200973369181e-05
2.828953802236356e-05
2.1210702470852993e-05
1.4136745448922738e-05
7.067138540151063e-06
0.0
0.0
1.7358142940793186e-05
3.45029984600842e-05
5.122537913848646e-05
6.732535257469863e-05
8.261499169748276e-05
9.692410822026432e-05
0.00011010138405254111
0.00012202006473671645
0.00013257715909276158
0.00014169831410981715
0.00014933504280634224
0.00015546796203125268
0.0001601023686816916
0.00016326940385624766
0.00016502062499057502
0.0001654273219173774
0.00016457479796372354
0.00016256044909823686
0.00015948874352034181
0.00015546854410786182
0.0001506095431977883
0.0001450194395147264
0.0001388020027661696
0.00013205457071308047
0.00012486748164519668
0.00011732224811566994
0.00010949201532639563
0.00010144027328351513
9.322208643425256e-05
8.488324237987399e-05
7.646185258636251e-05
6.798788672313094e-05
5.9484857047209516e-05
5.096966560813598e-05
4.245416494086385e-05
3.39452744810842e-05
2.5446339350310154e-05
1.6957441403064877e-05
8.476545190205798e-06
0.0
0.0
2.077335011563264e-05
4.128717046114616e-05
6.128691893536597e-05
8.05293457233347e-05
9.87858438747935e-05
0.00011584960157051682
0.00013153698819223791
0.00014569472114089876
0.00015819893451407552
0.0001689613563939929
0.0001779258018359542
0.00018507230561226606
0.00019041140330955386
0.000193985688383691
0.00019586263806559145
0.00019613378390204161
0.00019490739214234054
0.0001923058443935588
0.00018845942395273596
0.00018350283789914101
0.0001775708660716191
0.00017079491226468235
0.00016330069047398865
0.00015520524175371975
0.0001466164831072092
0.00013763101014774293
0.00012833485379815102
0.00011880209058290347
0.00010909635602729395
9.927003702614456e-05
8.936623635236174e-05
7.941830699564889e-05
6.945190398255363e-05
5.9484857047209516e-05
4.952906965627335e-05
3.9590657252119854e-05
2.9671558877453208e-05
1.9769935533986427e-05
9.881473488349002e-06
0.0
0.0
2.4449160264339298e-05
4.85871933051385e-05
7.210893090814352e-05
9.472269448451698e-05
0.00011615442053880543
0.00013615627540275455
0.00015450856881216168
0.00017102852871175855
0.00018556942814029753
0.00019802813767455518
0.00020834107999689877
0.000216489119338803
0.00022249063476920128
0.0002264030626975
0.00022831404930911958
0.0002283399662701413
0.00022661684488411993
0.00022329676721710712
0.00021854028454981744
0.0002125119062839076
0.00020537496311590075
0.00019728725601453334
0.00018839864060282707
0.00017884737462736666
0.0001687599578872323
0.00015824851288925856
0.00014741210907232016
0.0001363350747851655
0.0001250892091775313
0.00011373279266990721
0.00010231310443487018
9.08659931155853e-05
7.941830699564889e-05
6.798788672313094e-05
5.658570444211364e-05
4.52161293651443e-05
3.3878779504448175e-05
2.2568974600289948e-05
1.1279239515715744e-05
0.0
0.0
2.8437154469429515e-05
5.650520324707031e-05
8.384202374145389e-05
0.00011010138405254111
0.00013495783787220716
0.0001581171527504921
0.0001793188275769353
0.0001983468682738021
0.0002150290529243648
0.00022924627410247922
0.0002409278240520507
0.0002500573464203626
0.0002566642942838371
0.0002608254726510495
0.0002626540372148156
0.00026229716604575515
0.0002599247673060745
0.0002557245607022196
0.0002498928806744516
0.00024262882652692497
0.0002341283980058506
0.00022457905288320035
0.00021415716037154198
0.0002030238538281992
0.0001913251617224887
0.00017918914090842009
0.00016672776837367564
0.00015403520956169814
0.00014119065599516034
0.0001282573794014752
0.00011528579489095137
0.00010231310443487018
8.936623635236174e-05
7.646185258636251e-05
6.36088807368651e-05
5.080884147901088e-05
3.805796222877689e-05
2.5347677365061827e-05
1.266634717467241e-05
0.0
0.0
3.2795738661661744e-05
6.515692075481638e-05
9.665701509220526e-05
0.00012688788410741836
0.00015546553186140954
0.00018204269872512668
0.0002063120191451162
0.00022801947488915175
0.00024696390028111637
0.0002630086964927614
0.0002760763163678348
0.00028615567134693265
0.000293291435809806
0.00029758576420135796
0.00029918429208919406
0.0002982726146001369
0.0002950622874777764
0.00028978416230529547
0.00028267709421925247
0.0002739806950557977
0.00026392837753519416
0.0002527408942114562
0.00024062384909484535
0.00022776282276026905
0.00021432427456602454
0.0002004522830247879
0.00018627139797899872
0.00017188482161145657
0.0001573780900798738
0.00014281821495387703
0.0001282573794014752
0.00011373279266990721
9.927003702614456e-05
8.488324237987399e-05
7.057798211462796e-05
5.63516587135382e-05
4.219588663545437e-05
2.8097063477616757e-05
1.4038255358173046e-05
0.0
0.0
3.7590289139188826e-05
7.467195973731577e-05
0.00011074545909650624
0.00014533207286149263
0.0001779806480044499
0.00020828258129768074
0.0002358760975766927
0.00026046292623504996
0.0002818084030877799
0.0002997562987729907
0.00031422253232449293
0.00032520442618988454
0.00033276743488386273
0.00033704665838740766
0.00033822920522652566
0.0003365489828865975
0.0003322690608911216
0.0003256726486142725
0.0003170495911035687
0.0003066868521273136
0.0002948608889710158
0.0002818297944031656
0.0002678311138879508
0.00025307651958428323
0.00023775336740072817
0.0002220216119894758
0.0002060175611404702
0.00018985224596690387
0.00017361606296617538
0.0001573780900798738
0.00014119065599516034
0.0001250892091775313
0.00010909635602729395
9.322208643425256e-05
7.746710616629571e-05
6.182328070281073e-05
4.6276258217403665e-05
3.080612441408448e-05
1.538941614853684e-05
0.0
0.0
4.289528806111775e-05
8.519821130903438e-05
0.00012632641301024705
0.00016572049935348332
0.00020285180653445423
0.00023724010679870844
0.00026845946558751166
0.00029615912353619933
0.00032006468973122537
0.0003399972338229418
0.0003558664466254413
0.00036768201971426606
0.0003755374054890126
0.0003796107484959066
0.00038014253368601203
0.00037742769927717745
0.00037179343053139746
0.00036358702345751226
0.0003531593829393387
0.00034085314837284386
0.00032699407893233
0.0003118820022791624
0.00029578915564343333
0.00027895430685020983
0.0002615860430523753
0.00024385923461522907
0.00022592060850001872
0.00020788717665709555
0.00018985224596690387
0.00017188482161145657
0.00015403520956169814
0.0001363350747851655
0.00011880209058290347
0.00010144027328351513
8.424374391324818e-05
6.71972447889857e-05
5.0278977141715586e-05
3.3461343264207244e-05
1.6713040167815052e-05
0.0
0.0
4.879410334979184e-05
9.69014799920842e-05
0.00014364614617079496
0.00018837646348401904
0.00023047381546348333
0.00026937355869449675
0.0003045730118174106
0.00033565788180567324
0.0003623055818025023
0.0003843101148959249
0.0004015748272649944
0.0004141269309911877
0.00042209739331156015
0.00042572073289193213
0.00042530641076155007
0.00042122695595026016
0.0004138898220844567
0.00040372091461904347
0.00039114459650591016
0.00037656869972124696
0.00036037544487044215
0.0003429106727708131
0.00032448378624394536
0.0003053613181691617
0.0002857722865883261
0.0002659049059730023
0.00024591421242803335
0.00022592060850001872
0.0002060175611404702
0.00018627139797899872
0.00016672776837367564
0.00014741210907232016
0.00012833485379815102
0.00010949201532639563
9.08691727090627e-05
7.244224980240688e-05
5.4180400184122846e-05
3.604688390623778e-05
1.8001186617766507e-05
0.0
0.0
5.53808749828022e-05
0.00010996941273333505
0.00016298462287522852
0.0002136695693479851
0.00026130100013688207
0.00030521355802193284
0.00034481132752262056
0.0003796013770624995
0.00040920093306340277
0.00043337023817002773
0.0004520057700574398
0.0004651590425055474
0.00047301105223596096
0.00047587070730514824
0.0004741371958516538
0.00046828240738250315
0.0004588149895425886
0.00044625753071159124
0.00043112289858981967
0.00041389503167010844
0.0003950202080886811
0.000374894414562732
0.0003538658784236759
0.00033222840283997357
0.00031022969051264226
0.00028806854970753193
0.0002659049059730023
0.00024385923461522907
0.0002220216119894758
0.0002004522830247879
0.00017918914090842009
0.00015824851288925856
0.00013763101014774293
0.00011732224811566994
9.729726298246533e-05
7.752125384286046e-05
5.795270044473e-05
3.854417445836589e-05
1.924456410051789e-05
0.0
0.0
6.275917257880792e-05
0.00012460906873457134
0.00018465230823494494
0.0002420124801574275
0.00029584416188299656
0.0003453608660493046
0.0003898515133187175
0.0004287238116376102
0.00046151780406944454
0.0004879502230323851
0.0005079091642983258
0.0005214789416640997
0.0005289076361805201
0.0005306025850586593
0.0005270804977044463
0.0005189412622712553
0.0005068214377388358
0.0004913630546070635
0.00047318520955741405
0.00045286049135029316
0.00043090677354484797
0.00040777368121780455
0.00038384858635254204
0.00035945052513852715
0.00033484253799542785
0.00031022969051264226
0.0002857722865883261
0.0002615860430523753
0.00023775336740072817
0.00021432427456602454
0.0001913251617224887
0.0001687599578872323
0.0001466164831072092
0.00012486748164519668
0.00010347515490138903
8.239207818405703e-05
6.156430026749149e-05
4.0932209230959415e-05
2.0432686142157763e-05
0.0
0.0
7.10414897184819e-05
0.00014104608271736652
0.00020899025548715144
0.0002738632610999048
0.00033467705361545086
0.00039049776387400925
0.00044046982657164335
0.0004838726599700749
0.0005201447056606412
0.0005489444592967629
0.0005701485206373036
0.0005838852957822382
0.0005904927966184914
0.0005905095604248345
0.000584607245400548
0.0005735518061555922
0.0005581421428360045
0.000539167842362076
0.0005173756508156657
0.0004934398457407951
0.00046795737580396235
0.0004414330469444394
0.0004142917459830642
0.00038687337655574083
0.00035945052513852715
0.00033222840283997357
0.0003053613181691617
0.00027895430685020983
0.00025307651958428323
0.00022776282276026905
0.0002030238538281992
0.00017884737462736666
0.00015520524175371975
0.00013205457071308047
0.0001093424143618904
8.700674516148865e-05
6.497946014860645e-05
4.318727951613255e-05
2.1553734768531285e-05
0.0
0.0
8.034460915951058e-05
0.00015951575187500566
0.0002363572857575491
0.00030970960506238043
0.00037841833545826375
0.00044136890210211277
0.0004975221236236393
0.0005459890235215425
0.0005860720411874354
0.0006173497531563044
0.000639681878965348
0.0006532552069984376
0.000658528704661876
0.0006562161725014448
0.0006471943343058228
0.0006324449204839766
0.000612973584793508
0.0005897521041333675
0.0005636791465803981
0.0005355448229238391
0.0005060308030806482
0.0004756963753607124
0.0004449989355634898
0.0004142917459830642
0.00038384858635254204
0.0003538658784236759
0.00032448378624394536
0.00029578915564343333
0.0002678311138879508
0.00024062384909484535
0.00021415716037154198
0.00018839864060282707
0.00016330069047398865
0.0001388020027661696
0.00011483210255391896
9.131238039117306e-05
6.815893721068278e-05
4.528342833509669e-05
2.259478969790507e-05
0.0
0.0
9.078074799617752e-05
0.00018024530436377972
0.00026710532256402075
0.00035003962693735957
0.0004277005500625819
0.000498750654514879
0.0005619149305857718
0.0006160812918096781
0.0006603673100471497
0.0006942404434084892
0.0007175346254371107
0.0007305137696675956
0.000733798835426569
0.0007283383747562766
0.0007152808248065412
0.0006958885933272541
0.0006714302580803633
0.0006431015790440142
0.0006119810859672725
0.0005789878778159618
0.00054489157628268
0.0005103008588775992
0.0004756963753607124
0.0004414330469444394
0.00040777368121780455
0.000374894414562732
0.0003429106727708131
0.0003118820022791624
0.0002818297944031656
0.0002527408942114562
0.00022457905288320035
0.00019728725601453334
0.00017079491226468235
0.0001450194395147264
0.00011987049219897017
9.525105269858614e-05
7.105991244316101e-05
4.7192406782414764e-05
2.354182106500957e-05
0.0
0.0
0.00010244485747534782
0.00020342876086942852
0.0003015416150446981
0.0003952918923459947
0.0004831088299397379
0.0005633795517496765
0.0006345256115309894
0.0006951382965780795
0.0007440843037329614
0.0007806766661815345
0.0008047096198424697
0.0008165480103343725
0.0008170288056135178
0.0008074130746535957
0.0007892070570960641
0.0007640367839485407
0.000733503547962755
0.000699076394084841
0.0006620441563427448
0.0006234664469957352
0.0005841997917741537
0.00054489157628268
0.0005060308030806482
0.00046795737580396235
0.00043090677354484797
0.0003950202080886811
0.00036037544487044215
0.00032699407893233
0.0002948608889710158
0.00026392837753519416
0.0002341283980058506
0.00020537496311590075
0.0001775708660716191
0.0001506095431977883
0.0001243786100530997
9.876100375549868e-05
7.363688928307965e-05
4.888427793048322e-05
2.4379980459343642e-05
0.0
0.0
0.00011538602848304436
0.00022916907619219273
0.00033984295441769063
0.0004457432951312512
0.0005450445460155606
0.0006357949459925294
0.0007160275126807392
0.0007839420577511191
0.0008380678482353687
0.0008775054011493921
0.0009019899880513549
0.000912016665097326
0.0009087067446671426
0.000893732241820544
0.0008690662798471749
0.0008368000853806734
0.0007989515434019268
0.0007573195616714656
0.0007134346524253488
0.0006685049738734961
0.0006234664469957352
0.0005789878778159618
0.0005355448229238391
0.0004934398457407951
0.00045286049135029316
0.00041389503167010844
0.00037656869972124696
0.00034085314837284386
0.0003066868521273136
0.0002739806950557977
0.00024262882652692497
0.0002125119062839076
0.00018350283789914101
0.00015546854410786182
0.00012827280443161726
0.0001017771428450942
7.584212289657444e-05
5.032772241975181e-05
2.5093755539273843e-05
0.0
0.0
0.00012958199658896774
0.00025742713478393853
0.00038197715184651315
0.0005014008493162692
0.0006135863368399441
0.0007161694229580462
0.000806692405603826
0.0008828474674373865
0.0009427187032997608
0.000985121470876038
0.0010097058257088065
0.0010171323083341122
0.0010088890558108687
0.0009871784131973982
0.0009545701905153692
0.0009137415327131748
0.0008672227850183845
0.0008172039524652064
0.0007654883083887398
0.0007134346524253488
0.0006620441563427448
0.0006119810859672725
0.0005636791465803981
0.0005173756508156657
0.00047318520955741405
0.00043112289858981967
0.00039114459650591016
0.0003531593829393387
0.0003170495911035687
0.00028267709421925247
0.0002498928806744516
0.00021854028454981744
0.00018845942395273596
0.00015948874352034181
0.00013146671699360013
0.00010423258208902553
7.762670429656282e-05
5.1490726036718115e-05
2.5667321096989326e-05
0.0
0.0
0.00014488199667539448
0.0002879064704757184
0.0004275268584024161
0.0005617619026452303
0.0006881845183670521
0.0008039387175813317
0.0009059622534550726
0.0009913070825859904
0.0010574881453067064
0.0011029505403712392
0.0011272282572463155
0.0011311855632811785
0.001116770668886602
0.001086850417777896
0.0010447371751070023
0.0009938253788277507
0.0009372607455588877
0.0008776860195212066
0.0008172039524652064
0.0007573195616714656
0.000699076394084841
0.0006431015790440142
0.0005897521041333675
0.000539167842362076
0.0004913630546070635
0.00044625753071159124
0.00040372091461904347
0.00036358702345751226
0.0003256726486142725
0.00028978416230529547
0.0002557245607022196
0.00022329676721710712
0.0001923058443935588
0.00016256044909823686
0.00013387296348810196
0.00010605998249957338
7.894160808064044e-05
5.234130367171019e-05
2.6084884666488506e-05
0.0
0.0
0.00016097792831715196
0.00031999475322663784
0.0004755976260639727
0.0006256825290620327
0.000767484656535089
0.0008975787204690278
0.0010121815139427781
0.0011075666407123208
0.0011805492686107755
0.0012291137827560306
0.001252643414773047
0.0012522456236183643
0.001230425201356411
0.0011908516753464937
0.0011377286864444613
0.001075300038792193
0.001007427112199366
0.0009372607455588877
0.0008672227850183845
0.0007989515434019268
0.000733503547962755
0.0006714302580803633
0.000612973584793508
0.0005581421428360045
0.0005068214377388358
0.0004588149895425886
0.0004138898220844567
0.00037179343053139746
0.0003322690608911216
0.0002950622874777764
0.0002599247673060745
0.00022661684488411993
0.00019490739214234054
0.00016457479796372354
0.00013540532381739467
0.00010719322017394006
7.973885658429936e-05
5.284822327666916e-05
2.6331059416406788e-05
0.0
0.0
0.0001773388939909637
0.0003526334185153246
0.0005246142391115427
0.0006910907686688006
0.0008489498286508024
0.0009941328316926956
0.0011220350861549377
0.0012280293740332127
0.0013081127544865012
0.0013597261859104037
0.0013820698950439692
0.0013765284093096852
0.0013462478527799249
0.0012958230217918754
0.001230477704666555
0.0011554171796888113
0.001075300038792193
0.0009938253788277507
0.0009137415327131748
0.0008368000853806734
0.0007640367839485407
0.0006958885933272541
0.0006324449204839766
0.0005735518061555922
0.0005189412622712553
0.00046828240738250315
0.00042122695595026016
0.00037742769927717745
0.0003365489828865975
0.0002982726146001369
0.00026229716604575515
0.0002283399662701413
0.00019613378390204161
0.0001654273219173774
0.000135981579660438
0.00010756960546132177
7.997318607522175e-05
5.298211908666417e-05
2.6391404389869422e-05
0.0
0.0
0.00019321929721627384
0.0003843321464955807
0.0005723392241634429
0.0007550044101662934
0.0009288713918067515
0.0010892126010730863
0.0012305370764806867
0.0013472328428179026
0.001434396137483418
0.0014888652367517352
0.001509631983935833
0.0014983806759119034
0.0014589561615139246
0.001396960113197565
0.0013187219155952334
0.001230477704666555
0.0011377286864444613
0.0010447371751070023
0.0009545701905153692
0.0008690662798471749
0.0007892070570960641
0.0007152808248065412
0.0006471943343058228
0.000584607245400548
0.0005270804977044463
0.0004741371958516538
0.00042530641076155007
0.00038014253368601203
0.00033822920522652566
0.00029918429208919406
0.0002626540372148156
0.00022831404930911958
0.00019586263806559145
0.00016502062499057502
0.00013552565360441804
0.00010713141818996519
7.960309449117631e-05
5.271616464597173e-05
2.6252746465615928e-05
0.0
0.0
0.00020765267254319042
0.0004131593450438231
0.0006158524192869663
0.0008134907693602145
0.0010023006470873952
0.0011768941767513752
0.0013308905763551593
0.001457677804864943
0.0015514318365603685
0.0016083716182038188
0.0016272716457024217
0.0016101178480312228
0.0015614631120115519
0.0014879291411489248
0.001396960113197565
0.0012958230217918754
0.0011908516753464937
0.001086850417777896
0.0009871784131973982
0.000893732241820544
0.0008074130746535957
0.0007283383747562766
0.0006562161725014448
0.0005905095604248345
0.0005306025850586593
0.00047587070730514824
0.00042572073289193213
0.0003796107484959066
0.00033704665838740766
0.00029758576420135796
0.0002608254726510495
0.0002264030626975
0.000193985688383691
0.00016326940385624766
0.00013397143629845232
0.00010582891991361976
7.859303877921775e-05
5.202746979193762e-05
2.5903886125888675e-05
0.0
0.0
0.00021954260591883212
0.0004369220114313066
0.0006518254522234201
0.0008620404987595975
0.0010635250946506858
0.0012502961326390505
0.0014151575742289424
0.0015505719929933548
0.0016498594777658582
0.0017086607404053211
0.0017255445709452033
0.0017027748981490731
0.0016455596778541803
0.0015614631120115519
0.0014589561615139246
0.0013462478527799249
0.001230425201356411
0.001116770668886602
0.0010088890558108687
0.0009087067446671426
0.0008170288056135178
0.000733798835426569
0.000658528704661876
0.0005904927966184914
0.0005289076361805201
0.00047301105223596096
0.00042209739331156015
0.0003755374054890126
0.00033276743488386273
0.000293291435809806
0.0002566642942838371
0.00022249063476920128
0.00019041140330955386
0.0001601023686816916
0.0001312642707489431
0.00010362135071773082
7.691411155974492e-05
5.089753176434897e-05
2.5335799364256673e-05
0.0
0.0
0.0002277758321724832
0.00045339451753534377
0.0006768698804080486
0.0008960410486906767
0.001106670475564897
0.0013023061910644174
0.0014750986592844129
0.0016167613212019205
0.0017199183348566294
0.0017797378823161125
0.0017946191364899278
0.001767051755450666
0.0017027748981490731
0.0016101178480312228
0.0014983806759119034
0.0013765284093096852
0.0012522456236183643
0.0011311855632811785
0.0010171323083341122
0.000912016665097326
0.0008165480103343725
0.0007305137696675956
0.0006532552069984376
0.0005838852957822382
0.0005214789416640997
0.0004651590425055474
0.0004141269309911877
0.00036768201971426606
0.00032520442618988454
0.00028615567134693265
0.0002500573464203626
0.000216489119338803
0.00018507230561226606
0.00015546796203125268
0.00012736543430946767
0.00010048032709164545
7.454648584825918e-05
4.931381772621535e-05
2.454241257510148e-05
0.0
0.0
0.00023136634263209999
0.0004606061556842178
0.0006879805587232113
0.0009113916312344372
0.001126499380916357
0.0013265664456412196
0.0015033321687951684
0.0016480322228744626
0.0017528427997604012
0.0018126270733773708
0.0018256742041558027
0.0017946191364899278
0.0017255445709452033
0.0016272716457024217
0.001509631983935833
0.0013820698950439692
0.001252643414773047
0.0011272282572463155
0.0010097058257088065
0.0009019899880513549
0.0008047096198424697
0.0007175346254371107
0.000639681878965348
0.0005701485206373036
0.0005079091642983258
0.0004520057700574398
0.0004015748272649944
0.0003558664466254413
0.00031422253232449293
0.0002760763163678348
0.0002409278240520507
0.00020834107999689877
0.0001779258018359542
0.00014933504280634224
0.00012225241516716778
9.639003837946802e-05
7.147952419472858e-05
4.7269786591641605e-05
2.3520624381490052e-05
0.0
0.0
0.0002296344464411959
0.0004571981553453952
0.0006830855272710323
0.0009052641689777374
0.0011193992104381323
0.0013186901342123747
0.0014947645831853151
0.0016387165524065495
0.001742584747262299
0.0018011366482824087
0.0018126270733773708
0.0017797378823161125
0.0017086607404053211
0.0016083716182038188
0.0014888652367517352
0.0013597261859104037
0.0012291137827560306
0.0011029505403712392
0.000985121470876038
0.0008775054011493921
0.0007806766661815345
0.0006942404434084892
0.0006173497531563044
0.0005489444592967629
0.0004879502230323851
0.00043337023817002773
0.0003843101148959249
0.0003399972338229418
0.0002997562987729907
0.0002630086964927614
0.00022924627410247922
0.00019802813767455518
0.0001689613563939929
0.00014169831410981715
0.00011592336522880942
9.135052096098661e-05
6.771412154193968e-05
4.4766435166820884e-05
2.2271049601840787e-05
0.0
0.0
0.00022227632871363312
0.0004425653023645282
0.0006612650468014181
0.0008764091180637479
0.0010837818263098598
0.0012767580337822437
0.0014471763279289007
0.0015863520093262196
0.0016865218058228493
0.001742584747262299
0.0017528427997604012
0.0017199183348566294
0.0016498594777658582
0.0015514318365603685
0.001434396137483418
0.0013081127544865012
0.0011805492686107755
0.0010574881453067064
0.0009427187032997608
0.0008380678482353687
0.0007440843037329614
0.0006603673100471497
0.0005860720411874354
0.0005201447056606412
0.00046151780406944454
0.00040920093306340277
0.0003623055818025023
0.00032006468973122537
0.0002818084030877799
0.00024696390028111637
0.0002150290529243648
0.00018556942814029753
0.00015819893451407552
0.00013257715909276158
0.00010839587775990367
8.537678513675928e-05
6.326202856143937e-05
4.181183612672612e-05
2.0797791876248084e-05
0.0
0.0
0.0002094561350531876
0.0004170358588453382
0.0006230295402929187
0.0008255421998910606
0.001020587980747223
0.0012019432615488768
0.0013619596138596535
0.0014925134601071477
0.0015863520093262196
0.0016387165524065495
0.0016480322228744626
0.0016167613212019205
0.0015505719929933548
0.001457677804864943
0.0013472328428179026
0.0012280293740332127
0.0011075666407123208
0.0009913070825859904
0.0008828474674373865
0.0007839420577511191
0.0006951382965780795
0.0006160812918096781
0.0005459890235215425
0.0004838726599700749
0.0004287238116376102
0.0003796013770624995
0.00033565788180567324
0.00029615912353619933
0.00026046292623504996
0.00022801947488915175
0.0001983468682738021
0.00017102852871175855
0.00014569472114089876
0.00012202006473671645
9.971060353564098e-05
7.850147085264325e-05
5.814781252411194e-05
3.8422389479819685e-05
1.9109060303890146e-05
0.0
0.0
0.00019171166059095412
0.00038168710307218134
0.0005700344918295741
0.0007549475412815809
0.000932769849896431
0.0010978694772347808
0.0012433610390871763
0.0013619596138596535
0.0014471763279289007
0.0014947645831853151
0.0015033321687951684
0.0014750986592844129
0.0014151575742289424
0.0013308905763551593
0.0012305370764806867
0.0011220350861549377
0.0010121815139427781
0.0009059622534550726
0.000806692405603826
0.0007160275126807392
0.0006345256115309894
0.0005619149305857718
0.0004975221236236393
0.00044046982657164335
0.0003898515133187175
0.00034481132752262056
0.0003045730118174106
0.00026845946558751166
0.0002358760975766927
0.0002063120191451162
0.0001793188275769353
0.00015450856881216168
0.00013153698819223791
0.00011010138405254111
8.992859511636198e-05
7.077286863932386e-05
5.240736572886817e-05
3.4621876693563536e-05
1.7216701962752268e-05
0.0
0.0
0.0001698822306934744
0.0003381980350241065
0.0005048522725701332
0.0006681587547063828
0.0008248731610365212
0.0009700930095277727
0.0010978694772347808
0.0012019432615488768
0.0012767580337822437
0.0013186901342123747
0.0013265664456412196
0.0013023061910644174
0.0012502961326390505
0.0011768941767513752
0.0010892126010730863
0.0009941328316926956
0.0008975787204690278
0.0008039387175813317
0.0007161694229580462
0.0006357949459925294
0.0005633795517496765
0.000498750654514879
0.00044136890210211277
0.00039049776387400925
0.0003453608660493046
0.00030521355802193284
0.00026937355869449675
0.00023724010679870844
0.00020828258129768074
0.00018204269872512668
0.0001581171527504921
0.00013615627540275455
0.00011584960157051682
9.692410822026432e-05
7.91335478425026e-05
6.225660035852343e-05
4.6089149691397324e-05
3.044225559278857e-05
1.5136591173359193e-05
0.0
0.0
0.00014492854825221002
0.00028849017689935863
0.00043041835306212306
0.0005691914702765644
0.0007020403281785548
0.0008248731610365212
0.000932769849896431
0.001020587980747223
0.0010837818263098598
0.0011193992104381323
0.001126499380916357
0.001106670475564897
0.0010635250946506858
0.0010023006470873952
0.0009288713918067515
0.0008489498286508024
0.000767484656535089
0.0006881845183670521
0.0006135863368399441
0.0005450445460155606
0.0004831088299397379
0.0004277005500625819
0.00037841833545826375
0.00033467705361545086
0.00029584416188299656
0.00026130100013688207
0.00023047381546348333
0.00020285180653445423
0.0001779806480044499
0.00015546553186140954
0.00013495783787220716
0.00011615442053880543
9.87858438747935e-05
8.261499169748276e-05
6.742799450876191e-05
5.303273064782843e-05
3.925209603039548e-05
2.592229975562077e-05
1.2887961929664016e-05
0.0
0.0
0.000117786847113166
0.00023443604004569352
0.0003495800483506173
0.00046191542060114443
0.0005691914702765644
0.0006681587547063828
0.0007549475412815809
0.0008255421998910606
0.0008764091180637479
0.0009052641689777374
0.0009113916312344372
0.0008960410486906767
0.0008620404987595975
0.0008134907693602145
0.0007550044101662934
0.0006910907686688006
0.0006256825290620327
0.0005617619026452303
0.0005014008493162692
0.0004457432951312512
0.0003952918923459947
0.00035003962693735957
0.00030970960506238043
0.0002738632610999048
0.0002420124801574275
0.0002136695693479851
0.00018837646348401904
0.00016572049935348332
0.00014533207286149263
0.00012688788410741836
0.00011010138405254111
9.472269448451698e-05
8.05293457233347e-05
6.732535257469863e-05
5.493393473443575e-05
4.3196265323786065e-05
3.1966003007255495e-05
2.1107854990987107e-05
1.0493533409317024e-05
0.0
0.0
8.925699512474239e-05
0.00017763169307727367
0.0002647496003191918
0.0003495800483506173
0.00043041835306212306
0.0005048522725701332
0.0005700344918295741
0.0006230295402929187
0.0006612650468014181
0.0006830855272710323
0.0006879805587232113
0.0006768698804080486
0.0006518254522234201
0.0006158524192869663
0.0005723392241634429
0.0005246142391115427
0.0004755976260639727
0.0004275268584024161
0.00038197715184651315
0.00033984295441769063
0.0003015416150446981
0.00026710532256402075
0.0002363572857575491
0.00020899025548715144
0.00018465230823494494
0.00016298462287522852
0.00014364614617079496
0.00012632641301024705
0.00011074545909650624
9.665701509220526e-05
8.384202374145389e-05
7.210893090814352e-05
6.128691893536597e-05
5.122537913848646e-05
4.178837116342038e-05
3.2853768061613664e-05
2.4309054424520582e-05
1.6050233170972206e-05
7.978724170243368e-06
0.0
0.0
5.991308353259228e-05
0.00011922104749828577
0.00017763169307727367
0.00023443604004569352
0.00028849017689935863
0.0003381980350241065
0.00038168710307218134
0.0004170358588453382
0.0004425653023645282
0.0004571981553453952
0.0004606061556842178
0.00045339451753534377
0.0004369220114313066
0.0004131593450438231
0.0003843321464955807
0.0003526334185153246
0.00031999475322663784
0.0002879064704757184
0.00025742713478393853
0.00022916907619219273
0.00020342876086942852
0.00018024530436377972
0.00015951575187500566
0.00014104608271736652
0.00012460906873457134
0.00010996941273333505
9.69014799920842e-05
8.519821130903438e-05
7.467195973731577e-05
6.515692075481638e-05
5.650520324707031e-05
4.85871933051385e-05
4.128717046114616e-05
3.45029984600842e-05
2.8142461815150455e-05
2.2122698283055797e-05
1.636736669752281e-05
1.0805923920997884e-05
5.371502993511967e-06
0.0
0.0
3.011565604538191e-05
5.991308353259228e-05
8.925699512474239e-05
0.000117786847113166
0.00014492854825221002
0.0001698822306934744
0.00019171166059095412
0.0002094561350531876
0.00022227632871363312
0.0002296344464411959
0.00023136634263209999
0.0002277758321724832
0.00021954260591883212
0.00020765267254319042
0.00019321929721627384
0.0001773388939909637
0.00016097792831715196
0.00014488199667539448
0.00012958199658896774
0.00011538602848304436
0.00010244485747534782
9.078074799617752e-05
8.034460915951058e-05
7.10414897184819e-05
6.275917257880792e-05
5.53808749828022e-05
4.879410334979184e-05
4.289528806111775e-05
3.7590289139188826e-05
3.2795738661661744e-05
2.8437154469429515e-05
2.4449160264339298e-05
2.077335011563264e-05
1.7358142940793186e-05
1.4156953511701431e-05
1.1127913239761256e-05
8.232454092649277e-06
5.434935246739769e-06
2.701577386687859e-06
0.0
0.0
0.0
0.0
0.0
0.0
0.0
0.0
0.0
0.0
0.0
0.0
0.0
0.0
0.0
0.0
0.0
0.0
0.0
0.0
0.0
0.0
0.0
0.0
0.0
0.0
0.0
0.0
0.0
0.0
0.0
0.0
0.0
0.0
0.0
0.0
0.0
0.0
0.0
0.0
0.0
0.0
