2.0
1.9969173669815063
1.9876883029937744
1.972369909286499
1.9510564804077148
1.9238795042037964
1.8910064697265625
1.852640151977539
1.8090169429779053
1.7604060173034668
1.7071068286895752
1.649448037147522
1.587785243988037
1.522498607635498
1.4539904594421387
1.3826833963394165
1.3090169429779053
1.233445405960083
1.156434416770935
1.0784591436386108
1.0
0.9215409159660339
0.8435655236244202
0.7665546536445618
0.69098299741745
0.6173165440559387
0.5460094809532166
0.47750142216682434
0.4122147560119629
0.350551962852478
0.2928932309150696
0.23959402740001678
0.19098301231861115
0.14735983312129974
0.10899347811937332
0.07612046599388123
0.04894348233938217
0.02763007953763008
0.012311659753322601
0.003082666313275695
0.0
1.9969173669815063
1.9762892723083496
1.955932378768921
1.9329915046691895
1.9065669775009155
1.8761346340179443
1.8414980173110962
1.8025938272476196
1.7594728469848633
1.7122538089752197
1.6611183881759644
1.6062922477722168
1.5480437278747559
1.4866727590560913
1.4225101470947266
1.3559095859527588
1.2872470617294312
1.2169140577316284
1.1453170776367188
1.072871446609497
1.0
0.9271285533905029
0.854682981967926
0.7830858826637268
0.7127529978752136
0.6440903544425964
0.5774897933006287
0.5133271813392639
0.45195627212524414
0.393707811832428
0.3388816714286804
0.28774622082710266
0.24052713811397552
0.19740614295005798
0.158501997590065
0.12386534363031387
0.09343305975198746
0.06700846552848816
0.044067636132240295
0.023710692301392555
0.003082666313275695
1.9876883029937744
1.955932378768921
1.9264243841171265
1.896873116493225
1.8657814264297485
1.8323038816452026
1.7959619760513306
1.7564829587936401
1.7137547731399536
1.6677632331848145
1.6185811758041382
1.5663398504257202
1.5112251043319702
1.4534621238708496
1.3933134078979492
1.3310683965682983
1.2670421600341797
1.2015678882598877
1.1349948644638062
1.0676829814910889
1.0
0.9323169589042664
0.8650050759315491
0.7984321117401123
0.7329578399658203
0.6689316034317017
0.6066865921020508
0.5465378165245056
0.4887748956680298
0.4336601495742798
0.38141876459121704
0.33223670721054077
0.2862452566623688
0.24351699650287628
0.20403800904750824
0.16769610345363617
0.13421861827373505
0.10312692075967789
0.07357560843229294
0.044067636132240295
0.012311659753322601
1.972369909286499
1.9329915046691895
1.896873116493225
1.8620471954345703
1.8271043300628662
1.791056513786316
1.753275752067566
1.7133458852767944
1.6710319519042969
1.626212239265442
1.5788668394088745
1.529044270515442
1.47685706615448
1.4224623441696167
1.3660598993301392
1.30787992477417
1.2481809854507446
1.1872419118881226
1.1253588199615479
1.062839388847351
1.0
0.9371606111526489
0.8746412396430969
0.8127580881118774
0.7518189549446106
0.6921201348304749
0.6339401602745056
0.5775377154350281
0.52314293384552
0.47095566987991333
0.4211331605911255
0.3737877607345581
0.32896801829338074
0.2866540551185608
0.24672426283359528
0.2089434713125229
0.17289571464061737
0.1379527598619461
0.10312692075967789
0.06700846552848816
0.02763007953763008
1.9510564804077148
1.9065669775009155
1.8657814264297485
1.8271043300628662
1.7892588376998901
1.7512749433517456
1.712462306022644
1.6723284721374512
1.6305557489395142
1.5869438648223877
1.5413994789123535
1.4939030408859253
1.4445037841796875
1.3932995796203613
1.3404343128204346
1.286084771156311
1.2304582595825195
1.1737831830978394
1.116307258605957
1.058289885520935
1.0
0.9417100548744202
0.883692741394043
0.8262168169021606
0.7695417404174805
0.7139151692390442
0.6595656275749207
0.6067004203796387
0.5554962158203125
0.5060968995094299
0.4586004614830017
0.4130561351776123
0.3694442808628082
0.3276715874671936
0.28753775358200073
0.2487250566482544
0.21074111759662628
0.17289571464061737
0.13421861827373505
0.09343305975198746
0.04894348233938217
1.9238795042037964
1.8761346340179443
1.8323038816452026
1.791056513786316
1.7512749433517456
1.7120510339736938
1.6726962327957153
1.6326885223388672
1.5916635990142822
1.5493693351745605
1.5056583881378174
1.4604582786560059
1.4137663841247559
1.3656305074691772
1.3161464929580688
1.2654438018798828
1.213683843612671
1.1610502004623413
1.1077463626861572
1.0539878606796265
1.0
0.9460121989250183
0.8922536969184875
0.8389497399330139
0.7863161563873291
0.7345561981201172
0.6838535070419312
0.634369432926178
0.5862336754798889
0.5395417809486389
0.49434155225753784
0.45063069462776184
0.4083363711833954
0.3673114478588104
0.3273037075996399
0.28794893622398376
0.2487250566482544
0.2089434713125229
0.16769610345363617
0.12386534363031387
0.07612046599388123
1.8910064697265625
1.8414980173110962
1.7959619760513306
1.753275752067566
1.712462306022644
1.6726962327957153
1.633320689201355
1.5938152074813843
1.553796410560608
1.5129823684692383
1.4711897373199463
1.4283068180084229
1.3842906951904297
1.3391488790512085
1.292936086654663
1.2457414865493774
1.1976865530014038
1.14891517162323
1.0995910167694092
1.0498906373977661
1.0
0.9501094222068787
0.9004089832305908
0.85108482837677
0.8023133873939514
0.7542585134506226
0.7070639729499817
0.6608511209487915
0.6157092452049255
0.5716932415962219
0.5288102626800537
0.4870176315307617
0.4462035894393921
0.40618476271629333
0.3666793704032898
0.3273037075996399
0.28753775358200073
0.24672426283359528
0.20403800904750824
0.158501997590065
0.10899347811937332
1.852640151977539
1.8025938272476196
1.7564829587936401
1.7133458852767944
1.6723284721374512
1.6326885223388672
1.5938152074813843
1.5552089214324951
1.5164854526519775
1.4773508310317993
1.4376002550125122
1.3970956802368164
1.3557645082473755
1.3135820627212524
1.2705702781677246
1.2267847061157227
1.1823123693466187
1.1372625827789307
1.0917645692825317
1.0459599494934082
1.0
0.9540400505065918
0.9082354307174683
0.8627373576164246
0.8176876306533813
0.7732152938842773
0.7294296622276306
0.6864179372787476
0.6442355513572693
0.6029043197631836
0.5623997449874878
0.5226491689682007
0.48351454734802246
0.44479113817214966
0.40618476271629333
0.3673114478588104
0.3276715874671936
0.2866540551185608
0.24351699650287628
0.19740614295005798
0.14735983312129974
1.8090169429779053
1.7594728469848633
1.7137547731399536
1.6710319519042969
1.6305557489395142
1.5916635990142822
1.553796410560608
1.5164854526519775
1.4793591499328613
1.4421236515045166
1.4045647382736206
1.3665285110473633
1.3279218673706055
1.288696527481079
1.2488484382629395
1.2084057331085205
1.1674268245697021
1.125991702079773
1.0841997861862183
1.042162299156189
1.0
0.9578377604484558
0.9158002734184265
0.8740082383155823
0.8325731754302979
0.7915942668914795
0.7511515617370605
0.7113034725189209
0.6720781922340393
0.6334714889526367
0.5954352617263794
0.5578762888908386
0.5206409096717834
0.48351454734802246
0.4462035894393921
0.4083363711833954
0.3694442808628082
0.32896801829338074
0.2862452566623688
0.24052713811397552
0.19098301231861115
1.7604060173034668
1.7122538089752197
1.6677632331848145
1.626212239265442
1.5869438648223877
1.5493693351745605
1.5129823684692383
1.4773508310317993
1.4421236515045166
1.407016634941101
1.3718146085739136
1.3363568782806396
1.3005375862121582
1.2642922401428223
1.2275971174240112
1.1904587745666504
1.1529126167297363
1.1150141954421997
1.076837420463562
1.0384678840637207
1.0
0.9615321159362793
0.923162579536438
0.8849858045578003
0.8470873832702637
0.8095411658287048
0.7724028825759888
0.7357078194618225
0.6994624137878418
0.6636431217193604
0.6281854510307312
0.5929834246635437
0.5578762888908386
0.5226491689682007
0.4870176315307617
0.45063069462776184
0.4130561351776123
0.3737877607345581
0.33223670721054077
0.28774622082710266
0.23959402740001678
1.7071068286895752
1.6611183881759644
1.6185811758041382
1.5788668394088745
1.5413994789123535
1.5056583881378174
1.4711897373199463
1.4376002550125122
1.4045647382736206
1.3718146085739136
1.3391411304473877
1.3063836097717285
1.2734299898147583
1.2402055263519287
1.2066730260849
1.1728227138519287
1.138671636581421
1.1042556762695312
1.0696277618408203
1.0348517894744873
1.0
0.9651482105255127
0.9303722381591797
0.8957443237304688
0.8613283038139343
0.8271772265434265
0.7933269739151001
0.7597944140434265
0.7265700101852417
0.6936163306236267
0.6608588695526123
0.6281854510307312
0.5954352617263794
0.5623997449874878
0.5288102626800537
0.49434155225753784
0.4586004614830017
0.4211331605911255
0.38141876459121704
0.3388816714286804
0.2928932309150696
1.649448037147522
1.6062922477722168
1.5663398504257202
1.529044270515442
1.4939030408859253
1.4604582786560059
1.4283068180084229
1.3970956802368164
1.3665285110473633
1.3363568782806396
1.3063836097717285
1.2764532566070557
1.2464529275894165
1.2163033485412598
1.1859581470489502
1.155396580696106
1.1246215105056763
1.0936535596847534
1.0625286102294922
1.0312929153442383
1.0
0.9687071442604065
0.937471330165863
0.9063464403152466
0.875378429889679
0.844603419303894
0.8140418529510498
0.783696711063385
0.7535470128059387
0.7235467433929443
0.6936163306236267
0.6636431217193604
0.6334714889526367
0.6029043197631836
0.5716932415962219
0.5395417809486389
0.5060968995094299
0.47095566987991333
0.4336601495742798
0.393707811832428
0.350551962852478
1.587785243988037
1.5480437278747559
1.5112251043319702
1.47685706615448
1.4445037841796875
1.4137663841247559
1.3842906951904297
1.3557645082473755
1.3279218673706055
1.3005375862121582
1.2734299898147583
1.2464529275894165
1.2194974422454834
1.1924835443496704
1.1653608083724976
1.1381008625030518
1.1106969118118286
1.0831577777862549
1.0555061101913452
1.0277739763259888
1.0
0.9722260236740112
0.94449383020401
0.9168422222137451
0.8893030881881714
0.8618991374969482
0.8346391916275024
0.8075163960456848
0.7805025577545166
0.7535470128059387
0.7265700101852417
0.6994624137878418
0.6720781922340393
0.6442355513572693
0.6157092452049255
0.5862336754798889
0.5554962158203125
0.52314293384552
0.4887748956680298
0.45195627212524414
0.4122147560119629
1.522498607635498
1.4866727590560913
1.4534621238708496
1.4224623441696167
1.3932995796203613
1.3656305074691772
1.3391488790512085
1.3135820627212524
1.288696527481079
1.2642922401428223
1.2402055263519287
1.2163033485412598
1.1924835443496704
1.1686697006225586
1.1448103189468384
1.1208734512329102
1.0968459844589233
1.072728157043457
1.0485330820083618
1.02428138256073
1.0
0.9757186770439148
0.951466977596283
0.9272717833518982
0.9031540751457214
0.8791265487670898
0.8551896810531616
0.8313302993774414
0.8075163960456848
0.783696711063385
0.7597944140434265
0.7357078194618225
0.7113034725189209
0.6864179372787476
0.6608511209487915
0.634369432926178
0.6067004203796387
0.5775377154350281
0.5465378165245056
0.5133271813392639
0.47750142216682434
1.4539904594421387
1.4225101470947266
1.3933134078979492
1.3660598993301392
1.3404343128204346
1.3161464929580688
1.292936086654663
1.2705702781677246
1.2488484382629395
1.2275971174240112
1.2066730260849
1.1859581470489502
1.1653608083724976
1.1448103189468384
1.1242575645446777
1.1036700010299683
1.0830308198928833
1.0623352527618408
1.0415890216827393
1.0208046436309814
1.0
0.9791954159736633
0.9584110379219055
0.9376647472381592
0.9169691801071167
0.8963299989700317
0.8757423758506775
0.8551896810531616
0.8346391916275024
0.8140418529510498
0.7933269739151001
0.7724028825759888
0.7511515617370605
0.7294296622276306
0.7070639729499817
0.6838535070419312
0.6595656275749207
0.6339401602745056
0.6066865921020508
0.5774897933006287
0.5460094809532166
1.3826833963394165
1.3559095859527588
1.3310683965682983
1.30787992477417
1.286084771156311
1.2654438018798828
1.2457414865493774
1.2267847061157227
1.2084057331085205
1.1904587745666504
1.1728227138519287
1.155396580696106
1.1381008625030518
1.1208734512329102
1.1036700010299683
1.0864595174789429
1.0692245960235596
1.051957368850708
1.0346589088439941
1.0173360109329224
1.0
0.9826639890670776
0.9653410911560059
0.948042631149292
0.9307754039764404
0.9135404825210571
0.8963299989700317
0.8791265487670898
0.8618991374969482
0.844603419303894
0.8271772265434265
0.8095411658287048
0.7915942668914795
0.7732152938842773
0.7542585134506226
0.7345561981201172
0.7139151692390442
0.6921201348304749
0.6689316034317017
0.6440903544425964
0.6173165440559387
1.3090169429779053
1.2872470617294312
1.2670421600341797
1.2481809854507446
1.2304582595825195
1.213683843612671
1.1976865530014038
1.1823123693466187
1.1674268245697021
1.1529126167297363
1.138671636581421
1.1246215105056763
1.1106969118118286
1.0968459844589233
1.0830308198928833
1.0692245960235596
1.0554108619689941
1.0415807962417603
1.0277330875396729
1.0138705968856812
1.0
0.9861294031143188
0.9722669124603271
0.958419144153595
0.9445891976356506
0.9307754039764404
0.9169691801071167
0.9031540751457214
0.8893030881881714
0.875378429889679
0.8613283038139343
0.8470873832702637
0.8325731754302979
0.8176876306533813
0.8023133873939514
0.7863161563873291
0.7695417404174805
0.7518189549446106
0.7329578399658203
0.7127529978752136
0.69098299741745
1.233445405960083
1.2169140577316284
1.2015678882598877
1.1872419118881226
1.1737831830978394
1.1610502004623413
1.14891517162323
1.1372625827789307
1.125991702079773
1.1150141954421997
1.1042556762695312
1.0936535596847534
1.0831577777862549
1.072728157043457
1.0623352527618408
1.051957368850708
1.0415807962417603
1.0311977863311768
1.0208055973052979
1.01040518283844
1.0
0.9895948767662048
0.9791944622993469
0.9688022136688232
0.958419144153595
0.948042631149292
0.9376647472381592
0.9272717833518982
0.9168422222137451
0.9063464403152466
0.8957443237304688
0.8849858045578003
0.8740082383155823
0.8627373576164246
0.85108482837677
0.8389497399330139
0.8262168169021606
0.8127580881118774
0.7984321117401123
0.7830858826637268
0.7665546536445618
1.156434416770935
1.1453170776367188
1.1349948644638062
1.1253588199615479
1.116307258605957
1.1077463626861572
1.0995910167694092
1.0917645692825317
1.0841997861862183
1.076837420463562
1.0696277618408203
1.0625286102294922
1.0555061101913452
1.0485330820083618
1.0415890216827393
1.0346589088439941
1.0277330875396729
1.0208055973052979
1.0138739347457886
1.0069382190704346
1.0
0.9930617809295654
0.9861260056495667
0.9791944622993469
0.9722669124603271
0.9653410911560059
0.9584110379219055
0.951466977596283
0.94449383020401
0.937471330165863
0.9303722381591797
0.923162579536438
0.9158002734184265
0.9082354307174683
0.9004089832305908
0.8922536969184875
0.883692741394043
0.8746412396430969
0.8650050759315491
0.854682981967926
0.8435655236244202
1.0784591436386108
1.072871446609497
1.0676829814910889
1.062839388847351
1.058289885520935
1.0539878606796265
1.0498906373977661
1.0459599494934082
1.042162299156189
1.0384678840637207
1.0348517894744873
1.0312929153442383
1.0277739763259888
1.02428138256073
1.0208046436309814
1.0173360109329224
1.0138705968856812
1.01040518283844
1.0069382190704346
1.0034695863723755
1.0
0.9965303540229797
0.9930617809295654
0.9895948767662048
0.9861294031143188
0.9826639890670776
0.9791954159736633
0.9757186770439148
0.9722260236740112
0.9687071442604065
0.9651482105255127
0.9615321159362793
0.9578377604484558
0.9540400505065918
0.9501094222068787
0.9460121989250183
0.9417100548744202
0.9371606111526489
0.9323169589042664
0.9271285533905029
0.9215409159660339
1.0
1.0
1.0
1.0
1.0
1.0
1.0
1.0
1.0
1.0
1.0
1.0
1.0
1.0
1.0
1.0
1.0
1.0
1.0
1.0
1.0
1.0
1.0
1.0
1.0
1.0
1.0
1.0
1.0
1.0
1.0
1.0
1.0
1.0
1.0
1.0
1.0
1.0
1.0
1.0
1.0
0.9215409159660339
0.9271285533905029
0.9323169589042664
0.9371606111526489
0.9417100548744202
0.9460121989250183
0.9501094222068787
0.9540400505065918
0.9578377604484558
0.9615321159362793
0.9651482105255127
0.9687071442604065
0.9722260236740112
0.9757186770439148
0.9791954159736633
0.9826639890670776
0.9861294031143188
0.9895948767662048
0.9930617809295654
0.9965303540229797
1.0
1.0034695863723755
1.0069382190704346
1.01040518283844
1.0138705968856812
1.0173360109329224
1.0208046436309814
1.02428138256073
1.0277739763259888
1.0312929153442383
1.0348517894744873
1.0384678840637207
1.042162299156189
1.0459599494934082
1.0498906373977661
1.0539878606796265
1.058289885520935
1.062839388847351
1.0676829814910889
1.072871446609497
1.0784591436386108
0.8435655236244202
0.854682981967926
0.8650050759315491
0.8746412396430969
0.883692741394043
0.8922536969184875
0.9004089832305908
0.9082354307174683
0.9158002734184265
0.923162579536438
0.9303722381591797
0.937471330165863
0.94449383020401
0.951466977596283
0.9584110379219055
0.9653410911560059
0.9722669124603271
0.9791944622993469
0.9861260056495667
0.9930617809295654
1.0
1.0069382190704346
1.0138739347457886
1.0208055973052979
1.0277330875396729
1.0346589088439941
1.0415890216827393
1.0485330820083618
1.0555061101913452
1.0625286102294922
1.0696277618408203
1.076837420463562
1.0841997861862183
1.0917645692825317
1.0995910167694092
1.1077463626861572
1.116307258605957
1.1253588199615479
1.1349948644638062
1.1453170776367188
1.156434416770935
0.7665546536445618
0.7830858826637268
0.7984321117401123
0.8127580881118774
0.8262168169021606
0.8389497399330139
0.85108482837677
0.8627373576164246
0.8740082383155823
0.8849858045578003
0.8957443237304688
0.9063464403152466
0.9168422222137451
0.9272717833518982
0.9376647472381592
0.948042631149292
0.958419144153595
0.9688022136688232
0.9791944622993469
0.9895948767662048
1.0
1.01040518283844
1.0208055973052979
1.0311977863311768
1.0415807962417603
1.051957368850708
1.0623352527618408
1.072728157043457
1.0831577777862549
1.0936535596847534
1.1042556762695312
1.1150141954421997
1.125991702079773
1.1372625827789307
1.14891517162323
1.1610502004623413
1.1737831830978394
1.1872419118881226
1.2015678882598877
1.2169140577316284
1.233445405960083
0.69098299741745
0.7127529978752136
0.7329578399658203
0.7518189549446106
0.7695417404174805
0.7863161563873291
0.8023133873939514
0.8176876306533813
0.8325731754302979
0.8470873832702637
0.8613283038139343
0.875378429889679
0.8893030881881714
0.9031540751457214
0.9169691801071167
0.9307754039764404
0.9445891976356506
0.958419144153595
0.9722669124603271
0.9861294031143188
1.0
1.0138705968856812
1.0277330875396729
1.0415807962417603
1.0554108619689941
1.0692245960235596
1.0830308198928833
1.0968459844589233
1.1106969118118286
1.1246215105056763
1.138671636581421
1.1529126167297363
1.1674268245697021
1.1823123693466187
1.1976865530014038
1.213683843612671
1.2304582595825195
1.2481809854507446
1.2670421600341797
1.2872470617294312
1.3090169429779053
0.6173165440559387
0.6440903544425964
0.6689316034317017
0.6921201348304749
0.7139151692390442
0.7345561981201172
0.7542585134506226
0.7732152938842773
0.7915942668914795
0.8095411658287048
0.8271772265434265
0.844603419303894
0.8618991374969482
0.8791265487670898
0.8963299989700317
0.9135404825210571
0.9307754039764404
0.948042631149292
0.9653410911560059
0.9826639890670776
1.0
1.0173360109329224
1.0346589088439941
1.051957368850708
1.0692245960235596
1.0864595174789429
1.1036700010299683
1.1208734512329102
1.1381008625030518
1.155396580696106
1.1728227138519287
1.1904587745666504
1.2084057331085205
1.2267847061157227
1.2457414865493774
1.2654438018798828
1.286084771156311
1.30787992477417
1.3310683965682983
1.3559095859527588
1.3826833963394165
0.5460094809532166
0.5774897933006287
0.6066865921020508
0.6339401602745056
0.6595656275749207
0.6838535070419312
0.7070639729499817
0.7294296622276306
0.7511515617370605
0.7724028825759888
0.7933269739151001
0.8140418529510498
0.8346391916275024
0.8551896810531616
0.8757423758506775
0.8963299989700317
0.9169691801071167
0.9376647472381592
0.9584110379219055
0.9791954159736633
1.0
1.0208046436309814
1.0415890216827393
1.0623352527618408
1.0830308198928833
1.1036700010299683
1.1242575645446777
1.1448103189468384
1.1653608083724976
1.1859581470489502
1.2066730260849
1.2275971174240112
1.2488484382629395
1.2705702781677246
1.292936086654663
1.3161464929580688
1.3404343128204346
1.3660598993301392
1.3933134078979492
1.4225101470947266
1.4539904594421387
0.47750142216682434
0.5133271813392639
0.5465378165245056
0.5775377154350281
0.6067004203796387
0.634369432926178
0.6608511209487915
0.6864179372787476
0.7113034725189209
0.7357078194618225
0.7597944140434265
0.783696711063385
0.8075163960456848
0.8313302993774414
0.8551896810531616
0.8791265487670898
0.9031540751457214
0.9272717833518982
0.951466977596283
0.9757186770439148
1.0
1.02428138256073
1.0485330820083618
1.072728157043457
1.0968459844589233
1.1208734512329102
1.1448103189468384
1.1686697006225586
1.1924835443496704
1.2163033485412598
1.2402055263519287
1.2642922401428223
1.288696527481079
1.3135820627212524
1.3391488790512085
1.3656305074691772
1.3932995796203613
1.4224623441696167
1.4534621238708496
1.4866727590560913
1.522498607635498
0.4122147560119629
0.45195627212524414
0.4887748956680298
0.52314293384552
0.5554962158203125
0.5862336754798889
0.6157092452049255
0.6442355513572693
0.6720781922340393
0.6994624137878418
0.7265700101852417
0.7535470128059387
0.7805025577545166
0.8075163960456848
0.8346391916275024
0.8618991374969482
0.8893030881881714
0.9168422222137451
0.94449383020401
0.9722260236740112
1.0
1.0277739763259888
1.0555061101913452
1.0831577777862549
1.1106969118118286
1.1381008625030518
1.1653608083724976
1.1924835443496704
1.2194974422454834
1.2464529275894165
1.2734299898147583
1.3005375862121582
1.3279218673706055
1.3557645082473755
1.3842906951904297
1.4137663841247559
1.4445037841796875
1.47685706615448
1.5112251043319702
1.5480437278747559
1.587785243988037
0.350551962852478
0.393707811832428
0.4336601495742798
0.47095566987991333
0.5060968995094299
0.5395417809486389
0.5716932415962219
0.6029043197631836
0.6334714889526367
0.6636431217193604
0.6936163306236267
0.7235467433929443
0.7535470128059387
0.783696711063385
0.8140418529510498
0.844603419303894
0.875378429889679
0.9063464403152466
0.937471330165863
0.9687071442604065
1.0
1.0312929153442383
1.0625286102294922
1.0936535596847534
1.1246215105056763
1.155396580696106
1.1859581470489502
1.2163033485412598
1.2464529275894165
1.2764532566070557
1.3063836097717285
1.3363568782806396
1.3665285110473633
1.3970956802368164
1.4283068180084229
1.4604582786560059
1.4939030408859253
1.529044270515442
1.5663398504257202
1.6062922477722168
1.649448037147522
0.2928932309150696
0.3388816714286804
0.38141876459121704
0.4211331605911255
0.4586004614830017
0.49434155225753784
0.5288102626800537
0.5623997449874878
0.5954352617263794
0.6281854510307312
0.6608588695526123
0.6936163306236267
0.7265700101852417
0.7597944140434265
0.7933269739151001
0.8271772265434265
0.8613283038139343
0.8957443237304688
0.9303722381591797
0.9651482105255127
1.0
1.0348517894744873
1.0696277618408203
1.1042556762695312
1.138671636581421
1.1728227138519287
1.2066730260849
1.2402055263519287
1.2734299898147583
1.3063836097717285
1.3391411304473877
1.3718146085739136
1.4045647382736206
1.4376002550125122
1.4711897373199463
1.5056583881378174
1.5413994789123535
1.5788668394088745
1.6185811758041382
1.6611183881759644
1.7071068286895752
0.23959402740001678
0.28774622082710266
0.33223670721054077
0.3737877607345581
0.4130561351776123
0.45063069462776184
0.4870176315307617
0.5226491689682007
0.5578762888908386
0.5929834246635437
0.6281854510307312
0.6636431217193604
0.6994624137878418
0.7357078194618225
0.7724028825759888
0.8095411658287048
0.8470873832702637
0.8849858045578003
0.923162579536438
0.9615321159362793
1.0
1.0384678840637207
1.076837420463562
1.1150141954421997
1.1529126167297363
1.1904587745666504
1.2275971174240112
1.2642922401428223
1.3005375862121582
1.3363568782806396
1.3718146085739136
1.407016634941101
1.4421236515045166
1.4773508310317993
1.5129823684692383
1.5493693351745605
1.5869438648223877
1.626212239265442
1.6677632331848145
1.7122538089752197
1.7604060173034668
0.19098301231861115
0.24052713811397552
0.2862452566623688
0.32896801829338074
0.3694442808628082
0.4083363711833954
0.4462035894393921
0.48351454734802246
0.5206409096717834
0.5578762888908386
0.5954352617263794
0.6334714889526367
0.6720781922340393
0.7113034725189209
0.7511515617370605
0.7915942668914795
0.8325731754302979
0.8740082383155823
0.9158002734184265
0.9578377604484558
1.0
1.042162299156189
1.0841997861862183
1.125991702079773
1.1674268245697021
1.2084057331085205
1.2488484382629395
1.288696527481079
1.3279218673706055
1.3665285110473633
1.4045647382736206
1.4421236515045166
1.4793591499328613
1.5164854526519775
1.553796410560608
1.5916635990142822
1.6305557489395142
1.6710319519042969
1.7137547731399536
1.7594728469848633
1.8090169429779053
0.14735983312129974
0.19740614295005798
0.24351699650287628
0.2866540551185608
0.3276715874671936
0.3673114478588104
0.40618476271629333
0.44479113817214966
0.48351454734802246
0.5226491689682007
0.5623997449874878
0.6029043197631836
0.6442355513572693
0.6864179372787476
0.7294296622276306
0.7732152938842773
0.8176876306533813
0.8627373576164246
0.9082354307174683
0.9540400505065918
1.0
1.0459599494934082
1.0917645692825317
1.1372625827789307
1.1823123693466187
1.2267847061157227
1.2705702781677246
1.3135820627212524
1.3557645082473755
1.3970956802368164
1.4376002550125122
1.4773508310317993
1.5164854526519775
1.5552089214324951
1.5938152074813843
1.6326885223388672
1.6723284721374512
1.7133458852767944
1.7564829587936401
1.8025938272476196
1.852640151977539
0.10899347811937332
0.158501997590065
0.20403800904750824
0.24672426283359528
0.28753775358200073
0.3273037075996399
0.3666793704032898
0.40618476271629333
0.4462035894393921
0.4870176315307617
0.5288102626800537
0.5716932415962219
0.6157092452049255
0.6608511209487915
0.7070639729499817
0.7542585134506226
0.8023133873939514
0.85108482837677
0.9004089832305908
0.9501094222068787
1.0
1.0498906373977661
1.0995910167694092
1.14891517162323
1.1976865530014038
1.2457414865493774
1.292936086654663
1.3391488790512085
1.3842906951904297
1.4283068180084229
1.4711897373199463
1.5129823684692383
1.553796410560608
1.5938152074813843
1.633320689201355
1.6726962327957153
1.712462306022644
1.753275752067566
1.7959619760513306
1.8414980173110962
1.8910064697265625
0.07612046599388123
0.12386534363031387
0.16769610345363617
0.2089434713125229
0.2487250566482544
0.28794893622398376
0.3273037075996399
0.3673114478588104
0.4083363711833954
0.45063069462776184
0.49434155225753784
0.5395417809486389
0.5862336754798889
0.634369432926178
0.6838535070419312
0.7345561981201172
0.7863161563873291
0.8389497399330139
0.8922536969184875
0.9460121989250183
1.0
1.0539878606796265
1.1077463626861572
1.1610502004623413
1.213683843612671
1.2654438018798828
1.3161464929580688
1.3656305074691772
1.4137663841247559
1.4604582786560059
1.5056583881378174
1.5493693351745605
1.5916635990142822
1.6326885223388672
1.6726962327957153
1.7120510339736938
1.7512749433517456
1.791056513786316
1.8323038816452026
1.8761346340179443
1.9238795042037964
0.04894348233938217
0.09343305975198746
0.13421861827373505
0.17289571464061737
0.21074111759662628
0.2487250566482544
0.28753775358200073
0.3276715874671936
0.3694442808628082
0.4130561351776123
0.4586004614830017
0.5060968995094299
0.5554962158203125
0.6067004203796387
0.6595656275749207
0.7139151692390442
0.7695417404174805
0.8262168169021606
0.883692741394043
0.9417100548744202
1.0
1.058289885520935
1.116307258605957
1.1737831830978394
1.2304582595825195
1.286084771156311
1.3404343128204346
1.3932995796203613
1.4445037841796875
1.4939030408859253
1.5413994789123535
1.5869438648223877
1.6305557489395142
1.6723284721374512
1.712462306022644
1.7512749433517456
1.7892588376998901
1.8271043300628662
1.8657814264297485
1.9065669775009155
1.9510564804077148
0.02763007953763008
0.06700846552848816
0.10312692075967789
0.1379527598619461
0.17289571464061737
0.2089434713125229
0.24672426283359528
0.2866540551185608
0.32896801829338074
0.3737877607345581
0.4211331605911255
0.47095566987991333
0.52314293384552
0.5775377154350281
0.6339401602745056
0.6921201348304749
0.7518189549446106
0.8127580881118774
0.8746412396430969
0.9371606111526489
1.0
1.062839388847351
1.1253588199615479
1.1872419118881226
1.2481809854507446
1.30787992477417
1.3660598993301392
1.4224623441696167
1.47685706615448
1.529044270515442
1.5788668394088745
1.626212239265442
1.6710319519042969
1.7133458852767944
1.753275752067566
1.791056513786316
1.8271043300628662
1.8620471954345703
1.896873116493225
1.9329915046691895
1.972369909286499
0.012311659753322601
0.044067636132240295
0.07357560843229294
0.10312692075967789
0.13421861827373505
0.16769610345363617
0.20403800904750824
0.24351699650287628
0.2862452566623688
0.33223670721054077
0.38141876459121704
0.4336601495742798
0.4887748956680298
0.5465378165245056
0.6066865921020508
0.6689316034317017
0.7329578399658203
0.7984321117401123
0.8650050759315491
0.9323169589042664
1.0
1.0676829814910889
1.1349948644638062
1.2015678882598877
1.2670421600341797
1.3310683965682983
1.3933134078979492
1.4534621238708496
1.5112251043319702
1.5663398504257202
1.6185811758041382
1.6677632331848145
1.7137547731399536
1.7564829587936401
1.7959619760513306
1.8323038816452026
1.8657814264297485
1.896873116493225
1.9264243841171265
1.955932378768921
1.9876883029937744
0.003082666313275695
0.023710692301392555
0.044067636132240295
0.06700846552848816
0.09343305975198746
0.12386534363031387
0.158501997590065
0.19740614295005798
0.24052713811397552
0.28774622082710266
0.3388816714286804
0.393707811832428
0.45195627212524414
0.5133271813392639
0.5774897933006287
0.6440903544425964
0.7127529978752136
0.7830858826637268
0.854682981967926
0.9271285533905029
1.0
1.072871446609497
1.1453170776367188
1.2169140577316284
1.2872470617294312
1.3559095859527588
1.4225101470947266
1.4866727590560913
1.5480437278747559
1.6062922477722168
1.6611183881759644
1.7122538089752197
1.7594728469848633
1.8025938272476196
1.8414980173110962
1.8761346340179443
1.9065669775009155
1.9329915046691895
1.955932378768921
1.9762892723083496
1.9969173669815063
0.0
0.003082666313275695
0.012311659753322601
0.02763007953763008
0.04894348233938217
0.07612046599388123
0.10899347811937332
0.14735983312129974
0.19098301231861115
0.23959402740001678
0.2928932309150696
0.350551962852478
0.4122147560119629
0.47750142216682434
0.5460094809532166
0.6173165440559387
0.69098299741745
0.7665546536445618
0.8435655236244202
0.9215409159660339
1.0
1.0784591436386108
1.156434416770935
1.233445405960083
1.3090169429779053
1.3826833963394165
1.4539904594421387
1.522498607635498
1.587785243988037
1.649448037147522
1.7071068286895752
1.7604060173034668
1.8090169429779053
1.852640151977539
1.8910064697265625
1.9238795042037964
1.9510564804077148
1.972369909286499
1.9876883029937744
1.9969173669815063
2.0
