2.0
1.9969173669815063
1.9876883029937744
1.972369909286499
1.9510564804077148
1.9238795042037964
1.8910064697265625
1.852640151977539
1.8090169429779053
1.7604060173034668
1.7071068286895752
1.649448037147522
1.587785243988037
1.522498607635498
1.4539904594421387
1.3826833963394165
1.3090169429779053
1.233445405960083
1.156434416770935
1.0784591436386108
1.0
0.9215409159660339
0.8435655236244202
0.7665546536445618
0.69098299741745
0.6173165440559387
0.5460094809532166
0.47750142216682434
0.4122147560119629
0.350551962852478
0.2928932309150696
0.23959402740001678
0.19098301231861115
0.14735983312129974
0.10899347811937332
0.07612046599388123
0.04894348233938217
0.02763007953763008
0.012311659753322601
0.003082666313275695
0.0
1.9969173669815063
1.9762685298919678
1.955898404121399
1.9329485893249512
1.9065178632736206
1.8760815858840942
1.8414427042007446
1.8025377988815308
1.7594172954559326
1.7121996879577637
1.6610665321350098
1.60624361038208
1.5479989051818848
1.4866323471069336
1.4224746227264404
1.3558794260025024
1.2872223854064941
1.2168954610824585
1.1453044414520264
1.0728651285171509
1.0
0.9271348714828491
0.8546954989433289
0.7831045985221863
0.7127775549888611
0.6441206336021423
0.5775253772735596
0.5133676528930664
0.45200109481811523
0.3937564492225647
0.33893343806266785
0.2878003418445587
0.24058273434638977
0.19746217131614685
0.1585572510957718
0.12391839921474457
0.09348217397928238
0.06705145537853241
0.04410156235098839
0.02373143658041954
0.003082666313275695
1.9876883029937744
1.955898404121399
1.9263663291931152
1.896798014640808
1.8656944036483765
1.8322091102600098
1.7958626747131348
1.7563817501068115
1.7136539220809937
1.667664885520935
1.6184868812561035
1.5662510395050049
1.5111432075500488
1.4533882141113281
1.3932483196258545
1.3310129642486572
1.2669970989227295
1.201533555984497
1.1349718570709229
1.0676714181900024
1.0
0.9323285818099976
0.8650281429290771
0.7984663844108582
0.7330029606819153
0.6689870357513428
0.6067516803741455
0.5466117858886719
0.48885679244995117
0.43374890089035034
0.3815130889415741
0.33233511447906494
0.28634604811668396
0.2436182200908661
0.20413735508918762
0.16779088973999023
0.13430555164813995
0.1032019853591919
0.07363363355398178
0.04410156235098839
0.012311659753322601
1.972369909286499
1.9329485893249512
1.896798014640808
1.8619486093521118
1.8269888162612915
1.7909297943115234
1.7531421184539795
1.7132091522216797
1.6708953380584717
1.626078486442566
1.5787383317947388
1.5289232730865479
1.4767451286315918
1.422361135482788
1.3659707307815552
1.307803988456726
1.2481192350387573
1.1871949434280396
1.1253271102905273
1.0628235340118408
1.0
0.937176525592804
0.8746728301048279
0.8128050565719604
0.7518807649612427
0.6921960115432739
0.6340292096138
0.5776388645172119
0.5232548117637634
0.47107675671577454
0.42126160860061646
0.3739215135574341
0.3291046619415283
0.2867908179759979
0.2468579262495041
0.20907025039196014
0.17301113903522491
0.13805139064788818
0.1032019853591919
0.06705145537853241
0.02763007953763008
1.9510564804077148
1.9065178632736206
1.8656944036483765
1.8269888162612915
1.7891227006912231
1.751124382019043
1.712302803993225
1.6721646785736084
1.6303915977478027
1.5867828130722046
1.541244626045227
1.493756890296936
1.4443684816360474
1.3931771516799927
1.3403264284133911
1.2859927415847778
1.230383276939392
1.173726201057434
1.1162688732147217
1.0582706928253174
1.0
0.9417293667793274
0.8837311267852783
0.8262737989425659
0.7696167230606079
0.7140071988105774
0.6596735715866089
0.6068229079246521
0.5556315183639526
0.5062431693077087
0.45875540375709534
0.41321712732315063
0.3696083724498749
0.3278353214263916
0.2876971960067749
0.24887558817863464
0.21087731420993805
0.17301113903522491
0.13430555164813995
0.09348217397928238
0.04894348233938217
1.9238795042037964
1.8760815858840942
1.8322091102600098
1.7909297943115234
1.751124382019043
1.7118839025497437
1.6725184917449951
1.6325052976608276
1.5914795398712158
1.5491883754730225
1.5054839849472046
1.4602932929992676
1.4136135578155518
1.3654922246932983
1.3160244226455688
1.2653396129608154
1.2135989665985107
1.1609857082366943
1.1077028512954712
1.0539659261703491
1.0
0.9460340738296509
0.8922971487045288
0.8390142917633057
0.7864010334014893
0.7346603274345398
0.6839755773544312
0.6345078349113464
0.5863864421844482
0.5397066473960876
0.4945160150527954
0.4508116841316223
0.4085204303264618
0.36749467253685
0.32748153805732727
0.2881161570549011
0.24887558817863464
0.20907025039196014
0.16779088973999023
0.12391839921474457
0.07612046599388123
1.8910064697265625
1.8414427042007446
1.7958626747131348
1.7531421184539795
1.712302803993225
1.6725184917449951
1.6331309080123901
1.5936192274093628
1.5535989999771118
1.512787938117981
1.4710019826889038
1.4281290769577026
1.3841259479522705
1.3389995098114014
1.29280424118042
1.2456289529800415
1.1975948810577393
1.1488453149795532
1.0995440483093262
1.0498669147491455
1.0
0.9501330256462097
0.9004560112953186
0.851154625415802
0.8024051785469055
0.7543710470199585
0.7071958184242249
0.6610004901885986
0.6158739924430847
0.5718709230422974
0.5289980173110962
0.48721206188201904
0.4464009702205658
0.4063808023929596
0.36686912178993225
0.32748153805732727
0.2876971960067749
0.2468579262495041
0.20413735508918762
0.1585572510957718
0.10899347811937332
1.852640151977539
1.8025377988815308
1.7563817501068115
1.7132091522216797
1.6721646785736084
1.6325052976608276
1.5936192274093628
1.5550059080123901
1.5162806510925293
1.4771487712860107
1.4374048709869385
1.396910548210144
1.3555926084518433
1.31342613697052
1.2704325914382935
1.2266671657562256
1.1822164058685303
1.1371896266937256
1.0917154550552368
1.0459352731704712
1.0
0.9540647864341736
0.908284604549408
0.8628103733062744
0.817783534526825
0.7733328938484192
0.7295673489570618
0.6865738034248352
0.6444073915481567
0.603089451789856
0.5625950694084167
0.5228512287139893
0.4837193489074707
0.44499412178993225
0.4063808023929596
0.36749467253685
0.3278353214263916
0.2867908179759979
0.2436182200908661
0.19746217131614685
0.14735983312129974
1.8090169429779053
1.7594172954559326
1.7136539220809937
1.6708953380584717
1.6303915977478027
1.5914795398712158
1.5535989999771118
1.5162806510925293
1.4791520833969116
1.441919207572937
1.4043667316436768
1.3663407564163208
1.3277474641799927
1.2885382175445557
1.2487084865570068
1.208286166191101
1.16732919216156
1.1259174346923828
1.084149718284607
1.0421370267868042
1.0
0.957862913608551
0.9158503413200378
0.8740825653076172
0.8326707482337952
0.7917138934135437
0.7512915134429932
0.7114618420600891
0.6722525954246521
0.6336592435836792
0.5956332087516785
0.558080792427063
0.5208478569984436
0.4837193489074707
0.4464009702205658
0.4085204303264618
0.3696083724498749
0.3291046619415283
0.28634604811668396
0.24058273434638977
0.19098301231861115
1.7604060173034668
1.7121996879577637
1.667664885520935
1.626078486442566
1.5867828130722046
1.5491883754730225
1.512787938117981
1.4771487712860107
1.441919207572937
1.4068143367767334
1.3716185092926025
1.3361707925796509
1.30036461353302
1.2641350030899048
1.227458119392395
1.1903400421142578
1.1528156995773315
1.1149404048919678
1.0767875909805298
1.038442850112915
1.0
0.9615572094917297
0.9232123494148254
0.885059654712677
0.8471843600273132
0.809660017490387
0.772541880607605
0.7358649969100952
0.6996354460716248
0.6638292074203491
0.6283814907073975
0.5931857228279114
0.558080792427063
0.5228512287139893
0.48721206188201904
0.4508116841316223
0.41321712732315063
0.3739215135574341
0.33233511447906494
0.2878003418445587
0.23959402740001678
1.7071068286895752
1.6610665321350098
1.6184868812561035
1.5787383317947388
1.541244626045227
1.5054839849472046
1.4710019826889038
1.4374048709869385
1.4043667316436768
1.3716185092926025
1.3389511108398438
1.306203007698059
1.2732620239257812
1.2400528192520142
1.2065379619598389
1.172707200050354
1.1385773420333862
1.1041837930679321
1.0695793628692627
1.034827470779419
1.0
0.9651725888252258
0.9304206371307373
0.8958161473274231
0.8614226579666138
0.827292799949646
0.7934620976448059
0.7599471807479858
0.7267380356788635
0.6937969326972961
0.661048948764801
0.6283814907073975
0.5956332087516785
0.5625950694084167
0.5289980173110962
0.4945160150527954
0.45875540375709534
0.42126160860061646
0.3815130889415741
0.33893343806266785
0.2928932309150696
1.649448037147522
1.60624361038208
1.5662510395050049
1.5289232730865479
1.493756890296936
1.4602932929992676
1.4281290769577026
1.396910548210144
1.3663407564163208
1.3361707925796509
1.306203007698059
1.2762815952301025
1.246293067932129
1.2161579132080078
1.185829520225525
1.1552865505218506
1.124531626701355
1.0935851335525513
1.062482476234436
1.0312696695327759
1.0
0.9687303900718689
0.937517523765564
0.9064149260520935
0.8754683136940002
0.8447135090827942
0.8141704797744751
0.7838420867919922
0.7537068724632263
0.7237184643745422
0.6937969326972961
0.6638292074203491
0.6336592435836792
0.603089451789856
0.5718709230422974
0.5397066473960876
0.5062431693077087
0.47107675671577454
0.43374890089035034
0.3937564492225647
0.350551962852478
1.587785243988037
1.5479989051818848
1.5111432075500488
1.4767451286315918
1.4443684816360474
1.4136135578155518
1.3841259479522705
1.3555926084518433
1.3277474641799927
1.30036461353302
1.2732620239257812
1.246293067932129
1.2193485498428345
1.1923481225967407
1.1652408838272095
1.1379982233047485
1.1106131076812744
1.0830938816070557
1.0554630756378174
1.0277522802352905
1.0
0.9722477197647095
0.9445369243621826
0.9169061183929443
0.8893868923187256
0.8620017766952515
0.8347591161727905
0.8076518774032593
0.7806514501571655
0.7537068724632263
0.7267380356788635
0.6996354460716248
0.6722525954246521
0.6444073915481567
0.6158739924430847
0.5863864421844482
0.5556315183639526
0.5232548117637634
0.48885679244995117
0.45200109481811523
0.4122147560119629
1.522498607635498
1.4866323471069336
1.4533882141113281
1.422361135482788
1.3931771516799927
1.3654922246932983
1.3389995098114014
1.31342613697052
1.2885382175445557
1.2641350030899048
1.2400528192520142
1.2161579132080078
1.1923481225967407
1.168546438217163
1.1447011232376099
1.1207799911499023
1.0967695713043213
1.0726699829101562
1.0484938621520996
1.0242615938186646
1.0
0.9757384061813354
0.9515061974525452
0.9273300170898438
0.9032304286956787
0.8792200088500977
0.8552988767623901
0.8314535617828369
0.8076518774032593
0.7838420867919922
0.7599471807479858
0.7358649969100952
0.7114618420600891
0.6865738034248352
0.6610004901885986
0.6345078349113464
0.6068229079246521
0.5776388645172119
0.5466117858886719
0.5133676528930664
0.47750142216682434
1.4539904594421387
1.4224746227264404
1.3932483196258545
1.3659707307815552
1.3403264284133911
1.3160244226455688
1.29280424118042
1.2704325914382935
1.2487084865570068
1.227458119392395
1.2065379619598389
1.185829520225525
1.1652408838272095
1.1447011232376099
1.124160885810852
1.1035871505737305
1.082963228225708
1.0622837543487549
1.0415542125701904
1.0207871198654175
1.0
0.9792129397392273
0.9584457874298096
0.9377163052558899
0.9170368313789368
0.8964128494262695
0.875839114189148
0.8552988767623901
0.8347591161727905
0.8141704797744751
0.7934620976448059
0.772541880607605
0.7512915134429932
0.7295673489570618
0.7071958184242249
0.6839755773544312
0.6596735715866089
0.6340292096138
0.6067516803741455
0.5775253772735596
0.5460094809532166
1.3826833963394165
1.3558794260025024
1.3310129642486572
1.307803988456726
1.2859927415847778
1.2653396129608154
1.2456289529800415
1.2266671657562256
1.208286166191101
1.1903400421142578
1.172707200050354
1.1552865505218506
1.1379982233047485
1.1207799911499023
1.1035871505737305
1.0863885879516602
1.069166660308838
1.0519132614135742
1.0346291065216064
1.017320990562439
1.0
0.9826789498329163
0.9653708934783936
0.9480867981910706
0.9308333396911621
0.9136113524436951
0.8964128494262695
0.8792200088500977
0.8620017766952515
0.8447135090827942
0.827292799949646
0.809660017490387
0.7917138934135437
0.7733328938484192
0.7543710470199585
0.7346603274345398
0.7140071988105774
0.6921960115432739
0.6689870357513428
0.6441206336021423
0.6173165440559387
1.3090169429779053
1.2872223854064941
1.2669970989227295
1.2481192350387573
1.230383276939392
1.2135989665985107
1.1975948810577393
1.1822164058685303
1.16732919216156
1.1528156995773315
1.1385773420333862
1.124531626701355
1.1106131076812744
1.0967695713043213
1.082963228225708
1.069166660308838
1.055363416671753
1.0415446758270264
1.0277087688446045
1.0138583183288574
1.0
0.9861416816711426
0.9722912907600403
0.9584552645683289
0.9446365237236023
0.9308333396911621
0.9170368313789368
0.9032304286956787
0.8893868923187256
0.8754683136940002
0.8614226579666138
0.8471843600273132
0.8326707482337952
0.817783534526825
0.8024051785469055
0.7864010334014893
0.7696167230606079
0.7518807649612427
0.7330029606819153
0.7127775549888611
0.69098299741745
1.233445405960083
1.2168954610824585
1.201533555984497
1.1871949434280396
1.173726201057434
1.1609857082366943
1.1488453149795532
1.1371896266937256
1.1259174346923828
1.1149404048919678
1.1041837930679321
1.0935851335525513
1.0830938816070557
1.0726699829101562
1.0622837543487549
1.0519132614135742
1.0415446758270264
1.0311702489852905
1.020787000656128
1.0103957653045654
1.0
0.9896042346954346
0.9792129993438721
0.9688297510147095
0.9584552645683289
0.9480867981910706
0.9377163052558899
0.9273300170898438
0.9169061183929443
0.9064149260520935
0.8958161473274231
0.885059654712677
0.8740825653076172
0.8628103733062744
0.851154625415802
0.8390142917633057
0.8262737989425659
0.8128050565719604
0.7984663844108582
0.7831045985221863
0.7665546536445618
1.156434416770935
1.1453044414520264
1.1349718570709229
1.1253271102905273
1.1162688732147217
1.1077028512954712
1.0995440483093262
1.0917154550552368
1.084149718284607
1.0767875909805298
1.0695793628692627
1.062482476234436
1.0554630756378174
1.0484938621520996
1.0415542125701904
1.0346291065216064
1.0277087688446045
1.020787000656128
1.0138614177703857
1.0069319009780884
1.0
0.9930680990219116
0.9861385822296143
0.9792129993438721
0.9722912907600403
0.9653708934783936
0.9584457874298096
0.9515061974525452
0.9445369243621826
0.937517523765564
0.9304206371307373
0.9232123494148254
0.9158503413200378
0.908284604549408
0.9004560112953186
0.8922971487045288
0.8837311267852783
0.8746728301048279
0.8650281429290771
0.8546954989433289
0.8435655236244202
1.0784591436386108
1.0728651285171509
1.0676714181900024
1.0628235340118408
1.0582706928253174
1.0539659261703491
1.0498669147491455
1.0459352731704712
1.0421370267868042
1.038442850112915
1.034827470779419
1.0312696695327759
1.0277522802352905
1.0242615938186646
1.0207871198654175
1.017320990562439
1.0138583183288574
1.0103957653045654
1.0069319009780884
1.0034664869308472
1.0
0.9965335726737976
0.9930680990219116
0.9896042346954346
0.9861416816711426
0.9826789498329163
0.9792129397392273
0.9757384061813354
0.9722477197647095
0.9687303900718689
0.9651725888252258
0.9615572094917297
0.957862913608551
0.9540647864341736
0.9501330256462097
0.9460340738296509
0.9417293667793274
0.937176525592804
0.9323285818099976
0.9271348714828491
0.9215409159660339
1.0
1.0
1.0
1.0
1.0
1.0
1.0
1.0
1.0
1.0
1.0
1.0
1.0
1.0
1.0
1.0
1.0
1.0
1.0
1.0
1.0
1.0
1.0
1.0
1.0
1.0
1.0
1.0
1.0
1.0
1.0
1.0
1.0
1.0
1.0
1.0
1.0
1.0
1.0
1.0
1.0
0.9215409159660339
0.9271348714828491
0.9323285818099976
0.937176525592804
0.9417293667793274
0.9460340738296509
0.9501330256462097
0.9540647864341736
0.957862913608551
0.9615572094917297
0.9651725888252258
0.9687303900718689
0.9722477197647095
0.9757384061813354
0.9792129397392273
0.9826789498329163
0.9861416816711426
0.9896042346954346
0.9930680990219116
0.9965335726737976
1.0
1.0034664869308472
1.0069319009780884
1.0103957653045654
1.0138583183288574
1.017320990562439
1.0207871198654175
1.0242615938186646
1.0277522802352905
1.0312696695327759
1.034827470779419
1.038442850112915
1.0421370267868042
1.0459352731704712
1.0498669147491455
1.0539659261703491
1.0582706928253174
1.0628235340118408
1.0676714181900024
1.0728651285171509
1.0784591436386108
0.8435655236244202
0.8546954989433289
0.8650281429290771
0.8746728301048279
0.8837311267852783
0.8922971487045288
0.9004560112953186
0.908284604549408
0.9158503413200378
0.9232123494148254
0.9304206371307373
0.937517523765564
0.9445369243621826
0.9515061974525452
0.9584457874298096
0.9653708934783936
0.9722912907600403
0.9792129993438721
0.9861385822296143
0.9930680990219116
1.0
1.0069319009780884
1.0138614177703857
1.020787000656128
1.0277087688446045
1.0346291065216064
1.0415542125701904
1.0484938621520996
1.0554630756378174
1.062482476234436
1.0695793628692627
1.0767875909805298
1.084149718284607
1.0917154550552368
1.0995440483093262
1.1077028512954712
1.1162688732147217
1.1253271102905273
1.1349718570709229
1.1453044414520264
1.156434416770935
0.7665546536445618
0.7831045985221863
0.7984663844108582
0.8128050565719604
0.8262737989425659
0.8390142917633057
0.851154625415802
0.8628103733062744
0.8740825653076172
0.885059654712677
0.8958161473274231
0.9064149260520935
0.9169061183929443
0.9273300170898438
0.9377163052558899
0.9480867981910706
0.9584552645683289
0.9688297510147095
0.9792129993438721
0.9896042346954346
1.0
1.0103957653045654
1.020787000656128
1.0311702489852905
1.0415446758270264
1.0519132614135742
1.0622837543487549
1.0726699829101562
1.0830938816070557
1.0935851335525513
1.1041837930679321
1.1149404048919678
1.1259174346923828
1.1371896266937256
1.1488453149795532
1.1609857082366943
1.173726201057434
1.1871949434280396
1.201533555984497
1.2168954610824585
1.233445405960083
0.69098299741745
0.7127775549888611
0.7330029606819153
0.7518807649612427
0.7696167230606079
0.7864010334014893
0.8024051785469055
0.817783534526825
0.8326707482337952
0.8471843600273132
0.8614226579666138
0.8754683136940002
0.8893868923187256
0.9032304286956787
0.9170368313789368
0.9308333396911621
0.9446365237236023
0.9584552645683289
0.9722912907600403
0.9861416816711426
1.0
1.0138583183288574
1.0277087688446045
1.0415446758270264
1.055363416671753
1.069166660308838
1.082963228225708
1.0967695713043213
1.1106131076812744
1.124531626701355
1.1385773420333862
1.1528156995773315
1.16732919216156
1.1822164058685303
1.1975948810577393
1.2135989665985107
1.230383276939392
1.2481192350387573
1.2669970989227295
1.2872223854064941
1.3090169429779053
0.6173165440559387
0.6441206336021423
0.6689870357513428
0.6921960115432739
0.7140071988105774
0.7346603274345398
0.7543710470199585
0.7733328938484192
0.7917138934135437
0.809660017490387
0.827292799949646
0.8447135090827942
0.8620017766952515
0.8792200088500977
0.8964128494262695
0.9136113524436951
0.9308333396911621
0.9480867981910706
0.9653708934783936
0.9826789498329163
1.0
1.017320990562439
1.0346291065216064
1.0519132614135742
1.069166660308838
1.0863885879516602
1.1035871505737305
1.1207799911499023
1.1379982233047485
1.1552865505218506
1.172707200050354
1.1903400421142578
1.208286166191101
1.2266671657562256
1.2456289529800415
1.2653396129608154
1.2859927415847778
1.307803988456726
1.3310129642486572
1.3558794260025024
1.3826833963394165
0.5460094809532166
0.5775253772735596
0.6067516803741455
0.6340292096138
0.6596735715866089
0.6839755773544312
0.7071958184242249
0.7295673489570618
0.7512915134429932
0.772541880607605
0.7934620976448059
0.8141704797744751
0.8347591161727905
0.8552988767623901
0.875839114189148
0.8964128494262695
0.9170368313789368
0.9377163052558899
0.9584457874298096
0.9792129397392273
1.0
1.0207871198654175
1.0415542125701904
1.0622837543487549
1.082963228225708
1.1035871505737305
1.124160885810852
1.1447011232376099
1.1652408838272095
1.185829520225525
1.2065379619598389
1.227458119392395
1.2487084865570068
1.2704325914382935
1.29280424118042
1.3160244226455688
1.3403264284133911
1.3659707307815552
1.3932483196258545
1.4224746227264404
1.4539904594421387
0.47750142216682434
0.5133676528930664
0.5466117858886719
0.5776388645172119
0.6068229079246521
0.6345078349113464
0.6610004901885986
0.6865738034248352
0.7114618420600891
0.7358649969100952
0.7599471807479858
0.7838420867919922
0.8076518774032593
0.8314535617828369
0.8552988767623901
0.8792200088500977
0.9032304286956787
0.9273300170898438
0.9515061974525452
0.9757384061813354
1.0
1.0242615938186646
1.0484938621520996
1.0726699829101562
1.0967695713043213
1.1207799911499023
1.1447011232376099
1.168546438217163
1.1923481225967407
1.2161579132080078
1.2400528192520142
1.2641350030899048
1.2885382175445557
1.31342613697052
1.3389995098114014
1.3654922246932983
1.3931771516799927
1.422361135482788
1.4533882141113281
1.4866323471069336
1.522498607635498
0.4122147560119629
0.45200109481811523
0.48885679244995117
0.5232548117637634
0.5556315183639526
0.5863864421844482
0.6158739924430847
0.6444073915481567
0.6722525954246521
0.6996354460716248
0.7267380356788635
0.7537068724632263
0.7806514501571655
0.8076518774032593
0.8347591161727905
0.8620017766952515
0.8893868923187256
0.9169061183929443
0.9445369243621826
0.9722477197647095
1.0
1.0277522802352905
1.0554630756378174
1.0830938816070557
1.1106131076812744
1.1379982233047485
1.1652408838272095
1.1923481225967407
1.2193485498428345
1.246293067932129
1.2732620239257812
1.30036461353302
1.3277474641799927
1.3555926084518433
1.3841259479522705
1.4136135578155518
1.4443684816360474
1.4767451286315918
1.5111432075500488
1.5479989051818848
1.587785243988037
0.350551962852478
0.3937564492225647
0.43374890089035034
0.47107675671577454
0.5062431693077087
0.5397066473960876
0.5718709230422974
0.603089451789856
0.6336592435836792
0.6638292074203491
0.6937969326972961
0.7237184643745422
0.7537068724632263
0.7838420867919922
0.8141704797744751
0.8447135090827942
0.8754683136940002
0.9064149260520935
0.937517523765564
0.9687303900718689
1.0
1.0312696695327759
1.062482476234436
1.0935851335525513
1.124531626701355
1.1552865505218506
1.185829520225525
1.2161579132080078
1.246293067932129
1.2762815952301025
1.306203007698059
1.3361707925796509
1.3663407564163208
1.396910548210144
1.4281290769577026
1.4602932929992676
1.493756890296936
1.5289232730865479
1.5662510395050049
1.60624361038208
1.649448037147522
0.2928932309150696
0.33893343806266785
0.3815130889415741
0.42126160860061646
0.45875540375709534
0.4945160150527954
0.5289980173110962
0.5625950694084167
0.5956332087516785
0.6283814907073975
0.661048948764801
0.6937969326972961
0.7267380356788635
0.7599471807479858
0.7934620976448059
0.827292799949646
0.8614226579666138
0.8958161473274231
0.9304206371307373
0.9651725888252258
1.0
1.034827470779419
1.0695793628692627
1.1041837930679321
1.1385773420333862
1.172707200050354
1.2065379619598389
1.2400528192520142
1.2732620239257812
1.306203007698059
1.3389511108398438
1.3716185092926025
1.4043667316436768
1.4374048709869385
1.4710019826889038
1.5054839849472046
1.541244626045227
1.5787383317947388
1.6184868812561035
1.6610665321350098
1.7071068286895752
0.23959402740001678
0.2878003418445587
0.33233511447906494
0.3739215135574341
0.41321712732315063
0.4508116841316223
0.48721206188201904
0.5228512287139893
0.558080792427063
0.5931857228279114
0.6283814907073975
0.6638292074203491
0.6996354460716248
0.7358649969100952
0.772541880607605
0.809660017490387
0.8471843600273132
0.885059654712677
0.9232123494148254
0.9615572094917297
1.0
1.038442850112915
1.0767875909805298
1.1149404048919678
1.1528156995773315
1.1903400421142578
1.227458119392395
1.2641350030899048
1.30036461353302
1.3361707925796509
1.3716185092926025
1.4068143367767334
1.441919207572937
1.4771487712860107
1.512787938117981
1.5491883754730225
1.5867828130722046
1.626078486442566
1.667664885520935
1.7121996879577637
1.7604060173034668
0.19098301231861115
0.24058273434638977
0.28634604811668396
0.3291046619415283
0.3696083724498749
0.4085204303264618
0.4464009702205658
0.4837193489074707
0.5208478569984436
0.558080792427063
0.5956332087516785
0.6336592435836792
0.6722525954246521
0.7114618420600891
0.7512915134429932
0.7917138934135437
0.8326707482337952
0.8740825653076172
0.9158503413200378
0.957862913608551
1.0
1.0421370267868042
1.084149718284607
1.1259174346923828
1.16732919216156
1.208286166191101
1.2487084865570068
1.2885382175445557
1.3277474641799927
1.3663407564163208
1.4043667316436768
1.441919207572937
1.4791520833969116
1.5162806510925293
1.5535989999771118
1.5914795398712158
1.6303915977478027
1.6708953380584717
1.7136539220809937
1.7594172954559326
1.8090169429779053
0.14735983312129974
0.19746217131614685
0.2436182200908661
0.2867908179759979
0.3278353214263916
0.36749467253685
0.4063808023929596
0.44499412178993225
0.4837193489074707
0.5228512287139893
0.5625950694084167
0.603089451789856
0.6444073915481567
0.6865738034248352
0.7295673489570618
0.7733328938484192
0.817783534526825
0.8628103733062744
0.908284604549408
0.9540647864341736
1.0
1.0459352731704712
1.0917154550552368
1.1371896266937256
1.1822164058685303
1.2266671657562256
1.2704325914382935
1.31342613697052
1.3555926084518433
1.396910548210144
1.4374048709869385
1.4771487712860107
1.5162806510925293
1.5550059080123901
1.5936192274093628
1.6325052976608276
1.6721646785736084
1.7132091522216797
1.7563817501068115
1.8025377988815308
1.852640151977539
0.10899347811937332
0.1585572510957718
0.20413735508918762
0.2468579262495041
0.2876971960067749
0.32748153805732727
0.36686912178993225
0.4063808023929596
0.4464009702205658
0.48721206188201904
0.5289980173110962
0.5718709230422974
0.6158739924430847
0.6610004901885986
0.7071958184242249
0.7543710470199585
0.8024051785469055
0.851154625415802
0.9004560112953186
0.9501330256462097
1.0
1.0498669147491455
1.0995440483093262
1.1488453149795532
1.1975948810577393
1.2456289529800415
1.29280424118042
1.3389995098114014
1.3841259479522705
1.4281290769577026
1.4710019826889038
1.512787938117981
1.5535989999771118
1.5936192274093628
1.6331309080123901
1.6725184917449951
1.712302803993225
1.7531421184539795
1.7958626747131348
1.8414427042007446
1.8910064697265625
0.07612046599388123
0.12391839921474457
0.16779088973999023
0.20907025039196014
0.24887558817863464
0.2881161570549011
0.32748153805732727
0.36749467253685
0.4085204303264618
0.4508116841316223
0.4945160150527954
0.5397066473960876
0.5863864421844482
0.6345078349113464
0.6839755773544312
0.7346603274345398
0.7864010334014893
0.8390142917633057
0.8922971487045288
0.9460340738296509
1.0
1.0539659261703491
1.1077028512954712
1.1609857082366943
1.2135989665985107
1.2653396129608154
1.3160244226455688
1.3654922246932983
1.4136135578155518
1.4602932929992676
1.5054839849472046
1.5491883754730225
1.5914795398712158
1.6325052976608276
1.6725184917449951
1.7118839025497437
1.751124382019043
1.7909297943115234
1.8322091102600098
1.8760815858840942
1.9238795042037964
0.04894348233938217
0.09348217397928238
0.13430555164813995
0.17301113903522491
0.21087731420993805
0.24887558817863464
0.2876971960067749
0.3278353214263916
0.3696083724498749
0.41321712732315063
0.45875540375709534
0.5062431693077087
0.5556315183639526
0.6068229079246521
0.6596735715866089
0.7140071988105774
0.7696167230606079
0.8262737989425659
0.8837311267852783
0.9417293667793274
1.0
1.0582706928253174
1.1162688732147217
1.173726201057434
1.230383276939392
1.2859927415847778
1.3403264284133911
1.3931771516799927
1.4443684816360474
1.493756890296936
1.541244626045227
1.5867828130722046
1.6303915977478027
1.6721646785736084
1.712302803993225
1.751124382019043
1.7891227006912231
1.8269888162612915
1.8656944036483765
1.9065178632736206
1.9510564804077148
0.02763007953763008
0.06705145537853241
0.1032019853591919
0.13805139064788818
0.17301113903522491
0.20907025039196014
0.2468579262495041
0.2867908179759979
0.3291046619415283
0.3739215135574341
0.42126160860061646
0.47107675671577454
0.5232548117637634
0.5776388645172119
0.6340292096138
0.6921960115432739
0.7518807649612427
0.8128050565719604
0.8746728301048279
0.937176525592804
1.0
1.0628235340118408
1.1253271102905273
1.1871949434280396
1.2481192350387573
1.307803988456726
1.3659707307815552
1.422361135482788
1.4767451286315918
1.5289232730865479
1.5787383317947388
1.626078486442566
1.6708953380584717
1.7132091522216797
1.7531421184539795
1.7909297943115234
1.8269888162612915
1.8619486093521118
1.896798014640808
1.9329485893249512
1.972369909286499
0.012311659753322601
0.04410156235098839
0.07363363355398178
0.1032019853591919
0.13430555164813995
0.16779088973999023
0.20413735508918762
0.2436182200908661
0.28634604811668396
0.33233511447906494
0.3815130889415741
0.43374890089035034
0.48885679244995117
0.5466117858886719
0.6067516803741455
0.6689870357513428
0.7330029606819153
0.7984663844108582
0.8650281429290771
0.9323285818099976
1.0
1.0676714181900024
1.1349718570709229
1.201533555984497
1.2669970989227295
1.3310129642486572
1.3932483196258545
1.4533882141113281
1.5111432075500488
1.5662510395050049
1.6184868812561035
1.667664885520935
1.7136539220809937
1.7563817501068115
1.7958626747131348
1.8322091102600098
1.8656944036483765
1.896798014640808
1.9263663291931152
1.955898404121399
1.9876883029937744
0.003082666313275695
0.02373143658041954
0.04410156235098839
0.06705145537853241
0.09348217397928238
0.12391839921474457
0.1585572510957718
0.19746217131614685
0.24058273434638977
0.2878003418445587
0.33893343806266785
0.3937564492225647
0.45200109481811523
0.5133676528930664
0.5775253772735596
0.6441206336021423
0.7127775549888611
0.7831045985221863
0.8546954989433289
0.9271348714828491
1.0
1.0728651285171509
1.1453044414520264
1.2168954610824585
1.2872223854064941
1.3558794260025024
1.4224746227264404
1.4866323471069336
1.5479989051818848
1.60624361038208
1.6610665321350098
1.7121996879577637
1.7594172954559326
1.8025377988815308
1.8414427042007446
1.8760815858840942
1.9065178632736206
1.9329485893249512
1.955898404121399
1.9762685298919678
1.9969173669815063
0.0
0.003082666313275695
0.012311659753322601
0.02763007953763008
0.04894348233938217
0.07612046599388123
0.10899347811937332
0.14735983312129974
0.19098301231861115
0.23959402740001678
0.2928932309150696
0.350551962852478
0.4122147560119629
0.47750142216682434
0.5460094809532166
0.6173165440559387
0.69098299741745
0.7665546536445618
0.8435655236244202
0.9215409159660339
1.0
1.0784591436386108
1.156434416770935
1.233445405960083
1.3090169429779053
1.3826833963394165
1.4539904594421387
1.522498607635498
1.587785243988037
1.649448037147522
1.7071068286895752
1.7604060173034668
1.8090169429779053
1.852640151977539
1.8910064697265625
1.9238795042037964
1.9510564804077148
1.972369909286499
1.9876883029937744
1.9969173669815063
2.0
