2.0
1.9969173669815063
1.9876883029937744
1.972369909286499
1.9510564804077148
1.9238795042037964
1.8910064697265625
1.852640151977539
1.8090169429779053
1.7604060173034668
1.7071068286895752
1.649448037147522
1.587785243988037
1.522498607635498
1.4539904594421387
1.3826833963394165
1.3090169429779053
1.233445405960083
1.156434416770935
1.0784591436386108
1.0
0.9215409159660339
0.8435655236244202
0.7665546536445618
0.69098299741745
0.6173165440559387
0.5460094809532166
0.47750142216682434
0.4122147560119629
0.350551962852478
0.2928932309150696
0.23959402740001678
0.19098301231861115
0.14735983312129974
0.10899347811937332
0.07612046599388123
0.04894348233938217
0.02763007953763008
0.012311659753322601
0.003082666313275695
0.0
1.9969173669815063
1.9807969331741333
1.963304877281189
1.942333459854126
1.9172382354736328
1.8876633644104004
1.8535056114196777
1.8147698640823364
1.7715545892715454
1.7240164279937744
1.6723676919937134
1.6168596744537354
1.5577833652496338
1.4954586029052734
1.430234432220459
1.362481713294983
1.2925925254821777
1.2209742069244385
1.148047924041748
1.0742441415786743
1.0
0.9257558584213257
0.8519520163536072
0.7790257930755615
0.7074074149131775
0.6375182867050171
0.569765567779541
0.5045413970947266
0.4422166049480438
0.3831402659416199
0.3276323676109314
0.2759835720062256
0.22844545543193817
0.18523012101650238
0.14649435877799988
0.11233668774366379
0.082761749625206
0.05766656994819641
0.03669508919119835
0.019203007221221924
0.003082666313275695
1.9876883029937744
1.963304877281189
1.9390335083007812
1.9131852388381958
1.884671926498413
1.852898120880127
1.8175510168075562
1.778478980064392
1.735658884048462
1.6891484260559082
1.6390776634216309
1.5856274366378784
1.5290262699127197
1.4695377349853516
1.407459020614624
1.3431124687194824
1.2768436670303345
1.2090154886245728
1.1400057077407837
1.070202112197876
1.0
0.929797887802124
0.8599943518638611
0.7909845113754272
0.7231563329696655
0.6568875312805176
0.592540979385376
0.5304623246192932
0.4709737300872803
0.4143725633621216
0.36092233657836914
0.3108516335487366
0.2643411159515381
0.2215210348367691
0.18244898319244385
0.14710183441638947
0.11532805114984512
0.08681470155715942
0.06096652150154114
0.03669508919119835
0.012311659753322601
1.972369909286499
1.942333459854126
1.9131852388381958
1.8834772109985352
1.8521853685379028
1.818608283996582
1.7823209762573242
1.7430648803710938
1.7007242441177368
1.655275821685791
1.6067798137664795
1.555354118347168
1.5011712312698364
1.4444427490234375
1.3854179382324219
1.3243730068206787
1.2616102695465088
1.197449803352356
1.1322286128997803
1.0662935972213745
1.0
0.9337064027786255
0.8677713871002197
0.8025501370429993
0.738389790058136
0.6756269931793213
0.6145820617675781
0.5555572509765625
0.4988287687301636
0.44464588165283203
0.3932202160358429
0.344724178314209
0.2992757558822632
0.256935179233551
0.2176789790391922
0.18139173090457916
0.1478145867586136
0.11652276664972305
0.08681470155715942
0.05766656994819641
0.02763007953763008
1.9510564804077148
1.9172382354736328
1.884671926498413
1.8521853685379028
1.8188531398773193
1.7839856147766113
1.747111439704895
1.7079135179519653
1.6662139892578125
1.6219292879104614
1.5750635862350464
1.5256822109222412
1.4739089012145996
1.4199090003967285
1.3638880252838135
1.3060802221298218
1.2467471361160278
1.1861695051193237
1.1246452331542969
1.0624829530715942
1.0
0.9375170469284058
0.8753548264503479
0.8138304948806763
0.7532528638839722
0.693919837474823
0.6361120343208313
0.5800909996032715
0.5260910987854004
0.4743177890777588
0.424936443567276
0.3780706822872162
0.3337860107421875
0.2920864522457123
0.25288859009742737
0.2160143256187439
0.18114691972732544
0.1478145867586136
0.11532805114984512
0.082761749625206
0.04894348233938217
1.9238795042037964
1.8876633644104004
1.852898120880127
1.818608283996582
1.7839856147766113
1.7483863830566406
1.7113386392593384
1.6725022792816162
1.6316628456115723
1.5886965990066528
1.5435655117034912
1.4962931871414185
1.4469623565673828
1.3956985473632812
1.3426686525344849
1.2880687713623047
1.232123613357544
1.1750770807266235
1.1171908378601074
1.0587379932403564
1.0
0.9412620067596436
0.8828091621398926
0.8249229788780212
0.7678764462471008
0.7119312286376953
0.6573314070701599
0.6043014526367188
0.553037703037262
0.5037068128585815
0.4564344882965088
0.4113033413887024
0.36833712458610535
0.32749778032302856
0.2886613607406616
0.2516136169433594
0.2160143256187439
0.18139173090457916
0.14710183441638947
0.11233668774366379
0.07612046599388123
1.8910064697265625
1.8535056114196777
1.8175510168075562
1.7823209762573242
1.747111439704895
1.7113386392593384
1.6745527982711792
1.6364136934280396
1.59669029712677
1.5552345514297485
1.5119789838790894
1.466915488243103
1.4200940132141113
1.371606469154358
1.321586012840271
1.270195484161377
1.2176257371902466
1.1640875339508057
1.1098092794418335
1.0550305843353271
1.0
0.9449693560600281
0.8901907801628113
0.8359125256538391
0.7823743224143982
0.7298045754432678
0.678413987159729
0.6283935904502869
0.5799059867858887
0.5330844521522522
0.48802101612091064
0.44476544857025146
0.40330973267555237
0.36358633637428284
0.325447142124176
0.2886613607406616
0.25288859009742737
0.2176789790391922
0.18244898319244385
0.14649435877799988
0.10899347811937332
1.852640151977539
1.8147698640823364
1.778478980064392
1.7430648803710938
1.7079135179519653
1.6725022792816162
1.6364136934280396
1.599320650100708
1.5609897375106812
1.521261215209961
1.480048418045044
1.437320590019226
1.3931019306182861
1.3474571704864502
1.3004907369613647
1.2523362636566162
1.2031549215316772
1.1531273126602173
1.1024513244628906
1.0513362884521484
1.0
0.9486636519432068
0.8975486755371094
0.8468727469444275
0.7968450784683228
0.7476637363433838
0.6995092630386353
0.6525428295135498
0.6068980693817139
0.5626793503761292
0.5199516415596008
0.47873884439468384
0.43901023268699646
0.4006793797016144
0.36358633637428284
0.32749778032302856
0.2920864522457123
0.256935179233551
0.2215210348367691
0.18523012101650238
0.14735983312129974
1.8090169429779053
1.7715545892715454
1.735658884048462
1.7007242441177368
1.6662139892578125
1.6316628456115723
1.59669029712677
1.5609897375106812
1.5243345499038696
1.4865620136260986
1.4475750923156738
1.4073277711868286
1.3658246994018555
1.3231089115142822
1.2792612314224243
1.2343900203704834
1.188630223274231
1.1421356201171875
1.0950766801834106
1.0476349592208862
1.0
0.9523650407791138
0.9049233198165894
0.8578644394874573
0.811369776725769
0.7656099796295166
0.7207387685775757
0.676891028881073
0.6341753005981445
0.5926722288131714
0.5524249076843262
0.5134380459785461
0.47566545009613037
0.43901023268699646
0.40330973267555237
0.36833712458610535
0.3337860107421875
0.2992757558822632
0.2643411159515381
0.22844545543193817
0.19098301231861115
1.7604060173034668
1.7240164279937744
1.6891484260559082
1.655275821685791
1.6219292879104614
1.5886965990066528
1.5552345514297485
1.521261215209961
1.4865620136260986
1.4509779214859009
1.4144080877304077
1.3767969608306885
1.3381352424621582
1.298449158668518
1.2577998638153076
1.2162747383117676
1.1739857196807861
1.1310628652572632
1.0876522064208984
1.0439097881317139
1.0
0.9560901522636414
0.9123478531837463
0.8689371347427368
0.8260142803192139
0.7837252616882324
0.7422000765800476
0.7015508413314819
0.6618648171424866
0.6232030987739563
0.5855919122695923
0.5490220189094543
0.5134380459785461
0.47873884439468384
0.44476544857025146
0.4113033413887024
0.3780706822872162
0.344724178314209
0.3108516335487366
0.2759835720062256
0.23959402740001678
1.7071068286895752
1.6723676919937134
1.6390776634216309
1.6067798137664795
1.5750635862350464
1.5435655117034912
1.5119789838790894
1.480048418045044
1.4475750923156738
1.4144080877304077
1.3804470300674438
1.3456318378448486
1.3099437952041626
1.2733964920043945
1.2360353469848633
1.1979297399520874
1.1591722965240479
1.119871973991394
1.0801528692245483
1.0401484966278076
1.0
0.9598515033721924
0.9198471903800964
0.880128026008606
0.8408277034759521
0.8020702004432678
0.7639646530151367
0.7266035079956055
0.6900562047958374
0.6543682217597961
0.6195529699325562
0.5855919122695923
0.5524249076843262
0.5199516415596008
0.48802101612091064
0.4564344882965088
0.424936443567276
0.3932202160358429
0.36092233657836914
0.3276323676109314
0.2928932309150696
1.649448037147522
1.6168596744537354
1.5856274366378784
1.555354118347168
1.5256822109222412
1.4962931871414185
1.466915488243103
1.437320590019226
1.4073277711868286
1.3767969608306885
1.3456318378448486
1.313771367073059
1.281191349029541
1.2478959560394287
1.2139179706573486
1.1793123483657837
1.1441547870635986
1.1085360050201416
1.0725605487823486
1.0363417863845825
1.0
0.9636582136154175
0.9274395108222961
0.8914640545845032
0.8558452129364014
0.8206875920295715
0.7860819697380066
0.7521041035652161
0.718808650970459
0.6862286329269409
0.6543682217597961
0.6232030987739563
0.5926722288131714
0.5626793503761292
0.5330844521522522
0.5037068128585815
0.4743177890777588
0.44464588165283203
0.4143725633621216
0.3831402659416199
0.350551962852478
1.587785243988037
1.5577833652496338
1.5290262699127197
1.5011712312698364
1.4739089012145996
1.4469623565673828
1.4200940132141113
1.3931019306182861
1.3658246994018555
1.3381352424621582
1.3099437952041626
1.281191349029541
1.2518506050109863
1.2219195365905762
1.1914212703704834
1.1603986024856567
1.1289128065109253
1.097038984298706
1.0648642778396606
1.0324841737747192
1.0
0.9675158262252808
0.9351357221603394
0.9029610753059387
0.8710871934890747
0.839601457118988
0.8085787296295166
0.7780805230140686
0.7481493949890137
0.718808650970459
0.6900562047958374
0.6618648171424866
0.6341753005981445
0.6068980693817139
0.5799059867858887
0.553037703037262
0.5260910987854004
0.4988287687301636
0.4709737300872803
0.4422166049480438
0.4122147560119629
1.522498607635498
1.4954586029052734
1.4695377349853516
1.4444427490234375
1.4199090003967285
1.3956985473632812
1.371606469154358
1.3474571704864502
1.3231089115142822
1.298449158668518
1.2733964920043945
1.2478959560394287
1.2219195365905762
1.1954611539840698
1.1685367822647095
1.1411793231964111
1.1134380102157593
1.085373878479004
1.0570591688156128
1.0285730361938477
1.0
0.9714269638061523
0.9429407715797424
0.9146261215209961
0.8865620493888855
0.8588206171989441
0.8314631581306458
0.8045388460159302
0.7780805230140686
0.7521041035652161
0.7266035079956055
0.7015508413314819
0.676891028881073
0.6525428295135498
0.6283935904502869
0.6043014526367188
0.5800909996032715
0.5555572509765625
0.5304623246192932
0.5045413970947266
0.47750142216682434
1.4539904594421387
1.430234432220459
1.407459020614624
1.3854179382324219
1.3638880252838135
1.3426686525344849
1.321586012840271
1.3004907369613647
1.2792612314224243
1.2577998638153076
1.2360353469848633
1.2139179706573486
1.1914212703704834
1.1685367822647095
1.1452752351760864
1.1216614246368408
1.0977342128753662
1.0735429525375366
1.049146294593811
1.024608850479126
1.0
0.975391149520874
0.950853705406189
0.9264569878578186
0.9022657871246338
0.878338634967804
0.8547247648239136
0.8314631581306458
0.8085787296295166
0.7860819697380066
0.7639646530151367
0.7422000765800476
0.7207387685775757
0.6995092630386353
0.678413987159729
0.6573314070701599
0.6361120343208313
0.6145820617675781
0.592540979385376
0.569765567779541
0.5460094809532166
1.3826833963394165
1.362481713294983
1.3431124687194824
1.3243730068206787
1.3060802221298218
1.2880687713623047
1.270195484161377
1.2523362636566162
1.2343900203704834
1.2162747383117676
1.1979297399520874
1.1793123483657837
1.1603986024856567
1.1411793231964111
1.1216614246368408
1.101863145828247
1.0818150043487549
1.0615555047988892
1.0411313772201538
1.0205943584442139
1.0
0.9794056415557861
0.9588686227798462
0.9384444952011108
0.9181850552558899
0.8981367945671082
0.878338634967804
0.8588206171989441
0.839601457118988
0.8206875920295715
0.8020702004432678
0.7837252616882324
0.7656099796295166
0.7476637363433838
0.7298045754432678
0.7119312286376953
0.693919837474823
0.6756269931793213
0.6568875312805176
0.6375182867050171
0.6173165440559387
1.3090169429779053
1.2925925254821777
1.2768436670303345
1.2616102695465088
1.2467471361160278
1.232123613357544
1.2176257371902466
1.2031549215316772
1.188630223274231
1.1739857196807861
1.1591722965240479
1.1441547870635986
1.1289128065109253
1.1134380102157593
1.0977342128753662
1.0818150043487549
1.0657029151916504
1.0494275093078613
1.033024787902832
1.0165345668792725
1.0
0.9834653735160828
0.9669751524925232
0.9505724310874939
0.9342971444129944
0.9181850552558899
0.9022657871246338
0.8865620493888855
0.8710871934890747
0.8558452129364014
0.8408277034759521
0.8260142803192139
0.811369776725769
0.7968450784683228
0.7823743224143982
0.7678764462471008
0.7532528638839722
0.738389790058136
0.7231563329696655
0.7074074149131775
0.69098299741745
1.233445405960083
1.2209742069244385
1.2090154886245728
1.197449803352356
1.1861695051193237
1.1750770807266235
1.1640875339508057
1.1531273126602173
1.1421356201171875
1.1310628652572632
1.119871973991394
1.1085360050201416
1.097038984298706
1.085373878479004
1.0735429525375366
1.0615555047988892
1.0494275093078613
1.0371805429458618
1.0248404741287231
1.0124365091323853
1.0
0.9875634908676147
0.9751595258712769
0.9628194570541382
0.9505724310874939
0.9384444952011108
0.9264569878578186
0.9146261215209961
0.9029610753059387
0.8914640545845032
0.880128026008606
0.8689371347427368
0.8578644394874573
0.8468727469444275
0.8359125256538391
0.8249229788780212
0.8138304948806763
0.8025501370429993
0.7909845113754272
0.7790257930755615
0.7665546536445618
1.156434416770935
1.148047924041748
1.1400057077407837
1.1322286128997803
1.1246452331542969
1.1171908378601074
1.1098092794418335
1.1024513244628906
1.0950766801834106
1.0876522064208984
1.0801528692245483
1.0725605487823486
1.0648642778396606
1.0570591688156128
1.049146294593811
1.0411313772201538
1.033024787902832
1.0248404741287231
1.0165952444076538
1.0083082914352417
1.0
0.9916917085647583
0.9834046959877014
0.9751595258712769
0.9669751524925232
0.9588686227798462
0.950853705406189
0.9429407715797424
0.9351357221603394
0.9274395108222961
0.9198471903800964
0.9123478531837463
0.9049233198165894
0.8975486755371094
0.8901907801628113
0.8828091621398926
0.8753548264503479
0.8677713871002197
0.8599943518638611
0.8519520163536072
0.8435655236244202
1.0784591436386108
1.0742441415786743
1.070202112197876
1.0662935972213745
1.0624829530715942
1.0587379932403564
1.0550305843353271
1.0513362884521484
1.0476349592208862
1.0439097881317139
1.0401484966278076
1.0363417863845825
1.0324841737747192
1.0285730361938477
1.024608850479126
1.0205943584442139
1.0165345668792725
1.0124365091323853
1.0083082914352417
1.0041594505310059
1.0
0.9958406090736389
0.9916917085647583
0.9875634908676147
0.9834653735160828
0.9794056415557861
0.975391149520874
0.9714269638061523
0.9675158262252808
0.9636582136154175
0.9598515033721924
0.9560901522636414
0.9523650407791138
0.9486636519432068
0.9449693560600281
0.9412620067596436
0.9375170469284058
0.9337064027786255
0.929797887802124
0.9257558584213257
0.9215409159660339
1.0
1.0
1.0
1.0
1.0
1.0
1.0
1.0
1.0
1.0
1.0
1.0
1.0
1.0
1.0
1.0
1.0
1.0
1.0
1.0
1.0
1.0
1.0
1.0
1.0
1.0
1.0
1.0
1.0
1.0
1.0
1.0
1.0
1.0
1.0
1.0
1.0
1.0
1.0
1.0
1.0
0.9215409159660339
0.9257558584213257
0.929797887802124
0.9337064027786255
0.9375170469284058
0.9412620067596436
0.9449693560600281
0.9486636519432068
0.9523650407791138
0.9560901522636414
0.9598515033721924
0.9636582136154175
0.9675158262252808
0.9714269638061523
0.975391149520874
0.9794056415557861
0.9834653735160828
0.9875634908676147
0.9916917085647583
0.9958406090736389
1.0
1.0041594505310059
1.0083082914352417
1.0124365091323853
1.0165345668792725
1.0205943584442139
1.024608850479126
1.0285730361938477
1.0324841737747192
1.0363417863845825
1.0401484966278076
1.0439097881317139
1.0476349592208862
1.0513362884521484
1.0550305843353271
1.0587379932403564
1.0624829530715942
1.0662935972213745
1.070202112197876
1.0742441415786743
1.0784591436386108
0.8435655236244202
0.8519520163536072
0.8599943518638611
0.8677713871002197
0.8753548264503479
0.8828091621398926
0.8901907801628113
0.8975486755371094
0.9049233198165894
0.9123478531837463
0.9198471903800964
0.9274395108222961
0.9351357221603394
0.9429407715797424
0.950853705406189
0.9588686227798462
0.9669751524925232
0.9751595258712769
0.9834046959877014
0.9916917085647583
1.0
1.0083082914352417
1.0165952444076538
1.0248404741287231
1.033024787902832
1.0411313772201538
1.049146294593811
1.0570591688156128
1.0648642778396606
1.0725605487823486
1.0801528692245483
1.0876522064208984
1.0950766801834106
1.1024513244628906
1.1098092794418335
1.1171908378601074
1.1246452331542969
1.1322286128997803
1.1400057077407837
1.148047924041748
1.156434416770935
0.7665546536445618
0.7790257930755615
0.7909845113754272
0.8025501370429993
0.8138304948806763
0.8249229788780212
0.8359125256538391
0.8468727469444275
0.8578644394874573
0.8689371347427368
0.880128026008606
0.8914640545845032
0.9029610753059387
0.9146261215209961
0.9264569878578186
0.9384444952011108
0.9505724310874939
0.9628194570541382
0.9751595258712769
0.9875634908676147
1.0
1.0124365091323853
1.0248404741287231
1.0371805429458618
1.0494275093078613
1.0615555047988892
1.0735429525375366
1.085373878479004
1.097038984298706
1.1085360050201416
1.119871973991394
1.1310628652572632
1.1421356201171875
1.1531273126602173
1.1640875339508057
1.1750770807266235
1.1861695051193237
1.197449803352356
1.2090154886245728
1.2209742069244385
1.233445405960083
0.69098299741745
0.7074074149131775
0.7231563329696655
0.738389790058136
0.7532528638839722
0.7678764462471008
0.7823743224143982
0.7968450784683228
0.811369776725769
0.8260142803192139
0.8408277034759521
0.8558452129364014
0.8710871934890747
0.8865620493888855
0.9022657871246338
0.9181850552558899
0.9342971444129944
0.9505724310874939
0.9669751524925232
0.9834653735160828
1.0
1.0165345668792725
1.033024787902832
1.0494275093078613
1.0657029151916504
1.0818150043487549
1.0977342128753662
1.1134380102157593
1.1289128065109253
1.1441547870635986
1.1591722965240479
1.1739857196807861
1.188630223274231
1.2031549215316772
1.2176257371902466
1.232123613357544
1.2467471361160278
1.2616102695465088
1.2768436670303345
1.2925925254821777
1.3090169429779053
0.6173165440559387
0.6375182867050171
0.6568875312805176
0.6756269931793213
0.693919837474823
0.7119312286376953
0.7298045754432678
0.7476637363433838
0.7656099796295166
0.7837252616882324
0.8020702004432678
0.8206875920295715
0.839601457118988
0.8588206171989441
0.878338634967804
0.8981367945671082
0.9181850552558899
0.9384444952011108
0.9588686227798462
0.9794056415557861
1.0
1.0205943584442139
1.0411313772201538
1.0615555047988892
1.0818150043487549
1.101863145828247
1.1216614246368408
1.1411793231964111
1.1603986024856567
1.1793123483657837
1.1979297399520874
1.2162747383117676
1.2343900203704834
1.2523362636566162
1.270195484161377
1.2880687713623047
1.3060802221298218
1.3243730068206787
1.3431124687194824
1.362481713294983
1.3826833963394165
0.5460094809532166
0.569765567779541
0.592540979385376
0.6145820617675781
0.6361120343208313
0.6573314070701599
0.678413987159729
0.6995092630386353
0.7207387685775757
0.7422000765800476
0.7639646530151367
0.7860819697380066
0.8085787296295166
0.8314631581306458
0.8547247648239136
0.878338634967804
0.9022657871246338
0.9264569878578186
0.950853705406189
0.975391149520874
1.0
1.024608850479126
1.049146294593811
1.0735429525375366
1.0977342128753662
1.1216614246368408
1.1452752351760864
1.1685367822647095
1.1914212703704834
1.2139179706573486
1.2360353469848633
1.2577998638153076
1.2792612314224243
1.3004907369613647
1.321586012840271
1.3426686525344849
1.3638880252838135
1.3854179382324219
1.407459020614624
1.430234432220459
1.4539904594421387
0.47750142216682434
0.5045413970947266
0.5304623246192932
0.5555572509765625
0.5800909996032715
0.6043014526367188
0.6283935904502869
0.6525428295135498
0.676891028881073
0.7015508413314819
0.7266035079956055
0.7521041035652161
0.7780805230140686
0.8045388460159302
0.8314631581306458
0.8588206171989441
0.8865620493888855
0.9146261215209961
0.9429407715797424
0.9714269638061523
1.0
1.0285730361938477
1.0570591688156128
1.085373878479004
1.1134380102157593
1.1411793231964111
1.1685367822647095
1.1954611539840698
1.2219195365905762
1.2478959560394287
1.2733964920043945
1.298449158668518
1.3231089115142822
1.3474571704864502
1.371606469154358
1.3956985473632812
1.4199090003967285
1.4444427490234375
1.4695377349853516
1.4954586029052734
1.522498607635498
0.4122147560119629
0.4422166049480438
0.4709737300872803
0.4988287687301636
0.5260910987854004
0.553037703037262
0.5799059867858887
0.6068980693817139
0.6341753005981445
0.6618648171424866
0.6900562047958374
0.718808650970459
0.7481493949890137
0.7780805230140686
0.8085787296295166
0.839601457118988
0.8710871934890747
0.9029610753059387
0.9351357221603394
0.9675158262252808
1.0
1.0324841737747192
1.0648642778396606
1.097038984298706
1.1289128065109253
1.1603986024856567
1.1914212703704834
1.2219195365905762
1.2518506050109863
1.281191349029541
1.3099437952041626
1.3381352424621582
1.3658246994018555
1.3931019306182861
1.4200940132141113
1.4469623565673828
1.4739089012145996
1.5011712312698364
1.5290262699127197
1.5577833652496338
1.587785243988037
0.350551962852478
0.3831402659416199
0.4143725633621216
0.44464588165283203
0.4743177890777588
0.5037068128585815
0.5330844521522522
0.5626793503761292
0.5926722288131714
0.6232030987739563
0.6543682217597961
0.6862286329269409
0.718808650970459
0.7521041035652161
0.7860819697380066
0.8206875920295715
0.8558452129364014
0.8914640545845032
0.9274395108222961
0.9636582136154175
1.0
1.0363417863845825
1.0725605487823486
1.1085360050201416
1.1441547870635986
1.1793123483657837
1.2139179706573486
1.2478959560394287
1.281191349029541
1.313771367073059
1.3456318378448486
1.3767969608306885
1.4073277711868286
1.437320590019226
1.466915488243103
1.4962931871414185
1.5256822109222412
1.555354118347168
1.5856274366378784
1.6168596744537354
1.649448037147522
0.2928932309150696
0.3276323676109314
0.36092233657836914
0.3932202160358429
0.424936443567276
0.4564344882965088
0.48802101612091064
0.5199516415596008
0.5524249076843262
0.5855919122695923
0.6195529699325562
0.6543682217597961
0.6900562047958374
0.7266035079956055
0.7639646530151367
0.8020702004432678
0.8408277034759521
0.880128026008606
0.9198471903800964
0.9598515033721924
1.0
1.0401484966278076
1.0801528692245483
1.119871973991394
1.1591722965240479
1.1979297399520874
1.2360353469848633
1.2733964920043945
1.3099437952041626
1.3456318378448486
1.3804470300674438
1.4144080877304077
1.4475750923156738
1.480048418045044
1.5119789838790894
1.5435655117034912
1.5750635862350464
1.6067798137664795
1.6390776634216309
1.6723676919937134
1.7071068286895752
0.23959402740001678
0.2759835720062256
0.3108516335487366
0.344724178314209
0.3780706822872162
0.4113033413887024
0.44476544857025146
0.47873884439468384
0.5134380459785461
0.5490220189094543
0.5855919122695923
0.6232030987739563
0.6618648171424866
0.7015508413314819
0.7422000765800476
0.7837252616882324
0.8260142803192139
0.8689371347427368
0.9123478531837463
0.9560901522636414
1.0
1.0439097881317139
1.0876522064208984
1.1310628652572632
1.1739857196807861
1.2162747383117676
1.2577998638153076
1.298449158668518
1.3381352424621582
1.3767969608306885
1.4144080877304077
1.4509779214859009
1.4865620136260986
1.521261215209961
1.5552345514297485
1.5886965990066528
1.6219292879104614
1.655275821685791
1.6891484260559082
1.7240164279937744
1.7604060173034668
0.19098301231861115
0.22844545543193817
0.2643411159515381
0.2992757558822632
0.3337860107421875
0.36833712458610535
0.40330973267555237
0.43901023268699646
0.47566545009613037
0.5134380459785461
0.5524249076843262
0.5926722288131714
0.6341753005981445
0.676891028881073
0.7207387685775757
0.7656099796295166
0.811369776725769
0.8578644394874573
0.9049233198165894
0.9523650407791138
1.0
1.0476349592208862
1.0950766801834106
1.1421356201171875
1.188630223274231
1.2343900203704834
1.2792612314224243
1.3231089115142822
1.3658246994018555
1.4073277711868286
1.4475750923156738
1.4865620136260986
1.5243345499038696
1.5609897375106812
1.59669029712677
1.6316628456115723
1.6662139892578125
1.7007242441177368
1.735658884048462
1.7715545892715454
1.8090169429779053
0.14735983312129974
0.18523012101650238
0.2215210348367691
0.256935179233551
0.2920864522457123
0.32749778032302856
0.36358633637428284
0.4006793797016144
0.43901023268699646
0.47873884439468384
0.5199516415596008
0.5626793503761292
0.6068980693817139
0.6525428295135498
0.6995092630386353
0.7476637363433838
0.7968450784683228
0.8468727469444275
0.8975486755371094
0.9486636519432068
1.0
1.0513362884521484
1.1024513244628906
1.1531273126602173
1.2031549215316772
1.2523362636566162
1.3004907369613647
1.3474571704864502
1.3931019306182861
1.437320590019226
1.480048418045044
1.521261215209961
1.5609897375106812
1.599320650100708
1.6364136934280396
1.6725022792816162
1.7079135179519653
1.7430648803710938
1.778478980064392
1.8147698640823364
1.852640151977539
0.10899347811937332
0.14649435877799988
0.18244898319244385
0.2176789790391922
0.25288859009742737
0.2886613607406616
0.325447142124176
0.36358633637428284
0.40330973267555237
0.44476544857025146
0.48802101612091064
0.5330844521522522
0.5799059867858887
0.6283935904502869
0.678413987159729
0.7298045754432678
0.7823743224143982
0.8359125256538391
0.8901907801628113
0.9449693560600281
1.0
1.0550305843353271
1.1098092794418335
1.1640875339508057
1.2176257371902466
1.270195484161377
1.321586012840271
1.371606469154358
1.4200940132141113
1.466915488243103
1.5119789838790894
1.5552345514297485
1.59669029712677
1.6364136934280396
1.6745527982711792
1.7113386392593384
1.747111439704895
1.7823209762573242
1.8175510168075562
1.8535056114196777
1.8910064697265625
0.07612046599388123
0.11233668774366379
0.14710183441638947
0.18139173090457916
0.2160143256187439
0.2516136169433594
0.2886613607406616
0.32749778032302856
0.36833712458610535
0.4113033413887024
0.4564344882965088
0.5037068128585815
0.553037703037262
0.6043014526367188
0.6573314070701599
0.7119312286376953
0.7678764462471008
0.8249229788780212
0.8828091621398926
0.9412620067596436
1.0
1.0587379932403564
1.1171908378601074
1.1750770807266235
1.232123613357544
1.2880687713623047
1.3426686525344849
1.3956985473632812
1.4469623565673828
1.4962931871414185
1.5435655117034912
1.5886965990066528
1.6316628456115723
1.6725022792816162
1.7113386392593384
1.7483863830566406
1.7839856147766113
1.818608283996582
1.852898120880127
1.8876633644104004
1.9238795042037964
0.04894348233938217
0.082761749625206
0.11532805114984512
0.1478145867586136
0.18114691972732544
0.2160143256187439
0.25288859009742737
0.2920864522457123
0.3337860107421875
0.3780706822872162
0.424936443567276
0.4743177890777588
0.5260910987854004
0.5800909996032715
0.6361120343208313
0.693919837474823
0.7532528638839722
0.8138304948806763
0.8753548264503479
0.9375170469284058
1.0
1.0624829530715942
1.1246452331542969
1.1861695051193237
1.2467471361160278
1.3060802221298218
1.3638880252838135
1.4199090003967285
1.4739089012145996
1.5256822109222412
1.5750635862350464
1.6219292879104614
1.6662139892578125
1.7079135179519653
1.747111439704895
1.7839856147766113
1.8188531398773193
1.8521853685379028
1.884671926498413
1.9172382354736328
1.9510564804077148
0.02763007953763008
0.05766656994819641
0.08681470155715942
0.11652276664972305
0.1478145867586136
0.18139173090457916
0.2176789790391922
0.256935179233551
0.2992757558822632
0.344724178314209
0.3932202160358429
0.44464588165283203
0.4988287687301636
0.5555572509765625
0.6145820617675781
0.6756269931793213
0.738389790058136
0.8025501370429993
0.8677713871002197
0.9337064027786255
1.0
1.0662935972213745
1.1322286128997803
1.197449803352356
1.2616102695465088
1.3243730068206787
1.3854179382324219
1.4444427490234375
1.5011712312698364
1.555354118347168
1.6067798137664795
1.655275821685791
1.7007242441177368
1.7430648803710938
1.7823209762573242
1.818608283996582
1.8521853685379028
1.8834772109985352
1.9131852388381958
1.942333459854126
1.972369909286499
0.012311659753322601
0.03669508919119835
0.06096652150154114
0.08681470155715942
0.11532805114984512
0.14710183441638947
0.18244898319244385
0.2215210348367691
0.2643411159515381
0.3108516335487366
0.36092233657836914
0.4143725633621216
0.4709737300872803
0.5304623246192932
0.592540979385376
0.6568875312805176
0.7231563329696655
0.7909845113754272
0.8599943518638611
0.929797887802124
1.0
1.070202112197876
1.1400057077407837
1.2090154886245728
1.2768436670303345
1.3431124687194824
1.407459020614624
1.4695377349853516
1.5290262699127197
1.5856274366378784
1.6390776634216309
1.6891484260559082
1.735658884048462
1.778478980064392
1.8175510168075562
1.852898120880127
1.884671926498413
1.9131852388381958
1.9390335083007812
1.963304877281189
1.9876883029937744
0.003082666313275695
0.019203007221221924
0.03669508919119835
0.05766656994819641
0.082761749625206
0.11233668774366379
0.14649435877799988
0.18523012101650238
0.22844545543193817
0.2759835720062256
0.3276323676109314
0.3831402659416199
0.4422166049480438
0.5045413970947266
0.569765567779541
0.6375182867050171
0.7074074149131775
0.7790257930755615
0.8519520163536072
0.9257558584213257
1.0
1.0742441415786743
1.148047924041748
1.2209742069244385
1.2925925254821777
1.362481713294983
1.430234432220459
1.4954586029052734
1.5577833652496338
1.6168596744537354
1.6723676919937134
1.7240164279937744
1.7715545892715454
1.8147698640823364
1.8535056114196777
1.8876633644104004
1.9172382354736328
1.942333459854126
1.963304877281189
1.9807969331741333
1.9969173669815063
0.0
0.003082666313275695
0.012311659753322601
0.02763007953763008
0.04894348233938217
0.07612046599388123
0.10899347811937332
0.14735983312129974
0.19098301231861115
0.23959402740001678
0.2928932309150696
0.350551962852478
0.4122147560119629
0.47750142216682434
0.5460094809532166
0.6173165440559387
0.69098299741745
0.7665546536445618
0.8435655236244202
0.9215409159660339
1.0
1.0784591436386108
1.156434416770935
1.233445405960083
1.3090169429779053
1.3826833963394165
1.4539904594421387
1.522498607635498
1.587785243988037
1.649448037147522
1.7071068286895752
1.7604060173034668
1.8090169429779053
1.852640151977539
1.8910064697265625
1.9238795042037964
1.9510564804077148
1.972369909286499
1.9876883029937744
1.9969173669815063
2.0
