2.0
1.9969173669815063
1.9876883029937744
1.972369909286499
1.9510564804077148
1.9238795042037964
1.8910064697265625
1.852640151977539
1.8090169429779053
1.7604060173034668
1.7071068286895752
1.649448037147522
1.587785243988037
1.522498607635498
1.4539904594421387
1.3826833963394165
1.3090169429779053
1.233445405960083
1.156434416770935
1.0784591436386108
1.0
0.9215409159660339
0.8435655236244202
0.7665546536445618
0.69098299741745
0.6173165440559387
0.5460094809532166
0.47750142216682434
0.4122147560119629
0.350551962852478
0.2928932309150696
0.23959402740001678
0.19098301231861115
0.14735983312129974
0.10899347811937332
0.07612046599388123
0.04894348233938217
0.02763007953763008
0.012311659753322601
0.003082666313275695
0.0
1.9969173669815063
1.9763365983963013
1.9560096263885498
1.9330894947052002
1.9066787958145142
1.8762555122375488
1.8416239023208618
1.8027215003967285
1.7595994472503662
1.7123770713806152
1.66123628616333
1.6064029932022095
1.5481458902359009
1.486764907836914
1.422591209411621
1.3559784889221191
1.28730309009552
1.216956615447998
1.145345687866211
1.0728858709335327
1.0
0.9271141886711121
0.8546543121337891
0.7830433249473572
0.7126969695091248
0.6440214514732361
0.5774088501930237
0.5132350921630859
0.4518541693687439
0.3935970366001129
0.3387637436389923
0.28762292861938477
0.240400493144989
0.19727851450443268
0.15837612748146057
0.12374450266361237
0.09332120418548584
0.06691053509712219
0.0439903549849987
0.023663442581892014
0.003082666313275695
1.9876883029937744
1.9560096263885498
1.9265565872192383
1.897044062614441
1.8659794330596924
1.832519769668579
1.7961883544921875
1.7567135095596313
1.7139843702316284
1.6679874658584595
1.6187961101531982
1.5665420293807983
1.5114116668701172
1.4536306858062744
1.3934617042541504
1.3311946392059326
1.2671449184417725
1.2016459703445435
1.135047435760498
1.0677094459533691
1.0
0.9322905540466309
0.864952564239502
0.7983540296554565
0.7328550815582275
0.6688053607940674
0.6065382957458496
0.5463693141937256
0.4885883033275604
0.43345797061920166
0.38120391964912415
0.3320125639438629
0.2860156297683716
0.24328643083572388
0.20381170511245728
0.1674802303314209
0.13402059674263
0.10295592993497849
0.0734434425830841
0.0439903549849987
0.012311659753322601
1.972369909286499
1.9330894947052002
1.897044062614441
1.8622719049453735
1.8273671865463257
1.7913453578948975
1.7535802125930786
1.7136574983596802
1.671343207359314
1.6265169382095337
1.5791593790054321
1.5293201208114624
1.4771119356155396
1.4226926565170288
1.3662627935409546
1.3080527782440186
1.248321771621704
1.1873488426208496
1.1254308223724365
1.0628756284713745
1.0
0.9371244311332703
0.8745692372322083
0.8126510977745056
0.7516781687736511
0.6919472217559814
0.6337372064590454
0.5773072838783264
0.5228880643844604
0.4706798791885376
0.4208405613899231
0.3734830915927887
0.32865679264068604
0.2863425314426422
0.24641980230808258
0.20865465700626373
0.17263281345367432
0.13772812485694885
0.10295592993497849
0.06691053509712219
0.02763007953763008
1.9510564804077148
1.9066787958145142
1.8659794330596924
1.8273671865463257
1.7895691394805908
1.7516177892684937
1.7128254175186157
1.6727014780044556
1.6309294700622559
1.587310552597046
1.5417524576187134
1.4942362308502197
1.4448120594024658
1.3935785293579102
1.3406802415847778
1.2862944602966309
1.2306289672851562
1.1739130020141602
1.1163946390151978
1.0583338737487793
1.0
0.9416661262512207
0.8836053609848022
0.8260869383811951
0.7693710327148438
0.7137055993080139
0.6593198180198669
0.6064215302467346
0.555188000202179
0.5057637691497803
0.4582476019859314
0.4126894176006317
0.36907050013542175
0.3272985517978668
0.2871745526790619
0.24838218092918396
0.21043090522289276
0.17263281345367432
0.13402059674263
0.09332120418548584
0.04894348233938217
1.9238795042037964
1.8762555122375488
1.832519769668579
1.7913453578948975
1.7516177892684937
1.7124319076538086
1.6731013059616089
1.6331058740615845
1.5920828580856323
1.5497815608978271
1.5060558319091797
1.4608339071273804
1.414114236831665
1.3659456968307495
1.3164244890213013
1.2656809091567993
1.2138770818710327
1.161197304725647
1.1078453063964844
1.0540375709533691
1.0
0.9459624290466309
0.8921546936035156
0.838802695274353
0.7861228585243225
0.7343190908432007
0.6835755109786987
0.6340542435646057
0.5858857035636902
0.5391661524772644
0.4939442276954651
0.45021846890449524
0.4079170823097229
0.3668941259384155
0.3268986642360687
0.287568062543869
0.24838218092918396
0.20865465700626373
0.1674802303314209
0.12374450266361237
0.07612046599388123
1.8910064697265625
1.8416239023208618
1.7961883544921875
1.7535802125930786
1.7128254175186157
1.6731013059616089
1.6337528228759766
1.5942617654800415
1.5542460680007935
1.5134252309799194
1.4716172218322754
1.4287114143371582
1.384666085243225
1.3394891023635864
1.2932363748550415
1.2459977865219116
1.1978956460952759
1.1490741968154907
1.0996980667114258
1.049944519996643
1.0
0.9500555396080017
0.9003018736839294
0.8509258031845093
0.8021044135093689
0.7540022134780884
0.7067636251449585
0.6605108976364136
0.6153339743614197
0.571288526058197
0.5283827185630798
0.4865747392177582
0.44575396180152893
0.4057382345199585
0.36624714732170105
0.3268986642360687
0.2871745526790619
0.24641980230808258
0.20381170511245728
0.15837612748146057
0.10899347811937332
1.852640151977539
1.8027215003967285
1.7567135095596313
1.7136574983596802
1.6727014780044556
1.6331058740615845
1.5942617654800415
1.555671215057373
1.5169519186019897
1.4778110980987549
1.4380451440811157
1.3975173234939575
1.3561558723449707
1.3139371871948242
1.2708839178085327
1.2270525693893433
1.1825308799743652
1.137428879737854
1.0918766260147095
1.0460163354873657
1.0
0.9539836645126343
0.9081233739852905
0.8625710606575012
0.8174691200256348
0.7729474306106567
0.7291160225868225
0.6860628724098206
0.6438441872596741
0.6024826765060425
0.5619547963142395
0.5221889019012451
0.48304805159568787
0.44432875514030457
0.4057382345199585
0.3668941259384155
0.3272985517978668
0.2863425314426422
0.24328643083572388
0.19727851450443268
0.14735983312129974
1.8090169429779053
1.7595994472503662
1.7139843702316284
1.671343207359314
1.6309294700622559
1.5920828580856323
1.5542460680007935
1.5169519186019897
1.4798305034637451
1.442589521408081
1.4050155878067017
1.3669562339782715
1.3283191919326782
1.2890572547912598
1.2491672039031982
1.208678126335144
1.1676490306854248
1.126160979270935
1.0843137502670288
1.042219638824463
1.0
0.9577804207801819
0.9156862497329712
0.8738390207290649
0.8323509097099304
0.7913219332695007
0.750832736492157
0.7109427452087402
0.6716808676719666
0.6330438256263733
0.5949844717979431
0.557410478591919
0.5201694369316101
0.48304805159568787
0.44575396180152893
0.4079170823097229
0.36907050013542175
0.32865679264068604
0.2860156297683716
0.240400493144989
0.19098301231861115
1.7604060173034668
1.7123770713806152
1.6679874658584595
1.6265169382095337
1.587310552597046
1.5497815608978271
1.5134252309799194
1.4778110980987549
1.442589521408081
1.4074773788452148
1.3722610473632812
1.3367807865142822
1.300931692123413
1.2646502256393433
1.227913737297058
1.1907293796539307
1.153133511543274
1.1151823997497559
1.0769507884979248
1.038524866104126
1.0
0.9614750742912292
0.9230492115020752
0.8848175406455994
0.8468664884567261
0.8092705607414246
0.7720863223075867
0.7353497743606567
0.6990683078765869
0.6632192134857178
0.6277389526367188
0.5925226211547852
0.557410478591919
0.5221889019012451
0.4865747392177582
0.45021846890449524
0.4126894176006317
0.3734830915927887
0.3320125639438629
0.28762292861938477
0.23959402740001678
1.7071068286895752
1.66123628616333
1.6187961101531982
1.5791593790054321
1.5417524576187134
1.5060558319091797
1.4716172218322754
1.4380451440811157
1.4050155878067017
1.3722610473632812
1.3395740985870361
1.3067951202392578
1.2738127708435059
1.2405534982681274
1.20698082447052
1.1730859279632568
1.138886570930481
1.1044193506240845
1.0697381496429443
1.034907341003418
1.0
0.965092658996582
0.9302619099617004
0.8955805897712708
0.861113429069519
0.8269140720367432
0.79301917552948
0.7594465017318726
0.7261872291564941
0.693204939365387
0.6604259014129639
0.6277389526367188
0.5949844717979431
0.5619547963142395
0.5283827185630798
0.4939442276954651
0.4582476019859314
0.4208405613899231
0.38120391964912415
0.3387637436389923
0.2928932309150696
1.649448037147522
1.6064029932022095
1.5665420293807983
1.5293201208114624
1.4942362308502197
1.4608339071273804
1.4287114143371582
1.3975173234939575
1.3669562339782715
1.3367807865142822
1.3067951202392578
1.2768445014953613
1.2468171119689941
1.2166345119476318
1.1862512826919556
1.1556472778320312
1.1248263120651245
1.0938096046447754
1.062633752822876
1.0313458442687988
1.0
0.968654215335846
0.9373661875724792
0.9061903953552246
0.8751736879348755
0.8443527221679688
0.8137487173080444
0.7833655476570129
0.7531828880310059
0.7231555581092834
0.693204939365387
0.6632192134857178
0.6330438256263733
0.6024826765060425
0.571288526058197
0.5391661524772644
0.5057637691497803
0.4706798791885376
0.43345797061920166
0.3935970366001129
0.350551962852478
1.587785243988037
1.5481458902359009
1.5114116668701172
1.4771119356155396
1.4448120594024658
1.414114236831665
1.384666085243225
1.3561558723449707
1.3283191919326782
1.300931692123413
1.2738127708435059
1.2468171119689941
1.2198365926742554
1.1927921772003174
1.165634036064148
1.1383345127105713
1.110887885093689
1.0833032131195068
1.0556042194366455
1.0278233289718628
1.0
0.9721766710281372
0.9443957805633545
0.9166967272758484
0.8891121745109558
0.8616654276847839
0.8343660235404968
0.8072078824043274
0.7801634073257446
0.7531828880310059
0.7261872291564941
0.6990683078765869
0.6716808676719666
0.6438441872596741
0.6153339743614197
0.5858857035636902
0.555188000202179
0.5228880643844604
0.4885883033275604
0.4518541693687439
0.4122147560119629
1.522498607635498
1.486764907836914
1.4536306858062744
1.4226926565170288
1.3935785293579102
1.3659456968307495
1.3394891023635864
1.3139371871948242
1.2890572547912598
1.2646502256393433
1.2405534982681274
1.2166345119476318
1.1927921772003174
1.1689505577087402
1.1450589895248413
1.1210863590240479
1.097019910812378
1.0728607177734375
1.0486223697662354
1.0243263244628906
1.0
0.9756736755371094
0.9513775706291199
0.9271392226219177
0.9029801487922668
0.8789137005805969
0.8549409508705139
0.8310494422912598
0.8072078824043274
0.7833655476570129
0.7594465017318726
0.7353497743606567
0.7109427452087402
0.6860628724098206
0.6605108976364136
0.6340542435646057
0.6064215302467346
0.5773072838783264
0.5463693141937256
0.5132350921630859
0.47750142216682434
1.4539904594421387
1.422591209411621
1.3934617042541504
1.3662627935409546
1.3406802415847778
1.3164244890213013
1.2932363748550415
1.2708839178085327
1.2491672039031982
1.227913737297058
1.20698082447052
1.1862512826919556
1.165634036064148
1.1450589895248413
1.1244778633117676
1.1038585901260376
1.0831849575042725
1.062452793121338
1.041668176651001
1.0208444595336914
1.0
0.9791555404663086
0.958331823348999
0.9375472664833069
0.9168150424957275
0.8961414098739624
0.8755220770835876
0.8549409508705139
0.8343660235404968
0.8137487173080444
0.79301917552948
0.7720863223075867
0.750832736492157
0.7291160225868225
0.7067636251449585
0.6835755109786987
0.6593198180198669
0.6337372064590454
0.6065382957458496
0.5774088501930237
0.5460094809532166
1.3826833963394165
1.3559784889221191
1.3311946392059326
1.3080527782440186
1.2862944602966309
1.2656809091567993
1.2459977865219116
1.2270525693893433
1.208678126335144
1.1907293796539307
1.1730859279632568
1.1556472778320312
1.1383345127105713
1.1210863590240479
1.1038585901260376
1.0866209268569946
1.0693565607070923
1.0520579814910889
1.0347267389297485
1.0173702239990234
1.0
0.9826298356056213
0.9652732610702515
0.9479420185089111
0.9306434392929077
0.9133790135383606
0.8961414098739624
0.8789137005805969
0.8616654276847839
0.8443527221679688
0.8269140720367432
0.8092705607414246
0.7913219332695007
0.7729474306106567
0.7540022134780884
0.7343190908432007
0.7137055993080139
0.6919472217559814
0.6688053607940674
0.6440214514732361
0.6173165440559387
1.3090169429779053
1.28730309009552
1.2671449184417725
1.248321771621704
1.2306289672851562
1.2138770818710327
1.1978956460952759
1.1825308799743652
1.1676490306854248
1.153133511543274
1.138886570930481
1.1248263120651245
1.110887885093689
1.097019910812378
1.0831849575042725
1.0693565607070923
1.0555187463760376
1.0416630506515503
1.027788519859314
1.013898491859436
1.0
0.9861014485359192
0.9722114205360413
0.9583368897438049
0.9444813132286072
0.9306434392929077
0.9168150424957275
0.9029801487922668
0.8891121745109558
0.8751736879348755
0.861113429069519
0.8468664884567261
0.8323509097099304
0.8174691200256348
0.8021044135093689
0.7861228585243225
0.7693710327148438
0.7516781687736511
0.7328550815582275
0.7126969695091248
0.69098299741745
1.233445405960083
1.216956615447998
1.2016459703445435
1.1873488426208496
1.1739130020141602
1.161197304725647
1.1490741968154907
1.137428879737854
1.126160979270935
1.1151823997497559
1.1044193506240845
1.0938096046447754
1.0833032131195068
1.0728607177734375
1.062452793121338
1.0520579814910889
1.0416630506515503
1.0312604904174805
1.0208479166030884
1.01042640209198
1.0
0.98957359790802
0.9791521430015564
0.9687395095825195
0.9583368897438049
0.9479420185089111
0.9375472664833069
0.9271392226219177
0.9166967272758484
0.9061903953552246
0.8955805897712708
0.8848175406455994
0.8738390207290649
0.8625710606575012
0.8509258031845093
0.838802695274353
0.8260869383811951
0.8126510977745056
0.7983540296554565
0.7830433249473572
0.7665546536445618
1.156434416770935
1.145345687866211
1.135047435760498
1.1254308223724365
1.1163946390151978
1.1078453063964844
1.0996980667114258
1.0918766260147095
1.0843137502670288
1.0769507884979248
1.0697381496429443
1.062633752822876
1.0556042194366455
1.0486223697662354
1.041668176651001
1.0347267389297485
1.027788519859314
1.0208479166030884
1.0139025449752808
1.0069525241851807
1.0
0.9930474162101746
0.986097514629364
0.9791521430015564
0.9722114205360413
0.9652732610702515
0.958331823348999
0.9513775706291199
0.9443957805633545
0.9373661875724792
0.9302619099617004
0.9230492115020752
0.9156862497329712
0.9081233739852905
0.9003018736839294
0.8921546936035156
0.8836053609848022
0.8745692372322083
0.864952564239502
0.8546543121337891
0.8435655236244202
1.0784591436386108
1.0728858709335327
1.0677094459533691
1.0628756284713745
1.0583338737487793
1.0540375709533691
1.049944519996643
1.0460163354873657
1.042219638824463
1.038524866104126
1.034907341003418
1.0313458442687988
1.0278233289718628
1.0243263244628906
1.0208444595336914
1.0173702239990234
1.013898491859436
1.01042640209198
1.0069525241851807
1.003476858139038
1.0
0.9965231418609619
0.9930474162101746
0.98957359790802
0.9861014485359192
0.9826298356056213
0.9791555404663086
0.9756736755371094
0.9721766710281372
0.968654215335846
0.965092658996582
0.9614750742912292
0.9577804207801819
0.9539836645126343
0.9500555396080017
0.9459624290466309
0.9416661262512207
0.9371244311332703
0.9322905540466309
0.9271141886711121
0.9215409159660339
1.0
1.0
1.0
1.0
1.0
1.0
1.0
1.0
1.0
1.0
1.0
1.0
1.0
1.0
1.0
1.0
1.0
1.0
1.0
1.0
1.0
1.0
1.0
1.0
1.0
1.0
1.0
1.0
1.0
1.0
1.0
1.0
1.0
1.0
1.0
1.0
1.0
1.0
1.0
1.0
1.0
0.9215409159660339
0.9271141886711121
0.9322905540466309
0.9371244311332703
0.9416661262512207
0.9459624290466309
0.9500555396080017
0.9539836645126343
0.9577804207801819
0.9614750742912292
0.965092658996582
0.968654215335846
0.9721766710281372
0.9756736755371094
0.9791555404663086
0.9826298356056213
0.9861014485359192
0.98957359790802
0.9930474162101746
0.9965231418609619
1.0
1.003476858139038
1.0069525241851807
1.01042640209198
1.013898491859436
1.0173702239990234
1.0208444595336914
1.0243263244628906
1.0278233289718628
1.0313458442687988
1.034907341003418
1.038524866104126
1.042219638824463
1.0460163354873657
1.049944519996643
1.0540375709533691
1.0583338737487793
1.0628756284713745
1.0677094459533691
1.0728858709335327
1.0784591436386108
0.8435655236244202
0.8546543121337891
0.864952564239502
0.8745692372322083
0.8836053609848022
0.8921546936035156
0.9003018736839294
0.9081233739852905
0.9156862497329712
0.9230492115020752
0.9302619099617004
0.9373661875724792
0.9443957805633545
0.9513775706291199
0.958331823348999
0.9652732610702515
0.9722114205360413
0.9791521430015564
0.986097514629364
0.9930474162101746
1.0
1.0069525241851807
1.0139025449752808
1.0208479166030884
1.027788519859314
1.0347267389297485
1.041668176651001
1.0486223697662354
1.0556042194366455
1.062633752822876
1.0697381496429443
1.0769507884979248
1.0843137502670288
1.0918766260147095
1.0996980667114258
1.1078453063964844
1.1163946390151978
1.1254308223724365
1.135047435760498
1.145345687866211
1.156434416770935
0.7665546536445618
0.7830433249473572
0.7983540296554565
0.8126510977745056
0.8260869383811951
0.838802695274353
0.8509258031845093
0.8625710606575012
0.8738390207290649
0.8848175406455994
0.8955805897712708
0.9061903953552246
0.9166967272758484
0.9271392226219177
0.9375472664833069
0.9479420185089111
0.9583368897438049
0.9687395095825195
0.9791521430015564
0.98957359790802
1.0
1.01042640209198
1.0208479166030884
1.0312604904174805
1.0416630506515503
1.0520579814910889
1.062452793121338
1.0728607177734375
1.0833032131195068
1.0938096046447754
1.1044193506240845
1.1151823997497559
1.126160979270935
1.137428879737854
1.1490741968154907
1.161197304725647
1.1739130020141602
1.1873488426208496
1.2016459703445435
1.216956615447998
1.233445405960083
0.69098299741745
0.7126969695091248
0.7328550815582275
0.7516781687736511
0.7693710327148438
0.7861228585243225
0.8021044135093689
0.8174691200256348
0.8323509097099304
0.8468664884567261
0.861113429069519
0.8751736879348755
0.8891121745109558
0.9029801487922668
0.9168150424957275
0.9306434392929077
0.9444813132286072
0.9583368897438049
0.9722114205360413
0.9861014485359192
1.0
1.013898491859436
1.027788519859314
1.0416630506515503
1.0555187463760376
1.0693565607070923
1.0831849575042725
1.097019910812378
1.110887885093689
1.1248263120651245
1.138886570930481
1.153133511543274
1.1676490306854248
1.1825308799743652
1.1978956460952759
1.2138770818710327
1.2306289672851562
1.248321771621704
1.2671449184417725
1.28730309009552
1.3090169429779053
0.6173165440559387
0.6440214514732361
0.6688053607940674
0.6919472217559814
0.7137055993080139
0.7343190908432007
0.7540022134780884
0.7729474306106567
0.7913219332695007
0.8092705607414246
0.8269140720367432
0.8443527221679688
0.8616654276847839
0.8789137005805969
0.8961414098739624
0.9133790135383606
0.9306434392929077
0.9479420185089111
0.9652732610702515
0.9826298356056213
1.0
1.0173702239990234
1.0347267389297485
1.0520579814910889
1.0693565607070923
1.0866209268569946
1.1038585901260376
1.1210863590240479
1.1383345127105713
1.1556472778320312
1.1730859279632568
1.1907293796539307
1.208678126335144
1.2270525693893433
1.2459977865219116
1.2656809091567993
1.2862944602966309
1.3080527782440186
1.3311946392059326
1.3559784889221191
1.3826833963394165
0.5460094809532166
0.5774088501930237
0.6065382957458496
0.6337372064590454
0.6593198180198669
0.6835755109786987
0.7067636251449585
0.7291160225868225
0.750832736492157
0.7720863223075867
0.79301917552948
0.8137487173080444
0.8343660235404968
0.8549409508705139
0.8755220770835876
0.8961414098739624
0.9168150424957275
0.9375472664833069
0.958331823348999
0.9791555404663086
1.0
1.0208444595336914
1.041668176651001
1.062452793121338
1.0831849575042725
1.1038585901260376
1.1244778633117676
1.1450589895248413
1.165634036064148
1.1862512826919556
1.20698082447052
1.227913737297058
1.2491672039031982
1.2708839178085327
1.2932363748550415
1.3164244890213013
1.3406802415847778
1.3662627935409546
1.3934617042541504
1.422591209411621
1.4539904594421387
0.47750142216682434
0.5132350921630859
0.5463693141937256
0.5773072838783264
0.6064215302467346
0.6340542435646057
0.6605108976364136
0.6860628724098206
0.7109427452087402
0.7353497743606567
0.7594465017318726
0.7833655476570129
0.8072078824043274
0.8310494422912598
0.8549409508705139
0.8789137005805969
0.9029801487922668
0.9271392226219177
0.9513775706291199
0.9756736755371094
1.0
1.0243263244628906
1.0486223697662354
1.0728607177734375
1.097019910812378
1.1210863590240479
1.1450589895248413
1.1689505577087402
1.1927921772003174
1.2166345119476318
1.2405534982681274
1.2646502256393433
1.2890572547912598
1.3139371871948242
1.3394891023635864
1.3659456968307495
1.3935785293579102
1.4226926565170288
1.4536306858062744
1.486764907836914
1.522498607635498
0.4122147560119629
0.4518541693687439
0.4885883033275604
0.5228880643844604
0.555188000202179
0.5858857035636902
0.6153339743614197
0.6438441872596741
0.6716808676719666
0.6990683078765869
0.7261872291564941
0.7531828880310059
0.7801634073257446
0.8072078824043274
0.8343660235404968
0.8616654276847839
0.8891121745109558
0.9166967272758484
0.9443957805633545
0.9721766710281372
1.0
1.0278233289718628
1.0556042194366455
1.0833032131195068
1.110887885093689
1.1383345127105713
1.165634036064148
1.1927921772003174
1.2198365926742554
1.2468171119689941
1.2738127708435059
1.300931692123413
1.3283191919326782
1.3561558723449707
1.384666085243225
1.414114236831665
1.4448120594024658
1.4771119356155396
1.5114116668701172
1.5481458902359009
1.587785243988037
0.350551962852478
0.3935970366001129
0.43345797061920166
0.4706798791885376
0.5057637691497803
0.5391661524772644
0.571288526058197
0.6024826765060425
0.6330438256263733
0.6632192134857178
0.693204939365387
0.7231555581092834
0.7531828880310059
0.7833655476570129
0.8137487173080444
0.8443527221679688
0.8751736879348755
0.9061903953552246
0.9373661875724792
0.968654215335846
1.0
1.0313458442687988
1.062633752822876
1.0938096046447754
1.1248263120651245
1.1556472778320312
1.1862512826919556
1.2166345119476318
1.2468171119689941
1.2768445014953613
1.3067951202392578
1.3367807865142822
1.3669562339782715
1.3975173234939575
1.4287114143371582
1.4608339071273804
1.4942362308502197
1.5293201208114624
1.5665420293807983
1.6064029932022095
1.649448037147522
0.2928932309150696
0.3387637436389923
0.38120391964912415
0.4208405613899231
0.4582476019859314
0.4939442276954651
0.5283827185630798
0.5619547963142395
0.5949844717979431
0.6277389526367188
0.6604259014129639
0.693204939365387
0.7261872291564941
0.7594465017318726
0.79301917552948
0.8269140720367432
0.861113429069519
0.8955805897712708
0.9302619099617004
0.965092658996582
1.0
1.034907341003418
1.0697381496429443
1.1044193506240845
1.138886570930481
1.1730859279632568
1.20698082447052
1.2405534982681274
1.2738127708435059
1.3067951202392578
1.3395740985870361
1.3722610473632812
1.4050155878067017
1.4380451440811157
1.4716172218322754
1.5060558319091797
1.5417524576187134
1.5791593790054321
1.6187961101531982
1.66123628616333
1.7071068286895752
0.23959402740001678
0.28762292861938477
0.3320125639438629
0.3734830915927887
0.4126894176006317
0.45021846890449524
0.4865747392177582
0.5221889019012451
0.557410478591919
0.5925226211547852
0.6277389526367188
0.6632192134857178
0.6990683078765869
0.7353497743606567
0.7720863223075867
0.8092705607414246
0.8468664884567261
0.8848175406455994
0.9230492115020752
0.9614750742912292
1.0
1.038524866104126
1.0769507884979248
1.1151823997497559
1.153133511543274
1.1907293796539307
1.227913737297058
1.2646502256393433
1.300931692123413
1.3367807865142822
1.3722610473632812
1.4074773788452148
1.442589521408081
1.4778110980987549
1.5134252309799194
1.5497815608978271
1.587310552597046
1.6265169382095337
1.6679874658584595
1.7123770713806152
1.7604060173034668
0.19098301231861115
0.240400493144989
0.2860156297683716
0.32865679264068604
0.36907050013542175
0.4079170823097229
0.44575396180152893
0.48304805159568787
0.5201694369316101
0.557410478591919
0.5949844717979431
0.6330438256263733
0.6716808676719666
0.7109427452087402
0.750832736492157
0.7913219332695007
0.8323509097099304
0.8738390207290649
0.9156862497329712
0.9577804207801819
1.0
1.042219638824463
1.0843137502670288
1.126160979270935
1.1676490306854248
1.208678126335144
1.2491672039031982
1.2890572547912598
1.3283191919326782
1.3669562339782715
1.4050155878067017
1.442589521408081
1.4798305034637451
1.5169519186019897
1.5542460680007935
1.5920828580856323
1.6309294700622559
1.671343207359314
1.7139843702316284
1.7595994472503662
1.8090169429779053
0.14735983312129974
0.19727851450443268
0.24328643083572388
0.2863425314426422
0.3272985517978668
0.3668941259384155
0.4057382345199585
0.44432875514030457
0.48304805159568787
0.5221889019012451
0.5619547963142395
0.6024826765060425
0.6438441872596741
0.6860628724098206
0.7291160225868225
0.7729474306106567
0.8174691200256348
0.8625710606575012
0.9081233739852905
0.9539836645126343
1.0
1.0460163354873657
1.0918766260147095
1.137428879737854
1.1825308799743652
1.2270525693893433
1.2708839178085327
1.3139371871948242
1.3561558723449707
1.3975173234939575
1.4380451440811157
1.4778110980987549
1.5169519186019897
1.555671215057373
1.5942617654800415
1.6331058740615845
1.6727014780044556
1.7136574983596802
1.7567135095596313
1.8027215003967285
1.852640151977539
0.10899347811937332
0.15837612748146057
0.20381170511245728
0.24641980230808258
0.2871745526790619
0.3268986642360687
0.36624714732170105
0.4057382345199585
0.44575396180152893
0.4865747392177582
0.5283827185630798
0.571288526058197
0.6153339743614197
0.6605108976364136
0.7067636251449585
0.7540022134780884
0.8021044135093689
0.8509258031845093
0.9003018736839294
0.9500555396080017
1.0
1.049944519996643
1.0996980667114258
1.1490741968154907
1.1978956460952759
1.2459977865219116
1.2932363748550415
1.3394891023635864
1.384666085243225
1.4287114143371582
1.4716172218322754
1.5134252309799194
1.5542460680007935
1.5942617654800415
1.6337528228759766
1.6731013059616089
1.7128254175186157
1.7535802125930786
1.7961883544921875
1.8416239023208618
1.8910064697265625
0.07612046599388123
0.12374450266361237
0.1674802303314209
0.20865465700626373
0.24838218092918396
0.287568062543869
0.3268986642360687
0.3668941259384155
0.4079170823097229
0.45021846890449524
0.4939442276954651
0.5391661524772644
0.5858857035636902
0.6340542435646057
0.6835755109786987
0.7343190908432007
0.7861228585243225
0.838802695274353
0.8921546936035156
0.9459624290466309
1.0
1.0540375709533691
1.1078453063964844
1.161197304725647
1.2138770818710327
1.2656809091567993
1.3164244890213013
1.3659456968307495
1.414114236831665
1.4608339071273804
1.5060558319091797
1.5497815608978271
1.5920828580856323
1.6331058740615845
1.6731013059616089
1.7124319076538086
1.7516177892684937
1.7913453578948975
1.832519769668579
1.8762555122375488
1.9238795042037964
0.04894348233938217
0.09332120418548584
0.13402059674263
0.17263281345367432
0.21043090522289276
0.24838218092918396
0.2871745526790619
0.3272985517978668
0.36907050013542175
0.4126894176006317
0.4582476019859314
0.5057637691497803
0.555188000202179
0.6064215302467346
0.6593198180198669
0.7137055993080139
0.7693710327148438
0.8260869383811951
0.8836053609848022
0.9416661262512207
1.0
1.0583338737487793
1.1163946390151978
1.1739130020141602
1.2306289672851562
1.2862944602966309
1.3406802415847778
1.3935785293579102
1.4448120594024658
1.4942362308502197
1.5417524576187134
1.587310552597046
1.6309294700622559
1.6727014780044556
1.7128254175186157
1.7516177892684937
1.7895691394805908
1.8273671865463257
1.8659794330596924
1.9066787958145142
1.9510564804077148
0.02763007953763008
0.06691053509712219
0.10295592993497849
0.13772812485694885
0.17263281345367432
0.20865465700626373
0.24641980230808258
0.2863425314426422
0.32865679264068604
0.3734830915927887
0.4208405613899231
0.4706798791885376
0.5228880643844604
0.5773072838783264
0.6337372064590454
0.6919472217559814
0.7516781687736511
0.8126510977745056
0.8745692372322083
0.9371244311332703
1.0
1.0628756284713745
1.1254308223724365
1.1873488426208496
1.248321771621704
1.3080527782440186
1.3662627935409546
1.4226926565170288
1.4771119356155396
1.5293201208114624
1.5791593790054321
1.6265169382095337
1.671343207359314
1.7136574983596802
1.7535802125930786
1.7913453578948975
1.8273671865463257
1.8622719049453735
1.897044062614441
1.9330894947052002
1.972369909286499
0.012311659753322601
0.0439903549849987
0.0734434425830841
0.10295592993497849
0.13402059674263
0.1674802303314209
0.20381170511245728
0.24328643083572388
0.2860156297683716
0.3320125639438629
0.38120391964912415
0.43345797061920166
0.4885883033275604
0.5463693141937256
0.6065382957458496
0.6688053607940674
0.7328550815582275
0.7983540296554565
0.864952564239502
0.9322905540466309
1.0
1.0677094459533691
1.135047435760498
1.2016459703445435
1.2671449184417725
1.3311946392059326
1.3934617042541504
1.4536306858062744
1.5114116668701172
1.5665420293807983
1.6187961101531982
1.6679874658584595
1.7139843702316284
1.7567135095596313
1.7961883544921875
1.832519769668579
1.8659794330596924
1.897044062614441
1.9265565872192383
1.9560096263885498
1.9876883029937744
0.003082666313275695
0.023663442581892014
0.0439903549849987
0.06691053509712219
0.09332120418548584
0.12374450266361237
0.15837612748146057
0.19727851450443268
0.240400493144989
0.28762292861938477
0.3387637436389923
0.3935970366001129
0.4518541693687439
0.5132350921630859
0.5774088501930237
0.6440214514732361
0.7126969695091248
0.7830433249473572
0.8546543121337891
0.9271141886711121
1.0
1.0728858709335327
1.145345687866211
1.216956615447998
1.28730309009552
1.3559784889221191
1.422591209411621
1.486764907836914
1.5481458902359009
1.6064029932022095
1.66123628616333
1.7123770713806152
1.7595994472503662
1.8027215003967285
1.8416239023208618
1.8762555122375488
1.9066787958145142
1.9330894947052002
1.9560096263885498
1.9763365983963013
1.9969173669815063
0.0
0.003082666313275695
0.012311659753322601
0.02763007953763008
0.04894348233938217
0.07612046599388123
0.10899347811937332
0.14735983312129974
0.19098301231861115
0.23959402740001678
0.2928932309150696
0.350551962852478
0.4122147560119629
0.47750142216682434
0.5460094809532166
0.6173165440559387
0.69098299741745
0.7665546536445618
0.8435655236244202
0.9215409159660339
1.0
1.0784591436386108
1.156434416770935
1.233445405960083
1.3090169429779053
1.3826833963394165
1.4539904594421387
1.522498607635498
1.587785243988037
1.649448037147522
1.7071068286895752
1.7604060173034668
1.8090169429779053
1.852640151977539
1.8910064697265625
1.9238795042037964
1.9510564804077148
1.972369909286499
1.9876883029937744
1.9969173669815063
2.0
