2.0
1.9969173669815063
1.9876883029937744
1.972369909286499
1.9510564804077148
1.9238795042037964
1.8910064697265625
1.852640151977539
1.8090169429779053
1.7604060173034668
1.7071068286895752
1.649448037147522
1.587785243988037
1.522498607635498
1.4539904594421387
1.3826833963394165
1.3090169429779053
1.233445405960083
1.156434416770935
1.0784591436386108
1.0
0.9215409159660339
0.8435655236244202
0.7665546536445618
0.69098299741745
0.6173165440559387
0.5460094809532166
0.47750142216682434
0.4122147560119629
0.350551962852478
0.2928932309150696
0.23959402740001678
0.19098301231861115
0.14735983312129974
0.10899347811937332
0.07612046599388123
0.04894348233938217
0.02763007953763008
0.012311659753322601
0.003082666313275695
0.0
1.9969173669815063
1.976341724395752
1.9560182094573975
1.9331002235412598
1.906691074371338
1.8762688636779785
1.8416377305984497
1.8027355670928955
1.7596135139465332
1.712390661239624
1.6612492799758911
1.6064151525497437
1.5481570959091187
1.4867750406265259
1.4226000308990479
1.3559861183166504
1.2873092889785767
1.21696138381958
1.1453487873077393
1.0728874206542969
1.0
0.9271125793457031
0.854651153087616
0.7830386757850647
0.7126907706260681
0.6440138816833496
0.5773999094963074
0.5132249593734741
0.45184290409088135
0.39358481764793396
0.3387507498264313
0.287609338760376
0.24038653075695038
0.1972644329071045
0.1583622395992279
0.12373117357492447
0.09330886602401733
0.06689973920583725
0.04398183152079582
0.023658230900764465
0.003082666313275695
1.9876883029937744
1.9560182094573975
1.9265711307525635
1.89706289768219
1.8660012483596802
1.8325436115264893
1.7962132692337036
1.7567390203475952
1.7140096426010132
1.6680121421813965
1.6188197135925293
1.5665643215179443
1.5114322900772095
1.4536492824554443
1.3934780359268188
1.33120858669281
1.2671562433242798
1.2016545534133911
1.1350531578063965
1.0677123069763184
1.0
0.9322876334190369
0.8649467825889587
0.7983454465866089
0.7328437566757202
0.6687914133071899
0.6065219640731812
0.5463507175445557
0.4885677099227905
0.43343567848205566
0.3811802268028259
0.33198782801628113
0.28599032759666443
0.24326100945472717
0.20378674566745758
0.16745643317699432
0.13399876654148102
0.10293707251548767
0.07342886179685593
0.04398183152079582
0.012311659753322601
1.972369909286499
1.9331002235412598
1.89706289768219
1.8622965812683105
1.8273961544036865
1.7913771867752075
1.753613829612732
1.7136918306350708
1.6713775396347046
1.6265504360198975
1.5791916847229004
1.5293505191802979
1.4771400690078735
1.4227181673049927
1.3662852048873901
1.3080718517303467
1.2483373880386353
1.1873606443405151
1.1254386901855469
1.0628795623779297
1.0
0.9371204376220703
0.8745612502098083
0.8126392960548401
0.7516626715660095
0.6919281482696533
0.6337148547172546
0.5772818922996521
0.5228599905967712
0.47064948081970215
0.4208083152770996
0.37344950437545776
0.3286224603652954
0.2863081991672516
0.24638622999191284
0.20862281322479248
0.1726038157939911
0.13770335912704468
0.10293707251548767
0.06689973920583725
0.02763007953763008
1.9510564804077148
1.906691074371338
1.8660012483596802
1.8273961544036865
1.789603352546692
1.7516555786132812
1.7128654718399048
1.6727426052093506
1.6309707164764404
1.5873510837554932
1.541791319847107
1.4942729473114014
1.4448460340499878
1.3936092853546143
1.3407073020935059
1.2863175868988037
1.2306478023529053
1.1739273071289062
1.1164042949676514
1.0583387613296509
1.0
0.9416612982749939
0.8835957050323486
0.826072633266449
0.7693521976470947
0.7136824727058411
0.6592926979064941
0.6063907146453857
0.5551539659500122
0.5057270526885986
0.45820868015289307
0.4126489758491516
0.36902928352355957
0.3272574245929718
0.2871344983577728
0.24834436178207397
0.2103966921567917
0.1726038157939911
0.13399876654148102
0.09330886602401733
0.04894348233938217
1.9238795042037964
1.8762688636779785
1.8325436115264893
1.7913771867752075
1.7516555786132812
1.71247398853302
1.6731460094451904
1.633151888847351
1.592129111289978
1.549826979637146
1.5060995817184448
1.4608752727508545
1.4141526222229004
1.3659805059432983
1.3164551258087158
1.2657071352005005
1.2138984203338623
1.1612135171890259
1.107856273651123
1.0540430545806885
1.0
0.9459568858146667
0.8921437859535217
0.8387864828109741
0.7861015796661377
0.7342929244041443
0.6835448145866394
0.6340194940567017
0.5858473181724548
0.5391247272491455
0.4939003884792328
0.4501729905605316
0.4078708589076996
0.36684808135032654
0.32685399055480957
0.28752607107162476
0.24834436178207397
0.20862281322479248
0.16745643317699432
0.12373117357492447
0.07612046599388123
1.8910064697265625
1.8416377305984497
1.7962132692337036
1.753613829612732
1.7128654718399048
1.6731460094451904
1.6338005065917969
1.594310998916626
1.5542956590652466
1.5134741067886353
1.4716644287109375
1.4287561178207397
1.3847074508666992
1.339526653289795
1.2932695150375366
1.2460260391235352
1.1979186534881592
1.1490917205810547
1.0997099876403809
1.0499504804611206
1.0
0.9500495791435242
0.9002900719642639
0.8509082198143005
0.8020813465118408
0.7539739012718201
0.7067305445671082
0.6604734063148499
0.6152925491333008
0.5712438821792603
0.5283355712890625
0.48652589321136475
0.4457043707370758
0.405689001083374
0.3661994934082031
0.32685399055480957
0.2871344983577728
0.24638622999191284
0.20378674566745758
0.1583622395992279
0.10899347811937332
1.852640151977539
1.8027355670928955
1.7567390203475952
1.7136918306350708
1.6727426052093506
1.633151888847351
1.594310998916626
1.5557222366333008
1.5170034170150757
1.4778618812561035
1.4380942583084106
1.3975638151168823
1.356199026107788
1.3139762878417969
1.2709184885025024
1.2270821332931519
1.1825549602508545
1.1374472379684448
1.0918890237808228
1.0460225343704224
1.0
0.9539774656295776
0.908111035823822
0.8625527024269104
0.8174450397491455
0.7729179263114929
0.7290814518928528
0.6860237121582031
0.6438010334968567
0.6024361848831177
0.5619057416915894
0.5221381187438965
0.4829966127872467
0.4442777633666992
0.405689001083374
0.36684808135032654
0.3272574245929718
0.2863081991672516
0.24326100945472717
0.1972644329071045
0.14735983312129974
1.8090169429779053
1.7596135139465332
1.7140096426010132
1.6713775396347046
1.6309707164764404
1.592129111289978
1.5542956590652466
1.5170034170150757
1.4798825979232788
1.4426409006118774
1.4050652980804443
1.367003321647644
1.3283629417419434
1.2890970706939697
1.2492023706436157
1.2087081670761108
1.1676735877990723
1.1261796951293945
1.0843263864517212
1.042225956916809
1.0
0.9577740430831909
0.9156736731529236
0.8738203644752502
0.8323264122009277
0.7912918925285339
0.7507975697517395
0.710902988910675
0.6716370582580566
0.6329966187477112
0.5949347019195557
0.5573590993881226
0.520117461681366
0.4829966127872467
0.4457043707370758
0.4078708589076996
0.36902928352355957
0.3286224603652954
0.28599032759666443
0.24038653075695038
0.19098301231861115
1.7604060173034668
1.712390661239624
1.6680121421813965
1.6265504360198975
1.5873510837554932
1.549826979637146
1.5134741067886353
1.4778618812561035
1.4426409006118774
1.4075281620025635
1.3723102807998657
1.3368275165557861
1.3009752035140991
1.2646896839141846
1.227948546409607
1.190759301185608
1.1531579494476318
1.1152009963989258
1.0769633054733276
1.0385311841964722
1.0
0.9614688158035278
0.9230366945266724
0.8847990036010742
0.8468421101570129
0.8092407584190369
0.7720513939857483
0.7353102564811707
0.6990248560905457
0.6631724834442139
0.6276897192001343
0.5924717783927917
0.5573590993881226
0.5221381187438965
0.48652589321136475
0.4501729905605316
0.4126489758491516
0.37344950437545776
0.33198782801628113
0.287609338760376
0.23959402740001678
1.7071068286895752
1.6612492799758911
1.6188197135925293
1.5791916847229004
1.541791319847107
1.5060995817184448
1.4716644287109375
1.4380942583084106
1.4050652980804443
1.3723102807998657
1.339621901512146
1.306840419769287
1.2738549709320068
1.2405918836593628
1.207014799118042
1.1731148958206177
1.1389102935791016
1.1044374704360962
1.0697503089904785
1.034913420677185
1.0
0.9650865793228149
0.9302497506141663
0.8955625295639038
0.8610897660255432
0.8268850445747375
0.7929852604866028
0.7594081163406372
0.7261450290679932
0.6931595802307129
0.6603781580924988
0.6276897192001343
0.5949347019195557
0.5619057416915894
0.5283355712890625
0.4939003884792328
0.45820868015289307
0.4208083152770996
0.3811802268028259
0.3387507498264313
0.2928932309150696
1.649448037147522
1.6064151525497437
1.5665643215179443
1.5293505191802979
1.4942729473114014
1.4608752727508545
1.4287561178207397
1.3975638151168823
1.367003321647644
1.3368275165557861
1.306840419769287
1.2768875360488892
1.2468572854995728
1.2166709899902344
1.1862835884094238
1.155674934387207
1.1248488426208496
1.0938267707824707
1.062645435333252
1.0313515663146973
1.0
0.968648374080658
0.9373546242713928
0.9061732292175293
0.8751510977745056
0.8443251252174377
0.8137164115905762
0.7833290100097656
0.7531427145004272
0.7231124043464661
0.6931595802307129
0.6631724834442139
0.6329966187477112
0.6024361848831177
0.5712438821792603
0.5391247272491455
0.5057270526885986
0.47064948081970215
0.43343567848205566
0.39358481764793396
0.350551962852478
1.587785243988037
1.5481570959091187
1.5114322900772095
1.4771400690078735
1.4448460340499878
1.4141526222229004
1.3847074508666992
1.356199026107788
1.3283629417419434
1.3009752035140991
1.2738549709320068
1.2468572854995728
1.2198740243911743
1.1928261518478394
1.1656640768051147
1.1383603811264038
1.11090886592865
1.0833193063735962
1.0556150674819946
1.0278288125991821
1.0
0.9721711874008179
0.9443849325180054
0.9166806936264038
0.8890910744667053
0.861639678478241
0.8343359231948853
0.8071738481521606
0.7801260352134705
0.7531427145004272
0.7261450290679932
0.6990248560905457
0.6716370582580566
0.6438010334968567
0.6152925491333008
0.5858473181724548
0.5551539659500122
0.5228599905967712
0.4885677099227905
0.45184290409088135
0.4122147560119629
1.522498607635498
1.4867750406265259
1.4536492824554443
1.4227181673049927
1.3936092853546143
1.3659805059432983
1.339526653289795
1.3139762878417969
1.2890970706939697
1.2646896839141846
1.2405918836593628
1.2166709899902344
1.1928261518478394
1.1689815521240234
1.145086407661438
1.1211098432540894
1.097038984298706
1.0728753805160522
1.048632264137268
1.0243313312530518
1.0
0.975668728351593
0.9513677358627319
0.9271246194839478
0.9029609560966492
0.8788902163505554
0.8549135327339172
0.8310185074806213
0.8071738481521606
0.7833290100097656
0.7594081163406372
0.7353102564811707
0.710902988910675
0.6860237121582031
0.6604734063148499
0.6340194940567017
0.6063907146453857
0.5772818922996521
0.5463507175445557
0.5132249593734741
0.47750142216682434
1.4539904594421387
1.4226000308990479
1.3934780359268188
1.3662852048873901
1.3407073020935059
1.3164551258087158
1.2932695150375366
1.2709184885025024
1.2492023706436157
1.227948546409607
1.207014799118042
1.1862835884094238
1.1656640768051147
1.145086407661438
1.124502182006836
1.1038793325424194
1.0832020044326782
1.0624656677246094
1.0416768789291382
1.0208488702774048
1.0
0.9791511297225952
0.958323061466217
0.9375342726707458
0.9167980551719666
0.8961206674575806
0.8754978179931641
0.8549135327339172
0.8343359231948853
0.8137164115905762
0.7929852604866028
0.7720513939857483
0.7507975697517395
0.7290814518928528
0.7067305445671082
0.6835448145866394
0.6592926979064941
0.6337148547172546
0.6065219640731812
0.5773999094963074
0.5460094809532166
1.3826833963394165
1.3559861183166504
1.33120858669281
1.3080718517303467
1.2863175868988037
1.2657071352005005
1.2460260391235352
1.2270821332931519
1.2087081670761108
1.190759301185608
1.1731148958206177
1.155674934387207
1.1383603811264038
1.1211098432540894
1.1038793325424194
1.0866388082504272
1.0693711042404175
1.052069067955017
1.0347342491149902
1.0173739194869995
1.0
0.9826260209083557
0.9652657508850098
0.9479309320449829
0.9306288957595825
0.9133611917495728
0.8961206674575806
0.8788902163505554
0.861639678478241
0.8443251252174377
0.8268850445747375
0.8092407584190369
0.7912918925285339
0.7729179263114929
0.7539739012718201
0.7342929244041443
0.7136824727058411
0.6919281482696533
0.6687914133071899
0.6440138816833496
0.6173165440559387
1.3090169429779053
1.2873092889785767
1.2671562433242798
1.2483373880386353
1.2306478023529053
1.2138984203338623
1.1979186534881592
1.1825549602508545
1.1676735877990723
1.1531579494476318
1.1389102935791016
1.1248488426208496
1.11090886592865
1.097038984298706
1.0832020044326782
1.0693711042404175
1.0555305480957031
1.0416721105575562
1.0277947187423706
1.0139015913009644
1.0
0.9860984086990356
0.9722053408622742
0.9583278298377991
0.9444693922996521
0.9306288957595825
0.9167980551719666
0.9029609560966492
0.8890910744667053
0.8751510977745056
0.8610897660255432
0.8468421101570129
0.8323264122009277
0.8174450397491455
0.8020813465118408
0.7861015796661377
0.7693521976470947
0.7516626715660095
0.7328437566757202
0.7126907706260681
0.69098299741745
1.233445405960083
1.21696138381958
1.2016545534133911
1.1873606443405151
1.1739273071289062
1.1612135171890259
1.1490917205810547
1.1374472379684448
1.1261796951293945
1.1152009963989258
1.1044374704360962
1.0938267707824707
1.0833193063735962
1.0728753805160522
1.0624656677246094
1.052069067955017
1.0416721105575562
1.0312674045562744
1.0208525657653809
1.010428786277771
1.0
0.989571213722229
0.9791474938392639
0.9687325954437256
0.9583278298377991
0.9479309320449829
0.9375342726707458
0.9271246194839478
0.9166806936264038
0.9061732292175293
0.8955625295639038
0.8847990036010742
0.8738203644752502
0.8625527024269104
0.8509082198143005
0.8387864828109741
0.826072633266449
0.8126392960548401
0.7983454465866089
0.7830386757850647
0.7665546536445618
1.156434416770935
1.1453487873077393
1.1350531578063965
1.1254386901855469
1.1164042949676514
1.107856273651123
1.0997099876403809
1.0918890237808228
1.0843263864517212
1.0769633054733276
1.0697503089904785
1.062645435333252
1.0556150674819946
1.048632264137268
1.0416768789291382
1.0347342491149902
1.0277947187423706
1.0208525657653809
1.013905644416809
1.0069541931152344
1.0
0.9930458664894104
0.9860943555831909
0.9791474938392639
0.9722053408622742
0.9652657508850098
0.958323061466217
0.9513677358627319
0.9443849325180054
0.9373546242713928
0.9302497506141663
0.9230366945266724
0.9156736731529236
0.908111035823822
0.9002900719642639
0.8921437859535217
0.8835957050323486
0.8745612502098083
0.8649467825889587
0.854651153087616
0.8435655236244202
1.0784591436386108
1.0728874206542969
1.0677123069763184
1.0628795623779297
1.0583387613296509
1.0540430545806885
1.0499504804611206
1.0460225343704224
1.042225956916809
1.0385311841964722
1.034913420677185
1.0313515663146973
1.0278288125991821
1.0243313312530518
1.0208488702774048
1.0173739194869995
1.0139015913009644
1.010428786277771
1.0069541931152344
1.003477692604065
1.0
0.9965223670005798
0.9930458664894104
0.989571213722229
0.9860984086990356
0.9826260209083557
0.9791511297225952
0.975668728351593
0.9721711874008179
0.968648374080658
0.9650865793228149
0.9614688158035278
0.9577740430831909
0.9539774656295776
0.9500495791435242
0.9459568858146667
0.9416612982749939
0.9371204376220703
0.9322876334190369
0.9271125793457031
0.9215409159660339
1.0
1.0
1.0
1.0
1.0
1.0
1.0
1.0
1.0
1.0
1.0
1.0
1.0
1.0
1.0
1.0
1.0
1.0
1.0
1.0
1.0
1.0
1.0
1.0
1.0
1.0
1.0
1.0
1.0
1.0
1.0
1.0
1.0
1.0
1.0
1.0
1.0
1.0
1.0
1.0
1.0
0.9215409159660339
0.9271125793457031
0.9322876334190369
0.9371204376220703
0.9416612982749939
0.9459568858146667
0.9500495791435242
0.9539774656295776
0.9577740430831909
0.9614688158035278
0.9650865793228149
0.968648374080658
0.9721711874008179
0.975668728351593
0.9791511297225952
0.9826260209083557
0.9860984086990356
0.989571213722229
0.9930458664894104
0.9965223670005798
1.0
1.003477692604065
1.0069541931152344
1.010428786277771
1.0139015913009644
1.0173739194869995
1.0208488702774048
1.0243313312530518
1.0278288125991821
1.0313515663146973
1.034913420677185
1.0385311841964722
1.042225956916809
1.0460225343704224
1.0499504804611206
1.0540430545806885
1.0583387613296509
1.0628795623779297
1.0677123069763184
1.0728874206542969
1.0784591436386108
0.8435655236244202
0.854651153087616
0.8649467825889587
0.8745612502098083
0.8835957050323486
0.8921437859535217
0.9002900719642639
0.908111035823822
0.9156736731529236
0.9230366945266724
0.9302497506141663
0.9373546242713928
0.9443849325180054
0.9513677358627319
0.958323061466217
0.9652657508850098
0.9722053408622742
0.9791474938392639
0.9860943555831909
0.9930458664894104
1.0
1.0069541931152344
1.013905644416809
1.0208525657653809
1.0277947187423706
1.0347342491149902
1.0416768789291382
1.048632264137268
1.0556150674819946
1.062645435333252
1.0697503089904785
1.0769633054733276
1.0843263864517212
1.0918890237808228
1.0997099876403809
1.107856273651123
1.1164042949676514
1.1254386901855469
1.1350531578063965
1.1453487873077393
1.156434416770935
0.7665546536445618
0.7830386757850647
0.7983454465866089
0.8126392960548401
0.826072633266449
0.8387864828109741
0.8509082198143005
0.8625527024269104
0.8738203644752502
0.8847990036010742
0.8955625295639038
0.9061732292175293
0.9166806936264038
0.9271246194839478
0.9375342726707458
0.9479309320449829
0.9583278298377991
0.9687325954437256
0.9791474938392639
0.989571213722229
1.0
1.010428786277771
1.0208525657653809
1.0312674045562744
1.0416721105575562
1.052069067955017
1.0624656677246094
1.0728753805160522
1.0833193063735962
1.0938267707824707
1.1044374704360962
1.1152009963989258
1.1261796951293945
1.1374472379684448
1.1490917205810547
1.1612135171890259
1.1739273071289062
1.1873606443405151
1.2016545534133911
1.21696138381958
1.233445405960083
0.69098299741745
0.7126907706260681
0.7328437566757202
0.7516626715660095
0.7693521976470947
0.7861015796661377
0.8020813465118408
0.8174450397491455
0.8323264122009277
0.8468421101570129
0.8610897660255432
0.8751510977745056
0.8890910744667053
0.9029609560966492
0.9167980551719666
0.9306288957595825
0.9444693922996521
0.9583278298377991
0.9722053408622742
0.9860984086990356
1.0
1.0139015913009644
1.0277947187423706
1.0416721105575562
1.0555305480957031
1.0693711042404175
1.0832020044326782
1.097038984298706
1.11090886592865
1.1248488426208496
1.1389102935791016
1.1531579494476318
1.1676735877990723
1.1825549602508545
1.1979186534881592
1.2138984203338623
1.2306478023529053
1.2483373880386353
1.2671562433242798
1.2873092889785767
1.3090169429779053
0.6173165440559387
0.6440138816833496
0.6687914133071899
0.6919281482696533
0.7136824727058411
0.7342929244041443
0.7539739012718201
0.7729179263114929
0.7912918925285339
0.8092407584190369
0.8268850445747375
0.8443251252174377
0.861639678478241
0.8788902163505554
0.8961206674575806
0.9133611917495728
0.9306288957595825
0.9479309320449829
0.9652657508850098
0.9826260209083557
1.0
1.0173739194869995
1.0347342491149902
1.052069067955017
1.0693711042404175
1.0866388082504272
1.1038793325424194
1.1211098432540894
1.1383603811264038
1.155674934387207
1.1731148958206177
1.190759301185608
1.2087081670761108
1.2270821332931519
1.2460260391235352
1.2657071352005005
1.2863175868988037
1.3080718517303467
1.33120858669281
1.3559861183166504
1.3826833963394165
0.5460094809532166
0.5773999094963074
0.6065219640731812
0.6337148547172546
0.6592926979064941
0.6835448145866394
0.7067305445671082
0.7290814518928528
0.7507975697517395
0.7720513939857483
0.7929852604866028
0.8137164115905762
0.8343359231948853
0.8549135327339172
0.8754978179931641
0.8961206674575806
0.9167980551719666
0.9375342726707458
0.958323061466217
0.9791511297225952
1.0
1.0208488702774048
1.0416768789291382
1.0624656677246094
1.0832020044326782
1.1038793325424194
1.124502182006836
1.145086407661438
1.1656640768051147
1.1862835884094238
1.207014799118042
1.227948546409607
1.2492023706436157
1.2709184885025024
1.2932695150375366
1.3164551258087158
1.3407073020935059
1.3662852048873901
1.3934780359268188
1.4226000308990479
1.4539904594421387
0.47750142216682434
0.5132249593734741
0.5463507175445557
0.5772818922996521
0.6063907146453857
0.6340194940567017
0.6604734063148499
0.6860237121582031
0.710902988910675
0.7353102564811707
0.7594081163406372
0.7833290100097656
0.8071738481521606
0.8310185074806213
0.8549135327339172
0.8788902163505554
0.9029609560966492
0.9271246194839478
0.9513677358627319
0.975668728351593
1.0
1.0243313312530518
1.048632264137268
1.0728753805160522
1.097038984298706
1.1211098432540894
1.145086407661438
1.1689815521240234
1.1928261518478394
1.2166709899902344
1.2405918836593628
1.2646896839141846
1.2890970706939697
1.3139762878417969
1.339526653289795
1.3659805059432983
1.3936092853546143
1.4227181673049927
1.4536492824554443
1.4867750406265259
1.522498607635498
0.4122147560119629
0.45184290409088135
0.4885677099227905
0.5228599905967712
0.5551539659500122
0.5858473181724548
0.6152925491333008
0.6438010334968567
0.6716370582580566
0.6990248560905457
0.7261450290679932
0.7531427145004272
0.7801260352134705
0.8071738481521606
0.8343359231948853
0.861639678478241
0.8890910744667053
0.9166806936264038
0.9443849325180054
0.9721711874008179
1.0
1.0278288125991821
1.0556150674819946
1.0833193063735962
1.11090886592865
1.1383603811264038
1.1656640768051147
1.1928261518478394
1.2198740243911743
1.2468572854995728
1.2738549709320068
1.3009752035140991
1.3283629417419434
1.356199026107788
1.3847074508666992
1.4141526222229004
1.4448460340499878
1.4771400690078735
1.5114322900772095
1.5481570959091187
1.587785243988037
0.350551962852478
0.39358481764793396
0.43343567848205566
0.47064948081970215
0.5057270526885986
0.5391247272491455
0.5712438821792603
0.6024361848831177
0.6329966187477112
0.6631724834442139
0.6931595802307129
0.7231124043464661
0.7531427145004272
0.7833290100097656
0.8137164115905762
0.8443251252174377
0.8751510977745056
0.9061732292175293
0.9373546242713928
0.968648374080658
1.0
1.0313515663146973
1.062645435333252
1.0938267707824707
1.1248488426208496
1.155674934387207
1.1862835884094238
1.2166709899902344
1.2468572854995728
1.2768875360488892
1.306840419769287
1.3368275165557861
1.367003321647644
1.3975638151168823
1.4287561178207397
1.4608752727508545
1.4942729473114014
1.5293505191802979
1.5665643215179443
1.6064151525497437
1.649448037147522
0.2928932309150696
0.3387507498264313
0.3811802268028259
0.4208083152770996
0.45820868015289307
0.4939003884792328
0.5283355712890625
0.5619057416915894
0.5949347019195557
0.6276897192001343
0.6603781580924988
0.6931595802307129
0.7261450290679932
0.7594081163406372
0.7929852604866028
0.8268850445747375
0.8610897660255432
0.8955625295639038
0.9302497506141663
0.9650865793228149
1.0
1.034913420677185
1.0697503089904785
1.1044374704360962
1.1389102935791016
1.1731148958206177
1.207014799118042
1.2405918836593628
1.2738549709320068
1.306840419769287
1.339621901512146
1.3723102807998657
1.4050652980804443
1.4380942583084106
1.4716644287109375
1.5060995817184448
1.541791319847107
1.5791916847229004
1.6188197135925293
1.6612492799758911
1.7071068286895752
0.23959402740001678
0.287609338760376
0.33198782801628113
0.37344950437545776
0.4126489758491516
0.4501729905605316
0.48652589321136475
0.5221381187438965
0.5573590993881226
0.5924717783927917
0.6276897192001343
0.6631724834442139
0.6990248560905457
0.7353102564811707
0.7720513939857483
0.8092407584190369
0.8468421101570129
0.8847990036010742
0.9230366945266724
0.9614688158035278
1.0
1.0385311841964722
1.0769633054733276
1.1152009963989258
1.1531579494476318
1.190759301185608
1.227948546409607
1.2646896839141846
1.3009752035140991
1.3368275165557861
1.3723102807998657
1.4075281620025635
1.4426409006118774
1.4778618812561035
1.5134741067886353
1.549826979637146
1.5873510837554932
1.6265504360198975
1.6680121421813965
1.712390661239624
1.7604060173034668
0.19098301231861115
0.24038653075695038
0.28599032759666443
0.3286224603652954
0.36902928352355957
0.4078708589076996
0.4457043707370758
0.4829966127872467
0.520117461681366
0.5573590993881226
0.5949347019195557
0.6329966187477112
0.6716370582580566
0.710902988910675
0.7507975697517395
0.7912918925285339
0.8323264122009277
0.8738203644752502
0.9156736731529236
0.9577740430831909
1.0
1.042225956916809
1.0843263864517212
1.1261796951293945
1.1676735877990723
1.2087081670761108
1.2492023706436157
1.2890970706939697
1.3283629417419434
1.367003321647644
1.4050652980804443
1.4426409006118774
1.4798825979232788
1.5170034170150757
1.5542956590652466
1.592129111289978
1.6309707164764404
1.6713775396347046
1.7140096426010132
1.7596135139465332
1.8090169429779053
0.14735983312129974
0.1972644329071045
0.24326100945472717
0.2863081991672516
0.3272574245929718
0.36684808135032654
0.405689001083374
0.4442777633666992
0.4829966127872467
0.5221381187438965
0.5619057416915894
0.6024361848831177
0.6438010334968567
0.6860237121582031
0.7290814518928528
0.7729179263114929
0.8174450397491455
0.8625527024269104
0.908111035823822
0.9539774656295776
1.0
1.0460225343704224
1.0918890237808228
1.1374472379684448
1.1825549602508545
1.2270821332931519
1.2709184885025024
1.3139762878417969
1.356199026107788
1.3975638151168823
1.4380942583084106
1.4778618812561035
1.5170034170150757
1.5557222366333008
1.594310998916626
1.633151888847351
1.6727426052093506
1.7136918306350708
1.7567390203475952
1.8027355670928955
1.852640151977539
0.10899347811937332
0.1583622395992279
0.20378674566745758
0.24638622999191284
0.2871344983577728
0.32685399055480957
0.3661994934082031
0.405689001083374
0.4457043707370758
0.48652589321136475
0.5283355712890625
0.5712438821792603
0.6152925491333008
0.6604734063148499
0.7067305445671082
0.7539739012718201
0.8020813465118408
0.8509082198143005
0.9002900719642639
0.9500495791435242
1.0
1.0499504804611206
1.0997099876403809
1.1490917205810547
1.1979186534881592
1.2460260391235352
1.2932695150375366
1.339526653289795
1.3847074508666992
1.4287561178207397
1.4716644287109375
1.5134741067886353
1.5542956590652466
1.594310998916626
1.6338005065917969
1.6731460094451904
1.7128654718399048
1.753613829612732
1.7962132692337036
1.8416377305984497
1.8910064697265625
0.07612046599388123
0.12373117357492447
0.16745643317699432
0.20862281322479248
0.24834436178207397
0.28752607107162476
0.32685399055480957
0.36684808135032654
0.4078708589076996
0.4501729905605316
0.4939003884792328
0.5391247272491455
0.5858473181724548
0.6340194940567017
0.6835448145866394
0.7342929244041443
0.7861015796661377
0.8387864828109741
0.8921437859535217
0.9459568858146667
1.0
1.0540430545806885
1.107856273651123
1.1612135171890259
1.2138984203338623
1.2657071352005005
1.3164551258087158
1.3659805059432983
1.4141526222229004
1.4608752727508545
1.5060995817184448
1.549826979637146
1.592129111289978
1.633151888847351
1.6731460094451904
1.71247398853302
1.7516555786132812
1.7913771867752075
1.8325436115264893
1.8762688636779785
1.9238795042037964
0.04894348233938217
0.09330886602401733
0.13399876654148102
0.1726038157939911
0.2103966921567917
0.24834436178207397
0.2871344983577728
0.3272574245929718
0.36902928352355957
0.4126489758491516
0.45820868015289307
0.5057270526885986
0.5551539659500122
0.6063907146453857
0.6592926979064941
0.7136824727058411
0.7693521976470947
0.826072633266449
0.8835957050323486
0.9416612982749939
1.0
1.0583387613296509
1.1164042949676514
1.1739273071289062
1.2306478023529053
1.2863175868988037
1.3407073020935059
1.3936092853546143
1.4448460340499878
1.4942729473114014
1.541791319847107
1.5873510837554932
1.6309707164764404
1.6727426052093506
1.7128654718399048
1.7516555786132812
1.789603352546692
1.8273961544036865
1.8660012483596802
1.906691074371338
1.9510564804077148
0.02763007953763008
0.06689973920583725
0.10293707251548767
0.13770335912704468
0.1726038157939911
0.20862281322479248
0.24638622999191284
0.2863081991672516
0.3286224603652954
0.37344950437545776
0.4208083152770996
0.47064948081970215
0.5228599905967712
0.5772818922996521
0.6337148547172546
0.6919281482696533
0.7516626715660095
0.8126392960548401
0.8745612502098083
0.9371204376220703
1.0
1.0628795623779297
1.1254386901855469
1.1873606443405151
1.2483373880386353
1.3080718517303467
1.3662852048873901
1.4227181673049927
1.4771400690078735
1.5293505191802979
1.5791916847229004
1.6265504360198975
1.6713775396347046
1.7136918306350708
1.753613829612732
1.7913771867752075
1.8273961544036865
1.8622965812683105
1.89706289768219
1.9331002235412598
1.972369909286499
0.012311659753322601
0.04398183152079582
0.07342886179685593
0.10293707251548767
0.13399876654148102
0.16745643317699432
0.20378674566745758
0.24326100945472717
0.28599032759666443
0.33198782801628113
0.3811802268028259
0.43343567848205566
0.4885677099227905
0.5463507175445557
0.6065219640731812
0.6687914133071899
0.7328437566757202
0.7983454465866089
0.8649467825889587
0.9322876334190369
1.0
1.0677123069763184
1.1350531578063965
1.2016545534133911
1.2671562433242798
1.33120858669281
1.3934780359268188
1.4536492824554443
1.5114322900772095
1.5665643215179443
1.6188197135925293
1.6680121421813965
1.7140096426010132
1.7567390203475952
1.7962132692337036
1.8325436115264893
1.8660012483596802
1.89706289768219
1.9265711307525635
1.9560182094573975
1.9876883029937744
0.003082666313275695
0.023658230900764465
0.04398183152079582
0.06689973920583725
0.09330886602401733
0.12373117357492447
0.1583622395992279
0.1972644329071045
0.24038653075695038
0.287609338760376
0.3387507498264313
0.39358481764793396
0.45184290409088135
0.5132249593734741
0.5773999094963074
0.6440138816833496
0.7126907706260681
0.7830386757850647
0.854651153087616
0.9271125793457031
1.0
1.0728874206542969
1.1453487873077393
1.21696138381958
1.2873092889785767
1.3559861183166504
1.4226000308990479
1.4867750406265259
1.5481570959091187
1.6064151525497437
1.6612492799758911
1.712390661239624
1.7596135139465332
1.8027355670928955
1.8416377305984497
1.8762688636779785
1.906691074371338
1.9331002235412598
1.9560182094573975
1.976341724395752
1.9969173669815063
0.0
0.003082666313275695
0.012311659753322601
0.02763007953763008
0.04894348233938217
0.07612046599388123
0.10899347811937332
0.14735983312129974
0.19098301231861115
0.23959402740001678
0.2928932309150696
0.350551962852478
0.4122147560119629
0.47750142216682434
0.5460094809532166
0.6173165440559387
0.69098299741745
0.7665546536445618
0.8435655236244202
0.9215409159660339
1.0
1.0784591436386108
1.156434416770935
1.233445405960083
1.3090169429779053
1.3826833963394165
1.4539904594421387
1.522498607635498
1.587785243988037
1.649448037147522
1.7071068286895752
1.7604060173034668
1.8090169429779053
1.852640151977539
1.8910064697265625
1.9238795042037964
1.9510564804077148
1.972369909286499
1.9876883029937744
1.9969173669815063
2.0
