2.0
1.9969173669815063
1.9876883029937744
1.972369909286499
1.9510564804077148
1.9238795042037964
1.8910064697265625
1.852640151977539
1.8090169429779053
1.7604060173034668
1.7071068286895752
1.649448037147522
1.587785243988037
1.522498607635498
1.4539904594421387
1.3826833963394165
1.3090169429779053
1.233445405960083
1.156434416770935
1.0784591436386108
1.0
0.9215409159660339
0.8435655236244202
0.7665546536445618
0.69098299741745
0.6173165440559387
0.5460094809532166
0.47750142216682434
0.4122147560119629
0.350551962852478
0.2928932309150696
0.23959402740001678
0.19098301231861115
0.14735983312129974
0.10899347811937332
0.07612046599388123
0.04894348233938217
0.02763007953763008
0.012311659753322601
0.003082666313275695
0.0
1.9969173669815063
1.9763811826705933
1.9560825824737549
1.933181881904602
1.9067844152450562
1.876369595527649
1.8417426347732544
1.8028420209884644
1.7597190141677856
1.7124934196472168
1.661347508430481
1.6065075397491455
1.548242211341858
1.4868518114089966
1.4226676225662231
1.3560435771942139
1.287355899810791
1.2169967889785767
1.145372748374939
1.0728994607925415
1.0
0.9271005988121033
0.8546273112297058
0.7830031514167786
0.7126440405845642
0.6439564228057861
0.5773323774337769
0.5131481885910034
0.4517577886581421
0.3934924602508545
0.33865243196487427
0.2875065207481384
0.24028094112873077
0.19715802371501923
0.15825730562210083
0.12363042682409286
0.09321560710668564
0.06681809574365616
0.04391740262508392
0.02361883781850338
0.003082666313275695
1.9876883029937744
1.9560825824737549
1.9266812801361084
1.8972054719924927
1.866166353225708
1.8327234983444214
1.7964019775390625
1.756931185722351
1.7142010927200317
1.668199062347412
1.6189988851547241
1.5667328834533691
1.5115878582000732
1.4537897109985352
1.393601655960083
1.3313138484954834
1.2672419548034668
1.2017196416854858
1.1350970268249512
1.0677343606948853
1.0
0.9322656393051147
0.8649029731750488
0.7982803583145142
0.732758104801178
0.6686861515045166
0.606398344039917
0.5462102293968201
0.48841214179992676
0.43326711654663086
0.3810011148452759
0.3318009376525879
0.28579890727996826
0.24306878447532654
0.20359808206558228
0.16727645695209503
0.13383367657661438
0.10279452055692673
0.07331866770982742
0.04391740262508392
0.012311659753322601
1.972369909286499
1.933181881904602
1.8972054719924927
1.8624839782714844
1.8276153802871704
1.7916179895401
1.7538676261901855
1.713951587677002
1.6716370582580566
1.6268044710159302
1.5794355869293213
1.5295804738998413
1.477352499961853
1.422910213470459
1.3664543628692627
1.3082159757614136
1.2484546899795532
1.1874499320983887
1.1254987716674805
1.062909722328186
1.0
0.9370902180671692
0.8745012283325195
0.8125500679016113
0.7515453100204468
0.6917840242385864
0.6335456967353821
0.577089786529541
0.522647500038147
0.4704195559024811
0.42056435346603394
0.3731955289840698
0.32836297154426575
0.2860484719276428
0.24613238871097565
0.2083820402622223
0.17238463461399078
0.1375160813331604
0.10279452055692673
0.06681809574365616
0.02763007953763008
1.9510564804077148
1.9067844152450562
1.866166353225708
1.8276153802871704
1.7898619174957275
1.751941442489624
1.7131682634353638
1.673053503036499
1.6312823295593262
1.5876567363739014
1.5420855283737183
1.4945507049560547
1.4451030492782593
1.3938418626785278
1.3409122228622437
1.2864922285079956
1.230790138244629
1.1740355491638184
1.116477131843567
1.058375358581543
1.0
0.941624641418457
0.8835228681564331
0.8259643912315369
0.7692098617553711
0.7135077118873596
0.6590877175331116
0.6061581969261169
0.5548970103263855
0.5054493546485901
0.4579145014286041
0.41234323382377625
0.36871764063835144
0.3269464373588562
0.28683170676231384
0.2480584979057312
0.21013806760311127
0.17238463461399078
0.13383367657661438
0.09321560710668564
0.04894348233938217
1.9238795042037964
1.876369595527649
1.8327234983444214
1.7916179895401
1.751941442489624
1.7127914428710938
1.6734837293624878
1.6334998607635498
1.5924787521362305
1.550170660018921
1.5064308643341064
1.4611884355545044
1.414442777633667
1.3662432432174683
1.316686987876892
1.2659047842025757
1.214059591293335
1.161336064338684
1.1079387664794922
1.0540846586227417
1.0
0.9459154009819031
0.8920612335205078
0.8386639356613159
0.785940408706665
0.7340951561927795
0.6833130717277527
0.6337567567825317
0.585557222366333
0.5388115644454956
0.49356910586357117
0.4498293101787567
0.4075212776660919
0.3665001690387726
0.3265162706375122
0.28720852732658386
0.2480584979057312
0.2083820402622223
0.16727645695209503
0.12363042682409286
0.07612046599388123
1.8910064697265625
1.8417426347732544
1.7964019775390625
1.7538676261901855
1.7131682634353638
1.6734837293624878
1.6341608762741089
1.594683289527893
1.5546704530715942
1.5138434171676636
1.4720208644866943
1.4290934801101685
1.38502037525177
1.3398102521896362
1.2935198545455933
1.2462397813796997
1.1980929374694824
1.1492244005203247
1.0997992753982544
1.0499953031539917
1.0
0.9500046372413635
0.9002007842063904
0.8507756590843201
0.8019071221351624
0.7537602186203003
0.7064801454544067
0.6601897478103638
0.6149796843528748
0.5709065198898315
0.5279791355133057
0.4861566424369812
0.4453295171260834
0.40531671047210693
0.3658391535282135
0.3265162706375122
0.28683170676231384
0.24613238871097565
0.20359808206558228
0.15825730562210083
0.10899347811937332
1.852640151977539
1.8028420209884644
1.756931185722351
1.713951587677002
1.673053503036499
1.6334998607635498
1.594683289527893
1.556107759475708
1.5173922777175903
1.4782456159591675
1.4384652376174927
1.3979153633117676
1.3565253019332886
1.314272403717041
1.2711800336837769
1.2273054122924805
1.182737112045288
1.1375858783721924
1.091982364654541
1.0460695028305054
1.0
0.9539304971694946
0.908017635345459
0.8624140620231628
0.8172628879547119
0.7726945877075195
0.7288199663162231
0.6857276558876038
0.6434746980667114
0.6020846366882324
0.5615347623825073
0.5217543840408325
0.4826076626777649
0.443892240524292
0.40531671047210693
0.3665001690387726
0.3269464373588562
0.2860484719276428
0.24306878447532654
0.19715802371501923
0.14735983312129974
1.8090169429779053
1.7597190141677856
1.7142010927200317
1.6716370582580566
1.6312823295593262
1.5924787521362305
1.5546704530715942
1.5173922777175903
1.4802756309509277
1.4430292844772339
1.405441164970398
1.3673598766326904
1.328694224357605
1.2893977165222168
1.249468207359314
1.208935260772705
1.1678588390350342
1.126320719718933
1.0844213962554932
1.042273759841919
1.0
0.957726240158081
0.9155786037445068
0.8736792802810669
0.832141101360321
0.7910647988319397
0.750531792640686
0.7106022238731384
0.671305775642395
0.6326401233673096
0.594558835029602
0.5569707751274109
0.519724428653717
0.4826076626777649
0.4453295171260834
0.4075212776660919
0.36871764063835144
0.32836297154426575
0.28579890727996826
0.24028094112873077
0.19098301231861115
1.7604060173034668
1.7124934196472168
1.668199062347412
1.6268044710159302
1.5876567363739014
1.550170660018921
1.5138434171676636
1.4782456159591675
1.4430292844772339
1.4079123735427856
1.3726824522018433
1.3371809720993042
1.301303744316101
1.2649881839752197
1.228212594985962
1.190984845161438
1.1533420085906982
1.115341305732727
1.0770578384399414
1.038578748703003
1.0
0.9614212512969971
0.9229422211647034
0.8846587538719177
0.846657931804657
0.809015154838562
0.7717874646186829
0.7350117564201355
0.6986962556838989
0.6628190279006958
0.627317488193512
0.5920875668525696
0.5569707751274109
0.5217543840408325
0.4861566424369812
0.4498293101787567
0.41234323382377625
0.3731955289840698
0.3318009376525879
0.2875065207481384
0.23959402740001678
1.7071068286895752
1.661347508430481
1.6189988851547241
1.5794355869293213
1.5420855283737183
1.5064308643341064
1.4720208644866943
1.4384652376174927
1.405441164970398
1.3726824522018433
1.3399828672409058
1.3071833848953247
1.2741740942001343
1.2408819198608398
1.2072713375091553
1.1733343601226807
1.1390894651412964
1.1045739650726318
1.0698422193527222
1.0349596738815308
1.0
0.9650402665138245
0.9301577806472778
0.8954260945320129
0.8609105944633484
0.8266656398773193
0.7927286624908447
0.7591180801391602
0.7258259654045105
0.6928165555000305
0.6600171327590942
0.627317488193512
0.594558835029602
0.5615347623825073
0.5279791355133057
0.49356910586357117
0.4579145014286041
0.42056435346603394
0.3810011148452759
0.33865243196487427
0.2928932309150696
1.649448037147522
1.6065075397491455
1.5667328834533691
1.5295804738998413
1.4945507049560547
1.4611884355545044
1.4290934801101685
1.3979153633117676
1.3673598766326904
1.3371809720993042
1.3071833848953247
1.2772136926651
1.247160792350769
1.216947078704834
1.186527967453003
1.1558839082717896
1.1250195503234863
1.0939568281173706
1.0627330541610718
1.0313957929611206
1.0
0.9686042666435242
0.9372669458389282
0.9060431718826294
0.8749803900718689
0.8441160917282104
0.8134720921516418
0.783052921295166
0.7528391480445862
0.7227863073348999
0.6928165555000305
0.6628190279006958
0.6326401233673096
0.6020846366882324
0.5709065198898315
0.5388115644454956
0.5054493546485901
0.4704195559024811
0.43326711654663086
0.3934924602508545
0.350551962852478
1.587785243988037
1.548242211341858
1.5115878582000732
1.477352499961853
1.4451030492782593
1.414442777633667
1.38502037525177
1.3565253019332886
1.328694224357605
1.301303744316101
1.2741740942001343
1.247160792350769
1.2201567888259888
1.19308340549469
1.1658918857574463
1.1385551691055298
1.1110681295394897
1.0834406614303589
1.0556968450546265
1.0278699398040771
1.0
0.9721300601959229
0.9443031549453735
0.9165593981742859
0.8889318704605103
0.8614447712898254
0.8341081738471985
0.8069165945053101
0.779843270778656
0.7528391480445862
0.7258259654045105
0.6986962556838989
0.671305775642395
0.6434746980667114
0.6149796843528748
0.585557222366333
0.5548970103263855
0.522647500038147
0.48841214179992676
0.4517577886581421
0.4122147560119629
1.522498607635498
1.4868518114089966
1.4537897109985352
1.422910213470459
1.3938418626785278
1.3662432432174683
1.3398102521896362
1.314272403717041
1.2893977165222168
1.2649881839752197
1.2408819198608398
1.216947078704834
1.19308340549469
1.1692156791687012
1.1452938318252563
1.121287226676941
1.0971840620040894
1.0729858875274658
1.0487067699432373
1.0243687629699707
1.0
0.9756312370300293
0.9512932300567627
0.9270141124725342
0.9028159379959106
0.8787127733230591
0.8547061681747437
0.8307843804359436
0.8069165945053101
0.783052921295166
0.7591180801391602
0.7350117564201355
0.7106022238731384
0.6857276558876038
0.6601897478103638
0.6337567567825317
0.6061581969261169
0.577089786529541
0.5462102293968201
0.5131481885910034
0.47750142216682434
1.4539904594421387
1.4226676225662231
1.393601655960083
1.3664543628692627
1.3409122228622437
1.316686987876892
1.2935198545455933
1.2711800336837769
1.249468207359314
1.228212594985962
1.2072713375091553
1.186527967453003
1.1658918857574463
1.1452938318252563
1.1246858835220337
1.104036569595337
1.0833303928375244
1.0625636577606201
1.0417429208755493
1.0208821296691895
1.0
0.9791178703308105
0.9582570195198059
0.9374363422393799
0.9166695475578308
0.8959634304046631
0.8753141164779663
0.8547061681747437
0.8341081738471985
0.8134720921516418
0.7927286624908447
0.7717874646186829
0.750531792640686
0.7288199663162231
0.7064801454544067
0.6833130717277527
0.6590877175331116
0.6335456967353821
0.606398344039917
0.5773323774337769
0.5460094809532166
1.3826833963394165
1.3560435771942139
1.3313138484954834
1.3082159757614136
1.2864922285079956
1.2659047842025757
1.2462397813796997
1.2273054122924805
1.208935260772705
1.190984845161438
1.1733343601226807
1.1558839082717896
1.1385551691055298
1.121287226676941
1.104036569595337
1.08677339553833
1.0694811344146729
1.0521529912948608
1.0347907543182373
1.0174024105072021
1.0
0.9825975894927979
0.9652091860771179
0.9478470087051392
0.9305188655853271
0.9132266044616699
0.8959634304046631
0.8787127733230591
0.8614447712898254
0.8441160917282104
0.8266656398773193
0.809015154838562
0.7910647988319397
0.7726945877075195
0.7537602186203003
0.7340951561927795
0.7135077118873596
0.6917840242385864
0.6686861515045166
0.6439564228057861
0.6173165440559387
1.3090169429779053
1.287355899810791
1.2672419548034668
1.2484546899795532
1.230790138244629
1.214059591293335
1.1980929374694824
1.182737112045288
1.1678588390350342
1.1533420085906982
1.1390894651412964
1.1250195503234863
1.1110681295394897
1.0971840620040894
1.0833303928375244
1.0694811344146729
1.055620551109314
1.0417407751083374
1.0278409719467163
1.0139248371124268
1.0
0.9860751032829285
0.9721590876579285
0.9582592844963074
0.944379448890686
0.9305188655853271
0.9166695475578308
0.9028159379959106
0.8889318704605103
0.8749803900718689
0.8609105944633484
0.846657931804657
0.832141101360321
0.8172628879547119
0.8019071221351624
0.785940408706665
0.7692098617553711
0.7515453100204468
0.732758104801178
0.7126440405845642
0.69098299741745
1.233445405960083
1.2169967889785767
1.2017196416854858
1.1874499320983887
1.1740355491638184
1.161336064338684
1.1492244005203247
1.1375858783721924
1.126320719718933
1.115341305732727
1.1045739650726318
1.0939568281173706
1.0834406614303589
1.0729858875274658
1.0625636577606201
1.0521529912948608
1.0417407751083374
1.0313196182250977
1.0208877325057983
1.010446548461914
1.0
0.9895534515380859
0.9791122078895569
0.9686803221702576
0.9582592844963074
0.9478470087051392
0.9374363422393799
0.9270141124725342
0.9165593981742859
0.9060431718826294
0.8954260945320129
0.8846587538719177
0.8736792802810669
0.8624140620231628
0.8507756590843201
0.8386639356613159
0.8259643912315369
0.8125500679016113
0.7982803583145142
0.7830031514167786
0.7665546536445618
1.156434416770935
1.145372748374939
1.1350970268249512
1.1254987716674805
1.116477131843567
1.1079387664794922
1.0997992753982544
1.091982364654541
1.0844213962554932
1.0770578384399414
1.0698422193527222
1.0627330541610718
1.0556968450546265
1.0487067699432373
1.0417429208755493
1.0347907543182373
1.0278409719467163
1.0208877325057983
1.0139293670654297
1.0069661140441895
1.0
0.9930338859558105
0.9860705733299255
0.9791122078895569
0.9721590876579285
0.9652091860771179
0.9582570195198059
0.9512932300567627
0.9443031549453735
0.9372669458389282
0.9301577806472778
0.9229422211647034
0.9155786037445068
0.908017635345459
0.9002007842063904
0.8920612335205078
0.8835228681564331
0.8745012283325195
0.8649029731750488
0.8546273112297058
0.8435655236244202
1.0784591436386108
1.0728994607925415
1.0677343606948853
1.062909722328186
1.058375358581543
1.0540846586227417
1.0499953031539917
1.0460695028305054
1.042273759841919
1.038578748703003
1.0349596738815308
1.0313957929611206
1.0278699398040771
1.0243687629699707
1.0208821296691895
1.0174024105072021
1.0139248371124268
1.010446548461914
1.0069661140441895
1.0034836530685425
1.0
0.9965163469314575
0.9930338859558105
0.9895534515380859
0.9860751032829285
0.9825975894927979
0.9791178703308105
0.9756312370300293
0.9721300601959229
0.9686042666435242
0.9650402665138245
0.9614212512969971
0.957726240158081
0.9539304971694946
0.9500046372413635
0.9459154009819031
0.941624641418457
0.9370902180671692
0.9322656393051147
0.9271005988121033
0.9215409159660339
1.0
1.0
1.0
1.0
1.0
1.0
1.0
1.0
1.0
1.0
1.0
1.0
1.0
1.0
1.0
1.0
1.0
1.0
1.0
1.0
1.0
1.0
1.0
1.0
1.0
1.0
1.0
1.0
1.0
1.0
1.0
1.0
1.0
1.0
1.0
1.0
1.0
1.0
1.0
1.0
1.0
0.9215409159660339
0.9271005988121033
0.9322656393051147
0.9370902180671692
0.941624641418457
0.9459154009819031
0.9500046372413635
0.9539304971694946
0.957726240158081
0.9614212512969971
0.9650402665138245
0.9686042666435242
0.9721300601959229
0.9756312370300293
0.9791178703308105
0.9825975894927979
0.9860751032829285
0.9895534515380859
0.9930338859558105
0.9965163469314575
1.0
1.0034836530685425
1.0069661140441895
1.010446548461914
1.0139248371124268
1.0174024105072021
1.0208821296691895
1.0243687629699707
1.0278699398040771
1.0313957929611206
1.0349596738815308
1.038578748703003
1.042273759841919
1.0460695028305054
1.0499953031539917
1.0540846586227417
1.058375358581543
1.062909722328186
1.0677343606948853
1.0728994607925415
1.0784591436386108
0.8435655236244202
0.8546273112297058
0.8649029731750488
0.8745012283325195
0.8835228681564331
0.8920612335205078
0.9002007842063904
0.908017635345459
0.9155786037445068
0.9229422211647034
0.9301577806472778
0.9372669458389282
0.9443031549453735
0.9512932300567627
0.9582570195198059
0.9652091860771179
0.9721590876579285
0.9791122078895569
0.9860705733299255
0.9930338859558105
1.0
1.0069661140441895
1.0139293670654297
1.0208877325057983
1.0278409719467163
1.0347907543182373
1.0417429208755493
1.0487067699432373
1.0556968450546265
1.0627330541610718
1.0698422193527222
1.0770578384399414
1.0844213962554932
1.091982364654541
1.0997992753982544
1.1079387664794922
1.116477131843567
1.1254987716674805
1.1350970268249512
1.145372748374939
1.156434416770935
0.7665546536445618
0.7830031514167786
0.7982803583145142
0.8125500679016113
0.8259643912315369
0.8386639356613159
0.8507756590843201
0.8624140620231628
0.8736792802810669
0.8846587538719177
0.8954260945320129
0.9060431718826294
0.9165593981742859
0.9270141124725342
0.9374363422393799
0.9478470087051392
0.9582592844963074
0.9686803221702576
0.9791122078895569
0.9895534515380859
1.0
1.010446548461914
1.0208877325057983
1.0313196182250977
1.0417407751083374
1.0521529912948608
1.0625636577606201
1.0729858875274658
1.0834406614303589
1.0939568281173706
1.1045739650726318
1.115341305732727
1.126320719718933
1.1375858783721924
1.1492244005203247
1.161336064338684
1.1740355491638184
1.1874499320983887
1.2017196416854858
1.2169967889785767
1.233445405960083
0.69098299741745
0.7126440405845642
0.732758104801178
0.7515453100204468
0.7692098617553711
0.785940408706665
0.8019071221351624
0.8172628879547119
0.832141101360321
0.846657931804657
0.8609105944633484
0.8749803900718689
0.8889318704605103
0.9028159379959106
0.9166695475578308
0.9305188655853271
0.944379448890686
0.9582592844963074
0.9721590876579285
0.9860751032829285
1.0
1.0139248371124268
1.0278409719467163
1.0417407751083374
1.055620551109314
1.0694811344146729
1.0833303928375244
1.0971840620040894
1.1110681295394897
1.1250195503234863
1.1390894651412964
1.1533420085906982
1.1678588390350342
1.182737112045288
1.1980929374694824
1.214059591293335
1.230790138244629
1.2484546899795532
1.2672419548034668
1.287355899810791
1.3090169429779053
0.6173165440559387
0.6439564228057861
0.6686861515045166
0.6917840242385864
0.7135077118873596
0.7340951561927795
0.7537602186203003
0.7726945877075195
0.7910647988319397
0.809015154838562
0.8266656398773193
0.8441160917282104
0.8614447712898254
0.8787127733230591
0.8959634304046631
0.9132266044616699
0.9305188655853271
0.9478470087051392
0.9652091860771179
0.9825975894927979
1.0
1.0174024105072021
1.0347907543182373
1.0521529912948608
1.0694811344146729
1.08677339553833
1.104036569595337
1.121287226676941
1.1385551691055298
1.1558839082717896
1.1733343601226807
1.190984845161438
1.208935260772705
1.2273054122924805
1.2462397813796997
1.2659047842025757
1.2864922285079956
1.3082159757614136
1.3313138484954834
1.3560435771942139
1.3826833963394165
0.5460094809532166
0.5773323774337769
0.606398344039917
0.6335456967353821
0.6590877175331116
0.6833130717277527
0.7064801454544067
0.7288199663162231
0.750531792640686
0.7717874646186829
0.7927286624908447
0.8134720921516418
0.8341081738471985
0.8547061681747437
0.8753141164779663
0.8959634304046631
0.9166695475578308
0.9374363422393799
0.9582570195198059
0.9791178703308105
1.0
1.0208821296691895
1.0417429208755493
1.0625636577606201
1.0833303928375244
1.104036569595337
1.1246858835220337
1.1452938318252563
1.1658918857574463
1.186527967453003
1.2072713375091553
1.228212594985962
1.249468207359314
1.2711800336837769
1.2935198545455933
1.316686987876892
1.3409122228622437
1.3664543628692627
1.393601655960083
1.4226676225662231
1.4539904594421387
0.47750142216682434
0.5131481885910034
0.5462102293968201
0.577089786529541
0.6061581969261169
0.6337567567825317
0.6601897478103638
0.6857276558876038
0.7106022238731384
0.7350117564201355
0.7591180801391602
0.783052921295166
0.8069165945053101
0.8307843804359436
0.8547061681747437
0.8787127733230591
0.9028159379959106
0.9270141124725342
0.9512932300567627
0.9756312370300293
1.0
1.0243687629699707
1.0487067699432373
1.0729858875274658
1.0971840620040894
1.121287226676941
1.1452938318252563
1.1692156791687012
1.19308340549469
1.216947078704834
1.2408819198608398
1.2649881839752197
1.2893977165222168
1.314272403717041
1.3398102521896362
1.3662432432174683
1.3938418626785278
1.422910213470459
1.4537897109985352
1.4868518114089966
1.522498607635498
0.4122147560119629
0.4517577886581421
0.48841214179992676
0.522647500038147
0.5548970103263855
0.585557222366333
0.6149796843528748
0.6434746980667114
0.671305775642395
0.6986962556838989
0.7258259654045105
0.7528391480445862
0.779843270778656
0.8069165945053101
0.8341081738471985
0.8614447712898254
0.8889318704605103
0.9165593981742859
0.9443031549453735
0.9721300601959229
1.0
1.0278699398040771
1.0556968450546265
1.0834406614303589
1.1110681295394897
1.1385551691055298
1.1658918857574463
1.19308340549469
1.2201567888259888
1.247160792350769
1.2741740942001343
1.301303744316101
1.328694224357605
1.3565253019332886
1.38502037525177
1.414442777633667
1.4451030492782593
1.477352499961853
1.5115878582000732
1.548242211341858
1.587785243988037
0.350551962852478
0.3934924602508545
0.43326711654663086
0.4704195559024811
0.5054493546485901
0.5388115644454956
0.5709065198898315
0.6020846366882324
0.6326401233673096
0.6628190279006958
0.6928165555000305
0.7227863073348999
0.7528391480445862
0.783052921295166
0.8134720921516418
0.8441160917282104
0.8749803900718689
0.9060431718826294
0.9372669458389282
0.9686042666435242
1.0
1.0313957929611206
1.0627330541610718
1.0939568281173706
1.1250195503234863
1.1558839082717896
1.186527967453003
1.216947078704834
1.247160792350769
1.2772136926651
1.3071833848953247
1.3371809720993042
1.3673598766326904
1.3979153633117676
1.4290934801101685
1.4611884355545044
1.4945507049560547
1.5295804738998413
1.5667328834533691
1.6065075397491455
1.649448037147522
0.2928932309150696
0.33865243196487427
0.3810011148452759
0.42056435346603394
0.4579145014286041
0.49356910586357117
0.5279791355133057
0.5615347623825073
0.594558835029602
0.627317488193512
0.6600171327590942
0.6928165555000305
0.7258259654045105
0.7591180801391602
0.7927286624908447
0.8266656398773193
0.8609105944633484
0.8954260945320129
0.9301577806472778
0.9650402665138245
1.0
1.0349596738815308
1.0698422193527222
1.1045739650726318
1.1390894651412964
1.1733343601226807
1.2072713375091553
1.2408819198608398
1.2741740942001343
1.3071833848953247
1.3399828672409058
1.3726824522018433
1.405441164970398
1.4384652376174927
1.4720208644866943
1.5064308643341064
1.5420855283737183
1.5794355869293213
1.6189988851547241
1.661347508430481
1.7071068286895752
0.23959402740001678
0.2875065207481384
0.3318009376525879
0.3731955289840698
0.41234323382377625
0.4498293101787567
0.4861566424369812
0.5217543840408325
0.5569707751274109
0.5920875668525696
0.627317488193512
0.6628190279006958
0.6986962556838989
0.7350117564201355
0.7717874646186829
0.809015154838562
0.846657931804657
0.8846587538719177
0.9229422211647034
0.9614212512969971
1.0
1.038578748703003
1.0770578384399414
1.115341305732727
1.1533420085906982
1.190984845161438
1.228212594985962
1.2649881839752197
1.301303744316101
1.3371809720993042
1.3726824522018433
1.4079123735427856
1.4430292844772339
1.4782456159591675
1.5138434171676636
1.550170660018921
1.5876567363739014
1.6268044710159302
1.668199062347412
1.7124934196472168
1.7604060173034668
0.19098301231861115
0.24028094112873077
0.28579890727996826
0.32836297154426575
0.36871764063835144
0.4075212776660919
0.4453295171260834
0.4826076626777649
0.519724428653717
0.5569707751274109
0.594558835029602
0.6326401233673096
0.671305775642395
0.7106022238731384
0.750531792640686
0.7910647988319397
0.832141101360321
0.8736792802810669
0.9155786037445068
0.957726240158081
1.0
1.042273759841919
1.0844213962554932
1.126320719718933
1.1678588390350342
1.208935260772705
1.249468207359314
1.2893977165222168
1.328694224357605
1.3673598766326904
1.405441164970398
1.4430292844772339
1.4802756309509277
1.5173922777175903
1.5546704530715942
1.5924787521362305
1.6312823295593262
1.6716370582580566
1.7142010927200317
1.7597190141677856
1.8090169429779053
0.14735983312129974
0.19715802371501923
0.24306878447532654
0.2860484719276428
0.3269464373588562
0.3665001690387726
0.40531671047210693
0.443892240524292
0.4826076626777649
0.5217543840408325
0.5615347623825073
0.6020846366882324
0.6434746980667114
0.6857276558876038
0.7288199663162231
0.7726945877075195
0.8172628879547119
0.8624140620231628
0.908017635345459
0.9539304971694946
1.0
1.0460695028305054
1.091982364654541
1.1375858783721924
1.182737112045288
1.2273054122924805
1.2711800336837769
1.314272403717041
1.3565253019332886
1.3979153633117676
1.4384652376174927
1.4782456159591675
1.5173922777175903
1.556107759475708
1.594683289527893
1.6334998607635498
1.673053503036499
1.713951587677002
1.756931185722351
1.8028420209884644
1.852640151977539
0.10899347811937332
0.15825730562210083
0.20359808206558228
0.24613238871097565
0.28683170676231384
0.3265162706375122
0.3658391535282135
0.40531671047210693
0.4453295171260834
0.4861566424369812
0.5279791355133057
0.5709065198898315
0.6149796843528748
0.6601897478103638
0.7064801454544067
0.7537602186203003
0.8019071221351624
0.8507756590843201
0.9002007842063904
0.9500046372413635
1.0
1.0499953031539917
1.0997992753982544
1.1492244005203247
1.1980929374694824
1.2462397813796997
1.2935198545455933
1.3398102521896362
1.38502037525177
1.4290934801101685
1.4720208644866943
1.5138434171676636
1.5546704530715942
1.594683289527893
1.6341608762741089
1.6734837293624878
1.7131682634353638
1.7538676261901855
1.7964019775390625
1.8417426347732544
1.8910064697265625
0.07612046599388123
0.12363042682409286
0.16727645695209503
0.2083820402622223
0.2480584979057312
0.28720852732658386
0.3265162706375122
0.3665001690387726
0.4075212776660919
0.4498293101787567
0.49356910586357117
0.5388115644454956
0.585557222366333
0.6337567567825317
0.6833130717277527
0.7340951561927795
0.785940408706665
0.8386639356613159
0.8920612335205078
0.9459154009819031
1.0
1.0540846586227417
1.1079387664794922
1.161336064338684
1.214059591293335
1.2659047842025757
1.316686987876892
1.3662432432174683
1.414442777633667
1.4611884355545044
1.5064308643341064
1.550170660018921
1.5924787521362305
1.6334998607635498
1.6734837293624878
1.7127914428710938
1.751941442489624
1.7916179895401
1.8327234983444214
1.876369595527649
1.9238795042037964
0.04894348233938217
0.09321560710668564
0.13383367657661438
0.17238463461399078
0.21013806760311127
0.2480584979057312
0.28683170676231384
0.3269464373588562
0.36871764063835144
0.41234323382377625
0.4579145014286041
0.5054493546485901
0.5548970103263855
0.6061581969261169
0.6590877175331116
0.7135077118873596
0.7692098617553711
0.8259643912315369
0.8835228681564331
0.941624641418457
1.0
1.058375358581543
1.116477131843567
1.1740355491638184
1.230790138244629
1.2864922285079956
1.3409122228622437
1.3938418626785278
1.4451030492782593
1.4945507049560547
1.5420855283737183
1.5876567363739014
1.6312823295593262
1.673053503036499
1.7131682634353638
1.751941442489624
1.7898619174957275
1.8276153802871704
1.866166353225708
1.9067844152450562
1.9510564804077148
0.02763007953763008
0.06681809574365616
0.10279452055692673
0.1375160813331604
0.17238463461399078
0.2083820402622223
0.24613238871097565
0.2860484719276428
0.32836297154426575
0.3731955289840698
0.42056435346603394
0.4704195559024811
0.522647500038147
0.577089786529541
0.6335456967353821
0.6917840242385864
0.7515453100204468
0.8125500679016113
0.8745012283325195
0.9370902180671692
1.0
1.062909722328186
1.1254987716674805
1.1874499320983887
1.2484546899795532
1.3082159757614136
1.3664543628692627
1.422910213470459
1.477352499961853
1.5295804738998413
1.5794355869293213
1.6268044710159302
1.6716370582580566
1.713951587677002
1.7538676261901855
1.7916179895401
1.8276153802871704
1.8624839782714844
1.8972054719924927
1.933181881904602
1.972369909286499
0.012311659753322601
0.04391740262508392
0.07331866770982742
0.10279452055692673
0.13383367657661438
0.16727645695209503
0.20359808206558228
0.24306878447532654
0.28579890727996826
0.3318009376525879
0.3810011148452759
0.43326711654663086
0.48841214179992676
0.5462102293968201
0.606398344039917
0.6686861515045166
0.732758104801178
0.7982803583145142
0.8649029731750488
0.9322656393051147
1.0
1.0677343606948853
1.1350970268249512
1.2017196416854858
1.2672419548034668
1.3313138484954834
1.393601655960083
1.4537897109985352
1.5115878582000732
1.5667328834533691
1.6189988851547241
1.668199062347412
1.7142010927200317
1.756931185722351
1.7964019775390625
1.8327234983444214
1.866166353225708
1.8972054719924927
1.9266812801361084
1.9560825824737549
1.9876883029937744
0.003082666313275695
0.02361883781850338
0.04391740262508392
0.06681809574365616
0.09321560710668564
0.12363042682409286
0.15825730562210083
0.19715802371501923
0.24028094112873077
0.2875065207481384
0.33865243196487427
0.3934924602508545
0.4517577886581421
0.5131481885910034
0.5773323774337769
0.6439564228057861
0.7126440405845642
0.7830031514167786
0.8546273112297058
0.9271005988121033
1.0
1.0728994607925415
1.145372748374939
1.2169967889785767
1.287355899810791
1.3560435771942139
1.4226676225662231
1.4868518114089966
1.548242211341858
1.6065075397491455
1.661347508430481
1.7124934196472168
1.7597190141677856
1.8028420209884644
1.8417426347732544
1.876369595527649
1.9067844152450562
1.933181881904602
1.9560825824737549
1.9763811826705933
1.9969173669815063
0.0
0.003082666313275695
0.012311659753322601
0.02763007953763008
0.04894348233938217
0.07612046599388123
0.10899347811937332
0.14735983312129974
0.19098301231861115
0.23959402740001678
0.2928932309150696
0.350551962852478
0.4122147560119629
0.47750142216682434
0.5460094809532166
0.6173165440559387
0.69098299741745
0.7665546536445618
0.8435655236244202
0.9215409159660339
1.0
1.0784591436386108
1.156434416770935
1.233445405960083
1.3090169429779053
1.3826833963394165
1.4539904594421387
1.522498607635498
1.587785243988037
1.649448037147522
1.7071068286895752
1.7604060173034668
1.8090169429779053
1.852640151977539
1.8910064697265625
1.9238795042037964
1.9510564804077148
1.972369909286499
1.9876883029937744
1.9969173669815063
2.0
