2.0
1.9969173669815063
1.9876883029937744
1.972369909286499
1.9510564804077148
1.9238795042037964
1.8910064697265625
1.852640151977539
1.8090169429779053
1.7604060173034668
1.7071068286895752
1.649448037147522
1.587785243988037
1.522498607635498
1.4539904594421387
1.3826833963394165
1.3090169429779053
1.233445405960083
1.156434416770935
1.0784591436386108
1.0
0.9215409159660339
0.8435655236244202
0.7665546536445618
0.69098299741745
0.6173165440559387
0.5460094809532166
0.47750142216682434
0.4122147560119629
0.350551962852478
0.2928932309150696
0.23959402740001678
0.19098301231861115
0.14735983312129974
0.10899347811937332
0.07612046599388123
0.04894348233938217
0.02763007953763008
0.012311659753322601
0.003082666313275695
0.0
1.9969173669815063
1.9763580560684204
1.9560446739196777
1.9331339597702026
1.9067295789718628
1.8763103485107422
1.8416810035705566
1.8027794361114502
1.7596570253372192
1.7124329805374146
1.6612898111343384
1.6064531803131104
1.5481921434402466
1.4868067502975464
1.4226279258728027
1.356009840965271
1.2873284816741943
1.2169759273529053
1.145358681678772
1.0728923082351685
1.0
0.9271076321601868
0.854641318321228
0.78302401304245
0.7126715183258057
0.6439902186393738
0.5773720741271973
0.5131933093070984
0.45180782675743103
0.3935467600822449
0.338710218667984
0.2875669598579407
0.24034301936626434
0.1972205936908722
0.15831899642944336
0.12368965893983841
0.0932704359292984
0.06686609983444214
0.043955281376838684
0.023641997948288918
0.003082666313275695
1.9876883029937744
1.9560446739196777
1.9266165494918823
1.8971216678619385
1.8660693168640137
1.8326177597045898
1.7962909936904907
1.756818175315857
1.7140885591506958
1.6680891513824463
1.6188936233520508
1.5666338205337524
1.5114964246749878
1.4537070989608765
1.393528938293457
1.3312519788742065
1.2671915292739868
1.20168137550354
1.1350712776184082
1.0677213668823242
1.0
0.932278573513031
0.8649287223815918
0.79831862449646
0.7328084707260132
0.6687480211257935
0.6064710021018982
0.5462928414344788
0.4885036051273346
0.43336620926856995
0.3811064064502716
0.3319108188152313
0.2859114408493042
0.24318179488182068
0.20370899140834808
0.16738227009773254
0.1339307427406311
0.10287833213806152
0.07338345050811768
0.043955281376838684
0.012311659753322601
1.972369909286499
1.9331339597702026
1.8971216678619385
1.8623738288879395
1.827486515045166
1.7914763689041138
1.753718376159668
1.7137988805770874
1.6714844703674316
1.626655101776123
1.5792921781539917
1.5294452905654907
1.4772275686264038
1.4227973222732544
1.3663548231124878
1.308131217956543
1.2483856678009033
1.1873974800109863
1.1254634857177734
1.0628920793533325
1.0
0.9371079802513123
0.8745365142822266
0.8126025199890137
0.7516142725944519
0.691868782043457
0.6336451172828674
0.5772027373313904
0.5227723717689514
0.47055473923683167
0.4207077920436859
0.3733448386192322
0.32851552963256836
0.286201149225235
0.24628162384033203
0.20852358639240265
0.17251348495483398
0.13762618601322174
0.10287833213806152
0.06686609983444214
0.02763007953763008
1.9510564804077148
1.9067295789718628
1.8660693168640137
1.827486515045166
1.7897099256515503
1.751773476600647
1.7129902839660645
1.6728707551956177
1.6310991048812866
1.5874769687652588
1.54191255569458
1.4943873882293701
1.4449518918991089
1.393705129623413
1.3407918214797974
1.2863895893096924
1.2307064533233643
1.1739720106124878
1.1164343357086182
1.0583537817001343
1.0
0.941646158695221
0.8835657238960266
0.826028048992157
0.7692935466766357
0.7136104702949524
0.6592082381248474
0.6062949299812317
0.5550481081008911
0.5056126117706299
0.4580874443054199
0.41252297163009644
0.368900865316391
0.3271292746067047
0.28700971603393555
0.2482265681028366
0.2102901190519333
0.17251348495483398
0.1339307427406311
0.0932704359292984
0.04894348233938217
1.9238795042037964
1.8763103485107422
1.8326177597045898
1.7914763689041138
1.751773476600647
1.7126047611236572
1.6732851266860962
1.6332952976226807
1.592273235321045
1.5499686002731323
1.5062360763549805
1.461004376411438
1.4142721891403198
1.3660887479782104
1.3165507316589355
1.2657885551452637
1.213964819908142
1.1612640619277954
1.107890248298645
1.0540602207183838
1.0
0.9459397792816162
0.892109751701355
0.8387359976768494
0.7860351800918579
0.7342114448547363
0.6834493279457092
0.6339112520217896
0.5857278108596802
0.5389956831932068
0.49376386404037476
0.4500313699245453
0.40772679448127747
0.36670470237731934
0.32671481370925903
0.2873952090740204
0.2482265681028366
0.20852358639240265
0.16738227009773254
0.12368965893983841
0.07612046599388123
1.8910064697265625
1.8416810035705566
1.7962909936904907
1.753718376159668
1.7129902839660645
1.6732851266860962
1.6339490413665771
1.5944644212722778
1.5544501543045044
1.513626217842102
1.471811294555664
1.428895115852356
1.3848363161087036
1.3396434783935547
1.293372631072998
1.2461141347885132
1.1979904174804688
1.1491464376449585
1.0997467041015625
1.049968957901001
1.0
0.950031042098999
0.9002532362937927
0.8508536219596863
0.8020095825195312
0.7538858652114868
0.706627368927002
0.6603565216064453
0.6151636242866516
0.571104884147644
0.5281887054443359
0.4863737225532532
0.4455499053001404
0.40553557872772217
0.3660510182380676
0.32671481370925903
0.28700971603393555
0.24628162384033203
0.20370899140834808
0.15831899642944336
0.10899347811937332
1.852640151977539
1.8027794361114502
1.756818175315857
1.7137988805770874
1.6728707551956177
1.6332952976226807
1.5944644212722778
1.555881142616272
1.517163634300232
1.4780200719833374
1.4382470846176147
1.3977086544036865
1.3563334941864014
1.3140982389450073
1.2710262537002563
1.227174162864685
1.1826300621032715
1.1375044584274292
1.091927409172058
1.0460418462753296
1.0
0.9539580941200256
0.9080725312232971
0.8624956011772156
0.8173699975013733
0.7728258967399597
0.7289736866950989
0.6859017014503479
0.6436665654182434
0.6022913455963135
0.5617528557777405
0.5219799876213074
0.4828363358974457
0.4441188871860504
0.40553557872772217
0.36670470237731934
0.3271292746067047
0.286201149225235
0.24318179488182068
0.1972205936908722
0.14735983312129974
1.8090169429779053
1.7596570253372192
1.7140885591506958
1.6714844703674316
1.6310991048812866
1.592273235321045
1.5544501543045044
1.517163634300232
1.4800444841384888
1.4428008794784546
1.4052201509475708
1.3671503067016602
1.328499436378479
1.289220929145813
1.249311923980713
1.2088017463684082
1.1677498817443848
1.1262377500534058
1.0843654870986938
1.042245626449585
1.0
0.957754373550415
0.9156345129013062
0.8737622499465942
0.8322500586509705
0.7911983132362366
0.7506880760192871
0.710779070854187
0.671500563621521
0.6328496932983398
0.5947798490524292
0.5571991205215454
0.5199554562568665
0.4828363358974457
0.4455499053001404
0.40772679448127747
0.368900865316391
0.32851552963256836
0.2859114408493042
0.24034301936626434
0.19098301231861115
1.7604060173034668
1.7124329805374146
1.6680891513824463
1.626655101776123
1.5874769687652588
1.5499686002731323
1.513626217842102
1.4780200719833374
1.4428008794784546
1.4076865911483765
1.3724637031555176
1.3369731903076172
1.3011105060577393
1.264812707901001
1.2280573844909668
1.1908522844314575
1.1532337665557861
1.115258812904358
1.0770022869110107
1.0385507345199585
1.0
0.9614492058753967
0.922997772693634
0.8847411870956421
0.8467662334442139
0.8091477751731873
0.7719426155090332
0.735187292098999
0.698889434337616
0.6630268096923828
0.6275363564491272
0.5923134684562683
0.5571991205215454
0.5219799876213074
0.4863737225532532
0.4500313699245453
0.41252297163009644
0.3733448386192322
0.3319108188152313
0.2875669598579407
0.23959402740001678
1.7071068286895752
1.6612898111343384
1.6188936233520508
1.5792921781539917
1.54191255569458
1.5062360763549805
1.471811294555664
1.4382470846176147
1.4052201509475708
1.3724637031555176
1.3397706747055054
1.3069818019866943
1.2739864587783813
1.2407114505767822
1.2071205377578735
1.1732053756713867
1.1389840841293335
1.1044937372207642
1.0697882175445557
1.0349324941635132
1.0
0.9650675058364868
0.9302118420600891
0.8955063223838806
0.8610159158706665
0.8267946243286133
0.7928795218467712
0.7592886090278625
0.7260135412216187
0.6930181980133057
0.6602293848991394
0.6275363564491272
0.5947798490524292
0.5617528557777405
0.5281887054443359
0.49376386404037476
0.4580874443054199
0.4207077920436859
0.3811064064502716
0.338710218667984
0.2928932309150696
1.649448037147522
1.6064531803131104
1.5666338205337524
1.5294452905654907
1.4943873882293701
1.461004376411438
1.428895115852356
1.3977086544036865
1.3671503067016602
1.3369731903076172
1.3069818019866943
1.2770220041275024
1.2469823360443115
1.2167847156524658
1.1863843202590942
1.1557610034942627
1.1249192953109741
1.0938804149627686
1.0626815557479858
1.0313698053359985
1.0
0.9686301946640015
0.9373184442520142
0.9061195850372314
0.8750807642936707
0.8442389965057373
0.8136157393455505
0.7832152247428894
0.7530176639556885
0.7229779958724976
0.6930181980133057
0.6630268096923828
0.6328496932983398
0.6022913455963135
0.571104884147644
0.5389956831932068
0.5056126117706299
0.47055473923683167
0.43336620926856995
0.3935467600822449
0.350551962852478
1.587785243988037
1.5481921434402466
1.5114964246749878
1.4772275686264038
1.4449518918991089
1.4142721891403198
1.3848363161087036
1.3563334941864014
1.328499436378479
1.3011105060577393
1.2739864587783813
1.2469823360443115
1.2199904918670654
1.19293212890625
1.1657580137252808
1.1384406089782715
1.1109745502471924
1.083369255065918
1.0556488037109375
1.0278457403182983
1.0
0.9721542596817017
0.9443512558937073
0.9166306853294373
0.8890255093574524
0.8615593314170837
0.834242045879364
0.8070678114891052
0.7800095081329346
0.7530176639556885
0.7260135412216187
0.698889434337616
0.671500563621521
0.6436665654182434
0.6151636242866516
0.5857278108596802
0.5550481081008911
0.5227723717689514
0.4885036051273346
0.45180782675743103
0.4122147560119629
1.522498607635498
1.4868067502975464
1.4537070989608765
1.4227973222732544
1.393705129623413
1.3660887479782104
1.3396434783935547
1.3140982389450073
1.289220929145813
1.264812707901001
1.2407114505767822
1.2167847156524658
1.19293212890625
1.16907799243927
1.145171880722046
1.121182918548584
1.0970988273620605
1.0729209184646606
1.0486630201339722
1.0243467092514038
1.0
0.9756532907485962
0.9513370394706726
0.9270790815353394
0.9029012322425842
0.878817081451416
0.8548281192779541
0.83092200756073
0.8070678114891052
0.7832152247428894
0.7592886090278625
0.735187292098999
0.710779070854187
0.6859017014503479
0.6603565216064453
0.6339112520217896
0.6062949299812317
0.5772027373313904
0.5462928414344788
0.5131933093070984
0.47750142216682434
1.4539904594421387
1.4226279258728027
1.393528938293457
1.3663548231124878
1.3407918214797974
1.3165507316589355
1.293372631072998
1.2710262537002563
1.249311923980713
1.2280573844909668
1.2071205377578735
1.1863843202590942
1.1657580137252808
1.145171880722046
1.1245778799057007
1.103944182395935
1.0832549333572388
1.062506079673767
1.0417041778564453
1.0208625793457031
1.0
0.9791374206542969
0.9582958221435547
0.9374939203262329
0.9167450666427612
0.8960558772087097
0.8754221200942993
0.8548281192779541
0.834242045879364
0.8136157393455505
0.7928795218467712
0.7719426155090332
0.7506880760192871
0.7289736866950989
0.706627368927002
0.6834493279457092
0.6592082381248474
0.6336451172828674
0.6064710021018982
0.5773720741271973
0.5460094809532166
1.3826833963394165
1.356009840965271
1.3312519788742065
1.308131217956543
1.2863895893096924
1.2657885551452637
1.2461141347885132
1.227174162864685
1.2088017463684082
1.1908522844314575
1.1732053756713867
1.1557610034942627
1.1384406089782715
1.121182918548584
1.103944182395935
1.0866942405700684
1.0694165229797363
1.0521036386489868
1.0347574949264526
1.017385721206665
1.0
0.982614278793335
0.9652424454689026
0.9478963613510132
0.9305835366249084
0.9133057594299316
0.8960558772087097
0.878817081451416
0.8615593314170837
0.8442389965057373
0.8267946243286133
0.8091477751731873
0.7911983132362366
0.7728258967399597
0.7538858652114868
0.7342114448547363
0.7136104702949524
0.691868782043457
0.6687480211257935
0.6439902186393738
0.6173165440559387
1.3090169429779053
1.2873284816741943
1.2671915292739868
1.2483856678009033
1.2307064533233643
1.213964819908142
1.1979904174804688
1.1826300621032715
1.1677498817443848
1.1532337665557861
1.1389840841293335
1.1249192953109741
1.1109745502471924
1.0970988273620605
1.0832549333572388
1.0694165229797363
1.0555676221847534
1.0417003631591797
1.0278136730194092
1.013911247253418
1.0
0.9860888123512268
0.972186267375946
0.9582995772361755
0.9444323182106018
0.9305835366249084
0.9167450666427612
0.9029012322425842
0.8890255093574524
0.8750807642936707
0.8610159158706665
0.8467662334442139
0.8322500586509705
0.8173699975013733
0.8020095825195312
0.7860351800918579
0.7692935466766357
0.7516142725944519
0.7328084707260132
0.7126715183258057
0.69098299741745
1.233445405960083
1.2169759273529053
1.20168137550354
1.1873974800109863
1.1739720106124878
1.1612640619277954
1.1491464376449585
1.1375044584274292
1.1262377500534058
1.115258812904358
1.1044937372207642
1.0938804149627686
1.083369255065918
1.0729209184646606
1.062506079673767
1.0521036386489868
1.0417003631591797
1.031288981437683
1.020867109298706
1.0104360580444336
1.0
0.9895639419555664
0.9791329503059387
0.9687110781669617
0.9582995772361755
0.9478963613510132
0.9374939203262329
0.9270790815353394
0.9166306853294373
0.9061195850372314
0.8955063223838806
0.8847411870956421
0.8737622499465942
0.8624956011772156
0.8508536219596863
0.8387359976768494
0.826028048992157
0.8126025199890137
0.79831862449646
0.78302401304245
0.7665546536445618
1.156434416770935
1.145358681678772
1.1350712776184082
1.1254634857177734
1.1164343357086182
1.107890248298645
1.0997467041015625
1.091927409172058
1.0843654870986938
1.0770022869110107
1.0697882175445557
1.0626815557479858
1.0556488037109375
1.0486630201339722
1.0417041778564453
1.0347574949264526
1.0278136730194092
1.020867109298706
1.0139154195785522
1.006959080696106
1.0
0.993040919303894
0.9860845804214478
0.9791329503059387
0.972186267375946
0.9652424454689026
0.9582958221435547
0.9513370394706726
0.9443512558937073
0.9373184442520142
0.9302118420600891
0.922997772693634
0.9156345129013062
0.9080725312232971
0.9002532362937927
0.892109751701355
0.8835657238960266
0.8745365142822266
0.8649287223815918
0.854641318321228
0.8435655236244202
1.0784591436386108
1.0728923082351685
1.0677213668823242
1.0628920793533325
1.0583537817001343
1.0540602207183838
1.049968957901001
1.0460418462753296
1.042245626449585
1.0385507345199585
1.0349324941635132
1.0313698053359985
1.0278457403182983
1.0243467092514038
1.0208625793457031
1.017385721206665
1.013911247253418
1.0104360580444336
1.006959080696106
1.003480076789856
1.0
0.9965198636054993
0.993040919303894
0.9895639419555664
0.9860888123512268
0.982614278793335
0.9791374206542969
0.9756532907485962
0.9721542596817017
0.9686301946640015
0.9650675058364868
0.9614492058753967
0.957754373550415
0.9539580941200256
0.950031042098999
0.9459397792816162
0.941646158695221
0.9371079802513123
0.932278573513031
0.9271076321601868
0.9215409159660339
1.0
1.0
1.0
1.0
1.0
1.0
1.0
1.0
1.0
1.0
1.0
1.0
1.0
1.0
1.0
1.0
1.0
1.0
1.0
1.0
1.0
1.0
1.0
1.0
1.0
1.0
1.0
1.0
1.0
1.0
1.0
1.0
1.0
1.0
1.0
1.0
1.0
1.0
1.0
1.0
1.0
0.9215409159660339
0.9271076321601868
0.932278573513031
0.9371079802513123
0.941646158695221
0.9459397792816162
0.950031042098999
0.9539580941200256
0.957754373550415
0.9614492058753967
0.9650675058364868
0.9686301946640015
0.9721542596817017
0.9756532907485962
0.9791374206542969
0.982614278793335
0.9860888123512268
0.9895639419555664
0.993040919303894
0.9965198636054993
1.0
1.003480076789856
1.006959080696106
1.0104360580444336
1.013911247253418
1.017385721206665
1.0208625793457031
1.0243467092514038
1.0278457403182983
1.0313698053359985
1.0349324941635132
1.0385507345199585
1.042245626449585
1.0460418462753296
1.049968957901001
1.0540602207183838
1.0583537817001343
1.0628920793533325
1.0677213668823242
1.0728923082351685
1.0784591436386108
0.8435655236244202
0.854641318321228
0.8649287223815918
0.8745365142822266
0.8835657238960266
0.892109751701355
0.9002532362937927
0.9080725312232971
0.9156345129013062
0.922997772693634
0.9302118420600891
0.9373184442520142
0.9443512558937073
0.9513370394706726
0.9582958221435547
0.9652424454689026
0.972186267375946
0.9791329503059387
0.9860845804214478
0.993040919303894
1.0
1.006959080696106
1.0139154195785522
1.020867109298706
1.0278136730194092
1.0347574949264526
1.0417041778564453
1.0486630201339722
1.0556488037109375
1.0626815557479858
1.0697882175445557
1.0770022869110107
1.0843654870986938
1.091927409172058
1.0997467041015625
1.107890248298645
1.1164343357086182
1.1254634857177734
1.1350712776184082
1.145358681678772
1.156434416770935
0.7665546536445618
0.78302401304245
0.79831862449646
0.8126025199890137
0.826028048992157
0.8387359976768494
0.8508536219596863
0.8624956011772156
0.8737622499465942
0.8847411870956421
0.8955063223838806
0.9061195850372314
0.9166306853294373
0.9270790815353394
0.9374939203262329
0.9478963613510132
0.9582995772361755
0.9687110781669617
0.9791329503059387
0.9895639419555664
1.0
1.0104360580444336
1.020867109298706
1.031288981437683
1.0417003631591797
1.0521036386489868
1.062506079673767
1.0729209184646606
1.083369255065918
1.0938804149627686
1.1044937372207642
1.115258812904358
1.1262377500534058
1.1375044584274292
1.1491464376449585
1.1612640619277954
1.1739720106124878
1.1873974800109863
1.20168137550354
1.2169759273529053
1.233445405960083
0.69098299741745
0.7126715183258057
0.7328084707260132
0.7516142725944519
0.7692935466766357
0.7860351800918579
0.8020095825195312
0.8173699975013733
0.8322500586509705
0.8467662334442139
0.8610159158706665
0.8750807642936707
0.8890255093574524
0.9029012322425842
0.9167450666427612
0.9305835366249084
0.9444323182106018
0.9582995772361755
0.972186267375946
0.9860888123512268
1.0
1.013911247253418
1.0278136730194092
1.0417003631591797
1.0555676221847534
1.0694165229797363
1.0832549333572388
1.0970988273620605
1.1109745502471924
1.1249192953109741
1.1389840841293335
1.1532337665557861
1.1677498817443848
1.1826300621032715
1.1979904174804688
1.213964819908142
1.2307064533233643
1.2483856678009033
1.2671915292739868
1.2873284816741943
1.3090169429779053
0.6173165440559387
0.6439902186393738
0.6687480211257935
0.691868782043457
0.7136104702949524
0.7342114448547363
0.7538858652114868
0.7728258967399597
0.7911983132362366
0.8091477751731873
0.8267946243286133
0.8442389965057373
0.8615593314170837
0.878817081451416
0.8960558772087097
0.9133057594299316
0.9305835366249084
0.9478963613510132
0.9652424454689026
0.982614278793335
1.0
1.017385721206665
1.0347574949264526
1.0521036386489868
1.0694165229797363
1.0866942405700684
1.103944182395935
1.121182918548584
1.1384406089782715
1.1557610034942627
1.1732053756713867
1.1908522844314575
1.2088017463684082
1.227174162864685
1.2461141347885132
1.2657885551452637
1.2863895893096924
1.308131217956543
1.3312519788742065
1.356009840965271
1.3826833963394165
0.5460094809532166
0.5773720741271973
0.6064710021018982
0.6336451172828674
0.6592082381248474
0.6834493279457092
0.706627368927002
0.7289736866950989
0.7506880760192871
0.7719426155090332
0.7928795218467712
0.8136157393455505
0.834242045879364
0.8548281192779541
0.8754221200942993
0.8960558772087097
0.9167450666427612
0.9374939203262329
0.9582958221435547
0.9791374206542969
1.0
1.0208625793457031
1.0417041778564453
1.062506079673767
1.0832549333572388
1.103944182395935
1.1245778799057007
1.145171880722046
1.1657580137252808
1.1863843202590942
1.2071205377578735
1.2280573844909668
1.249311923980713
1.2710262537002563
1.293372631072998
1.3165507316589355
1.3407918214797974
1.3663548231124878
1.393528938293457
1.4226279258728027
1.4539904594421387
0.47750142216682434
0.5131933093070984
0.5462928414344788
0.5772027373313904
0.6062949299812317
0.6339112520217896
0.6603565216064453
0.6859017014503479
0.710779070854187
0.735187292098999
0.7592886090278625
0.7832152247428894
0.8070678114891052
0.83092200756073
0.8548281192779541
0.878817081451416
0.9029012322425842
0.9270790815353394
0.9513370394706726
0.9756532907485962
1.0
1.0243467092514038
1.0486630201339722
1.0729209184646606
1.0970988273620605
1.121182918548584
1.145171880722046
1.16907799243927
1.19293212890625
1.2167847156524658
1.2407114505767822
1.264812707901001
1.289220929145813
1.3140982389450073
1.3396434783935547
1.3660887479782104
1.393705129623413
1.4227973222732544
1.4537070989608765
1.4868067502975464
1.522498607635498
0.4122147560119629
0.45180782675743103
0.4885036051273346
0.5227723717689514
0.5550481081008911
0.5857278108596802
0.6151636242866516
0.6436665654182434
0.671500563621521
0.698889434337616
0.7260135412216187
0.7530176639556885
0.7800095081329346
0.8070678114891052
0.834242045879364
0.8615593314170837
0.8890255093574524
0.9166306853294373
0.9443512558937073
0.9721542596817017
1.0
1.0278457403182983
1.0556488037109375
1.083369255065918
1.1109745502471924
1.1384406089782715
1.1657580137252808
1.19293212890625
1.2199904918670654
1.2469823360443115
1.2739864587783813
1.3011105060577393
1.328499436378479
1.3563334941864014
1.3848363161087036
1.4142721891403198
1.4449518918991089
1.4772275686264038
1.5114964246749878
1.5481921434402466
1.587785243988037
0.350551962852478
0.3935467600822449
0.43336620926856995
0.47055473923683167
0.5056126117706299
0.5389956831932068
0.571104884147644
0.6022913455963135
0.6328496932983398
0.6630268096923828
0.6930181980133057
0.7229779958724976
0.7530176639556885
0.7832152247428894
0.8136157393455505
0.8442389965057373
0.8750807642936707
0.9061195850372314
0.9373184442520142
0.9686301946640015
1.0
1.0313698053359985
1.0626815557479858
1.0938804149627686
1.1249192953109741
1.1557610034942627
1.1863843202590942
1.2167847156524658
1.2469823360443115
1.2770220041275024
1.3069818019866943
1.3369731903076172
1.3671503067016602
1.3977086544036865
1.428895115852356
1.461004376411438
1.4943873882293701
1.5294452905654907
1.5666338205337524
1.6064531803131104
1.649448037147522
0.2928932309150696
0.338710218667984
0.3811064064502716
0.4207077920436859
0.4580874443054199
0.49376386404037476
0.5281887054443359
0.5617528557777405
0.5947798490524292
0.6275363564491272
0.6602293848991394
0.6930181980133057
0.7260135412216187
0.7592886090278625
0.7928795218467712
0.8267946243286133
0.8610159158706665
0.8955063223838806
0.9302118420600891
0.9650675058364868
1.0
1.0349324941635132
1.0697882175445557
1.1044937372207642
1.1389840841293335
1.1732053756713867
1.2071205377578735
1.2407114505767822
1.2739864587783813
1.3069818019866943
1.3397706747055054
1.3724637031555176
1.4052201509475708
1.4382470846176147
1.471811294555664
1.5062360763549805
1.54191255569458
1.5792921781539917
1.6188936233520508
1.6612898111343384
1.7071068286895752
0.23959402740001678
0.2875669598579407
0.3319108188152313
0.3733448386192322
0.41252297163009644
0.4500313699245453
0.4863737225532532
0.5219799876213074
0.5571991205215454
0.5923134684562683
0.6275363564491272
0.6630268096923828
0.698889434337616
0.735187292098999
0.7719426155090332
0.8091477751731873
0.8467662334442139
0.8847411870956421
0.922997772693634
0.9614492058753967
1.0
1.0385507345199585
1.0770022869110107
1.115258812904358
1.1532337665557861
1.1908522844314575
1.2280573844909668
1.264812707901001
1.3011105060577393
1.3369731903076172
1.3724637031555176
1.4076865911483765
1.4428008794784546
1.4780200719833374
1.513626217842102
1.5499686002731323
1.5874769687652588
1.626655101776123
1.6680891513824463
1.7124329805374146
1.7604060173034668
0.19098301231861115
0.24034301936626434
0.2859114408493042
0.32851552963256836
0.368900865316391
0.40772679448127747
0.4455499053001404
0.4828363358974457
0.5199554562568665
0.5571991205215454
0.5947798490524292
0.6328496932983398
0.671500563621521
0.710779070854187
0.7506880760192871
0.7911983132362366
0.8322500586509705
0.8737622499465942
0.9156345129013062
0.957754373550415
1.0
1.042245626449585
1.0843654870986938
1.1262377500534058
1.1677498817443848
1.2088017463684082
1.249311923980713
1.289220929145813
1.328499436378479
1.3671503067016602
1.4052201509475708
1.4428008794784546
1.4800444841384888
1.517163634300232
1.5544501543045044
1.592273235321045
1.6310991048812866
1.6714844703674316
1.7140885591506958
1.7596570253372192
1.8090169429779053
0.14735983312129974
0.1972205936908722
0.24318179488182068
0.286201149225235
0.3271292746067047
0.36670470237731934
0.40553557872772217
0.4441188871860504
0.4828363358974457
0.5219799876213074
0.5617528557777405
0.6022913455963135
0.6436665654182434
0.6859017014503479
0.7289736866950989
0.7728258967399597
0.8173699975013733
0.8624956011772156
0.9080725312232971
0.9539580941200256
1.0
1.0460418462753296
1.091927409172058
1.1375044584274292
1.1826300621032715
1.227174162864685
1.2710262537002563
1.3140982389450073
1.3563334941864014
1.3977086544036865
1.4382470846176147
1.4780200719833374
1.517163634300232
1.555881142616272
1.5944644212722778
1.6332952976226807
1.6728707551956177
1.7137988805770874
1.756818175315857
1.8027794361114502
1.852640151977539
0.10899347811937332
0.15831899642944336
0.20370899140834808
0.24628162384033203
0.28700971603393555
0.32671481370925903
0.3660510182380676
0.40553557872772217
0.4455499053001404
0.4863737225532532
0.5281887054443359
0.571104884147644
0.6151636242866516
0.6603565216064453
0.706627368927002
0.7538858652114868
0.8020095825195312
0.8508536219596863
0.9002532362937927
0.950031042098999
1.0
1.049968957901001
1.0997467041015625
1.1491464376449585
1.1979904174804688
1.2461141347885132
1.293372631072998
1.3396434783935547
1.3848363161087036
1.428895115852356
1.471811294555664
1.513626217842102
1.5544501543045044
1.5944644212722778
1.6339490413665771
1.6732851266860962
1.7129902839660645
1.753718376159668
1.7962909936904907
1.8416810035705566
1.8910064697265625
0.07612046599388123
0.12368965893983841
0.16738227009773254
0.20852358639240265
0.2482265681028366
0.2873952090740204
0.32671481370925903
0.36670470237731934
0.40772679448127747
0.4500313699245453
0.49376386404037476
0.5389956831932068
0.5857278108596802
0.6339112520217896
0.6834493279457092
0.7342114448547363
0.7860351800918579
0.8387359976768494
0.892109751701355
0.9459397792816162
1.0
1.0540602207183838
1.107890248298645
1.1612640619277954
1.213964819908142
1.2657885551452637
1.3165507316589355
1.3660887479782104
1.4142721891403198
1.461004376411438
1.5062360763549805
1.5499686002731323
1.592273235321045
1.6332952976226807
1.6732851266860962
1.7126047611236572
1.751773476600647
1.7914763689041138
1.8326177597045898
1.8763103485107422
1.9238795042037964
0.04894348233938217
0.0932704359292984
0.1339307427406311
0.17251348495483398
0.2102901190519333
0.2482265681028366
0.28700971603393555
0.3271292746067047
0.368900865316391
0.41252297163009644
0.4580874443054199
0.5056126117706299
0.5550481081008911
0.6062949299812317
0.6592082381248474
0.7136104702949524
0.7692935466766357
0.826028048992157
0.8835657238960266
0.941646158695221
1.0
1.0583537817001343
1.1164343357086182
1.1739720106124878
1.2307064533233643
1.2863895893096924
1.3407918214797974
1.393705129623413
1.4449518918991089
1.4943873882293701
1.54191255569458
1.5874769687652588
1.6310991048812866
1.6728707551956177
1.7129902839660645
1.751773476600647
1.7897099256515503
1.827486515045166
1.8660693168640137
1.9067295789718628
1.9510564804077148
0.02763007953763008
0.06686609983444214
0.10287833213806152
0.13762618601322174
0.17251348495483398
0.20852358639240265
0.24628162384033203
0.286201149225235
0.32851552963256836
0.3733448386192322
0.4207077920436859
0.47055473923683167
0.5227723717689514
0.5772027373313904
0.6336451172828674
0.691868782043457
0.7516142725944519
0.8126025199890137
0.8745365142822266
0.9371079802513123
1.0
1.0628920793533325
1.1254634857177734
1.1873974800109863
1.2483856678009033
1.308131217956543
1.3663548231124878
1.4227973222732544
1.4772275686264038
1.5294452905654907
1.5792921781539917
1.626655101776123
1.6714844703674316
1.7137988805770874
1.753718376159668
1.7914763689041138
1.827486515045166
1.8623738288879395
1.8971216678619385
1.9331339597702026
1.972369909286499
0.012311659753322601
0.043955281376838684
0.07338345050811768
0.10287833213806152
0.1339307427406311
0.16738227009773254
0.20370899140834808
0.24318179488182068
0.2859114408493042
0.3319108188152313
0.3811064064502716
0.43336620926856995
0.4885036051273346
0.5462928414344788
0.6064710021018982
0.6687480211257935
0.7328084707260132
0.79831862449646
0.8649287223815918
0.932278573513031
1.0
1.0677213668823242
1.1350712776184082
1.20168137550354
1.2671915292739868
1.3312519788742065
1.393528938293457
1.4537070989608765
1.5114964246749878
1.5666338205337524
1.6188936233520508
1.6680891513824463
1.7140885591506958
1.756818175315857
1.7962909936904907
1.8326177597045898
1.8660693168640137
1.8971216678619385
1.9266165494918823
1.9560446739196777
1.9876883029937744
0.003082666313275695
0.023641997948288918
0.043955281376838684
0.06686609983444214
0.0932704359292984
0.12368965893983841
0.15831899642944336
0.1972205936908722
0.24034301936626434
0.2875669598579407
0.338710218667984
0.3935467600822449
0.45180782675743103
0.5131933093070984
0.5773720741271973
0.6439902186393738
0.7126715183258057
0.78302401304245
0.854641318321228
0.9271076321601868
1.0
1.0728923082351685
1.145358681678772
1.2169759273529053
1.2873284816741943
1.356009840965271
1.4226279258728027
1.4868067502975464
1.5481921434402466
1.6064531803131104
1.6612898111343384
1.7124329805374146
1.7596570253372192
1.8027794361114502
1.8416810035705566
1.8763103485107422
1.9067295789718628
1.9331339597702026
1.9560446739196777
1.9763580560684204
1.9969173669815063
0.0
0.003082666313275695
0.012311659753322601
0.02763007953763008
0.04894348233938217
0.07612046599388123
0.10899347811937332
0.14735983312129974
0.19098301231861115
0.23959402740001678
0.2928932309150696
0.350551962852478
0.4122147560119629
0.47750142216682434
0.5460094809532166
0.6173165440559387
0.69098299741745
0.7665546536445618
0.8435655236244202
0.9215409159660339
1.0
1.0784591436386108
1.156434416770935
1.233445405960083
1.3090169429779053
1.3826833963394165
1.4539904594421387
1.522498607635498
1.587785243988037
1.649448037147522
1.7071068286895752
1.7604060173034668
1.8090169429779053
1.852640151977539
1.8910064697265625
1.9238795042037964
1.9510564804077148
1.972369909286499
1.9876883029937744
1.9969173669815063
2.0
