2.0
1.9969173669815063
1.9876883029937744
1.972369909286499
1.9510564804077148
1.9238795042037964
1.8910064697265625
1.852640151977539
1.8090169429779053
1.7604060173034668
1.7071068286895752
1.649448037147522
1.587785243988037
1.522498607635498
1.4539904594421387
1.3826833963394165
1.3090169429779053
1.233445405960083
1.156434416770935
1.0784591436386108
1.0
0.9215409159660339
0.8435655236244202
0.7665546536445618
0.69098299741745
0.6173165440559387
0.5460094809532166
0.47750142216682434
0.4122147560119629
0.350551962852478
0.2928932309150696
0.23959402740001678
0.19098301231861115
0.14735983312129974
0.10899347811937332
0.07612046599388123
0.04894348233938217
0.02763007953763008
0.012311659753322601
0.003082666313275695
0.0
1.9969173669815063
1.9762531518936157
1.9558732509613037
1.9329166412353516
1.906481385231018
1.876042127609253
1.8414016962051392
1.8024961948394775
1.7593759298324585
1.7121593952178955
1.6610281467437744
1.6062073707580566
1.5479656457901
1.4866023063659668
1.4224482774734497
1.3558568954467773
1.2872041463851929
1.216881513595581
1.1452951431274414
1.0728604793548584
1.0
0.9271395802497864
0.8547048568725586
0.783118486404419
0.7127958536148071
0.6441431045532227
0.5775517821311951
0.5133976936340332
0.4520343840122223
0.39379259943962097
0.33897191286087036
0.2878406047821045
0.2406240701675415
0.19750382006168365
0.15859831869602203
0.12395783513784409
0.09351867437362671
0.06708341091871262
0.044126782566308975
0.023746855556964874
0.003082666313275695
1.9876883029937744
1.9558732509613037
1.9263231754302979
1.8967422246932983
1.86562979221344
1.8321386575698853
1.7957887649536133
1.756306529045105
1.7135790586471558
1.6675916910171509
1.6184167861938477
1.5661851167678833
1.5110822916030884
1.4533332586288452
1.3931999206542969
1.3309718370437622
1.2669634819030762
1.2015081644058228
1.1349546909332275
1.0676628351211548
1.0
0.9323371648788452
0.8650453090667725
0.7984918355941772
0.733036458492279
0.6690282225608826
0.6068000793457031
0.5466668009757996
0.4889177083969116
0.4338148832321167
0.38158321380615234
0.33240827918052673
0.2864209711551666
0.24369345605373383
0.20421120524406433
0.16786132752895355
0.13437016308307648
0.10325778275728226
0.07367676496505737
0.044126782566308975
0.012311659753322601
1.972369909286499
1.9329166412353516
1.8967422246932983
1.861875295639038
1.8269031047821045
1.7908354997634888
1.7530426979064941
1.7131074666976929
1.6707937717437744
1.6259790658950806
1.5786429643630981
1.528833270072937
1.476662039756775
1.4222859144210815
1.3659045696258545
1.3077476024627686
1.2480733394622803
1.1871600151062012
1.1253036260604858
1.0628116130828857
1.0
0.9371883273124695
0.8746963143348694
0.8128399848937988
0.7519267201423645
0.6922524571418762
0.6340954303741455
0.5777140259742737
0.5233380198478699
0.471166729927063
0.42135709524154663
0.37402090430259705
0.3292062282562256
0.28689247369766235
0.24695727229118347
0.20916450023651123
0.1730969250202179
0.13812468945980072
0.10325778275728226
0.06708341091871262
0.02763007953763008
1.9510564804077148
1.906481385231018
1.86562979221344
1.8269031047821045
1.7890214920043945
1.7510125637054443
1.7121843099594116
1.672042965888977
1.6302696466445923
1.5866632461547852
1.541129469871521
1.4936481714248657
1.4442678689956665
1.3930860757827759
1.3402462005615234
1.2859244346618652
1.2303276062011719
1.1736838817596436
1.116240382194519
1.0582562685012817
1.0
0.9417437314987183
0.8837596774101257
0.8263161778450012
0.7696724534034729
0.7140756249427795
0.6597537994384766
0.6069139242172241
0.5557321310043335
0.506351888179779
0.458870530128479
0.4133368134498596
0.3697303533554077
0.32795706391334534
0.28781571984291077
0.24898748099803925
0.21097853779792786
0.1730969250202179
0.13437016308307648
0.09351867437362671
0.04894348233938217
1.9238795042037964
1.876042127609253
1.8321386575698853
1.7908354997634888
1.7510125637054443
1.7117595672607422
1.6723862886428833
1.6323691606521606
1.5913426876068115
1.5490537881851196
1.5053542852401733
1.4601707458496094
1.4134999513626099
1.365389347076416
1.3159337043762207
1.265262246131897
1.2135359048843384
1.1609376668930054
1.107670545578003
1.0539497137069702
1.0
0.9460502862930298
0.8923294544219971
0.8390622735023499
0.7864640951156616
0.734737753868103
0.6840662956237793
0.634610652923584
0.5864999890327454
0.5398292541503906
0.4946456849575043
0.45094621181488037
0.4086572527885437
0.36763086915016174
0.3276137113571167
0.2882404327392578
0.24898748099803925
0.20916450023651123
0.16786132752895355
0.12395783513784409
0.07612046599388123
1.8910064697265625
1.8414016962051392
1.7957887649536133
1.7530426979064941
1.7121843099594116
1.6723862886428833
1.6329898834228516
1.5934734344482422
1.5534522533416748
1.5126434564590454
1.4708625078201294
1.4279969930648804
1.3840035200119019
1.3388885259628296
1.2927062511444092
1.2455452680587769
1.1975265741348267
1.1487934589385986
1.0995090007781982
1.0498493909835815
1.0
0.9501506090164185
0.900490939617157
0.8512065410614014
0.8024733662605286
0.7544547319412231
0.7072938084602356
0.6611115336418152
0.6159964799880981
0.5720030069351196
0.5291375517845154
0.48735660314559937
0.4465477168560028
0.40652650594711304
0.3670101463794708
0.3276137113571167
0.28781571984291077
0.24695727229118347
0.20421120524406433
0.15859831869602203
0.10899347811937332
1.852640151977539
1.8024961948394775
1.756306529045105
1.7131074666976929
1.672042965888977
1.6323691606521606
1.5934734344482422
1.5548549890518188
1.516128420829773
1.4769985675811768
1.4372596740722656
1.3967729806900024
1.3554649353027344
1.3133102655410767
1.2703303098678589
1.2265797853469849
1.182145118713379
1.13713538646698
1.0916788578033447
1.0459167957305908
1.0
0.9540831446647644
0.9083211421966553
0.86286461353302
0.8178548216819763
0.7734202742576599
0.7296696901321411
0.6866897344589233
0.6445350646972656
0.6032270193099976
0.5627403259277344
0.5230014324188232
0.48387157917022705
0.44514501094818115
0.40652650594711304
0.36763086915016174
0.32795706391334534
0.28689247369766235
0.24369345605373383
0.19750382006168365
0.14735983312129974
1.8090169429779053
1.7593759298324585
1.7135790586471558
1.6707937717437744
1.6302696466445923
1.5913426876068115
1.5534522533416748
1.516128420829773
1.4789983034133911
1.4417672157287598
1.404219627380371
1.3662011623382568
1.3276177644729614
1.2884204387664795
1.248604416847229
1.2081972360610962
1.1672567129135132
1.1258622407913208
1.084112524986267
1.0421183109283447
1.0
0.9578816890716553
0.9158875346183777
0.8741377592086792
0.8327432870864868
0.7918027639389038
0.7513955235481262
0.7115795612335205
0.6723822355270386
0.6337987780570984
0.5957803130149841
0.558232843875885
0.5210016965866089
0.48387157917022705
0.4465477168560028
0.4086572527885437
0.3697303533554077
0.3292062282562256
0.2864209711551666
0.2406240701675415
0.19098301231861115
1.7604060173034668
1.7121593952178955
1.6675916910171509
1.6259790658950806
1.5866632461547852
1.5490537881851196
1.5126434564590454
1.4769985675811768
1.4417672157287598
1.4066638946533203
1.3714728355407715
1.3360323905944824
1.3002359867095947
1.264018177986145
1.2273547649383545
1.1902517080307007
1.1527435779571533
1.1148854494094849
1.076750636100769
1.0384242534637451
1.0
0.9615758061408997
0.923249363899231
0.8851145505905151
0.8472564220428467
0.8097482919692993
0.7726452350616455
0.735981822013855
0.69976407289505
0.6639675498008728
0.6285271644592285
0.5933361053466797
0.558232843875885
0.5230014324188232
0.48735660314559937
0.45094621181488037
0.4133368134498596
0.37402090430259705
0.33240827918052673
0.2878406047821045
0.23959402740001678
1.7071068286895752
1.6610281467437744
1.6184167861938477
1.5786429643630981
1.541129469871521
1.5053542852401733
1.4708625078201294
1.4372596740722656
1.404219627380371
1.3714728355407715
1.3388097286224365
1.306068778038025
1.273137092590332
1.2399393320083618
1.2064374685287476
1.1726213693618774
1.1385072469711304
1.1041303873062134
1.0695433616638184
1.0348093509674072
1.0
0.9651907086372375
0.9304566979408264
0.8958695530891418
0.8614928126335144
0.8273786902427673
0.7935625314712524
0.7600606679916382
0.726862907409668
0.6939312219619751
0.6611902117729187
0.6285271644592285
0.5957803130149841
0.5627403259277344
0.5291375517845154
0.4946456849575043
0.458870530128479
0.42135709524154663
0.38158321380615234
0.33897191286087036
0.2928932309150696
1.649448037147522
1.6062073707580566
1.5661851167678833
1.528833270072937
1.4936481714248657
1.4601707458496094
1.4279969930648804
1.3967729806900024
1.3662011623382568
1.3360323905944824
1.306068778038025
1.2761539220809937
1.2461743354797363
1.2160497903823853
1.1857339143753052
1.1552046537399292
1.1244648694992065
1.093534231185913
1.0624481439590454
1.031252384185791
1.0
0.968747615814209
0.9375518560409546
0.9064658284187317
0.8755351305007935
0.844795286655426
0.8142661452293396
0.78395015001297
0.7538257241249084
0.7238461375236511
0.6939312219619751
0.6639675498008728
0.6337987780570984
0.6032270193099976
0.5720030069351196
0.5398292541503906
0.506351888179779
0.471166729927063
0.4338148832321167
0.39379259943962097
0.350551962852478
1.587785243988037
1.5479656457901
1.5110822916030884
1.476662039756775
1.4442678689956665
1.4134999513626099
1.3840035200119019
1.3554649353027344
1.3276177644729614
1.3002359867095947
1.273137092590332
1.2461743354797363
1.2192379236221313
1.1922473907470703
1.1651517152786255
1.137921929359436
1.1105507612228394
1.0830464363098145
1.0554311275482178
1.0277361869812012
1.0
0.9722638130187988
0.944568932056427
0.9169536232948303
0.8894492387771606
0.862078070640564
0.8348482847213745
0.8077525496482849
0.7807620763778687
0.7538257241249084
0.726862907409668
0.69976407289505
0.6723822355270386
0.6445350646972656
0.6159964799880981
0.5864999890327454
0.5557321310043335
0.5233380198478699
0.4889177083969116
0.4520343840122223
0.4122147560119629
1.522498607635498
1.4866023063659668
1.4533332586288452
1.4222859144210815
1.3930860757827759
1.365389347076416
1.3388885259628296
1.3133102655410767
1.2884204387664795
1.264018177986145
1.2399393320083618
1.2160497903823853
1.1922473907470703
1.1684547662734985
1.1446199417114258
1.1207106113433838
1.0967128276824951
1.0726267099380493
1.0484646558761597
1.0242469310760498
1.0
0.975753128528595
0.9515353441238403
0.9273732304573059
0.9032871723175049
0.879289448261261
0.8553799986839294
0.8315452337265015
0.8077525496482849
0.78395015001297
0.7600606679916382
0.735981822013855
0.7115795612335205
0.6866897344589233
0.6611115336418152
0.634610652923584
0.6069139242172241
0.5777140259742737
0.5466668009757996
0.5133976936340332
0.47750142216682434
1.4539904594421387
1.4224482774734497
1.3931999206542969
1.3659045696258545
1.3402462005615234
1.3159337043762207
1.2927062511444092
1.2703303098678589
1.248604416847229
1.2273547649383545
1.2064374685287476
1.1857339143753052
1.1651517152786255
1.1446199417114258
1.124089002609253
1.1035256385803223
1.0829129219055176
1.0622453689575195
1.041528344154358
1.0207741260528564
1.0
0.9792259335517883
0.9584716558456421
0.9377546310424805
0.9170871376991272
0.8964743614196777
0.8759109973907471
0.8553799986839294
0.8348482847213745
0.8142661452293396
0.7935625314712524
0.7726452350616455
0.7513955235481262
0.7296696901321411
0.7072938084602356
0.6840662956237793
0.6597537994384766
0.6340954303741455
0.6068000793457031
0.5775517821311951
0.5460094809532166
1.3826833963394165
1.3558568954467773
1.3309718370437622
1.3077476024627686
1.2859244346618652
1.265262246131897
1.2455452680587769
1.2265797853469849
1.2081972360610962
1.1902517080307007
1.1726213693618774
1.1552046537399292
1.137921929359436
1.1207106113433838
1.1035256385803223
1.0863358974456787
1.06912362575531
1.0518803596496582
1.03460693359375
1.0173099040985107
1.0
0.9826900959014893
0.9653930068016052
0.9481196403503418
0.9308764338493347
0.9136640429496765
0.8964743614196777
0.879289448261261
0.862078070640564
0.844795286655426
0.8273786902427673
0.8097482919692993
0.7918027639389038
0.7734202742576599
0.7544547319412231
0.734737753868103
0.7140756249427795
0.6922524571418762
0.6690282225608826
0.6441431045532227
0.6173165440559387
1.3090169429779053
1.2872041463851929
1.2669634819030762
1.2480733394622803
1.2303276062011719
1.2135359048843384
1.1975265741348267
1.182145118713379
1.1672567129135132
1.1527435779571533
1.1385072469711304
1.1244648694992065
1.1105507612228394
1.0967128276824951
1.0829129219055176
1.06912362575531
1.0553282499313354
1.0415178537368774
1.0276906490325928
1.0138492584228516
1.0
0.9861507415771484
0.9723093509674072
0.9584820866584778
0.9446717500686646
0.9308764338493347
0.9170871376991272
0.9032871723175049
0.8894492387771606
0.8755351305007935
0.8614928126335144
0.8472564220428467
0.8327432870864868
0.8178548216819763
0.8024733662605286
0.7864640951156616
0.7696724534034729
0.7519267201423645
0.733036458492279
0.7127958536148071
0.69098299741745
1.233445405960083
1.216881513595581
1.2015081644058228
1.1871600151062012
1.1736838817596436
1.1609376668930054
1.1487934589385986
1.13713538646698
1.1258622407913208
1.1148854494094849
1.1041303873062134
1.093534231185913
1.0830464363098145
1.0726267099380493
1.0622453689575195
1.0518803596496582
1.0415178537368774
1.0311497449874878
1.02077317237854
1.0103888511657715
1.0
0.9896111488342285
0.97922682762146
0.9688502550125122
0.9584820866584778
0.9481196403503418
0.9377546310424805
0.9273732304573059
0.9169536232948303
0.9064658284187317
0.8958695530891418
0.8851145505905151
0.8741377592086792
0.86286461353302
0.8512065410614014
0.8390622735023499
0.8263161778450012
0.8128399848937988
0.7984918355941772
0.783118486404419
0.7665546536445618
1.156434416770935
1.1452951431274414
1.1349546909332275
1.1253036260604858
1.116240382194519
1.107670545578003
1.0995090007781982
1.0916788578033447
1.084112524986267
1.076750636100769
1.0695433616638184
1.0624481439590454
1.0554311275482178
1.0484646558761597
1.041528344154358
1.03460693359375
1.0276906490325928
1.02077317237854
1.0138521194458008
1.006927251815796
1.0
0.9930727481842041
0.9861478805541992
0.97922682762146
0.9723093509674072
0.9653930068016052
0.9584716558456421
0.9515353441238403
0.944568932056427
0.9375518560409546
0.9304566979408264
0.923249363899231
0.9158875346183777
0.9083211421966553
0.900490939617157
0.8923294544219971
0.8837596774101257
0.8746963143348694
0.8650453090667725
0.8547048568725586
0.8435655236244202
1.0784591436386108
1.0728604793548584
1.0676628351211548
1.0628116130828857
1.0582562685012817
1.0539497137069702
1.0498493909835815
1.0459167957305908
1.0421183109283447
1.0384242534637451
1.0348093509674072
1.031252384185791
1.0277361869812012
1.0242469310760498
1.0207741260528564
1.0173099040985107
1.0138492584228516
1.0103888511657715
1.006927251815796
1.0034641027450562
1.0
0.9965358972549438
0.9930727481842041
0.9896111488342285
0.9861507415771484
0.9826900959014893
0.9792259335517883
0.975753128528595
0.9722638130187988
0.968747615814209
0.9651907086372375
0.9615758061408997
0.9578816890716553
0.9540831446647644
0.9501506090164185
0.9460502862930298
0.9417437314987183
0.9371883273124695
0.9323371648788452
0.9271395802497864
0.9215409159660339
1.0
1.0
1.0
1.0
1.0
1.0
1.0
1.0
1.0
1.0
1.0
1.0
1.0
1.0
1.0
1.0
1.0
1.0
1.0
1.0
1.0
1.0
1.0
1.0
1.0
1.0
1.0
1.0
1.0
1.0
1.0
1.0
1.0
1.0
1.0
1.0
1.0
1.0
1.0
1.0
1.0
0.9215409159660339
0.9271395802497864
0.9323371648788452
0.9371883273124695
0.9417437314987183
0.9460502862930298
0.9501506090164185
0.9540831446647644
0.9578816890716553
0.9615758061408997
0.9651907086372375
0.968747615814209
0.9722638130187988
0.975753128528595
0.9792259335517883
0.9826900959014893
0.9861507415771484
0.9896111488342285
0.9930727481842041
0.9965358972549438
1.0
1.0034641027450562
1.006927251815796
1.0103888511657715
1.0138492584228516
1.0173099040985107
1.0207741260528564
1.0242469310760498
1.0277361869812012
1.031252384185791
1.0348093509674072
1.0384242534637451
1.0421183109283447
1.0459167957305908
1.0498493909835815
1.0539497137069702
1.0582562685012817
1.0628116130828857
1.0676628351211548
1.0728604793548584
1.0784591436386108
0.8435655236244202
0.8547048568725586
0.8650453090667725
0.8746963143348694
0.8837596774101257
0.8923294544219971
0.900490939617157
0.9083211421966553
0.9158875346183777
0.923249363899231
0.9304566979408264
0.9375518560409546
0.944568932056427
0.9515353441238403
0.9584716558456421
0.9653930068016052
0.9723093509674072
0.97922682762146
0.9861478805541992
0.9930727481842041
1.0
1.006927251815796
1.0138521194458008
1.02077317237854
1.0276906490325928
1.03460693359375
1.041528344154358
1.0484646558761597
1.0554311275482178
1.0624481439590454
1.0695433616638184
1.076750636100769
1.084112524986267
1.0916788578033447
1.0995090007781982
1.107670545578003
1.116240382194519
1.1253036260604858
1.1349546909332275
1.1452951431274414
1.156434416770935
0.7665546536445618
0.783118486404419
0.7984918355941772
0.8128399848937988
0.8263161778450012
0.8390622735023499
0.8512065410614014
0.86286461353302
0.8741377592086792
0.8851145505905151
0.8958695530891418
0.9064658284187317
0.9169536232948303
0.9273732304573059
0.9377546310424805
0.9481196403503418
0.9584820866584778
0.9688502550125122
0.97922682762146
0.9896111488342285
1.0
1.0103888511657715
1.02077317237854
1.0311497449874878
1.0415178537368774
1.0518803596496582
1.0622453689575195
1.0726267099380493
1.0830464363098145
1.093534231185913
1.1041303873062134
1.1148854494094849
1.1258622407913208
1.13713538646698
1.1487934589385986
1.1609376668930054
1.1736838817596436
1.1871600151062012
1.2015081644058228
1.216881513595581
1.233445405960083
0.69098299741745
0.7127958536148071
0.733036458492279
0.7519267201423645
0.7696724534034729
0.7864640951156616
0.8024733662605286
0.8178548216819763
0.8327432870864868
0.8472564220428467
0.8614928126335144
0.8755351305007935
0.8894492387771606
0.9032871723175049
0.9170871376991272
0.9308764338493347
0.9446717500686646
0.9584820866584778
0.9723093509674072
0.9861507415771484
1.0
1.0138492584228516
1.0276906490325928
1.0415178537368774
1.0553282499313354
1.06912362575531
1.0829129219055176
1.0967128276824951
1.1105507612228394
1.1244648694992065
1.1385072469711304
1.1527435779571533
1.1672567129135132
1.182145118713379
1.1975265741348267
1.2135359048843384
1.2303276062011719
1.2480733394622803
1.2669634819030762
1.2872041463851929
1.3090169429779053
0.6173165440559387
0.6441431045532227
0.6690282225608826
0.6922524571418762
0.7140756249427795
0.734737753868103
0.7544547319412231
0.7734202742576599
0.7918027639389038
0.8097482919692993
0.8273786902427673
0.844795286655426
0.862078070640564
0.879289448261261
0.8964743614196777
0.9136640429496765
0.9308764338493347
0.9481196403503418
0.9653930068016052
0.9826900959014893
1.0
1.0173099040985107
1.03460693359375
1.0518803596496582
1.06912362575531
1.0863358974456787
1.1035256385803223
1.1207106113433838
1.137921929359436
1.1552046537399292
1.1726213693618774
1.1902517080307007
1.2081972360610962
1.2265797853469849
1.2455452680587769
1.265262246131897
1.2859244346618652
1.3077476024627686
1.3309718370437622
1.3558568954467773
1.3826833963394165
0.5460094809532166
0.5775517821311951
0.6068000793457031
0.6340954303741455
0.6597537994384766
0.6840662956237793
0.7072938084602356
0.7296696901321411
0.7513955235481262
0.7726452350616455
0.7935625314712524
0.8142661452293396
0.8348482847213745
0.8553799986839294
0.8759109973907471
0.8964743614196777
0.9170871376991272
0.9377546310424805
0.9584716558456421
0.9792259335517883
1.0
1.0207741260528564
1.041528344154358
1.0622453689575195
1.0829129219055176
1.1035256385803223
1.124089002609253
1.1446199417114258
1.1651517152786255
1.1857339143753052
1.2064374685287476
1.2273547649383545
1.248604416847229
1.2703303098678589
1.2927062511444092
1.3159337043762207
1.3402462005615234
1.3659045696258545
1.3931999206542969
1.4224482774734497
1.4539904594421387
0.47750142216682434
0.5133976936340332
0.5466668009757996
0.5777140259742737
0.6069139242172241
0.634610652923584
0.6611115336418152
0.6866897344589233
0.7115795612335205
0.735981822013855
0.7600606679916382
0.78395015001297
0.8077525496482849
0.8315452337265015
0.8553799986839294
0.879289448261261
0.9032871723175049
0.9273732304573059
0.9515353441238403
0.975753128528595
1.0
1.0242469310760498
1.0484646558761597
1.0726267099380493
1.0967128276824951
1.1207106113433838
1.1446199417114258
1.1684547662734985
1.1922473907470703
1.2160497903823853
1.2399393320083618
1.264018177986145
1.2884204387664795
1.3133102655410767
1.3388885259628296
1.365389347076416
1.3930860757827759
1.4222859144210815
1.4533332586288452
1.4866023063659668
1.522498607635498
0.4122147560119629
0.4520343840122223
0.4889177083969116
0.5233380198478699
0.5557321310043335
0.5864999890327454
0.6159964799880981
0.6445350646972656
0.6723822355270386
0.69976407289505
0.726862907409668
0.7538257241249084
0.7807620763778687
0.8077525496482849
0.8348482847213745
0.862078070640564
0.8894492387771606
0.9169536232948303
0.944568932056427
0.9722638130187988
1.0
1.0277361869812012
1.0554311275482178
1.0830464363098145
1.1105507612228394
1.137921929359436
1.1651517152786255
1.1922473907470703
1.2192379236221313
1.2461743354797363
1.273137092590332
1.3002359867095947
1.3276177644729614
1.3554649353027344
1.3840035200119019
1.4134999513626099
1.4442678689956665
1.476662039756775
1.5110822916030884
1.5479656457901
1.587785243988037
0.350551962852478
0.39379259943962097
0.4338148832321167
0.471166729927063
0.506351888179779
0.5398292541503906
0.5720030069351196
0.6032270193099976
0.6337987780570984
0.6639675498008728
0.6939312219619751
0.7238461375236511
0.7538257241249084
0.78395015001297
0.8142661452293396
0.844795286655426
0.8755351305007935
0.9064658284187317
0.9375518560409546
0.968747615814209
1.0
1.031252384185791
1.0624481439590454
1.093534231185913
1.1244648694992065
1.1552046537399292
1.1857339143753052
1.2160497903823853
1.2461743354797363
1.2761539220809937
1.306068778038025
1.3360323905944824
1.3662011623382568
1.3967729806900024
1.4279969930648804
1.4601707458496094
1.4936481714248657
1.528833270072937
1.5661851167678833
1.6062073707580566
1.649448037147522
0.2928932309150696
0.33897191286087036
0.38158321380615234
0.42135709524154663
0.458870530128479
0.4946456849575043
0.5291375517845154
0.5627403259277344
0.5957803130149841
0.6285271644592285
0.6611902117729187
0.6939312219619751
0.726862907409668
0.7600606679916382
0.7935625314712524
0.8273786902427673
0.8614928126335144
0.8958695530891418
0.9304566979408264
0.9651907086372375
1.0
1.0348093509674072
1.0695433616638184
1.1041303873062134
1.1385072469711304
1.1726213693618774
1.2064374685287476
1.2399393320083618
1.273137092590332
1.306068778038025
1.3388097286224365
1.3714728355407715
1.404219627380371
1.4372596740722656
1.4708625078201294
1.5053542852401733
1.541129469871521
1.5786429643630981
1.6184167861938477
1.6610281467437744
1.7071068286895752
0.23959402740001678
0.2878406047821045
0.33240827918052673
0.37402090430259705
0.4133368134498596
0.45094621181488037
0.48735660314559937
0.5230014324188232
0.558232843875885
0.5933361053466797
0.6285271644592285
0.6639675498008728
0.69976407289505
0.735981822013855
0.7726452350616455
0.8097482919692993
0.8472564220428467
0.8851145505905151
0.923249363899231
0.9615758061408997
1.0
1.0384242534637451
1.076750636100769
1.1148854494094849
1.1527435779571533
1.1902517080307007
1.2273547649383545
1.264018177986145
1.3002359867095947
1.3360323905944824
1.3714728355407715
1.4066638946533203
1.4417672157287598
1.4769985675811768
1.5126434564590454
1.5490537881851196
1.5866632461547852
1.6259790658950806
1.6675916910171509
1.7121593952178955
1.7604060173034668
0.19098301231861115
0.2406240701675415
0.2864209711551666
0.3292062282562256
0.3697303533554077
0.4086572527885437
0.4465477168560028
0.48387157917022705
0.5210016965866089
0.558232843875885
0.5957803130149841
0.6337987780570984
0.6723822355270386
0.7115795612335205
0.7513955235481262
0.7918027639389038
0.8327432870864868
0.8741377592086792
0.9158875346183777
0.9578816890716553
1.0
1.0421183109283447
1.084112524986267
1.1258622407913208
1.1672567129135132
1.2081972360610962
1.248604416847229
1.2884204387664795
1.3276177644729614
1.3662011623382568
1.404219627380371
1.4417672157287598
1.4789983034133911
1.516128420829773
1.5534522533416748
1.5913426876068115
1.6302696466445923
1.6707937717437744
1.7135790586471558
1.7593759298324585
1.8090169429779053
0.14735983312129974
0.19750382006168365
0.24369345605373383
0.28689247369766235
0.32795706391334534
0.36763086915016174
0.40652650594711304
0.44514501094818115
0.48387157917022705
0.5230014324188232
0.5627403259277344
0.6032270193099976
0.6445350646972656
0.6866897344589233
0.7296696901321411
0.7734202742576599
0.8178548216819763
0.86286461353302
0.9083211421966553
0.9540831446647644
1.0
1.0459167957305908
1.0916788578033447
1.13713538646698
1.182145118713379
1.2265797853469849
1.2703303098678589
1.3133102655410767
1.3554649353027344
1.3967729806900024
1.4372596740722656
1.4769985675811768
1.516128420829773
1.5548549890518188
1.5934734344482422
1.6323691606521606
1.672042965888977
1.7131074666976929
1.756306529045105
1.8024961948394775
1.852640151977539
0.10899347811937332
0.15859831869602203
0.20421120524406433
0.24695727229118347
0.28781571984291077
0.3276137113571167
0.3670101463794708
0.40652650594711304
0.4465477168560028
0.48735660314559937
0.5291375517845154
0.5720030069351196
0.6159964799880981
0.6611115336418152
0.7072938084602356
0.7544547319412231
0.8024733662605286
0.8512065410614014
0.900490939617157
0.9501506090164185
1.0
1.0498493909835815
1.0995090007781982
1.1487934589385986
1.1975265741348267
1.2455452680587769
1.2927062511444092
1.3388885259628296
1.3840035200119019
1.4279969930648804
1.4708625078201294
1.5126434564590454
1.5534522533416748
1.5934734344482422
1.6329898834228516
1.6723862886428833
1.7121843099594116
1.7530426979064941
1.7957887649536133
1.8414016962051392
1.8910064697265625
0.07612046599388123
0.12395783513784409
0.16786132752895355
0.20916450023651123
0.24898748099803925
0.2882404327392578
0.3276137113571167
0.36763086915016174
0.4086572527885437
0.45094621181488037
0.4946456849575043
0.5398292541503906
0.5864999890327454
0.634610652923584
0.6840662956237793
0.734737753868103
0.7864640951156616
0.8390622735023499
0.8923294544219971
0.9460502862930298
1.0
1.0539497137069702
1.107670545578003
1.1609376668930054
1.2135359048843384
1.265262246131897
1.3159337043762207
1.365389347076416
1.4134999513626099
1.4601707458496094
1.5053542852401733
1.5490537881851196
1.5913426876068115
1.6323691606521606
1.6723862886428833
1.7117595672607422
1.7510125637054443
1.7908354997634888
1.8321386575698853
1.876042127609253
1.9238795042037964
0.04894348233938217
0.09351867437362671
0.13437016308307648
0.1730969250202179
0.21097853779792786
0.24898748099803925
0.28781571984291077
0.32795706391334534
0.3697303533554077
0.4133368134498596
0.458870530128479
0.506351888179779
0.5557321310043335
0.6069139242172241
0.6597537994384766
0.7140756249427795
0.7696724534034729
0.8263161778450012
0.8837596774101257
0.9417437314987183
1.0
1.0582562685012817
1.116240382194519
1.1736838817596436
1.2303276062011719
1.2859244346618652
1.3402462005615234
1.3930860757827759
1.4442678689956665
1.4936481714248657
1.541129469871521
1.5866632461547852
1.6302696466445923
1.672042965888977
1.7121843099594116
1.7510125637054443
1.7890214920043945
1.8269031047821045
1.86562979221344
1.906481385231018
1.9510564804077148
0.02763007953763008
0.06708341091871262
0.10325778275728226
0.13812468945980072
0.1730969250202179
0.20916450023651123
0.24695727229118347
0.28689247369766235
0.3292062282562256
0.37402090430259705
0.42135709524154663
0.471166729927063
0.5233380198478699
0.5777140259742737
0.6340954303741455
0.6922524571418762
0.7519267201423645
0.8128399848937988
0.8746963143348694
0.9371883273124695
1.0
1.0628116130828857
1.1253036260604858
1.1871600151062012
1.2480733394622803
1.3077476024627686
1.3659045696258545
1.4222859144210815
1.476662039756775
1.528833270072937
1.5786429643630981
1.6259790658950806
1.6707937717437744
1.7131074666976929
1.7530426979064941
1.7908354997634888
1.8269031047821045
1.861875295639038
1.8967422246932983
1.9329166412353516
1.972369909286499
0.012311659753322601
0.044126782566308975
0.07367676496505737
0.10325778275728226
0.13437016308307648
0.16786132752895355
0.20421120524406433
0.24369345605373383
0.2864209711551666
0.33240827918052673
0.38158321380615234
0.4338148832321167
0.4889177083969116
0.5466668009757996
0.6068000793457031
0.6690282225608826
0.733036458492279
0.7984918355941772
0.8650453090667725
0.9323371648788452
1.0
1.0676628351211548
1.1349546909332275
1.2015081644058228
1.2669634819030762
1.3309718370437622
1.3931999206542969
1.4533332586288452
1.5110822916030884
1.5661851167678833
1.6184167861938477
1.6675916910171509
1.7135790586471558
1.756306529045105
1.7957887649536133
1.8321386575698853
1.86562979221344
1.8967422246932983
1.9263231754302979
1.9558732509613037
1.9876883029937744
0.003082666313275695
0.023746855556964874
0.044126782566308975
0.06708341091871262
0.09351867437362671
0.12395783513784409
0.15859831869602203
0.19750382006168365
0.2406240701675415
0.2878406047821045
0.33897191286087036
0.39379259943962097
0.4520343840122223
0.5133976936340332
0.5775517821311951
0.6441431045532227
0.7127958536148071
0.783118486404419
0.8547048568725586
0.9271395802497864
1.0
1.0728604793548584
1.1452951431274414
1.216881513595581
1.2872041463851929
1.3558568954467773
1.4224482774734497
1.4866023063659668
1.5479656457901
1.6062073707580566
1.6610281467437744
1.7121593952178955
1.7593759298324585
1.8024961948394775
1.8414016962051392
1.876042127609253
1.906481385231018
1.9329166412353516
1.9558732509613037
1.9762531518936157
1.9969173669815063
0.0
0.003082666313275695
0.012311659753322601
0.02763007953763008
0.04894348233938217
0.07612046599388123
0.10899347811937332
0.14735983312129974
0.19098301231861115
0.23959402740001678
0.2928932309150696
0.350551962852478
0.4122147560119629
0.47750142216682434
0.5460094809532166
0.6173165440559387
0.69098299741745
0.7665546536445618
0.8435655236244202
0.9215409159660339
1.0
1.0784591436386108
1.156434416770935
1.233445405960083
1.3090169429779053
1.3826833963394165
1.4539904594421387
1.522498607635498
1.587785243988037
1.649448037147522
1.7071068286895752
1.7604060173034668
1.8090169429779053
1.852640151977539
1.8910064697265625
1.9238795042037964
1.9510564804077148
1.972369909286499
1.9876883029937744
1.9969173669815063
2.0
