2.0
1.9969173669815063
1.9876883029937744
1.972369909286499
1.9510564804077148
1.9238795042037964
1.8910064697265625
1.852640151977539
1.8090169429779053
1.7604060173034668
1.7071068286895752
1.649448037147522
1.587785243988037
1.522498607635498
1.4539904594421387
1.3826833963394165
1.3090169429779053
1.233445405960083
1.156434416770935
1.0784591436386108
1.0
0.9215409159660339
0.8435655236244202
0.7665546536445618
0.69098299741745
0.6173165440559387
0.5460094809532166
0.47750142216682434
0.4122147560119629
0.350551962852478
0.2928932309150696
0.23959402740001678
0.19098301231861115
0.14735983312129974
0.10899347811937332
0.07612046599388123
0.04894348233938217
0.02763007953763008
0.012311659753322601
0.003082666313275695
0.0
1.9969173669815063
1.9763636589050293
1.9560538530349731
1.933145523071289
1.906742811203003
1.8763247728347778
1.84169602394104
1.8027945756912231
1.7596720457077026
1.7124476432800293
1.6613037586212158
1.6064664125442505
1.5482043027877808
1.4868175983428955
1.4226375818252563
1.3560179471969604
1.2873351573944092
1.216981053352356
1.1453620195388794
1.0728940963745117
1.0
0.9271059036254883
0.8546379208564758
0.783018946647644
0.7126648426055908
0.6439819931983948
0.5773624777793884
0.5131823420524597
0.45179569721221924
0.3935335874557495
0.3386962115764618
0.2875522971153259
0.24032795429229736
0.19720540940761566
0.15830403566360474
0.12367527931928635
0.0932571291923523
0.06685444712638855
0.04394608736038208
0.02363637648522854
0.003082666313275695
1.9876883029937744
1.9560538530349731
1.926632285118103
1.8971420526504517
1.8660928010940552
1.8326433897018433
1.7963179349899292
1.7568455934524536
1.714115858078003
1.6681158542633057
1.6189191341400146
1.5666577816009521
1.5115185976028442
1.4537272453308105
1.3935465812683105
1.33126699924469
1.2672038078308105
1.201690673828125
1.1350774765014648
1.067724585533142
1.0
0.9322754144668579
0.8649225234985352
0.798309326171875
0.7327962517738342
0.6687330007553101
0.6064533591270447
0.5462728142738342
0.48848140239715576
0.4333421587944031
0.38108086585998535
0.33188414573669434
0.2858841121196747
0.2431543618440628
0.203682079911232
0.16735658049583435
0.13390718400478363
0.10285798460245132
0.07336772978305817
0.04394608736038208
0.012311659753322601
1.972369909286499
1.933145523071289
1.8971420526504517
1.8624005317687988
1.8275177478790283
1.791510820388794
1.7537546157836914
1.7138359546661377
1.671521544456482
1.626691460609436
1.5793269872665405
1.5294780731201172
1.4772579669952393
1.422824740409851
1.3663790225982666
1.3081518411636353
1.24840247631073
1.1874102354049683
1.125472068786621
1.0628963708877563
1.0
0.9371036887168884
0.8745279908180237
0.8125898241996765
0.7515975832939148
0.6918482184410095
0.6336209774017334
0.5771753191947937
0.5227420926094055
0.4705219268798828
0.4206729829311371
0.37330859899520874
0.32847851514816284
0.2861641049385071
0.2462453991174698
0.20848923921585083
0.1724822074174881
0.13759945333003998
0.10285798460245132
0.06685444712638855
0.02763007953763008
1.9510564804077148
1.906742811203003
1.8660928010940552
1.8275177478790283
1.7897467613220215
1.7518142461776733
1.7130334377288818
1.6729151010513306
1.631143569946289
1.5875205993652344
1.541954517364502
1.494426965713501
1.4449886083602905
1.3937382698059082
1.3408210277557373
1.2864145040512085
1.2307268381118774
1.1739873886108398
1.116444706916809
1.0583590269088745
1.0
0.9416409134864807
0.8835552930831909
0.8260126113891602
0.7692732214927673
0.7135855555534363
0.6591789722442627
0.6062617301940918
0.5550113916397095
0.5055729746818542
0.45804548263549805
0.41247934103012085
0.36885640025138855
0.32708489894866943
0.2869665026664734
0.24818576872348785
0.21025320887565613
0.1724822074174881
0.13390718400478363
0.0932571291923523
0.04894348233938217
1.9238795042037964
1.8763247728347778
1.8326433897018433
1.791510820388794
1.7518142461776733
1.7126500606536865
1.6733334064483643
1.6333448886871338
1.5923230648040771
1.5500177145004272
1.5062834024429321
1.4610490798950195
1.414313554763794
1.366126298904419
1.3165837526321411
1.2658168077468872
1.2139878273010254
1.1612814664840698
1.1079020500183105
1.0540661811828613
1.0
0.9459338784217834
0.8920980095863342
0.8387184739112854
0.7860121726989746
0.7341831922531128
0.6834162473678589
0.633873701095581
0.5856863856315613
0.5389509797096252
0.49371659755706787
0.44998231530189514
0.40767690539360046
0.36665505170822144
0.32666662335395813
0.2873499095439911
0.24818576872348785
0.20848923921585083
0.16735658049583435
0.12367527931928635
0.07612046599388123
1.8910064697265625
1.84169602394104
1.7963179349899292
1.7537546157836914
1.7130334377288818
1.6733334064483643
1.6340004205703735
1.5945175886154175
1.5545035600662231
1.5136789083480835
1.4718621969223022
1.4289432764053345
1.3848810195922852
1.339684009552002
1.2934083938598633
1.2461446523666382
1.1980153322219849
1.1491652727127075
1.0997594594955444
1.0499753952026367
1.0
0.9500246644020081
0.9002405405044556
0.8508346676826477
0.8019846677780151
0.7538553476333618
0.7065916061401367
0.660315990447998
0.6151189804077148
0.5710567235946655
0.5281378030776978
0.48632103204727173
0.44549641013145447
0.4054824709892273
0.36599957942962646
0.32666662335395813
0.2869665026664734
0.2462453991174698
0.203682079911232
0.15830403566360474
0.10899347811937332
1.852640151977539
1.8027945756912231
1.7568455934524536
1.7138359546661377
1.6729151010513306
1.6333448886871338
1.5945175886154175
1.5559360980987549
1.5172191858291626
1.4780747890472412
1.4383000135421753
1.3977588415145874
1.3563799858093262
1.3141405582427979
1.2710635662078857
1.2272059917449951
1.1826560497283936
1.1375242471694946
1.0919407606124878
1.046048641204834
1.0
0.9539514183998108
0.9080592393875122
0.8624758124351501
0.8173440098762512
0.7727940082550049
0.7289363741874695
0.6858594417572021
0.643619954586029
0.6022411584854126
0.5616999268531799
0.5219252109527588
0.4827808439731598
0.44406387209892273
0.4054824709892273
0.36665505170822144
0.32708489894866943
0.2861641049385071
0.2431543618440628
0.19720540940761566
0.14735983312129974
1.8090169429779053
1.7596720457077026
1.714115858078003
1.671521544456482
1.631143569946289
1.5923230648040771
1.5545035600662231
1.5172191858291626
1.4801006317138672
1.4428563117980957
1.4052737951278687
1.3672012090682983
1.3285467624664307
1.2892638444900513
1.24934983253479
1.2088340520858765
1.167776346206665
1.1262578964233398
1.0843790769577026
1.0422524213790894
1.0
0.9577475190162659
0.9156209230422974
0.8737421035766602
0.8322235941886902
0.7911658883094788
0.7506501078605652
0.7107361555099487
0.6714532971382141
0.6327988505363464
0.5947262048721313
0.5571436882019043
0.5198993682861328
0.4827808439731598
0.44549641013145447
0.40767690539360046
0.36885640025138855
0.32847851514816284
0.2858841121196747
0.24032795429229736
0.19098301231861115
1.7604060173034668
1.7124476432800293
1.6681158542633057
1.626691460609436
1.5875205993652344
1.5500177145004272
1.5136789083480835
1.4780747890472412
1.4428563117980957
1.4077413082122803
1.3725167512893677
1.3370236158370972
1.3011574745178223
1.2648553848266602
1.2280950546264648
1.1908844709396362
1.1532601118087769
1.1152788400650024
1.07701575756073
1.038557529449463
1.0
0.9614424109458923
0.9229843020439148
0.8847212195396423
0.8467399477958679
0.8091155886650085
0.7719049453735352
0.7351446747779846
0.6988425850868225
0.6629763841629028
0.6274832487106323
0.592258632183075
0.5571436882019043
0.5219252109527588
0.48632103204727173
0.44998231530189514
0.41247934103012085
0.37330859899520874
0.33188414573669434
0.2875522971153259
0.23959402740001678
1.7071068286895752
1.6613037586212158
1.6189191341400146
1.5793269872665405
1.541954517364502
1.5062834024429321
1.4718621969223022
1.4383000135421753
1.4052737951278687
1.3725167512893677
1.3398221731185913
1.3070306777954102
1.2740319967269897
1.2407528162002563
1.2071571350097656
1.1732367277145386
1.139009714126587
1.104513168334961
1.0698013305664062
1.034939169883728
1.0
0.9650608897209167
0.9301987290382385
0.8954868316650391
0.8609903454780579
0.8267633318901062
0.7928428649902344
0.7592472434043884
0.7259680032730103
0.6929692625999451
0.6601778864860535
0.6274832487106323
0.5947262048721313
0.5616999268531799
0.5281378030776978
0.49371659755706787
0.45804548263549805
0.4206729829311371
0.38108086585998535
0.3386962115764618
0.2928932309150696
1.649448037147522
1.6064664125442505
1.5666577816009521
1.5294780731201172
1.494426965713501
1.4610490798950195
1.4289432764053345
1.3977588415145874
1.3672012090682983
1.3370236158370972
1.3070306777954102
1.2770684957504272
1.247025728225708
1.2168241739273071
1.186419129371643
1.1557908058166504
1.1249436140060425
1.093898892402649
1.0626940727233887
1.0313761234283447
1.0
0.9686238765716553
0.9373059868812561
0.9061010479927063
0.8750563859939575
0.8442091345787048
0.8135808706283569
0.7831758260726929
0.7529743313789368
0.7229315042495728
0.6929692625999451
0.6629763841629028
0.6327988505363464
0.6022411584854126
0.5710567235946655
0.5389509797096252
0.5055729746818542
0.4705219268798828
0.4333421587944031
0.3935335874557495
0.350551962852478
1.587785243988037
1.5482043027877808
1.5115185976028442
1.4772579669952393
1.4449886083602905
1.414313554763794
1.3848810195922852
1.3563799858093262
1.3285467624664307
1.3011574745178223
1.2740319967269897
1.247025728225708
1.2200309038162231
1.1929688453674316
1.1657904386520386
1.1384685039520264
1.110997200012207
1.0833866596221924
1.0556604862213135
1.0278515815734863
1.0
0.9721483588218689
0.9443395733833313
0.9166133999824524
0.889002799987793
0.8615315556526184
0.8342095613479614
0.8070310950279236
0.7799691557884216
0.7529743313789368
0.7259680032730103
0.6988425850868225
0.6714532971382141
0.643619954586029
0.6151189804077148
0.5856863856315613
0.5550113916397095
0.5227420926094055
0.48848140239715576
0.45179569721221924
0.4122147560119629
1.522498607635498
1.4868175983428955
1.4537272453308105
1.422824740409851
1.3937382698059082
1.366126298904419
1.339684009552002
1.3141405582427979
1.2892638444900513
1.2648553848266602
1.2407528162002563
1.2168241739273071
1.1929688453674316
1.1691113710403442
1.1452014446258545
1.1212081909179688
1.0971194505691528
1.0729366540908813
1.0486736297607422
1.0243520736694336
1.0
0.9756479263305664
0.9513263702392578
0.9270632863044739
0.9028804898262024
0.8787917494773865
0.8547984957695007
0.830888569355011
0.8070310950279236
0.7831758260726929
0.7592472434043884
0.7351446747779846
0.7107361555099487
0.6858594417572021
0.660315990447998
0.633873701095581
0.6062617301940918
0.5771753191947937
0.5462728142738342
0.5131823420524597
0.47750142216682434
1.4539904594421387
1.4226375818252563
1.3935465812683105
1.3663790225982666
1.3408210277557373
1.3165837526321411
1.2934083938598633
1.2710635662078857
1.24934983253479
1.2280950546264648
1.2071571350097656
1.186419129371643
1.1657904386520386
1.1452014446258545
1.1246041059494019
1.1039665937423706
1.0832732915878296
1.0625200271606445
1.0417135953903198
1.0208673477172852
1.0
0.9791327118873596
0.9582864046096802
0.9374799728393555
0.9167267680168152
0.8960334062576294
0.8753958940505981
0.8547984957695007
0.8342095613479614
0.8135808706283569
0.7928428649902344
0.7719049453735352
0.7506501078605652
0.7289363741874695
0.7065916061401367
0.6834162473678589
0.6591789722442627
0.6336209774017334
0.6064533591270447
0.5773624777793884
0.5460094809532166
1.3826833963394165
1.3560179471969604
1.33126699924469
1.3081518411636353
1.2864145040512085
1.2658168077468872
1.2461446523666382
1.2272059917449951
1.2088340520858765
1.1908844709396362
1.1732367277145386
1.1557908058166504
1.1384685039520264
1.1212081909179688
1.1039665937423706
1.086713433265686
1.0694321393966675
1.052115559577942
1.034765601158142
1.0173897743225098
1.0
0.9826102256774902
0.9652343988418579
0.9478843808174133
0.9305678606033325
0.9132865071296692
0.8960334062576294
0.8787917494773865
0.8615315556526184
0.8442091345787048
0.8267633318901062
0.8091155886650085
0.7911658883094788
0.7727940082550049
0.7538553476333618
0.7341831922531128
0.7135855555534363
0.6918482184410095
0.6687330007553101
0.6439819931983948
0.6173165440559387
1.3090169429779053
1.2873351573944092
1.2672038078308105
1.24840247631073
1.2307268381118774
1.2139878273010254
1.1980153322219849
1.1826560497283936
1.167776346206665
1.1532601118087769
1.139009714126587
1.1249436140060425
1.110997200012207
1.0971194505691528
1.0832732915878296
1.0694321393966675
1.055580496788025
1.0417102575302124
1.027820348739624
1.0139145851135254
1.0
0.9860854744911194
0.972179651260376
0.9582898020744324
0.9444195032119751
0.9305678606033325
0.9167267680168152
0.9028804898262024
0.889002799987793
0.8750563859939575
0.8609903454780579
0.8467399477958679
0.8322235941886902
0.8173440098762512
0.8019846677780151
0.7860121726989746
0.7692732214927673
0.7515975832939148
0.7327962517738342
0.7126648426055908
0.69098299741745
1.233445405960083
1.216981053352356
1.201690673828125
1.1874102354049683
1.1739873886108398
1.1612814664840698
1.1491652727127075
1.1375242471694946
1.1262578964233398
1.1152788400650024
1.104513168334961
1.093898892402649
1.0833866596221924
1.0729366540908813
1.0625200271606445
1.052115559577942
1.0417102575302124
1.0312963724136353
1.0208721160888672
1.0104385614395142
1.0
0.9895613789558411
0.9791279435157776
0.9687036275863647
0.9582898020744324
0.9478843808174133
0.9374799728393555
0.9270632863044739
0.9166133999824524
0.9061010479927063
0.8954868316650391
0.8847212195396423
0.8737421035766602
0.8624758124351501
0.8508346676826477
0.8387184739112854
0.8260126113891602
0.8125898241996765
0.798309326171875
0.783018946647644
0.7665546536445618
1.156434416770935
1.1453620195388794
1.1350774765014648
1.125472068786621
1.116444706916809
1.1079020500183105
1.0997594594955444
1.0919407606124878
1.0843790769577026
1.07701575756073
1.0698013305664062
1.0626940727233887
1.0556604862213135
1.0486736297607422
1.0417135953903198
1.034765601158142
1.027820348739624
1.0208721160888672
1.0139188766479492
1.0069607496261597
1.0
0.9930391907691956
0.9860811829566956
0.9791279435157776
0.972179651260376
0.9652343988418579
0.9582864046096802
0.9513263702392578
0.9443395733833313
0.9373059868812561
0.9301987290382385
0.9229843020439148
0.9156209230422974
0.9080592393875122
0.9002405405044556
0.8920980095863342
0.8835552930831909
0.8745279908180237
0.8649225234985352
0.8546379208564758
0.8435655236244202
1.0784591436386108
1.0728940963745117
1.067724585533142
1.0628963708877563
1.0583590269088745
1.0540661811828613
1.0499753952026367
1.046048641204834
1.0422524213790894
1.038557529449463
1.034939169883728
1.0313761234283447
1.0278515815734863
1.0243520736694336
1.0208673477172852
1.0173897743225098
1.0139145851135254
1.0104385614395142
1.0069607496261597
1.0034810304641724
1.0
0.9965190291404724
0.9930391907691956
0.9895613789558411
0.9860854744911194
0.9826102256774902
0.9791327118873596
0.9756479263305664
0.9721483588218689
0.9686238765716553
0.9650608897209167
0.9614424109458923
0.9577475190162659
0.9539514183998108
0.9500246644020081
0.9459338784217834
0.9416409134864807
0.9371036887168884
0.9322754144668579
0.9271059036254883
0.9215409159660339
1.0
1.0
1.0
1.0
1.0
1.0
1.0
1.0
1.0
1.0
1.0
1.0
1.0
1.0
1.0
1.0
1.0
1.0
1.0
1.0
1.0
1.0
1.0
1.0
1.0
1.0
1.0
1.0
1.0
1.0
1.0
1.0
1.0
1.0
1.0
1.0
1.0
1.0
1.0
1.0
1.0
0.9215409159660339
0.9271059036254883
0.9322754144668579
0.9371036887168884
0.9416409134864807
0.9459338784217834
0.9500246644020081
0.9539514183998108
0.9577475190162659
0.9614424109458923
0.9650608897209167
0.9686238765716553
0.9721483588218689
0.9756479263305664
0.9791327118873596
0.9826102256774902
0.9860854744911194
0.9895613789558411
0.9930391907691956
0.9965190291404724
1.0
1.0034810304641724
1.0069607496261597
1.0104385614395142
1.0139145851135254
1.0173897743225098
1.0208673477172852
1.0243520736694336
1.0278515815734863
1.0313761234283447
1.034939169883728
1.038557529449463
1.0422524213790894
1.046048641204834
1.0499753952026367
1.0540661811828613
1.0583590269088745
1.0628963708877563
1.067724585533142
1.0728940963745117
1.0784591436386108
0.8435655236244202
0.8546379208564758
0.8649225234985352
0.8745279908180237
0.8835552930831909
0.8920980095863342
0.9002405405044556
0.9080592393875122
0.9156209230422974
0.9229843020439148
0.9301987290382385
0.9373059868812561
0.9443395733833313
0.9513263702392578
0.9582864046096802
0.9652343988418579
0.972179651260376
0.9791279435157776
0.9860811829566956
0.9930391907691956
1.0
1.0069607496261597
1.0139188766479492
1.0208721160888672
1.027820348739624
1.034765601158142
1.0417135953903198
1.0486736297607422
1.0556604862213135
1.0626940727233887
1.0698013305664062
1.07701575756073
1.0843790769577026
1.0919407606124878
1.0997594594955444
1.1079020500183105
1.116444706916809
1.125472068786621
1.1350774765014648
1.1453620195388794
1.156434416770935
0.7665546536445618
0.783018946647644
0.798309326171875
0.8125898241996765
0.8260126113891602
0.8387184739112854
0.8508346676826477
0.8624758124351501
0.8737421035766602
0.8847212195396423
0.8954868316650391
0.9061010479927063
0.9166133999824524
0.9270632863044739
0.9374799728393555
0.9478843808174133
0.9582898020744324
0.9687036275863647
0.9791279435157776
0.9895613789558411
1.0
1.0104385614395142
1.0208721160888672
1.0312963724136353
1.0417102575302124
1.052115559577942
1.0625200271606445
1.0729366540908813
1.0833866596221924
1.093898892402649
1.104513168334961
1.1152788400650024
1.1262578964233398
1.1375242471694946
1.1491652727127075
1.1612814664840698
1.1739873886108398
1.1874102354049683
1.201690673828125
1.216981053352356
1.233445405960083
0.69098299741745
0.7126648426055908
0.7327962517738342
0.7515975832939148
0.7692732214927673
0.7860121726989746
0.8019846677780151
0.8173440098762512
0.8322235941886902
0.8467399477958679
0.8609903454780579
0.8750563859939575
0.889002799987793
0.9028804898262024
0.9167267680168152
0.9305678606033325
0.9444195032119751
0.9582898020744324
0.972179651260376
0.9860854744911194
1.0
1.0139145851135254
1.027820348739624
1.0417102575302124
1.055580496788025
1.0694321393966675
1.0832732915878296
1.0971194505691528
1.110997200012207
1.1249436140060425
1.139009714126587
1.1532601118087769
1.167776346206665
1.1826560497283936
1.1980153322219849
1.2139878273010254
1.2307268381118774
1.24840247631073
1.2672038078308105
1.2873351573944092
1.3090169429779053
0.6173165440559387
0.6439819931983948
0.6687330007553101
0.6918482184410095
0.7135855555534363
0.7341831922531128
0.7538553476333618
0.7727940082550049
0.7911658883094788
0.8091155886650085
0.8267633318901062
0.8442091345787048
0.8615315556526184
0.8787917494773865
0.8960334062576294
0.9132865071296692
0.9305678606033325
0.9478843808174133
0.9652343988418579
0.9826102256774902
1.0
1.0173897743225098
1.034765601158142
1.052115559577942
1.0694321393966675
1.086713433265686
1.1039665937423706
1.1212081909179688
1.1384685039520264
1.1557908058166504
1.1732367277145386
1.1908844709396362
1.2088340520858765
1.2272059917449951
1.2461446523666382
1.2658168077468872
1.2864145040512085
1.3081518411636353
1.33126699924469
1.3560179471969604
1.3826833963394165
0.5460094809532166
0.5773624777793884
0.6064533591270447
0.6336209774017334
0.6591789722442627
0.6834162473678589
0.7065916061401367
0.7289363741874695
0.7506501078605652
0.7719049453735352
0.7928428649902344
0.8135808706283569
0.8342095613479614
0.8547984957695007
0.8753958940505981
0.8960334062576294
0.9167267680168152
0.9374799728393555
0.9582864046096802
0.9791327118873596
1.0
1.0208673477172852
1.0417135953903198
1.0625200271606445
1.0832732915878296
1.1039665937423706
1.1246041059494019
1.1452014446258545
1.1657904386520386
1.186419129371643
1.2071571350097656
1.2280950546264648
1.24934983253479
1.2710635662078857
1.2934083938598633
1.3165837526321411
1.3408210277557373
1.3663790225982666
1.3935465812683105
1.4226375818252563
1.4539904594421387
0.47750142216682434
0.5131823420524597
0.5462728142738342
0.5771753191947937
0.6062617301940918
0.633873701095581
0.660315990447998
0.6858594417572021
0.7107361555099487
0.7351446747779846
0.7592472434043884
0.7831758260726929
0.8070310950279236
0.830888569355011
0.8547984957695007
0.8787917494773865
0.9028804898262024
0.9270632863044739
0.9513263702392578
0.9756479263305664
1.0
1.0243520736694336
1.0486736297607422
1.0729366540908813
1.0971194505691528
1.1212081909179688
1.1452014446258545
1.1691113710403442
1.1929688453674316
1.2168241739273071
1.2407528162002563
1.2648553848266602
1.2892638444900513
1.3141405582427979
1.339684009552002
1.366126298904419
1.3937382698059082
1.422824740409851
1.4537272453308105
1.4868175983428955
1.522498607635498
0.4122147560119629
0.45179569721221924
0.48848140239715576
0.5227420926094055
0.5550113916397095
0.5856863856315613
0.6151189804077148
0.643619954586029
0.6714532971382141
0.6988425850868225
0.7259680032730103
0.7529743313789368
0.7799691557884216
0.8070310950279236
0.8342095613479614
0.8615315556526184
0.889002799987793
0.9166133999824524
0.9443395733833313
0.9721483588218689
1.0
1.0278515815734863
1.0556604862213135
1.0833866596221924
1.110997200012207
1.1384685039520264
1.1657904386520386
1.1929688453674316
1.2200309038162231
1.247025728225708
1.2740319967269897
1.3011574745178223
1.3285467624664307
1.3563799858093262
1.3848810195922852
1.414313554763794
1.4449886083602905
1.4772579669952393
1.5115185976028442
1.5482043027877808
1.587785243988037
0.350551962852478
0.3935335874557495
0.4333421587944031
0.4705219268798828
0.5055729746818542
0.5389509797096252
0.5710567235946655
0.6022411584854126
0.6327988505363464
0.6629763841629028
0.6929692625999451
0.7229315042495728
0.7529743313789368
0.7831758260726929
0.8135808706283569
0.8442091345787048
0.8750563859939575
0.9061010479927063
0.9373059868812561
0.9686238765716553
1.0
1.0313761234283447
1.0626940727233887
1.093898892402649
1.1249436140060425
1.1557908058166504
1.186419129371643
1.2168241739273071
1.247025728225708
1.2770684957504272
1.3070306777954102
1.3370236158370972
1.3672012090682983
1.3977588415145874
1.4289432764053345
1.4610490798950195
1.494426965713501
1.5294780731201172
1.5666577816009521
1.6064664125442505
1.649448037147522
0.2928932309150696
0.3386962115764618
0.38108086585998535
0.4206729829311371
0.45804548263549805
0.49371659755706787
0.5281378030776978
0.5616999268531799
0.5947262048721313
0.6274832487106323
0.6601778864860535
0.6929692625999451
0.7259680032730103
0.7592472434043884
0.7928428649902344
0.8267633318901062
0.8609903454780579
0.8954868316650391
0.9301987290382385
0.9650608897209167
1.0
1.034939169883728
1.0698013305664062
1.104513168334961
1.139009714126587
1.1732367277145386
1.2071571350097656
1.2407528162002563
1.2740319967269897
1.3070306777954102
1.3398221731185913
1.3725167512893677
1.4052737951278687
1.4383000135421753
1.4718621969223022
1.5062834024429321
1.541954517364502
1.5793269872665405
1.6189191341400146
1.6613037586212158
1.7071068286895752
0.23959402740001678
0.2875522971153259
0.33188414573669434
0.37330859899520874
0.41247934103012085
0.44998231530189514
0.48632103204727173
0.5219252109527588
0.5571436882019043
0.592258632183075
0.6274832487106323
0.6629763841629028
0.6988425850868225
0.7351446747779846
0.7719049453735352
0.8091155886650085
0.8467399477958679
0.8847212195396423
0.9229843020439148
0.9614424109458923
1.0
1.038557529449463
1.07701575756073
1.1152788400650024
1.1532601118087769
1.1908844709396362
1.2280950546264648
1.2648553848266602
1.3011574745178223
1.3370236158370972
1.3725167512893677
1.4077413082122803
1.4428563117980957
1.4780747890472412
1.5136789083480835
1.5500177145004272
1.5875205993652344
1.626691460609436
1.6681158542633057
1.7124476432800293
1.7604060173034668
0.19098301231861115
0.24032795429229736
0.2858841121196747
0.32847851514816284
0.36885640025138855
0.40767690539360046
0.44549641013145447
0.4827808439731598
0.5198993682861328
0.5571436882019043
0.5947262048721313
0.6327988505363464
0.6714532971382141
0.7107361555099487
0.7506501078605652
0.7911658883094788
0.8322235941886902
0.8737421035766602
0.9156209230422974
0.9577475190162659
1.0
1.0422524213790894
1.0843790769577026
1.1262578964233398
1.167776346206665
1.2088340520858765
1.24934983253479
1.2892638444900513
1.3285467624664307
1.3672012090682983
1.4052737951278687
1.4428563117980957
1.4801006317138672
1.5172191858291626
1.5545035600662231
1.5923230648040771
1.631143569946289
1.671521544456482
1.714115858078003
1.7596720457077026
1.8090169429779053
0.14735983312129974
0.19720540940761566
0.2431543618440628
0.2861641049385071
0.32708489894866943
0.36665505170822144
0.4054824709892273
0.44406387209892273
0.4827808439731598
0.5219252109527588
0.5616999268531799
0.6022411584854126
0.643619954586029
0.6858594417572021
0.7289363741874695
0.7727940082550049
0.8173440098762512
0.8624758124351501
0.9080592393875122
0.9539514183998108
1.0
1.046048641204834
1.0919407606124878
1.1375242471694946
1.1826560497283936
1.2272059917449951
1.2710635662078857
1.3141405582427979
1.3563799858093262
1.3977588415145874
1.4383000135421753
1.4780747890472412
1.5172191858291626
1.5559360980987549
1.5945175886154175
1.6333448886871338
1.6729151010513306
1.7138359546661377
1.7568455934524536
1.8027945756912231
1.852640151977539
0.10899347811937332
0.15830403566360474
0.203682079911232
0.2462453991174698
0.2869665026664734
0.32666662335395813
0.36599957942962646
0.4054824709892273
0.44549641013145447
0.48632103204727173
0.5281378030776978
0.5710567235946655
0.6151189804077148
0.660315990447998
0.7065916061401367
0.7538553476333618
0.8019846677780151
0.8508346676826477
0.9002405405044556
0.9500246644020081
1.0
1.0499753952026367
1.0997594594955444
1.1491652727127075
1.1980153322219849
1.2461446523666382
1.2934083938598633
1.339684009552002
1.3848810195922852
1.4289432764053345
1.4718621969223022
1.5136789083480835
1.5545035600662231
1.5945175886154175
1.6340004205703735
1.6733334064483643
1.7130334377288818
1.7537546157836914
1.7963179349899292
1.84169602394104
1.8910064697265625
0.07612046599388123
0.12367527931928635
0.16735658049583435
0.20848923921585083
0.24818576872348785
0.2873499095439911
0.32666662335395813
0.36665505170822144
0.40767690539360046
0.44998231530189514
0.49371659755706787
0.5389509797096252
0.5856863856315613
0.633873701095581
0.6834162473678589
0.7341831922531128
0.7860121726989746
0.8387184739112854
0.8920980095863342
0.9459338784217834
1.0
1.0540661811828613
1.1079020500183105
1.1612814664840698
1.2139878273010254
1.2658168077468872
1.3165837526321411
1.366126298904419
1.414313554763794
1.4610490798950195
1.5062834024429321
1.5500177145004272
1.5923230648040771
1.6333448886871338
1.6733334064483643
1.7126500606536865
1.7518142461776733
1.791510820388794
1.8326433897018433
1.8763247728347778
1.9238795042037964
0.04894348233938217
0.0932571291923523
0.13390718400478363
0.1724822074174881
0.21025320887565613
0.24818576872348785
0.2869665026664734
0.32708489894866943
0.36885640025138855
0.41247934103012085
0.45804548263549805
0.5055729746818542
0.5550113916397095
0.6062617301940918
0.6591789722442627
0.7135855555534363
0.7692732214927673
0.8260126113891602
0.8835552930831909
0.9416409134864807
1.0
1.0583590269088745
1.116444706916809
1.1739873886108398
1.2307268381118774
1.2864145040512085
1.3408210277557373
1.3937382698059082
1.4449886083602905
1.494426965713501
1.541954517364502
1.5875205993652344
1.631143569946289
1.6729151010513306
1.7130334377288818
1.7518142461776733
1.7897467613220215
1.8275177478790283
1.8660928010940552
1.906742811203003
1.9510564804077148
0.02763007953763008
0.06685444712638855
0.10285798460245132
0.13759945333003998
0.1724822074174881
0.20848923921585083
0.2462453991174698
0.2861641049385071
0.32847851514816284
0.37330859899520874
0.4206729829311371
0.4705219268798828
0.5227420926094055
0.5771753191947937
0.6336209774017334
0.6918482184410095
0.7515975832939148
0.8125898241996765
0.8745279908180237
0.9371036887168884
1.0
1.0628963708877563
1.125472068786621
1.1874102354049683
1.24840247631073
1.3081518411636353
1.3663790225982666
1.422824740409851
1.4772579669952393
1.5294780731201172
1.5793269872665405
1.626691460609436
1.671521544456482
1.7138359546661377
1.7537546157836914
1.791510820388794
1.8275177478790283
1.8624005317687988
1.8971420526504517
1.933145523071289
1.972369909286499
0.012311659753322601
0.04394608736038208
0.07336772978305817
0.10285798460245132
0.13390718400478363
0.16735658049583435
0.203682079911232
0.2431543618440628
0.2858841121196747
0.33188414573669434
0.38108086585998535
0.4333421587944031
0.48848140239715576
0.5462728142738342
0.6064533591270447
0.6687330007553101
0.7327962517738342
0.798309326171875
0.8649225234985352
0.9322754144668579
1.0
1.067724585533142
1.1350774765014648
1.201690673828125
1.2672038078308105
1.33126699924469
1.3935465812683105
1.4537272453308105
1.5115185976028442
1.5666577816009521
1.6189191341400146
1.6681158542633057
1.714115858078003
1.7568455934524536
1.7963179349899292
1.8326433897018433
1.8660928010940552
1.8971420526504517
1.926632285118103
1.9560538530349731
1.9876883029937744
0.003082666313275695
0.02363637648522854
0.04394608736038208
0.06685444712638855
0.0932571291923523
0.12367527931928635
0.15830403566360474
0.19720540940761566
0.24032795429229736
0.2875522971153259
0.3386962115764618
0.3935335874557495
0.45179569721221924
0.5131823420524597
0.5773624777793884
0.6439819931983948
0.7126648426055908
0.783018946647644
0.8546379208564758
0.9271059036254883
1.0
1.0728940963745117
1.1453620195388794
1.216981053352356
1.2873351573944092
1.3560179471969604
1.4226375818252563
1.4868175983428955
1.5482043027877808
1.6064664125442505
1.6613037586212158
1.7124476432800293
1.7596720457077026
1.8027945756912231
1.84169602394104
1.8763247728347778
1.906742811203003
1.933145523071289
1.9560538530349731
1.9763636589050293
1.9969173669815063
0.0
0.003082666313275695
0.012311659753322601
0.02763007953763008
0.04894348233938217
0.07612046599388123
0.10899347811937332
0.14735983312129974
0.19098301231861115
0.23959402740001678
0.2928932309150696
0.350551962852478
0.4122147560119629
0.47750142216682434
0.5460094809532166
0.6173165440559387
0.69098299741745
0.7665546536445618
0.8435655236244202
0.9215409159660339
1.0
1.0784591436386108
1.156434416770935
1.233445405960083
1.3090169429779053
1.3826833963394165
1.4539904594421387
1.522498607635498
1.587785243988037
1.649448037147522
1.7071068286895752
1.7604060173034668
1.8090169429779053
1.852640151977539
1.8910064697265625
1.9238795042037964
1.9510564804077148
1.972369909286499
1.9876883029937744
1.9969173669815063
2.0
