2.0
1.9969173669815063
1.9876883029937744
1.972369909286499
1.9510564804077148
1.9238795042037964
1.8910064697265625
1.852640151977539
1.8090169429779053
1.7604060173034668
1.7071068286895752
1.649448037147522
1.587785243988037
1.522498607635498
1.4539904594421387
1.3826833963394165
1.3090169429779053
1.233445405960083
1.156434416770935
1.0784591436386108
1.0
0.9215409159660339
0.8435655236244202
0.7665546536445618
0.69098299741745
0.6173165440559387
0.5460094809532166
0.47750142216682434
0.4122147560119629
0.350551962852478
0.2928932309150696
0.23959402740001678
0.19098301231861115
0.14735983312129974
0.10899347811937332
0.07612046599388123
0.04894348233938217
0.02763007953763008
0.012311659753322601
0.003082666313275695
0.0
1.9969173669815063
1.9763281345367432
1.955995798110962
1.9330718517303467
1.9066587686538696
1.8762338161468506
1.8416012525558472
1.8026986122131348
1.7595767974853516
1.7123550176620483
1.66121506690979
1.6063830852508545
1.54812753200531
1.4867483377456665
1.422576665878296
1.3559662103652954
1.2872929573059082
1.2169489860534668
1.1453405618667603
1.0728832483291626
1.0
0.9271167516708374
0.8546594381332397
0.7830509543418884
0.712706983089447
0.6440338492393494
0.5774233341217041
0.5132516026496887
0.45187246799468994
0.3936169147491455
0.3387849032878876
0.28764504194259644
0.24042320251464844
0.19730140268802643
0.15839870274066925
0.12376617640256882
0.09334126114845276
0.06692809611558914
0.04400421306490898
0.023671915754675865
0.003082666313275695
1.9876883029937744
1.955995798110962
1.9265328645706177
1.8970134258270264
1.8659439086914062
1.832481026649475
1.7961477041244507
1.7566722631454468
1.7139432430267334
1.6679472923278809
1.6187576055526733
1.566505789756775
1.511378288269043
1.4536004066467285
1.3934351205825806
1.331171989440918
1.267126441001892
1.2016319036483765
1.1350380182266235
1.067704677581787
1.0
0.9322953224182129
0.8649619817733765
0.7983680367469788
0.7328734993934631
0.668828010559082
0.6065648794174194
0.5463995337486267
0.4886217415332794
0.4334942400455475
0.38124245405197144
0.3320527672767639
0.2860568165779114
0.2433277815580368
0.20385228097438812
0.16751894354820251
0.13405612111091614
0.10298659652471542
0.07346714287996292
0.04400421306490898
0.012311659753322601
1.972369909286499
1.9330718517303467
1.8970134258270264
1.8622316122055054
1.8273200988769531
1.7912935018539429
1.7535256147384644
1.7136015892028809
1.6712874174118042
1.6264622211456299
1.5791069269180298
1.5292706489562988
1.4770662784576416
1.4226514101028442
1.3662264347076416
1.3080217838287354
1.2482966184616089
1.187329649925232
1.1254178285598755
1.0628690719604492
1.0
0.9371309280395508
0.8745821118354797
0.8126702904701233
0.7517034411430359
0.6919782161712646
0.6337736248970032
0.5773485898971558
0.5229337811470032
0.47072935104370117
0.4208930432796478
0.37353774905204773
0.3287126123905182
0.28639841079711914
0.24647440016269684
0.20870645344257355
0.17267996072769165
0.13776841759681702
0.10298659652471542
0.06692809611558914
0.02763007953763008
1.9510564804077148
1.9066587686538696
1.8659439086914062
1.8273200988769531
1.7895134687423706
1.7515562772750854
1.712760329246521
1.6726346015930176
1.6308624744415283
1.5872448682785034
1.541689157485962
1.4941765069961548
1.4447567462921143
1.3935284614562988
1.340636134147644
1.2862567901611328
1.2305983304977417
1.1738897562026978
1.116378903388977
1.058326005935669
1.0
0.941673994064331
0.8836210370063782
0.8261102437973022
0.7694016098976135
0.7137431502342224
0.659363865852356
0.6064715385437012
0.5552432537078857
0.50582355260849
0.4583108723163605
0.41275516152381897
0.3691375255584717
0.3273654580116272
0.2872397005558014
0.24844366312026978
0.2104865312576294
0.17267996072769165
0.13405612111091614
0.09334126114845276
0.04894348233938217
1.9238795042037964
1.8762338161468506
1.832481026649475
1.7912935018539429
1.7515562772750854
1.712363600730896
1.6730287075042725
1.6330310106277466
1.5920077562332153
1.5497076511383057
1.5059845447540283
1.4607665538787842
1.41405189037323
1.3658891916275024
1.316374659538269
1.2656383514404297
1.213842511177063
1.1611709594726562
1.1078275442123413
1.0540286302566528
1.0
0.9459713101387024
0.8921724557876587
0.8388291001319885
0.7861575484275818
0.7343615889549255
0.683625340461731
0.6341108083724976
0.58594810962677
0.5392335057258606
0.49401548504829407
0.4502923786640167
0.40799227356910706
0.36696895956993103
0.32697129249572754
0.2876363694667816
0.24844366312026978
0.20870645344257355
0.16751894354820251
0.12376617640256882
0.07612046599388123
1.8910064697265625
1.8416012525558472
1.7961477041244507
1.7535256147384644
1.712760329246521
1.6730287075042725
1.6336753368377686
1.5941816568374634
1.5541653633117676
1.5133458375930786
1.4715405702590942
1.4286389350891113
1.384598731994629
1.3394280672073364
1.2931824922561646
1.2459518909454346
1.1978580951690674
1.149045705795288
1.099678874015808
1.0499348640441895
1.0
0.9500651955604553
0.9003210663795471
0.8509542942047119
0.8021419048309326
0.7540481686592102
0.7068175077438354
0.6605719327926636
0.6154012680053711
0.5713611245155334
0.5284594297409058
0.4866541624069214
0.44583460688591003
0.40581831336021423
0.36632466316223145
0.32697129249572754
0.2872397005558014
0.24647440016269684
0.20385228097438812
0.15839870274066925
0.10899347811937332
1.852640151977539
1.8026986122131348
1.7566722631454468
1.7136015892028809
1.6726346015930176
1.6330310106277466
1.5941816568374634
1.5555883646011353
1.516868233680725
1.4777286052703857
1.4379653930664062
1.3974417448043823
1.3560856580734253
1.3138734102249146
1.2708277702331543
1.2270045280456543
1.182491660118103
1.1373990774154663
1.0918564796447754
1.046006202697754
1.0
0.9539937973022461
0.9081434607505798
0.8626008629798889
0.817508339881897
0.7729954719543457
0.7291722893714905
0.6861265301704407
0.6439143419265747
0.6025583148002625
0.5620346069335938
0.5222713947296143
0.4831317067146301
0.44441166520118713
0.40581831336021423
0.36696895956993103
0.3273654580116272
0.28639841079711914
0.2433277815580368
0.19730140268802643
0.14735983312129974
1.8090169429779053
1.7595767974853516
1.7139432430267334
1.6712874174118042
1.6308624744415283
1.5920077562332153
1.5541653633117676
1.516868233680725
1.4797459840774536
1.442505955696106
1.4049347639083862
1.3668794631958008
1.3282479047775269
1.2889925241470337
1.2491101026535034
1.2086292505264282
1.1676092147827148
1.1261305809020996
1.0842933654785156
1.042209267616272
1.0
0.9577906727790833
0.9157066941261292
0.8738693594932556
0.8323907852172852
0.7913707494735718
0.7508898973464966
0.7110074758529663
0.6717520952224731
0.6331204771995544
0.5950652956962585
0.557494044303894
0.5202540159225464
0.4831317067146301
0.44583460688591003
0.40799227356910706
0.3691375255584717
0.3287126123905182
0.2860568165779114
0.24042320251464844
0.19098301231861115
1.7604060173034668
1.7123550176620483
1.6679472923278809
1.6264622211456299
1.5872448682785034
1.5497076511383057
1.5133458375930786
1.4777286052703857
1.442505955696106
1.4073947668075562
1.3721809387207031
1.3367047309875488
1.3008610010147095
1.2645859718322754
1.2278568744659424
1.1906808614730835
1.153093934059143
1.1151522397994995
1.0769304037094116
1.0385146141052246
1.0
0.9614853262901306
0.9230695366859436
0.8848477005958557
0.8469060659408569
0.8093190789222717
0.7721430659294128
0.7354139685630798
0.6991389989852905
0.6632952094078064
0.6278190612792969
0.5926052331924438
0.557494044303894
0.5222713947296143
0.4866541624069214
0.4502923786640167
0.41275516152381897
0.37353774905204773
0.3320527672767639
0.28764504194259644
0.23959402740001678
1.7071068286895752
1.66121506690979
1.6187576055526733
1.5791069269180298
1.541689157485962
1.5059845447540283
1.4715405702590942
1.4379653930664062
1.4049347639083862
1.3721809387207031
1.3394964933395386
1.3067213296890259
1.2737441062927246
1.2404911518096924
1.206925630569458
1.1730387210845947
1.138848066329956
1.104390025138855
1.069718360900879
1.0348973274230957
1.0
0.9651026129722595
0.9302816987037659
0.895609974861145
0.8611519932746887
0.8269612789154053
0.793074369430542
0.7595089077949524
0.7262558937072754
0.6932787299156189
0.6605035066604614
0.6278190612792969
0.5950652956962585
0.5620346069335938
0.5284594297409058
0.49401548504829407
0.4583108723163605
0.4208930432796478
0.38124245405197144
0.3387849032878876
0.2928932309150696
1.649448037147522
1.6063830852508545
1.566505789756775
1.5292706489562988
1.4941765069961548
1.4607665538787842
1.4286389350891113
1.3974417448043823
1.3668794631958008
1.3367047309875488
1.3067213296890259
1.276774287223816
1.2467517852783203
1.216575026512146
1.1861987113952637
1.1556023359298706
1.1247895956039429
1.093781590461731
1.062614917755127
1.0313363075256348
1.0
0.9686636924743652
0.937385082244873
0.906218409538269
0.8752104043960571
0.8443977236747742
0.8138012886047363
0.7834249138832092
0.7532482147216797
0.7232257127761841
0.6932787299156189
0.6632952094078064
0.6331204771995544
0.6025583148002625
0.5713611245155334
0.5392335057258606
0.50582355260849
0.47072935104370117
0.4334942400455475
0.3936169147491455
0.350551962852478
1.587785243988037
1.54812753200531
1.511378288269043
1.4770662784576416
1.4447567462921143
1.41405189037323
1.384598731994629
1.3560856580734253
1.3282479047775269
1.3008610010147095
1.2737441062927246
1.2467517852783203
1.2197757959365845
1.1927367448806763
1.1655850410461426
1.138292670249939
1.110853672027588
1.0832772254943848
1.0555866956710815
1.027814507484436
1.0
0.972185492515564
0.9444133639335632
0.91672283411026
0.8891463875770569
0.861707329750061
0.8344150185585022
0.807263195514679
0.7802242040634155
0.7532482147216797
0.7262558937072754
0.6991389989852905
0.6717520952224731
0.6439143419265747
0.6154012680053711
0.58594810962677
0.5552432537078857
0.5229337811470032
0.4886217415332794
0.45187246799468994
0.4122147560119629
1.522498607635498
1.4867483377456665
1.4536004066467285
1.4226514101028442
1.3935284614562988
1.3658891916275024
1.3394280672073364
1.3138734102249146
1.2889925241470337
1.2645859718322754
1.2404911518096924
1.216575026512146
1.1927367448806763
1.1689001321792603
1.1450144052505493
1.121048092842102
1.0969886779785156
1.072836995124817
1.0486063957214355
1.0243182182312012
1.0
0.975681722164154
0.9513936042785645
0.9271630048751831
0.9030113220214844
0.8789518475532532
0.8549855947494507
0.831099808216095
0.807263195514679
0.7834249138832092
0.7595089077949524
0.7354139685630798
0.7110074758529663
0.6861265301704407
0.6605719327926636
0.6341108083724976
0.6064715385437012
0.5773485898971558
0.5463995337486267
0.5132516026496887
0.47750142216682434
1.4539904594421387
1.422576665878296
1.3934351205825806
1.3662264347076416
1.340636134147644
1.316374659538269
1.2931824922561646
1.2708277702331543
1.2491101026535034
1.2278568744659424
1.206925630569458
1.1861987113952637
1.1655850410461426
1.1450144052505493
1.1244384050369263
1.1038247346878052
1.0831573009490967
1.0624316930770874
1.0416539907455444
1.0208373069763184
1.0
0.9791626930236816
0.9583460092544556
0.9375683069229126
0.9168426990509033
0.8961752653121948
0.8755615949630737
0.8549855947494507
0.8344150185585022
0.8138012886047363
0.793074369430542
0.7721430659294128
0.7508898973464966
0.7291722893714905
0.7068175077438354
0.683625340461731
0.659363865852356
0.6337736248970032
0.6065648794174194
0.5774233341217041
0.5460094809532166
1.3826833963394165
1.3559662103652954
1.331171989440918
1.3080217838287354
1.2862567901611328
1.2656383514404297
1.2459518909454346
1.2270045280456543
1.2086292505264282
1.1906808614730835
1.1730387210845947
1.1556023359298706
1.138292670249939
1.121048092842102
1.1038247346878052
1.0865920782089233
1.0693329572677612
1.0520399808883667
1.0347145795822144
1.0173640251159668
1.0
0.9826359152793884
0.9652854204177856
0.9479600787162781
0.9306671023368835
0.9134079813957214
0.8961752653121948
0.8789518475532532
0.861707329750061
0.8443977236747742
0.8269612789154053
0.8093190789222717
0.7913707494735718
0.7729954719543457
0.7540481686592102
0.7343615889549255
0.7137431502342224
0.6919782161712646
0.668828010559082
0.6440338492393494
0.6173165440559387
1.3090169429779053
1.2872929573059082
1.267126441001892
1.2482966184616089
1.2305983304977417
1.213842511177063
1.1978580951690674
1.182491660118103
1.1676092147827148
1.153093934059143
1.138848066329956
1.1247895956039429
1.110853672027588
1.0969886779785156
1.0831573009490967
1.0693329572677612
1.0554993152618408
1.0416483879089355
1.0277786254882812
1.013893485069275
1.0
0.9861064553260803
0.9722213745117188
0.9583516716957092
0.9445006251335144
0.9306671023368835
0.9168426990509033
0.9030113220214844
0.8891463875770569
0.8752104043960571
0.8611519932746887
0.8469060659408569
0.8323907852172852
0.817508339881897
0.8021419048309326
0.7861575484275818
0.7694016098976135
0.7517034411430359
0.7328734993934631
0.712706983089447
0.69098299741745
1.233445405960083
1.2169489860534668
1.2016319036483765
1.187329649925232
1.1738897562026978
1.1611709594726562
1.149045705795288
1.1373990774154663
1.1261305809020996
1.1151522397994995
1.104390025138855
1.093781590461731
1.0832772254943848
1.072836995124817
1.0624316930770874
1.0520399808883667
1.0416483879089355
1.0312492847442627
1.0208402872085571
1.0104225873947144
1.0
0.9895774126052856
0.9791597127914429
0.9687507748603821
0.9583516716957092
0.9479600787162781
0.9375683069229126
0.9271630048751831
0.91672283411026
0.906218409538269
0.895609974861145
0.8848477005958557
0.8738693594932556
0.8626008629798889
0.8509542942047119
0.8388291001319885
0.8261102437973022
0.8126702904701233
0.7983680367469788
0.7830509543418884
0.7665546536445618
1.156434416770935
1.1453405618667603
1.1350380182266235
1.1254178285598755
1.116378903388977
1.1078275442123413
1.099678874015808
1.0918564796447754
1.0842933654785156
1.0769304037094116
1.069718360900879
1.062614917755127
1.0555866956710815
1.0486063957214355
1.0416539907455444
1.0347145795822144
1.0277786254882812
1.0208402872085571
1.01389741897583
1.0069500207901
1.0
0.9930499792098999
0.9861026406288147
0.9791597127914429
0.9722213745117188
0.9652854204177856
0.9583460092544556
0.9513936042785645
0.9444133639335632
0.937385082244873
0.9302816987037659
0.9230695366859436
0.9157066941261292
0.9081434607505798
0.9003210663795471
0.8921724557876587
0.8836210370063782
0.8745821118354797
0.8649619817733765
0.8546594381332397
0.8435655236244202
1.0784591436386108
1.0728832483291626
1.067704677581787
1.0628690719604492
1.058326005935669
1.0540286302566528
1.0499348640441895
1.046006202697754
1.042209267616272
1.0385146141052246
1.0348973274230957
1.0313363075256348
1.027814507484436
1.0243182182312012
1.0208373069763184
1.0173640251159668
1.013893485069275
1.0104225873947144
1.0069500207901
1.003475546836853
1.0
0.996524453163147
0.9930499792098999
0.9895774126052856
0.9861064553260803
0.9826359152793884
0.9791626930236816
0.975681722164154
0.972185492515564
0.9686636924743652
0.9651026129722595
0.9614853262901306
0.9577906727790833
0.9539937973022461
0.9500651955604553
0.9459713101387024
0.941673994064331
0.9371309280395508
0.9322953224182129
0.9271167516708374
0.9215409159660339
1.0
1.0
1.0
1.0
1.0
1.0
1.0
1.0
1.0
1.0
1.0
1.0
1.0
1.0
1.0
1.0
1.0
1.0
1.0
1.0
1.0
1.0
1.0
1.0
1.0
1.0
1.0
1.0
1.0
1.0
1.0
1.0
1.0
1.0
1.0
1.0
1.0
1.0
1.0
1.0
1.0
0.9215409159660339
0.9271167516708374
0.9322953224182129
0.9371309280395508
0.941673994064331
0.9459713101387024
0.9500651955604553
0.9539937973022461
0.9577906727790833
0.9614853262901306
0.9651026129722595
0.9686636924743652
0.972185492515564
0.975681722164154
0.9791626930236816
0.9826359152793884
0.9861064553260803
0.9895774126052856
0.9930499792098999
0.996524453163147
1.0
1.003475546836853
1.0069500207901
1.0104225873947144
1.013893485069275
1.0173640251159668
1.0208373069763184
1.0243182182312012
1.027814507484436
1.0313363075256348
1.0348973274230957
1.0385146141052246
1.042209267616272
1.046006202697754
1.0499348640441895
1.0540286302566528
1.058326005935669
1.0628690719604492
1.067704677581787
1.0728832483291626
1.0784591436386108
0.8435655236244202
0.8546594381332397
0.8649619817733765
0.8745821118354797
0.8836210370063782
0.8921724557876587
0.9003210663795471
0.9081434607505798
0.9157066941261292
0.9230695366859436
0.9302816987037659
0.937385082244873
0.9444133639335632
0.9513936042785645
0.9583460092544556
0.9652854204177856
0.9722213745117188
0.9791597127914429
0.9861026406288147
0.9930499792098999
1.0
1.0069500207901
1.01389741897583
1.0208402872085571
1.0277786254882812
1.0347145795822144
1.0416539907455444
1.0486063957214355
1.0555866956710815
1.062614917755127
1.069718360900879
1.0769304037094116
1.0842933654785156
1.0918564796447754
1.099678874015808
1.1078275442123413
1.116378903388977
1.1254178285598755
1.1350380182266235
1.1453405618667603
1.156434416770935
0.7665546536445618
0.7830509543418884
0.7983680367469788
0.8126702904701233
0.8261102437973022
0.8388291001319885
0.8509542942047119
0.8626008629798889
0.8738693594932556
0.8848477005958557
0.895609974861145
0.906218409538269
0.91672283411026
0.9271630048751831
0.9375683069229126
0.9479600787162781
0.9583516716957092
0.9687507748603821
0.9791597127914429
0.9895774126052856
1.0
1.0104225873947144
1.0208402872085571
1.0312492847442627
1.0416483879089355
1.0520399808883667
1.0624316930770874
1.072836995124817
1.0832772254943848
1.093781590461731
1.104390025138855
1.1151522397994995
1.1261305809020996
1.1373990774154663
1.149045705795288
1.1611709594726562
1.1738897562026978
1.187329649925232
1.2016319036483765
1.2169489860534668
1.233445405960083
0.69098299741745
0.712706983089447
0.7328734993934631
0.7517034411430359
0.7694016098976135
0.7861575484275818
0.8021419048309326
0.817508339881897
0.8323907852172852
0.8469060659408569
0.8611519932746887
0.8752104043960571
0.8891463875770569
0.9030113220214844
0.9168426990509033
0.9306671023368835
0.9445006251335144
0.9583516716957092
0.9722213745117188
0.9861064553260803
1.0
1.013893485069275
1.0277786254882812
1.0416483879089355
1.0554993152618408
1.0693329572677612
1.0831573009490967
1.0969886779785156
1.110853672027588
1.1247895956039429
1.138848066329956
1.153093934059143
1.1676092147827148
1.182491660118103
1.1978580951690674
1.213842511177063
1.2305983304977417
1.2482966184616089
1.267126441001892
1.2872929573059082
1.3090169429779053
0.6173165440559387
0.6440338492393494
0.668828010559082
0.6919782161712646
0.7137431502342224
0.7343615889549255
0.7540481686592102
0.7729954719543457
0.7913707494735718
0.8093190789222717
0.8269612789154053
0.8443977236747742
0.861707329750061
0.8789518475532532
0.8961752653121948
0.9134079813957214
0.9306671023368835
0.9479600787162781
0.9652854204177856
0.9826359152793884
1.0
1.0173640251159668
1.0347145795822144
1.0520399808883667
1.0693329572677612
1.0865920782089233
1.1038247346878052
1.121048092842102
1.138292670249939
1.1556023359298706
1.1730387210845947
1.1906808614730835
1.2086292505264282
1.2270045280456543
1.2459518909454346
1.2656383514404297
1.2862567901611328
1.3080217838287354
1.331171989440918
1.3559662103652954
1.3826833963394165
0.5460094809532166
0.5774233341217041
0.6065648794174194
0.6337736248970032
0.659363865852356
0.683625340461731
0.7068175077438354
0.7291722893714905
0.7508898973464966
0.7721430659294128
0.793074369430542
0.8138012886047363
0.8344150185585022
0.8549855947494507
0.8755615949630737
0.8961752653121948
0.9168426990509033
0.9375683069229126
0.9583460092544556
0.9791626930236816
1.0
1.0208373069763184
1.0416539907455444
1.0624316930770874
1.0831573009490967
1.1038247346878052
1.1244384050369263
1.1450144052505493
1.1655850410461426
1.1861987113952637
1.206925630569458
1.2278568744659424
1.2491101026535034
1.2708277702331543
1.2931824922561646
1.316374659538269
1.340636134147644
1.3662264347076416
1.3934351205825806
1.422576665878296
1.4539904594421387
0.47750142216682434
0.5132516026496887
0.5463995337486267
0.5773485898971558
0.6064715385437012
0.6341108083724976
0.6605719327926636
0.6861265301704407
0.7110074758529663
0.7354139685630798
0.7595089077949524
0.7834249138832092
0.807263195514679
0.831099808216095
0.8549855947494507
0.8789518475532532
0.9030113220214844
0.9271630048751831
0.9513936042785645
0.975681722164154
1.0
1.0243182182312012
1.0486063957214355
1.072836995124817
1.0969886779785156
1.121048092842102
1.1450144052505493
1.1689001321792603
1.1927367448806763
1.216575026512146
1.2404911518096924
1.2645859718322754
1.2889925241470337
1.3138734102249146
1.3394280672073364
1.3658891916275024
1.3935284614562988
1.4226514101028442
1.4536004066467285
1.4867483377456665
1.522498607635498
0.4122147560119629
0.45187246799468994
0.4886217415332794
0.5229337811470032
0.5552432537078857
0.58594810962677
0.6154012680053711
0.6439143419265747
0.6717520952224731
0.6991389989852905
0.7262558937072754
0.7532482147216797
0.7802242040634155
0.807263195514679
0.8344150185585022
0.861707329750061
0.8891463875770569
0.91672283411026
0.9444133639335632
0.972185492515564
1.0
1.027814507484436
1.0555866956710815
1.0832772254943848
1.110853672027588
1.138292670249939
1.1655850410461426
1.1927367448806763
1.2197757959365845
1.2467517852783203
1.2737441062927246
1.3008610010147095
1.3282479047775269
1.3560856580734253
1.384598731994629
1.41405189037323
1.4447567462921143
1.4770662784576416
1.511378288269043
1.54812753200531
1.587785243988037
0.350551962852478
0.3936169147491455
0.4334942400455475
0.47072935104370117
0.50582355260849
0.5392335057258606
0.5713611245155334
0.6025583148002625
0.6331204771995544
0.6632952094078064
0.6932787299156189
0.7232257127761841
0.7532482147216797
0.7834249138832092
0.8138012886047363
0.8443977236747742
0.8752104043960571
0.906218409538269
0.937385082244873
0.9686636924743652
1.0
1.0313363075256348
1.062614917755127
1.093781590461731
1.1247895956039429
1.1556023359298706
1.1861987113952637
1.216575026512146
1.2467517852783203
1.276774287223816
1.3067213296890259
1.3367047309875488
1.3668794631958008
1.3974417448043823
1.4286389350891113
1.4607665538787842
1.4941765069961548
1.5292706489562988
1.566505789756775
1.6063830852508545
1.649448037147522
0.2928932309150696
0.3387849032878876
0.38124245405197144
0.4208930432796478
0.4583108723163605
0.49401548504829407
0.5284594297409058
0.5620346069335938
0.5950652956962585
0.6278190612792969
0.6605035066604614
0.6932787299156189
0.7262558937072754
0.7595089077949524
0.793074369430542
0.8269612789154053
0.8611519932746887
0.895609974861145
0.9302816987037659
0.9651026129722595
1.0
1.0348973274230957
1.069718360900879
1.104390025138855
1.138848066329956
1.1730387210845947
1.206925630569458
1.2404911518096924
1.2737441062927246
1.3067213296890259
1.3394964933395386
1.3721809387207031
1.4049347639083862
1.4379653930664062
1.4715405702590942
1.5059845447540283
1.541689157485962
1.5791069269180298
1.6187576055526733
1.66121506690979
1.7071068286895752
0.23959402740001678
0.28764504194259644
0.3320527672767639
0.37353774905204773
0.41275516152381897
0.4502923786640167
0.4866541624069214
0.5222713947296143
0.557494044303894
0.5926052331924438
0.6278190612792969
0.6632952094078064
0.6991389989852905
0.7354139685630798
0.7721430659294128
0.8093190789222717
0.8469060659408569
0.8848477005958557
0.9230695366859436
0.9614853262901306
1.0
1.0385146141052246
1.0769304037094116
1.1151522397994995
1.153093934059143
1.1906808614730835
1.2278568744659424
1.2645859718322754
1.3008610010147095
1.3367047309875488
1.3721809387207031
1.4073947668075562
1.442505955696106
1.4777286052703857
1.5133458375930786
1.5497076511383057
1.5872448682785034
1.6264622211456299
1.6679472923278809
1.7123550176620483
1.7604060173034668
0.19098301231861115
0.24042320251464844
0.2860568165779114
0.3287126123905182
0.3691375255584717
0.40799227356910706
0.44583460688591003
0.4831317067146301
0.5202540159225464
0.557494044303894
0.5950652956962585
0.6331204771995544
0.6717520952224731
0.7110074758529663
0.7508898973464966
0.7913707494735718
0.8323907852172852
0.8738693594932556
0.9157066941261292
0.9577906727790833
1.0
1.042209267616272
1.0842933654785156
1.1261305809020996
1.1676092147827148
1.2086292505264282
1.2491101026535034
1.2889925241470337
1.3282479047775269
1.3668794631958008
1.4049347639083862
1.442505955696106
1.4797459840774536
1.516868233680725
1.5541653633117676
1.5920077562332153
1.6308624744415283
1.6712874174118042
1.7139432430267334
1.7595767974853516
1.8090169429779053
0.14735983312129974
0.19730140268802643
0.2433277815580368
0.28639841079711914
0.3273654580116272
0.36696895956993103
0.40581831336021423
0.44441166520118713
0.4831317067146301
0.5222713947296143
0.5620346069335938
0.6025583148002625
0.6439143419265747
0.6861265301704407
0.7291722893714905
0.7729954719543457
0.817508339881897
0.8626008629798889
0.9081434607505798
0.9539937973022461
1.0
1.046006202697754
1.0918564796447754
1.1373990774154663
1.182491660118103
1.2270045280456543
1.2708277702331543
1.3138734102249146
1.3560856580734253
1.3974417448043823
1.4379653930664062
1.4777286052703857
1.516868233680725
1.5555883646011353
1.5941816568374634
1.6330310106277466
1.6726346015930176
1.7136015892028809
1.7566722631454468
1.8026986122131348
1.852640151977539
0.10899347811937332
0.15839870274066925
0.20385228097438812
0.24647440016269684
0.2872397005558014
0.32697129249572754
0.36632466316223145
0.40581831336021423
0.44583460688591003
0.4866541624069214
0.5284594297409058
0.5713611245155334
0.6154012680053711
0.6605719327926636
0.7068175077438354
0.7540481686592102
0.8021419048309326
0.8509542942047119
0.9003210663795471
0.9500651955604553
1.0
1.0499348640441895
1.099678874015808
1.149045705795288
1.1978580951690674
1.2459518909454346
1.2931824922561646
1.3394280672073364
1.384598731994629
1.4286389350891113
1.4715405702590942
1.5133458375930786
1.5541653633117676
1.5941816568374634
1.6336753368377686
1.6730287075042725
1.712760329246521
1.7535256147384644
1.7961477041244507
1.8416012525558472
1.8910064697265625
0.07612046599388123
0.12376617640256882
0.16751894354820251
0.20870645344257355
0.24844366312026978
0.2876363694667816
0.32697129249572754
0.36696895956993103
0.40799227356910706
0.4502923786640167
0.49401548504829407
0.5392335057258606
0.58594810962677
0.6341108083724976
0.683625340461731
0.7343615889549255
0.7861575484275818
0.8388291001319885
0.8921724557876587
0.9459713101387024
1.0
1.0540286302566528
1.1078275442123413
1.1611709594726562
1.213842511177063
1.2656383514404297
1.316374659538269
1.3658891916275024
1.41405189037323
1.4607665538787842
1.5059845447540283
1.5497076511383057
1.5920077562332153
1.6330310106277466
1.6730287075042725
1.712363600730896
1.7515562772750854
1.7912935018539429
1.832481026649475
1.8762338161468506
1.9238795042037964
0.04894348233938217
0.09334126114845276
0.13405612111091614
0.17267996072769165
0.2104865312576294
0.24844366312026978
0.2872397005558014
0.3273654580116272
0.3691375255584717
0.41275516152381897
0.4583108723163605
0.50582355260849
0.5552432537078857
0.6064715385437012
0.659363865852356
0.7137431502342224
0.7694016098976135
0.8261102437973022
0.8836210370063782
0.941673994064331
1.0
1.058326005935669
1.116378903388977
1.1738897562026978
1.2305983304977417
1.2862567901611328
1.340636134147644
1.3935284614562988
1.4447567462921143
1.4941765069961548
1.541689157485962
1.5872448682785034
1.6308624744415283
1.6726346015930176
1.712760329246521
1.7515562772750854
1.7895134687423706
1.8273200988769531
1.8659439086914062
1.9066587686538696
1.9510564804077148
0.02763007953763008
0.06692809611558914
0.10298659652471542
0.13776841759681702
0.17267996072769165
0.20870645344257355
0.24647440016269684
0.28639841079711914
0.3287126123905182
0.37353774905204773
0.4208930432796478
0.47072935104370117
0.5229337811470032
0.5773485898971558
0.6337736248970032
0.6919782161712646
0.7517034411430359
0.8126702904701233
0.8745821118354797
0.9371309280395508
1.0
1.0628690719604492
1.1254178285598755
1.187329649925232
1.2482966184616089
1.3080217838287354
1.3662264347076416
1.4226514101028442
1.4770662784576416
1.5292706489562988
1.5791069269180298
1.6264622211456299
1.6712874174118042
1.7136015892028809
1.7535256147384644
1.7912935018539429
1.8273200988769531
1.8622316122055054
1.8970134258270264
1.9330718517303467
1.972369909286499
0.012311659753322601
0.04400421306490898
0.07346714287996292
0.10298659652471542
0.13405612111091614
0.16751894354820251
0.20385228097438812
0.2433277815580368
0.2860568165779114
0.3320527672767639
0.38124245405197144
0.4334942400455475
0.4886217415332794
0.5463995337486267
0.6065648794174194
0.668828010559082
0.7328734993934631
0.7983680367469788
0.8649619817733765
0.9322953224182129
1.0
1.067704677581787
1.1350380182266235
1.2016319036483765
1.267126441001892
1.331171989440918
1.3934351205825806
1.4536004066467285
1.511378288269043
1.566505789756775
1.6187576055526733
1.6679472923278809
1.7139432430267334
1.7566722631454468
1.7961477041244507
1.832481026649475
1.8659439086914062
1.8970134258270264
1.9265328645706177
1.955995798110962
1.9876883029937744
0.003082666313275695
0.023671915754675865
0.04400421306490898
0.06692809611558914
0.09334126114845276
0.12376617640256882
0.15839870274066925
0.19730140268802643
0.24042320251464844
0.28764504194259644
0.3387849032878876
0.3936169147491455
0.45187246799468994
0.5132516026496887
0.5774233341217041
0.6440338492393494
0.712706983089447
0.7830509543418884
0.8546594381332397
0.9271167516708374
1.0
1.0728832483291626
1.1453405618667603
1.2169489860534668
1.2872929573059082
1.3559662103652954
1.422576665878296
1.4867483377456665
1.54812753200531
1.6063830852508545
1.66121506690979
1.7123550176620483
1.7595767974853516
1.8026986122131348
1.8416012525558472
1.8762338161468506
1.9066587686538696
1.9330718517303467
1.955995798110962
1.9763281345367432
1.9969173669815063
0.0
0.003082666313275695
0.012311659753322601
0.02763007953763008
0.04894348233938217
0.07612046599388123
0.10899347811937332
0.14735983312129974
0.19098301231861115
0.23959402740001678
0.2928932309150696
0.350551962852478
0.4122147560119629
0.47750142216682434
0.5460094809532166
0.6173165440559387
0.69098299741745
0.7665546536445618
0.8435655236244202
0.9215409159660339
1.0
1.0784591436386108
1.156434416770935
1.233445405960083
1.3090169429779053
1.3826833963394165
1.4539904594421387
1.522498607635498
1.587785243988037
1.649448037147522
1.7071068286895752
1.7604060173034668
1.8090169429779053
1.852640151977539
1.8910064697265625
1.9238795042037964
1.9510564804077148
1.972369909286499
1.9876883029937744
1.9969173669815063
2.0
