2.0
1.9969173669815063
1.9876883029937744
1.972369909286499
1.9510564804077148
1.9238795042037964
1.8910064697265625
1.852640151977539
1.8090169429779053
1.7604060173034668
1.7071068286895752
1.649448037147522
1.587785243988037
1.522498607635498
1.4539904594421387
1.3826833963394165
1.3090169429779053
1.233445405960083
1.156434416770935
1.0784591436386108
1.0
0.9215409159660339
0.8435655236244202
0.7665546536445618
0.69098299741745
0.6173165440559387
0.5460094809532166
0.47750142216682434
0.4122147560119629
0.350551962852478
0.2928932309150696
0.23959402740001678
0.19098301231861115
0.14735983312129974
0.10899347811937332
0.07612046599388123
0.04894348233938217
0.02763007953763008
0.012311659753322601
0.003082666313275695
0.0
1.9969173669815063
1.976260781288147
1.955885648727417
1.9329322576522827
1.9064992666244507
1.8760615587234497
1.8414218425750732
1.8025166988372803
1.7593963146209717
1.712179183959961
1.6610469818115234
1.6062252521514893
1.5479819774627686
1.486617088317871
1.4224612712860107
1.3558679819107056
1.2872130870819092
1.2168883085250854
1.1452996730804443
1.0728627443313599
1.0
0.9271372556686401
0.8547002673149109
0.7831116318702698
0.712786853313446
0.6441320180892944
0.577538788318634
0.5133829116821289
0.45201799273490906
0.3937748074531555
0.3389529883861542
0.2878207862377167
0.2406037300825119
0.19748333096504211
0.15857811272144318
0.1239384338259697
0.09350071102380753
0.06706768274307251
0.0441143736243248
0.023739269003272057
0.003082666313275695
1.9876883029937744
1.955885648727417
1.926344394683838
1.896769642829895
1.86566162109375
1.8321733474731445
1.7958251237869263
1.7563436031341553
1.713615894317627
1.6676276922225952
1.6184512376785278
1.5662175416946411
1.5111122131347656
1.4533601999282837
1.393223762512207
1.3309921026229858
1.2669800519943237
1.2015206813812256
1.1349631547927856
1.067667007446289
1.0
0.9323329329490662
0.8650368452072144
0.7984793186187744
0.7330199480056763
0.6690079569816589
0.606776237487793
0.5466397404670715
0.4888877272605896
0.4337824285030365
0.3815487027168274
0.3323722779750824
0.28638410568237305
0.2436564415693283
0.20417487621307373
0.16782666742801666
0.13433837890625
0.10323033481836319
0.07365554571151733
0.0441143736243248
0.012311659753322601
1.972369909286499
1.9329322576522827
1.896769642829895
1.861911416053772
1.8269453048706055
1.790881872177124
1.75309157371521
1.7131575345993042
1.6708437204360962
1.6260279417037964
1.5786899328231812
1.5288774967193604
1.4767029285430908
1.4223229885101318
1.3659371137619019
1.3077753782272339
1.2480958700180054
1.1871771812438965
1.1253151893615723
1.0628174543380737
1.0
0.9371825456619263
0.874684751033783
0.8128228187561035
0.7519040703773499
0.6922246813774109
0.6340628862380981
0.5776770114898682
0.5232970714569092
0.47112247347831726
0.4213101267814636
0.37397199869155884
0.3291562795639038
0.2868424654006958
0.24690839648246765
0.20911812782287598
0.17305472493171692
0.1380886286497116
0.10323033481836319
0.06706768274307251
0.02763007953763008
1.9510564804077148
1.9064992666244507
1.86566162109375
1.8269453048706055
1.7890713214874268
1.7510675191879272
1.712242603302002
1.6721028089523315
1.6303296089172363
1.5867220163345337
1.5411860942840576
1.4937015771865845
1.44431734085083
1.393130898475647
1.3402856588363647
1.2859580516815186
1.2303550243377686
1.1737046241760254
1.1162543296813965
1.0582633018493652
1.0
0.94173663854599
0.8837456107139587
0.8262953162193298
0.7696450352668762
0.7140419483184814
0.6597143411636353
0.606869101524353
0.5556825995445251
0.5062983632087708
0.45881387591362
0.41327792406082153
0.3696703314781189
0.32789716124534607
0.28775742650032043
0.24893243610858917
0.21092873811721802
0.17305472493171692
0.13433837890625
0.09350071102380753
0.04894348233938217
1.9238795042037964
1.8760615587234497
1.8321733474731445
1.790881872177124
1.7510675191879272
1.7118207216262817
1.6724512577056885
1.6324361562728882
1.5914100408554077
1.5491199493408203
1.505418062210083
1.460231065750122
1.4135558605194092
1.3654398918151855
1.3159784078598022
1.2653003931045532
1.2135668992996216
1.1609612703323364
1.1076864004135132
1.0539577007293701
1.0
0.9460422992706299
0.8923135995864868
0.8390386700630188
0.7864331007003784
0.7346996665000916
0.6840216517448425
0.6345600485801697
0.5864441394805908
0.5397689342498779
0.4945818781852722
0.4508800208568573
0.4085899591445923
0.3675638437271118
0.32754868268966675
0.28817930817604065
0.24893243610858917
0.20911812782287598
0.16782666742801666
0.1239384338259697
0.07612046599388123
1.8910064697265625
1.8414218425750732
1.7958251237869263
1.75309157371521
1.712242603302002
1.6724512577056885
1.6330592632293701
1.5935451984405518
1.5535244941711426
1.5127145051956177
1.4709311723709106
1.4280619621276855
1.384063720703125
1.3389431238174438
1.2927544116973877
1.2455863952636719
1.19756019115448
1.1488189697265625
1.099526286125183
1.0498579740524292
1.0
0.950141966342926
0.9004737734794617
0.8511810302734375
0.80243980884552
0.7544135451316833
0.7072455883026123
0.6610568761825562
0.6159362196922302
0.5719379782676697
0.5290688872337341
0.4872854948043823
0.4464755058288574
0.40645483136177063
0.36694076657295227
0.32754868268966675
0.28775742650032043
0.24690839648246765
0.20417487621307373
0.15857811272144318
0.10899347811937332
1.852640151977539
1.8025166988372803
1.7563436031341553
1.7131575345993042
1.6721028089523315
1.6324361562728882
1.5935451984405518
1.554929256439209
1.5162032842636108
1.4770724773406982
1.437331199645996
1.3968406915664673
1.3555277585983276
1.313367247581482
1.2703806161880493
1.2266227006912231
1.1821802854537964
1.1371620893478394
1.091696858406067
1.0459258556365967
1.0
0.9540741443634033
0.9083031415939331
0.8628379106521606
0.8178197741508484
0.7733772993087769
0.7296193838119507
0.6866326928138733
0.6444722414016724
0.6031593680381775
0.5626688599586487
0.5229275226593018
0.4837966859340668
0.4450707733631134
0.40645483136177063
0.3675638437271118
0.32789716124534607
0.2868424654006958
0.2436564415693283
0.19748333096504211
0.14735983312129974
1.8090169429779053
1.7593963146209717
1.713615894317627
1.6708437204360962
1.6303296089172363
1.5914100408554077
1.5535244941711426
1.5162032842636108
1.4790740013122559
1.441841959953308
1.4042919874191284
1.366269826889038
1.327681541442871
1.2884783744812012
1.2486556768417358
1.2082409858703613
1.1672923564910889
1.1258894205093384
1.0841307640075684
1.0421274900436401
1.0
0.9578724503517151
0.9158692359924316
0.8741105794906616
0.8327076435089111
0.7917590141296387
0.7513443231582642
0.7115216255187988
0.6723184585571289
0.6337301135063171
0.5957079529762268
0.5581580400466919
0.5209259986877441
0.4837966859340668
0.4464755058288574
0.4085899591445923
0.3696703314781189
0.3291562795639038
0.28638410568237305
0.2406037300825119
0.19098301231861115
1.7604060173034668
1.712179183959961
1.6676276922225952
1.6260279417037964
1.5867220163345337
1.5491199493408203
1.5127145051956177
1.4770724773406982
1.441841959953308
1.4067379236221313
1.3715444803237915
1.336100459098816
1.3002992868423462
1.2640756368637085
1.2274056673049927
1.1902951002120972
1.1527791023254395
1.114912509918213
1.0767688751220703
1.038433313369751
1.0
0.9615666270256042
0.9232311248779297
0.8850875496864319
0.8472209572792053
0.8097048401832581
0.7725943922996521
0.7359243631362915
0.6997007727622986
0.6638994812965393
0.6284554600715637
0.5932621359825134
0.5581580400466919
0.5229275226593018
0.4872854948043823
0.4508800208568573
0.41327792406082153
0.37397199869155884
0.3323722779750824
0.2878207862377167
0.23959402740001678
1.7071068286895752
1.6610469818115234
1.6184512376785278
1.5786899328231812
1.5411860942840576
1.505418062210083
1.4709311723709106
1.437331199645996
1.4042919874191284
1.3715444803237915
1.3388792276382446
1.306134819984436
1.2731984853744507
1.2399951219558716
1.2064869403839111
1.1726635694503784
1.1385416984558105
1.104156732559204
1.0695610046386719
1.034818172454834
1.0
0.9651817679405212
0.9304389357566833
0.8958433270454407
0.8614583015441895
0.8273364305496216
0.7935131192207336
0.7600048184394836
0.7268014550209045
0.693865180015564
0.6611207127571106
0.6284554600715637
0.5957079529762268
0.5626688599586487
0.5290688872337341
0.4945818781852722
0.45881387591362
0.4213101267814636
0.3815487027168274
0.3389529883861542
0.2928932309150696
1.649448037147522
1.6062252521514893
1.5662175416946411
1.5288774967193604
1.4937015771865845
1.460231065750122
1.4280619621276855
1.3968406915664673
1.366269826889038
1.336100459098816
1.306134819984436
1.276216745376587
1.2462327480316162
1.216102957725525
1.1857808828353882
1.1552449464797974
1.1244977712631226
1.0935592651367188
1.0624650716781616
1.0312608480453491
1.0
0.9687391519546509
0.9375349283218384
0.9064407348632812
0.8755022883415222
0.8447550535202026
0.814219057559967
0.7838969826698303
0.7537672519683838
0.7237833142280579
0.693865180015564
0.6638994812965393
0.6337301135063171
0.6031593680381775
0.5719379782676697
0.5397689342498779
0.5062983632087708
0.47112247347831726
0.4337824285030365
0.3937748074531555
0.350551962852478
1.587785243988037
1.5479819774627686
1.5111122131347656
1.4767029285430908
1.44431734085083
1.4135558605194092
1.384063720703125
1.3555277585983276
1.327681541442871
1.3002992868423462
1.2731984853744507
1.2462327480316162
1.219292402267456
1.1922969818115234
1.1651955842971802
1.1379594802856445
1.110581398010254
1.0830698013305664
1.0554468631744385
1.0277440547943115
1.0
0.9722558856010437
0.9445531964302063
0.9169302582740784
0.8894185423851013
0.8620405197143555
0.8348044157028198
0.8077030181884766
0.7807076573371887
0.7537672519683838
0.7268014550209045
0.6997007727622986
0.6723184585571289
0.6444722414016724
0.6159362196922302
0.5864441394805908
0.5556825995445251
0.5232970714569092
0.4888877272605896
0.45201799273490906
0.4122147560119629
1.522498607635498
1.486617088317871
1.4533601999282837
1.4223229885101318
1.393130898475647
1.3654398918151855
1.3389431238174438
1.313367247581482
1.2884783744812012
1.2640756368637085
1.2399951219558716
1.216102957725525
1.1922969818115234
1.1684998273849487
1.1446598768234253
1.1207447052001953
1.09674072265625
1.072648048400879
1.0484789609909058
1.0242540836334229
1.0
0.9757458567619324
0.9515209794044495
0.9273519515991211
0.90325927734375
0.8792552947998047
0.8553400635719299
0.8315001726150513
0.8077030181884766
0.7838969826698303
0.7600048184394836
0.7359243631362915
0.7115216255187988
0.6866326928138733
0.6610568761825562
0.6345600485801697
0.606869101524353
0.5776770114898682
0.5466397404670715
0.5133829116821289
0.47750142216682434
1.4539904594421387
1.4224612712860107
1.393223762512207
1.3659371137619019
1.3402856588363647
1.3159784078598022
1.2927544116973877
1.2703806161880493
1.2486556768417358
1.2274056673049927
1.2064869403839111
1.1857808828353882
1.1651955842971802
1.1446598768234253
1.1241244077682495
1.1035559177398682
1.0829375982284546
1.0622642040252686
1.0415410995483398
1.0207804441452026
1.0
0.9792195558547974
0.9584589600563049
0.9377357959747314
0.9170624017715454
0.8964440822601318
0.8758756518363953
0.8553400635719299
0.8348044157028198
0.814219057559967
0.7935131192207336
0.7725943922996521
0.7513443231582642
0.7296193838119507
0.7072455883026123
0.6840216517448425
0.6597143411636353
0.6340628862380981
0.606776237487793
0.577538788318634
0.5460094809532166
1.3826833963394165
1.3558679819107056
1.3309921026229858
1.3077753782272339
1.2859580516815186
1.2653003931045532
1.2455863952636719
1.2266227006912231
1.2082409858703613
1.1902951002120972
1.1726635694503784
1.1552449464797974
1.1379594802856445
1.1207447052001953
1.1035559177398682
1.0863618850708008
1.0691447257995605
1.051896572113037
1.0346179008483887
1.01731538772583
1.0
0.9826846122741699
0.9653820991516113
0.9481034874916077
0.9308552145957947
0.9136381149291992
0.8964440822601318
0.8792552947998047
0.8620405197143555
0.8447550535202026
0.8273364305496216
0.8097048401832581
0.7917590141296387
0.7733772993087769
0.7544135451316833
0.7346996665000916
0.7140419483184814
0.6922246813774109
0.6690079569816589
0.6441320180892944
0.6173165440559387
1.3090169429779053
1.2872130870819092
1.2669800519943237
1.2480958700180054
1.2303550243377686
1.2135668992996216
1.19756019115448
1.1821802854537964
1.1672923564910889
1.1527791023254395
1.1385416984558105
1.1244977712631226
1.110581398010254
1.09674072265625
1.0829375982284546
1.0691447257995605
1.0553455352783203
1.0415310859680176
1.027699589729309
1.013853669166565
1.0
0.9861462712287903
0.9723004698753357
0.9584689140319824
0.9446544051170349
0.9308552145957947
0.9170624017715454
0.90325927734375
0.8894185423851013
0.8755022883415222
0.8614583015441895
0.8472209572792053
0.8327076435089111
0.8178197741508484
0.80243980884552
0.7864331007003784
0.7696450352668762
0.7519040703773499
0.7330199480056763
0.712786853313446
0.69098299741745
1.233445405960083
1.2168883085250854
1.2015206813812256
1.1871771812438965
1.1737046241760254
1.1609612703323364
1.1488189697265625
1.1371620893478394
1.1258894205093384
1.114912509918213
1.104156732559204
1.0935592651367188
1.0830698013305664
1.072648048400879
1.0622642040252686
1.051896572113037
1.0415310859680176
1.0311598777770996
1.0207799673080444
1.0103923082351685
1.0
0.9896077513694763
0.9792200326919556
0.9688401818275452
0.9584689140319824
0.9481034874916077
0.9377357959747314
0.9273519515991211
0.9169302582740784
0.9064407348632812
0.8958433270454407
0.8850875496864319
0.8741105794906616
0.8628379106521606
0.8511810302734375
0.8390386700630188
0.8262953162193298
0.8128228187561035
0.7984793186187744
0.7831116318702698
0.7665546536445618
1.156434416770935
1.1452996730804443
1.1349631547927856
1.1253151893615723
1.1162543296813965
1.1076864004135132
1.099526286125183
1.091696858406067
1.0841307640075684
1.0767688751220703
1.0695610046386719
1.0624650716781616
1.0554468631744385
1.0484789609909058
1.0415410995483398
1.0346179008483887
1.027699589729309
1.0207799673080444
1.0138567686080933
1.0069295167922974
1.0
0.9930704832077026
0.9861432909965515
0.9792200326919556
0.9723004698753357
0.9653820991516113
0.9584589600563049
0.9515209794044495
0.9445531964302063
0.9375349283218384
0.9304389357566833
0.9232311248779297
0.9158692359924316
0.9083031415939331
0.9004737734794617
0.8923135995864868
0.8837456107139587
0.874684751033783
0.8650368452072144
0.8547002673149109
0.8435655236244202
1.0784591436386108
1.0728627443313599
1.067667007446289
1.0628174543380737
1.0582633018493652
1.0539577007293701
1.0498579740524292
1.0459258556365967
1.0421274900436401
1.038433313369751
1.034818172454834
1.0312608480453491
1.0277440547943115
1.0242540836334229
1.0207804441452026
1.01731538772583
1.013853669166565
1.0103923082351685
1.0069295167922974
1.0034652948379517
1.0
0.9965347647666931
0.9930704832077026
0.9896077513694763
0.9861462712287903
0.9826846122741699
0.9792195558547974
0.9757458567619324
0.9722558856010437
0.9687391519546509
0.9651817679405212
0.9615666270256042
0.9578724503517151
0.9540741443634033
0.950141966342926
0.9460422992706299
0.94173663854599
0.9371825456619263
0.9323329329490662
0.9271372556686401
0.9215409159660339
1.0
1.0
1.0
1.0
1.0
1.0
1.0
1.0
1.0
1.0
1.0
1.0
1.0
1.0
1.0
1.0
1.0
1.0
1.0
1.0
1.0
1.0
1.0
1.0
1.0
1.0
1.0
1.0
1.0
1.0
1.0
1.0
1.0
1.0
1.0
1.0
1.0
1.0
1.0
1.0
1.0
0.9215409159660339
0.9271372556686401
0.9323329329490662
0.9371825456619263
0.94173663854599
0.9460422992706299
0.950141966342926
0.9540741443634033
0.9578724503517151
0.9615666270256042
0.9651817679405212
0.9687391519546509
0.9722558856010437
0.9757458567619324
0.9792195558547974
0.9826846122741699
0.9861462712287903
0.9896077513694763
0.9930704832077026
0.9965347647666931
1.0
1.0034652948379517
1.0069295167922974
1.0103923082351685
1.013853669166565
1.01731538772583
1.0207804441452026
1.0242540836334229
1.0277440547943115
1.0312608480453491
1.034818172454834
1.038433313369751
1.0421274900436401
1.0459258556365967
1.0498579740524292
1.0539577007293701
1.0582633018493652
1.0628174543380737
1.067667007446289
1.0728627443313599
1.0784591436386108
0.8435655236244202
0.8547002673149109
0.8650368452072144
0.874684751033783
0.8837456107139587
0.8923135995864868
0.9004737734794617
0.9083031415939331
0.9158692359924316
0.9232311248779297
0.9304389357566833
0.9375349283218384
0.9445531964302063
0.9515209794044495
0.9584589600563049
0.9653820991516113
0.9723004698753357
0.9792200326919556
0.9861432909965515
0.9930704832077026
1.0
1.0069295167922974
1.0138567686080933
1.0207799673080444
1.027699589729309
1.0346179008483887
1.0415410995483398
1.0484789609909058
1.0554468631744385
1.0624650716781616
1.0695610046386719
1.0767688751220703
1.0841307640075684
1.091696858406067
1.099526286125183
1.1076864004135132
1.1162543296813965
1.1253151893615723
1.1349631547927856
1.1452996730804443
1.156434416770935
0.7665546536445618
0.7831116318702698
0.7984793186187744
0.8128228187561035
0.8262953162193298
0.8390386700630188
0.8511810302734375
0.8628379106521606
0.8741105794906616
0.8850875496864319
0.8958433270454407
0.9064407348632812
0.9169302582740784
0.9273519515991211
0.9377357959747314
0.9481034874916077
0.9584689140319824
0.9688401818275452
0.9792200326919556
0.9896077513694763
1.0
1.0103923082351685
1.0207799673080444
1.0311598777770996
1.0415310859680176
1.051896572113037
1.0622642040252686
1.072648048400879
1.0830698013305664
1.0935592651367188
1.104156732559204
1.114912509918213
1.1258894205093384
1.1371620893478394
1.1488189697265625
1.1609612703323364
1.1737046241760254
1.1871771812438965
1.2015206813812256
1.2168883085250854
1.233445405960083
0.69098299741745
0.712786853313446
0.7330199480056763
0.7519040703773499
0.7696450352668762
0.7864331007003784
0.80243980884552
0.8178197741508484
0.8327076435089111
0.8472209572792053
0.8614583015441895
0.8755022883415222
0.8894185423851013
0.90325927734375
0.9170624017715454
0.9308552145957947
0.9446544051170349
0.9584689140319824
0.9723004698753357
0.9861462712287903
1.0
1.013853669166565
1.027699589729309
1.0415310859680176
1.0553455352783203
1.0691447257995605
1.0829375982284546
1.09674072265625
1.110581398010254
1.1244977712631226
1.1385416984558105
1.1527791023254395
1.1672923564910889
1.1821802854537964
1.19756019115448
1.2135668992996216
1.2303550243377686
1.2480958700180054
1.2669800519943237
1.2872130870819092
1.3090169429779053
0.6173165440559387
0.6441320180892944
0.6690079569816589
0.6922246813774109
0.7140419483184814
0.7346996665000916
0.7544135451316833
0.7733772993087769
0.7917590141296387
0.8097048401832581
0.8273364305496216
0.8447550535202026
0.8620405197143555
0.8792552947998047
0.8964440822601318
0.9136381149291992
0.9308552145957947
0.9481034874916077
0.9653820991516113
0.9826846122741699
1.0
1.01731538772583
1.0346179008483887
1.051896572113037
1.0691447257995605
1.0863618850708008
1.1035559177398682
1.1207447052001953
1.1379594802856445
1.1552449464797974
1.1726635694503784
1.1902951002120972
1.2082409858703613
1.2266227006912231
1.2455863952636719
1.2653003931045532
1.2859580516815186
1.3077753782272339
1.3309921026229858
1.3558679819107056
1.3826833963394165
0.5460094809532166
0.577538788318634
0.606776237487793
0.6340628862380981
0.6597143411636353
0.6840216517448425
0.7072455883026123
0.7296193838119507
0.7513443231582642
0.7725943922996521
0.7935131192207336
0.814219057559967
0.8348044157028198
0.8553400635719299
0.8758756518363953
0.8964440822601318
0.9170624017715454
0.9377357959747314
0.9584589600563049
0.9792195558547974
1.0
1.0207804441452026
1.0415410995483398
1.0622642040252686
1.0829375982284546
1.1035559177398682
1.1241244077682495
1.1446598768234253
1.1651955842971802
1.1857808828353882
1.2064869403839111
1.2274056673049927
1.2486556768417358
1.2703806161880493
1.2927544116973877
1.3159784078598022
1.3402856588363647
1.3659371137619019
1.393223762512207
1.4224612712860107
1.4539904594421387
0.47750142216682434
0.5133829116821289
0.5466397404670715
0.5776770114898682
0.606869101524353
0.6345600485801697
0.6610568761825562
0.6866326928138733
0.7115216255187988
0.7359243631362915
0.7600048184394836
0.7838969826698303
0.8077030181884766
0.8315001726150513
0.8553400635719299
0.8792552947998047
0.90325927734375
0.9273519515991211
0.9515209794044495
0.9757458567619324
1.0
1.0242540836334229
1.0484789609909058
1.072648048400879
1.09674072265625
1.1207447052001953
1.1446598768234253
1.1684998273849487
1.1922969818115234
1.216102957725525
1.2399951219558716
1.2640756368637085
1.2884783744812012
1.313367247581482
1.3389431238174438
1.3654398918151855
1.393130898475647
1.4223229885101318
1.4533601999282837
1.486617088317871
1.522498607635498
0.4122147560119629
0.45201799273490906
0.4888877272605896
0.5232970714569092
0.5556825995445251
0.5864441394805908
0.6159362196922302
0.6444722414016724
0.6723184585571289
0.6997007727622986
0.7268014550209045
0.7537672519683838
0.7807076573371887
0.8077030181884766
0.8348044157028198
0.8620405197143555
0.8894185423851013
0.9169302582740784
0.9445531964302063
0.9722558856010437
1.0
1.0277440547943115
1.0554468631744385
1.0830698013305664
1.110581398010254
1.1379594802856445
1.1651955842971802
1.1922969818115234
1.219292402267456
1.2462327480316162
1.2731984853744507
1.3002992868423462
1.327681541442871
1.3555277585983276
1.384063720703125
1.4135558605194092
1.44431734085083
1.4767029285430908
1.5111122131347656
1.5479819774627686
1.587785243988037
0.350551962852478
0.3937748074531555
0.4337824285030365
0.47112247347831726
0.5062983632087708
0.5397689342498779
0.5719379782676697
0.6031593680381775
0.6337301135063171
0.6638994812965393
0.693865180015564
0.7237833142280579
0.7537672519683838
0.7838969826698303
0.814219057559967
0.8447550535202026
0.8755022883415222
0.9064407348632812
0.9375349283218384
0.9687391519546509
1.0
1.0312608480453491
1.0624650716781616
1.0935592651367188
1.1244977712631226
1.1552449464797974
1.1857808828353882
1.216102957725525
1.2462327480316162
1.276216745376587
1.306134819984436
1.336100459098816
1.366269826889038
1.3968406915664673
1.4280619621276855
1.460231065750122
1.4937015771865845
1.5288774967193604
1.5662175416946411
1.6062252521514893
1.649448037147522
0.2928932309150696
0.3389529883861542
0.3815487027168274
0.4213101267814636
0.45881387591362
0.4945818781852722
0.5290688872337341
0.5626688599586487
0.5957079529762268
0.6284554600715637
0.6611207127571106
0.693865180015564
0.7268014550209045
0.7600048184394836
0.7935131192207336
0.8273364305496216
0.8614583015441895
0.8958433270454407
0.9304389357566833
0.9651817679405212
1.0
1.034818172454834
1.0695610046386719
1.104156732559204
1.1385416984558105
1.1726635694503784
1.2064869403839111
1.2399951219558716
1.2731984853744507
1.306134819984436
1.3388792276382446
1.3715444803237915
1.4042919874191284
1.437331199645996
1.4709311723709106
1.505418062210083
1.5411860942840576
1.5786899328231812
1.6184512376785278
1.6610469818115234
1.7071068286895752
0.23959402740001678
0.2878207862377167
0.3323722779750824
0.37397199869155884
0.41327792406082153
0.4508800208568573
0.4872854948043823
0.5229275226593018
0.5581580400466919
0.5932621359825134
0.6284554600715637
0.6638994812965393
0.6997007727622986
0.7359243631362915
0.7725943922996521
0.8097048401832581
0.8472209572792053
0.8850875496864319
0.9232311248779297
0.9615666270256042
1.0
1.038433313369751
1.0767688751220703
1.114912509918213
1.1527791023254395
1.1902951002120972
1.2274056673049927
1.2640756368637085
1.3002992868423462
1.336100459098816
1.3715444803237915
1.4067379236221313
1.441841959953308
1.4770724773406982
1.5127145051956177
1.5491199493408203
1.5867220163345337
1.6260279417037964
1.6676276922225952
1.712179183959961
1.7604060173034668
0.19098301231861115
0.2406037300825119
0.28638410568237305
0.3291562795639038
0.3696703314781189
0.4085899591445923
0.4464755058288574
0.4837966859340668
0.5209259986877441
0.5581580400466919
0.5957079529762268
0.6337301135063171
0.6723184585571289
0.7115216255187988
0.7513443231582642
0.7917590141296387
0.8327076435089111
0.8741105794906616
0.9158692359924316
0.9578724503517151
1.0
1.0421274900436401
1.0841307640075684
1.1258894205093384
1.1672923564910889
1.2082409858703613
1.2486556768417358
1.2884783744812012
1.327681541442871
1.366269826889038
1.4042919874191284
1.441841959953308
1.4790740013122559
1.5162032842636108
1.5535244941711426
1.5914100408554077
1.6303296089172363
1.6708437204360962
1.713615894317627
1.7593963146209717
1.8090169429779053
0.14735983312129974
0.19748333096504211
0.2436564415693283
0.2868424654006958
0.32789716124534607
0.3675638437271118
0.40645483136177063
0.4450707733631134
0.4837966859340668
0.5229275226593018
0.5626688599586487
0.6031593680381775
0.6444722414016724
0.6866326928138733
0.7296193838119507
0.7733772993087769
0.8178197741508484
0.8628379106521606
0.9083031415939331
0.9540741443634033
1.0
1.0459258556365967
1.091696858406067
1.1371620893478394
1.1821802854537964
1.2266227006912231
1.2703806161880493
1.313367247581482
1.3555277585983276
1.3968406915664673
1.437331199645996
1.4770724773406982
1.5162032842636108
1.554929256439209
1.5935451984405518
1.6324361562728882
1.6721028089523315
1.7131575345993042
1.7563436031341553
1.8025166988372803
1.852640151977539
0.10899347811937332
0.15857811272144318
0.20417487621307373
0.24690839648246765
0.28775742650032043
0.32754868268966675
0.36694076657295227
0.40645483136177063
0.4464755058288574
0.4872854948043823
0.5290688872337341
0.5719379782676697
0.6159362196922302
0.6610568761825562
0.7072455883026123
0.7544135451316833
0.80243980884552
0.8511810302734375
0.9004737734794617
0.950141966342926
1.0
1.0498579740524292
1.099526286125183
1.1488189697265625
1.19756019115448
1.2455863952636719
1.2927544116973877
1.3389431238174438
1.384063720703125
1.4280619621276855
1.4709311723709106
1.5127145051956177
1.5535244941711426
1.5935451984405518
1.6330592632293701
1.6724512577056885
1.712242603302002
1.75309157371521
1.7958251237869263
1.8414218425750732
1.8910064697265625
0.07612046599388123
0.1239384338259697
0.16782666742801666
0.20911812782287598
0.24893243610858917
0.28817930817604065
0.32754868268966675
0.3675638437271118
0.4085899591445923
0.4508800208568573
0.4945818781852722
0.5397689342498779
0.5864441394805908
0.6345600485801697
0.6840216517448425
0.7346996665000916
0.7864331007003784
0.8390386700630188
0.8923135995864868
0.9460422992706299
1.0
1.0539577007293701
1.1076864004135132
1.1609612703323364
1.2135668992996216
1.2653003931045532
1.3159784078598022
1.3654398918151855
1.4135558605194092
1.460231065750122
1.505418062210083
1.5491199493408203
1.5914100408554077
1.6324361562728882
1.6724512577056885
1.7118207216262817
1.7510675191879272
1.790881872177124
1.8321733474731445
1.8760615587234497
1.9238795042037964
0.04894348233938217
0.09350071102380753
0.13433837890625
0.17305472493171692
0.21092873811721802
0.24893243610858917
0.28775742650032043
0.32789716124534607
0.3696703314781189
0.41327792406082153
0.45881387591362
0.5062983632087708
0.5556825995445251
0.606869101524353
0.6597143411636353
0.7140419483184814
0.7696450352668762
0.8262953162193298
0.8837456107139587
0.94173663854599
1.0
1.0582633018493652
1.1162543296813965
1.1737046241760254
1.2303550243377686
1.2859580516815186
1.3402856588363647
1.393130898475647
1.44431734085083
1.4937015771865845
1.5411860942840576
1.5867220163345337
1.6303296089172363
1.6721028089523315
1.712242603302002
1.7510675191879272
1.7890713214874268
1.8269453048706055
1.86566162109375
1.9064992666244507
1.9510564804077148
0.02763007953763008
0.06706768274307251
0.10323033481836319
0.1380886286497116
0.17305472493171692
0.20911812782287598
0.24690839648246765
0.2868424654006958
0.3291562795639038
0.37397199869155884
0.4213101267814636
0.47112247347831726
0.5232970714569092
0.5776770114898682
0.6340628862380981
0.6922246813774109
0.7519040703773499
0.8128228187561035
0.874684751033783
0.9371825456619263
1.0
1.0628174543380737
1.1253151893615723
1.1871771812438965
1.2480958700180054
1.3077753782272339
1.3659371137619019
1.4223229885101318
1.4767029285430908
1.5288774967193604
1.5786899328231812
1.6260279417037964
1.6708437204360962
1.7131575345993042
1.75309157371521
1.790881872177124
1.8269453048706055
1.861911416053772
1.896769642829895
1.9329322576522827
1.972369909286499
0.012311659753322601
0.0441143736243248
0.07365554571151733
0.10323033481836319
0.13433837890625
0.16782666742801666
0.20417487621307373
0.2436564415693283
0.28638410568237305
0.3323722779750824
0.3815487027168274
0.4337824285030365
0.4888877272605896
0.5466397404670715
0.606776237487793
0.6690079569816589
0.7330199480056763
0.7984793186187744
0.8650368452072144
0.9323329329490662
1.0
1.067667007446289
1.1349631547927856
1.2015206813812256
1.2669800519943237
1.3309921026229858
1.393223762512207
1.4533601999282837
1.5111122131347656
1.5662175416946411
1.6184512376785278
1.6676276922225952
1.713615894317627
1.7563436031341553
1.7958251237869263
1.8321733474731445
1.86566162109375
1.896769642829895
1.926344394683838
1.955885648727417
1.9876883029937744
0.003082666313275695
0.023739269003272057
0.0441143736243248
0.06706768274307251
0.09350071102380753
0.1239384338259697
0.15857811272144318
0.19748333096504211
0.2406037300825119
0.2878207862377167
0.3389529883861542
0.3937748074531555
0.45201799273490906
0.5133829116821289
0.577538788318634
0.6441320180892944
0.712786853313446
0.7831116318702698
0.8547002673149109
0.9271372556686401
1.0
1.0728627443313599
1.1452996730804443
1.2168883085250854
1.2872130870819092
1.3558679819107056
1.4224612712860107
1.486617088317871
1.5479819774627686
1.6062252521514893
1.6610469818115234
1.712179183959961
1.7593963146209717
1.8025166988372803
1.8414218425750732
1.8760615587234497
1.9064992666244507
1.9329322576522827
1.955885648727417
1.976260781288147
1.9969173669815063
0.0
0.003082666313275695
0.012311659753322601
0.02763007953763008
0.04894348233938217
0.07612046599388123
0.10899347811937332
0.14735983312129974
0.19098301231861115
0.23959402740001678
0.2928932309150696
0.350551962852478
0.4122147560119629
0.47750142216682434
0.5460094809532166
0.6173165440559387
0.69098299741745
0.7665546536445618
0.8435655236244202
0.9215409159660339
1.0
1.0784591436386108
1.156434416770935
1.233445405960083
1.3090169429779053
1.3826833963394165
1.4539904594421387
1.522498607635498
1.587785243988037
1.649448037147522
1.7071068286895752
1.7604060173034668
1.8090169429779053
1.852640151977539
1.8910064697265625
1.9238795042037964
1.9510564804077148
1.972369909286499
1.9876883029937744
1.9969173669815063
2.0
