2.0
1.9969173669815063
1.9876883029937744
1.972369909286499
1.9510564804077148
1.9238795042037964
1.8910064697265625
1.852640151977539
1.8090169429779053
1.7604060173034668
1.7071068286895752
1.649448037147522
1.587785243988037
1.522498607635498
1.4539904594421387
1.3826833963394165
1.3090169429779053
1.233445405960083
1.156434416770935
1.0784591436386108
1.0
0.9215409159660339
0.8435655236244202
0.7665546536445618
0.69098299741745
0.6173165440559387
0.5460094809532166
0.47750142216682434
0.4122147560119629
0.350551962852478
0.2928932309150696
0.23959402740001678
0.19098301231861115
0.14735983312129974
0.10899347811937332
0.07612046599388123
0.04894348233938217
0.02763007953763008
0.012311659753322601
0.003082666313275695
0.0
1.9969173669815063
1.9762712717056274
1.9559028148651123
1.9329540729522705
1.9065241813659668
1.8760883808135986
1.8414498567581177
1.8025450706481934
1.7594244480133057
1.7122066020965576
1.6610732078552246
1.6062498092651367
1.5480046272277832
1.4866375923156738
1.422479271888733
1.355883240699768
1.287225604057312
1.2168978452682495
1.14530611038208
1.0728659629821777
1.0
0.927134096622467
0.8546938896179199
0.7831022143363953
0.712774395942688
0.6441166996955872
0.5775207877159119
0.5133624076843262
0.451995313167572
0.3937501907348633
0.338926762342453
0.2877933979034424
0.24057558178901672
0.19745497405529022
0.15855014324188232
0.12391157448291779
0.09347585588693619
0.06704592704772949
0.04409720003604889
0.02372876927256584
0.003082666313275695
1.9876883029937744
1.9559028148651123
1.926373839378357
1.8968076705932617
1.8657056093215942
1.832221269607544
1.7958754301071167
1.7563947439193726
1.7136669158935547
1.6676775217056274
1.6184990406036377
1.5662624835968018
1.5111536979675293
1.4533977508544922
1.393256664276123
1.3310201168060303
1.267002820968628
1.2015379667282104
1.1349748373031616
1.0676729679107666
1.0
0.9323270916938782
0.8650252223014832
0.7984619736671448
0.7329971194267273
0.6689798831939697
0.6067432761192322
0.5466023087501526
0.4888462722301483
0.43373748660087585
0.3815009593963623
0.33232247829437256
0.2863330841064453
0.24360519647598267
0.2041245698928833
0.16777870059013367
0.13429437577724457
0.10319232940673828
0.07362617552280426
0.04409720003604889
0.012311659753322601
1.972369909286499
1.9329540729522705
1.8968076705932617
1.8619612455368042
1.8270037174224854
1.7909460067749023
1.7531592845916748
1.7132267951965332
1.6709128618240356
1.6260956525802612
1.5787549018859863
1.5289387702941895
1.4767595529556274
1.4223741292953491
1.3659822940826416
1.3078137636184692
1.2481272220611572
1.187200903892517
1.1253312826156616
1.0628255605697632
1.0
0.9371744990348816
0.8746687769889832
0.8127990365028381
0.7518727779388428
0.6921862363815308
0.6340177655220032
0.5776258111000061
0.5232404470443726
0.47106117010116577
0.42124509811401367
0.373904287815094
0.32908710837364197
0.2867732346057892
0.2468407303094864
0.20905394852161407
0.17299629747867584
0.13803869485855103
0.10319232940673828
0.06704592704772949
0.02763007953763008
1.9510564804077148
1.9065241813659668
1.8657056093215942
1.8270037174224854
1.789140224456787
1.7511438131332397
1.7123233079910278
1.6721857786178589
1.6304126977920532
1.5868035554885864
1.541264533996582
1.4937756061553955
1.4443858861923218
1.3931928873062134
1.340340256690979
1.286004662513733
1.2303929328918457
1.1737335920333862
1.1162737607955933
1.0582730770111084
1.0
0.9417268633842468
0.883726179599762
0.8262664675712585
0.7696070671081543
0.7139953374862671
0.6596596837043762
0.6068071126937866
0.5556141138076782
0.5062243342399597
0.45873546600341797
0.4131964147090912
0.3695872724056244
0.3278142809867859
0.28767669200897217
0.24885623157024384
0.21085979044437408
0.17299629747867584
0.13429437577724457
0.09347585588693619
0.04894348233938217
1.9238795042037964
1.8760883808135986
1.832221269607544
1.7909460067749023
1.7511438131332397
1.7119053602218628
1.6725413799285889
1.6325289011001587
1.5915032625198364
1.5492116212844849
1.5055063962936401
1.4603145122528076
1.4136332273483276
1.3655099868774414
1.3160401582717896
1.2653530836105347
1.2136099338531494
1.160994052886963
1.10770845413208
1.0539687871932983
1.0
0.9460312128067017
0.8922915458679199
0.8390060067176819
0.7863901257514954
0.7346469759941101
0.6839598417282104
0.6344900131225586
0.5863667726516724
0.5396854877471924
0.4944935739040375
0.4507884085178375
0.40849676728248596
0.3674710988998413
0.3274586796760559
0.2880946397781372
0.24885623157024384
0.20905394852161407
0.16777870059013367
0.12391157448291779
0.07612046599388123
1.8910064697265625
1.8414498567581177
1.7958754301071167
1.7531592845916748
1.7123233079910278
1.6725413799285889
1.633155345916748
1.593644380569458
1.5536243915557861
1.5128129720687866
1.4710261821746826
1.4281519651412964
1.3841471672058105
1.339018702507019
1.2928211688995361
1.2456433773040771
1.1976066827774048
1.148854374885559
1.0995500087738037
1.0498700141906738
1.0
0.9501299858093262
0.9004499316215515
0.8511456847190857
0.80239337682724
0.7543565630912781
0.7071788311004639
0.660981297492981
0.6158528327941895
0.5718480944633484
0.5289738774299622
0.48718705773353577
0.4463755786418915
0.4063555896282196
0.36684471368789673
0.3274586796760559
0.28767669200897217
0.2468407303094864
0.2041245698928833
0.15855014324188232
0.10899347811937332
1.852640151977539
1.8025450706481934
1.7563947439193726
1.7132267951965332
1.6721857786178589
1.6325289011001587
1.593644380569458
1.5550320148468018
1.51630699634552
1.4771747589111328
1.4374300241470337
1.3969343900680542
1.3556147813796997
1.3134461641311646
1.2704503536224365
1.2266823053359985
1.1822288036346436
1.1371990442276
1.091721773147583
1.0459383726119995
1.0
0.9540615677833557
0.9082782864570618
0.8628009557723999
0.8177711963653564
0.7733177542686462
0.7295496463775635
0.6865537762641907
0.6443852782249451
0.6030656099319458
0.5625699758529663
0.5228252410888672
0.48369303345680237
0.44496801495552063
0.4063555896282196
0.3674710988998413
0.3278142809867859
0.2867732346057892
0.24360519647598267
0.19745497405529022
0.14735983312129974
1.8090169429779053
1.7594244480133057
1.7136669158935547
1.6709128618240356
1.6304126977920532
1.5915032625198364
1.5536243915557861
1.51630699634552
1.479178786277771
1.4419454336166382
1.4043922424316406
1.3663649559020996
1.3277698755264282
1.2885584831237793
1.248726487159729
1.2083015441894531
1.1673418283462524
1.1259269714355469
1.0841561555862427
1.042140245437622
1.0
0.9578596949577332
0.9158439040184021
0.8740729689598083
0.8326582312583923
0.7916985154151917
0.751273512840271
0.7114414572715759
0.6722301840782166
0.6336351037025452
0.5956077575683594
0.558054506778717
0.520821213722229
0.48369303345680237
0.4463755786418915
0.40849676728248596
0.3695872724056244
0.32908710837364197
0.2863330841064453
0.24057558178901672
0.19098301231861115
1.7604060173034668
1.7122066020965576
1.6676775217056274
1.6260956525802612
1.5868035554885864
1.5492116212844849
1.5128129720687866
1.4771747589111328
1.4419454336166382
1.4068403244018555
1.3716437816619873
1.3361947536468506
1.3003867864608765
1.2641552686691284
1.2274760007858276
1.1903553009033203
1.1528280973434448
1.1149498224258423
1.0767940282821655
1.038446068763733
1.0
0.9615539908409119
0.9232059717178345
0.8850501179695129
0.8471718430519104
0.8096446990966797
0.7725239992141724
0.7358447909355164
0.6996131539344788
0.6638053059577942
0.6283562779426575
0.5931596755981445
0.558054506778717
0.5228252410888672
0.48718705773353577
0.4507884085178375
0.4131964147090912
0.373904287815094
0.33232247829437256
0.2877933979034424
0.23959402740001678
1.7071068286895752
1.6610732078552246
1.6184990406036377
1.5787549018859863
1.541264533996582
1.5055063962936401
1.4710261821746826
1.4374300241470337
1.4043922424316406
1.3716437816619873
1.3389755487442017
1.3062262535095215
1.27328360080719
1.24007248878479
1.2065552473068237
1.1727221012115479
1.1385895013809204
1.104193091392517
1.0695855617523193
1.0348305702209473
1.0
0.9651694297790527
0.9304144382476807
0.8958069086074829
0.8614105582237244
0.8272779583930969
0.7934446930885315
0.75992751121521
0.7267163991928101
0.6937737464904785
0.6610245108604431
0.6283562779426575
0.5956077575683594
0.5625699758529663
0.5289738774299622
0.4944935739040375
0.45873546600341797
0.42124509811401367
0.3815009593963623
0.338926762342453
0.2928932309150696
1.649448037147522
1.6062498092651367
1.5662624835968018
1.5289387702941895
1.4937756061553955
1.4603145122528076
1.4281519651412964
1.3969343900680542
1.3663649559020996
1.3361947536468506
1.3062262535095215
1.2763036489486694
1.2463136911392212
1.2161766290664673
1.1858460903167725
1.1553006172180176
1.1245431900024414
1.093593955039978
1.0624884366989136
1.0312726497650146
1.0
0.9687274098396301
0.9375115633010864
0.9064061045646667
0.8754567503929138
0.8446993231773376
0.8141539692878723
0.7838233709335327
0.7536863088607788
0.7236963510513306
0.6937737464904785
0.6638053059577942
0.6336351037025452
0.6030656099319458
0.5718480944633484
0.5396854877471924
0.5062243342399597
0.47106117010116577
0.43373748660087585
0.3937501907348633
0.350551962852478
1.587785243988037
1.5480046272277832
1.5111536979675293
1.4767595529556274
1.4443858861923218
1.4136332273483276
1.3841471672058105
1.3556147813796997
1.3277698755264282
1.3003867864608765
1.27328360080719
1.2463136911392212
1.2193677425384521
1.1923655271530151
1.1652562618255615
1.1380114555358887
1.110623836517334
1.0831021070480347
1.0554686784744263
1.0277551412582397
1.0
0.972244918346405
0.9445313811302185
0.9168978929519653
0.889376163482666
0.8619886040687561
0.8347436785697937
0.8076344728469849
0.7806322574615479
0.7536863088607788
0.7267163991928101
0.6996131539344788
0.6722301840782166
0.6443852782249451
0.6158528327941895
0.5863667726516724
0.5556141138076782
0.5232404470443726
0.4888462722301483
0.451995313167572
0.4122147560119629
1.522498607635498
1.4866375923156738
1.4533977508544922
1.4223741292953491
1.3931928873062134
1.3655099868774414
1.339018702507019
1.3134461641311646
1.2885584831237793
1.2641552686691284
1.24007248878479
1.2161766290664673
1.1923655271530151
1.1685622930526733
1.1447151899337769
1.120792031288147
1.0967793464660645
1.072677493095398
1.0484988689422607
1.0242640972137451
1.0
0.9757359027862549
0.9515011310577393
0.927322506904602
0.9032205939292908
0.879207968711853
0.8552848100662231
0.8314377069473267
0.8076344728469849
0.7838233709335327
0.75992751121521
0.7358447909355164
0.7114414572715759
0.6865537762641907
0.660981297492981
0.6344900131225586
0.6068071126937866
0.5776258111000061
0.5466023087501526
0.5133624076843262
0.47750142216682434
1.4539904594421387
1.422479271888733
1.393256664276123
1.3659822940826416
1.340340256690979
1.3160401582717896
1.2928211688995361
1.2704503536224365
1.248726487159729
1.2274760007858276
1.2065552473068237
1.1858460903167725
1.1652562618255615
1.1447151899337769
1.1241732835769653
1.10359787940979
1.0829719305038452
1.0622903108596802
1.0415586233139038
1.020789384841919
1.0
0.9792106747627258
0.9584413170814514
0.9377096891403198
0.9170281291007996
0.8964021801948547
0.8758266568183899
0.8552848100662231
0.8347436785697937
0.8141539692878723
0.7934446930885315
0.7725239992141724
0.751273512840271
0.7295496463775635
0.7071788311004639
0.6839598417282104
0.6596596837043762
0.6340177655220032
0.6067432761192322
0.5775207877159119
0.5460094809532166
1.3826833963394165
1.355883240699768
1.3310201168060303
1.3078137636184692
1.286004662513733
1.2653530836105347
1.2456433773040771
1.2266823053359985
1.2083015441894531
1.1903553009033203
1.1727221012115479
1.1553006172180176
1.1380114555358887
1.120792031288147
1.10359787940979
1.0863977670669556
1.06917405128479
1.051918864250183
1.034632921218872
1.0173230171203613
1.0
0.9826770424842834
0.9653670191764832
0.9480811357498169
0.9308258891105652
0.9136022329330444
0.8964021801948547
0.879207968711853
0.8619886040687561
0.8446993231773376
0.8272779583930969
0.8096446990966797
0.7916985154151917
0.7733177542686462
0.7543565630912781
0.7346469759941101
0.7139953374862671
0.6921862363815308
0.6689798831939697
0.6441166996955872
0.6173165440559387
1.3090169429779053
1.287225604057312
1.267002820968628
1.2481272220611572
1.2303929328918457
1.2136099338531494
1.1976066827774048
1.1822288036346436
1.1673418283462524
1.1528280973434448
1.1385895013809204
1.1245431900024414
1.110623836517334
1.0967793464660645
1.0829719305038452
1.06917405128479
1.05536949634552
1.0415493249893188
1.0277118682861328
1.0138598680496216
1.0
0.9861400723457336
0.9722881317138672
0.9584506154060364
0.9446304440498352
0.9308258891105652
0.9170281291007996
0.9032205939292908
0.889376163482666
0.8754567503929138
0.8614105582237244
0.8471718430519104
0.8326582312583923
0.8177711963653564
0.80239337682724
0.7863901257514954
0.7696070671081543
0.7518727779388428
0.7329971194267273
0.712774395942688
0.69098299741745
1.233445405960083
1.2168978452682495
1.2015379667282104
1.187200903892517
1.1737335920333862
1.160994052886963
1.148854374885559
1.1371990442276
1.1259269714355469
1.1149498224258423
1.104193091392517
1.093593955039978
1.0831021070480347
1.072677493095398
1.0622903108596802
1.051918864250183
1.0415493249893188
1.031173825263977
1.020789384841919
1.010396957397461
1.0
0.9896030426025391
0.979210615158081
0.9688262343406677
0.9584506154060364
0.9480811357498169
0.9377096891403198
0.927322506904602
0.9168978929519653
0.9064061045646667
0.8958069086074829
0.8850501179695129
0.8740729689598083
0.8628009557723999
0.8511456847190857
0.8390060067176819
0.8262664675712585
0.8127990365028381
0.7984619736671448
0.7831022143363953
0.7665546536445618
1.156434416770935
1.14530611038208
1.1349748373031616
1.1253312826156616
1.1162737607955933
1.10770845413208
1.0995500087738037
1.091721773147583
1.0841561555862427
1.0767940282821655
1.0695855617523193
1.0624884366989136
1.0554686784744263
1.0484988689422607
1.0415586233139038
1.034632921218872
1.0277118682861328
1.020789384841919
1.0138630867004395
1.0069327354431152
1.0
0.9930672645568848
0.9861369729042053
0.979210615158081
0.9722881317138672
0.9653670191764832
0.9584413170814514
0.9515011310577393
0.9445313811302185
0.9375115633010864
0.9304144382476807
0.9232059717178345
0.9158439040184021
0.9082782864570618
0.9004499316215515
0.8922915458679199
0.883726179599762
0.8746687769889832
0.8650252223014832
0.8546938896179199
0.8435655236244202
1.0784591436386108
1.0728659629821777
1.0676729679107666
1.0628255605697632
1.0582730770111084
1.0539687871932983
1.0498700141906738
1.0459383726119995
1.042140245437622
1.038446068763733
1.0348305702209473
1.0312726497650146
1.0277551412582397
1.0242640972137451
1.020789384841919
1.0173230171203613
1.0138598680496216
1.010396957397461
1.0069327354431152
1.0034668445587158
1.0
0.9965331554412842
0.9930672645568848
0.9896030426025391
0.9861400723457336
0.9826770424842834
0.9792106747627258
0.9757359027862549
0.972244918346405
0.9687274098396301
0.9651694297790527
0.9615539908409119
0.9578596949577332
0.9540615677833557
0.9501299858093262
0.9460312128067017
0.9417268633842468
0.9371744990348816
0.9323270916938782
0.927134096622467
0.9215409159660339
1.0
1.0
1.0
1.0
1.0
1.0
1.0
1.0
1.0
1.0
1.0
1.0
1.0
1.0
1.0
1.0
1.0
1.0
1.0
1.0
1.0
1.0
1.0
1.0
1.0
1.0
1.0
1.0
1.0
1.0
1.0
1.0
1.0
1.0
1.0
1.0
1.0
1.0
1.0
1.0
1.0
0.9215409159660339
0.927134096622467
0.9323270916938782
0.9371744990348816
0.9417268633842468
0.9460312128067017
0.9501299858093262
0.9540615677833557
0.9578596949577332
0.9615539908409119
0.9651694297790527
0.9687274098396301
0.972244918346405
0.9757359027862549
0.9792106747627258
0.9826770424842834
0.9861400723457336
0.9896030426025391
0.9930672645568848
0.9965331554412842
1.0
1.0034668445587158
1.0069327354431152
1.010396957397461
1.0138598680496216
1.0173230171203613
1.020789384841919
1.0242640972137451
1.0277551412582397
1.0312726497650146
1.0348305702209473
1.038446068763733
1.042140245437622
1.0459383726119995
1.0498700141906738
1.0539687871932983
1.0582730770111084
1.0628255605697632
1.0676729679107666
1.0728659629821777
1.0784591436386108
0.8435655236244202
0.8546938896179199
0.8650252223014832
0.8746687769889832
0.883726179599762
0.8922915458679199
0.9004499316215515
0.9082782864570618
0.9158439040184021
0.9232059717178345
0.9304144382476807
0.9375115633010864
0.9445313811302185
0.9515011310577393
0.9584413170814514
0.9653670191764832
0.9722881317138672
0.979210615158081
0.9861369729042053
0.9930672645568848
1.0
1.0069327354431152
1.0138630867004395
1.020789384841919
1.0277118682861328
1.034632921218872
1.0415586233139038
1.0484988689422607
1.0554686784744263
1.0624884366989136
1.0695855617523193
1.0767940282821655
1.0841561555862427
1.091721773147583
1.0995500087738037
1.10770845413208
1.1162737607955933
1.1253312826156616
1.1349748373031616
1.14530611038208
1.156434416770935
0.7665546536445618
0.7831022143363953
0.7984619736671448
0.8127990365028381
0.8262664675712585
0.8390060067176819
0.8511456847190857
0.8628009557723999
0.8740729689598083
0.8850501179695129
0.8958069086074829
0.9064061045646667
0.9168978929519653
0.927322506904602
0.9377096891403198
0.9480811357498169
0.9584506154060364
0.9688262343406677
0.979210615158081
0.9896030426025391
1.0
1.010396957397461
1.020789384841919
1.031173825263977
1.0415493249893188
1.051918864250183
1.0622903108596802
1.072677493095398
1.0831021070480347
1.093593955039978
1.104193091392517
1.1149498224258423
1.1259269714355469
1.1371990442276
1.148854374885559
1.160994052886963
1.1737335920333862
1.187200903892517
1.2015379667282104
1.2168978452682495
1.233445405960083
0.69098299741745
0.712774395942688
0.7329971194267273
0.7518727779388428
0.7696070671081543
0.7863901257514954
0.80239337682724
0.8177711963653564
0.8326582312583923
0.8471718430519104
0.8614105582237244
0.8754567503929138
0.889376163482666
0.9032205939292908
0.9170281291007996
0.9308258891105652
0.9446304440498352
0.9584506154060364
0.9722881317138672
0.9861400723457336
1.0
1.0138598680496216
1.0277118682861328
1.0415493249893188
1.05536949634552
1.06917405128479
1.0829719305038452
1.0967793464660645
1.110623836517334
1.1245431900024414
1.1385895013809204
1.1528280973434448
1.1673418283462524
1.1822288036346436
1.1976066827774048
1.2136099338531494
1.2303929328918457
1.2481272220611572
1.267002820968628
1.287225604057312
1.3090169429779053
0.6173165440559387
0.6441166996955872
0.6689798831939697
0.6921862363815308
0.7139953374862671
0.7346469759941101
0.7543565630912781
0.7733177542686462
0.7916985154151917
0.8096446990966797
0.8272779583930969
0.8446993231773376
0.8619886040687561
0.879207968711853
0.8964021801948547
0.9136022329330444
0.9308258891105652
0.9480811357498169
0.9653670191764832
0.9826770424842834
1.0
1.0173230171203613
1.034632921218872
1.051918864250183
1.06917405128479
1.0863977670669556
1.10359787940979
1.120792031288147
1.1380114555358887
1.1553006172180176
1.1727221012115479
1.1903553009033203
1.2083015441894531
1.2266823053359985
1.2456433773040771
1.2653530836105347
1.286004662513733
1.3078137636184692
1.3310201168060303
1.355883240699768
1.3826833963394165
0.5460094809532166
0.5775207877159119
0.6067432761192322
0.6340177655220032
0.6596596837043762
0.6839598417282104
0.7071788311004639
0.7295496463775635
0.751273512840271
0.7725239992141724
0.7934446930885315
0.8141539692878723
0.8347436785697937
0.8552848100662231
0.8758266568183899
0.8964021801948547
0.9170281291007996
0.9377096891403198
0.9584413170814514
0.9792106747627258
1.0
1.020789384841919
1.0415586233139038
1.0622903108596802
1.0829719305038452
1.10359787940979
1.1241732835769653
1.1447151899337769
1.1652562618255615
1.1858460903167725
1.2065552473068237
1.2274760007858276
1.248726487159729
1.2704503536224365
1.2928211688995361
1.3160401582717896
1.340340256690979
1.3659822940826416
1.393256664276123
1.422479271888733
1.4539904594421387
0.47750142216682434
0.5133624076843262
0.5466023087501526
0.5776258111000061
0.6068071126937866
0.6344900131225586
0.660981297492981
0.6865537762641907
0.7114414572715759
0.7358447909355164
0.75992751121521
0.7838233709335327
0.8076344728469849
0.8314377069473267
0.8552848100662231
0.879207968711853
0.9032205939292908
0.927322506904602
0.9515011310577393
0.9757359027862549
1.0
1.0242640972137451
1.0484988689422607
1.072677493095398
1.0967793464660645
1.120792031288147
1.1447151899337769
1.1685622930526733
1.1923655271530151
1.2161766290664673
1.24007248878479
1.2641552686691284
1.2885584831237793
1.3134461641311646
1.339018702507019
1.3655099868774414
1.3931928873062134
1.4223741292953491
1.4533977508544922
1.4866375923156738
1.522498607635498
0.4122147560119629
0.451995313167572
0.4888462722301483
0.5232404470443726
0.5556141138076782
0.5863667726516724
0.6158528327941895
0.6443852782249451
0.6722301840782166
0.6996131539344788
0.7267163991928101
0.7536863088607788
0.7806322574615479
0.8076344728469849
0.8347436785697937
0.8619886040687561
0.889376163482666
0.9168978929519653
0.9445313811302185
0.972244918346405
1.0
1.0277551412582397
1.0554686784744263
1.0831021070480347
1.110623836517334
1.1380114555358887
1.1652562618255615
1.1923655271530151
1.2193677425384521
1.2463136911392212
1.27328360080719
1.3003867864608765
1.3277698755264282
1.3556147813796997
1.3841471672058105
1.4136332273483276
1.4443858861923218
1.4767595529556274
1.5111536979675293
1.5480046272277832
1.587785243988037
0.350551962852478
0.3937501907348633
0.43373748660087585
0.47106117010116577
0.5062243342399597
0.5396854877471924
0.5718480944633484
0.6030656099319458
0.6336351037025452
0.6638053059577942
0.6937737464904785
0.7236963510513306
0.7536863088607788
0.7838233709335327
0.8141539692878723
0.8446993231773376
0.8754567503929138
0.9064061045646667
0.9375115633010864
0.9687274098396301
1.0
1.0312726497650146
1.0624884366989136
1.093593955039978
1.1245431900024414
1.1553006172180176
1.1858460903167725
1.2161766290664673
1.2463136911392212
1.2763036489486694
1.3062262535095215
1.3361947536468506
1.3663649559020996
1.3969343900680542
1.4281519651412964
1.4603145122528076
1.4937756061553955
1.5289387702941895
1.5662624835968018
1.6062498092651367
1.649448037147522
0.2928932309150696
0.338926762342453
0.3815009593963623
0.42124509811401367
0.45873546600341797
0.4944935739040375
0.5289738774299622
0.5625699758529663
0.5956077575683594
0.6283562779426575
0.6610245108604431
0.6937737464904785
0.7267163991928101
0.75992751121521
0.7934446930885315
0.8272779583930969
0.8614105582237244
0.8958069086074829
0.9304144382476807
0.9651694297790527
1.0
1.0348305702209473
1.0695855617523193
1.104193091392517
1.1385895013809204
1.1727221012115479
1.2065552473068237
1.24007248878479
1.27328360080719
1.3062262535095215
1.3389755487442017
1.3716437816619873
1.4043922424316406
1.4374300241470337
1.4710261821746826
1.5055063962936401
1.541264533996582
1.5787549018859863
1.6184990406036377
1.6610732078552246
1.7071068286895752
0.23959402740001678
0.2877933979034424
0.33232247829437256
0.373904287815094
0.4131964147090912
0.4507884085178375
0.48718705773353577
0.5228252410888672
0.558054506778717
0.5931596755981445
0.6283562779426575
0.6638053059577942
0.6996131539344788
0.7358447909355164
0.7725239992141724
0.8096446990966797
0.8471718430519104
0.8850501179695129
0.9232059717178345
0.9615539908409119
1.0
1.038446068763733
1.0767940282821655
1.1149498224258423
1.1528280973434448
1.1903553009033203
1.2274760007858276
1.2641552686691284
1.3003867864608765
1.3361947536468506
1.3716437816619873
1.4068403244018555
1.4419454336166382
1.4771747589111328
1.5128129720687866
1.5492116212844849
1.5868035554885864
1.6260956525802612
1.6676775217056274
1.7122066020965576
1.7604060173034668
0.19098301231861115
0.24057558178901672
0.2863330841064453
0.32908710837364197
0.3695872724056244
0.40849676728248596
0.4463755786418915
0.48369303345680237
0.520821213722229
0.558054506778717
0.5956077575683594
0.6336351037025452
0.6722301840782166
0.7114414572715759
0.751273512840271
0.7916985154151917
0.8326582312583923
0.8740729689598083
0.9158439040184021
0.9578596949577332
1.0
1.042140245437622
1.0841561555862427
1.1259269714355469
1.1673418283462524
1.2083015441894531
1.248726487159729
1.2885584831237793
1.3277698755264282
1.3663649559020996
1.4043922424316406
1.4419454336166382
1.479178786277771
1.51630699634552
1.5536243915557861
1.5915032625198364
1.6304126977920532
1.6709128618240356
1.7136669158935547
1.7594244480133057
1.8090169429779053
0.14735983312129974
0.19745497405529022
0.24360519647598267
0.2867732346057892
0.3278142809867859
0.3674710988998413
0.4063555896282196
0.44496801495552063
0.48369303345680237
0.5228252410888672
0.5625699758529663
0.6030656099319458
0.6443852782249451
0.6865537762641907
0.7295496463775635
0.7733177542686462
0.8177711963653564
0.8628009557723999
0.9082782864570618
0.9540615677833557
1.0
1.0459383726119995
1.091721773147583
1.1371990442276
1.1822288036346436
1.2266823053359985
1.2704503536224365
1.3134461641311646
1.3556147813796997
1.3969343900680542
1.4374300241470337
1.4771747589111328
1.51630699634552
1.5550320148468018
1.593644380569458
1.6325289011001587
1.6721857786178589
1.7132267951965332
1.7563947439193726
1.8025450706481934
1.852640151977539
0.10899347811937332
0.15855014324188232
0.2041245698928833
0.2468407303094864
0.28767669200897217
0.3274586796760559
0.36684471368789673
0.4063555896282196
0.4463755786418915
0.48718705773353577
0.5289738774299622
0.5718480944633484
0.6158528327941895
0.660981297492981
0.7071788311004639
0.7543565630912781
0.80239337682724
0.8511456847190857
0.9004499316215515
0.9501299858093262
1.0
1.0498700141906738
1.0995500087738037
1.148854374885559
1.1976066827774048
1.2456433773040771
1.2928211688995361
1.339018702507019
1.3841471672058105
1.4281519651412964
1.4710261821746826
1.5128129720687866
1.5536243915557861
1.593644380569458
1.633155345916748
1.6725413799285889
1.7123233079910278
1.7531592845916748
1.7958754301071167
1.8414498567581177
1.8910064697265625
0.07612046599388123
0.12391157448291779
0.16777870059013367
0.20905394852161407
0.24885623157024384
0.2880946397781372
0.3274586796760559
0.3674710988998413
0.40849676728248596
0.4507884085178375
0.4944935739040375
0.5396854877471924
0.5863667726516724
0.6344900131225586
0.6839598417282104
0.7346469759941101
0.7863901257514954
0.8390060067176819
0.8922915458679199
0.9460312128067017
1.0
1.0539687871932983
1.10770845413208
1.160994052886963
1.2136099338531494
1.2653530836105347
1.3160401582717896
1.3655099868774414
1.4136332273483276
1.4603145122528076
1.5055063962936401
1.5492116212844849
1.5915032625198364
1.6325289011001587
1.6725413799285889
1.7119053602218628
1.7511438131332397
1.7909460067749023
1.832221269607544
1.8760883808135986
1.9238795042037964
0.04894348233938217
0.09347585588693619
0.13429437577724457
0.17299629747867584
0.21085979044437408
0.24885623157024384
0.28767669200897217
0.3278142809867859
0.3695872724056244
0.4131964147090912
0.45873546600341797
0.5062243342399597
0.5556141138076782
0.6068071126937866
0.6596596837043762
0.7139953374862671
0.7696070671081543
0.8262664675712585
0.883726179599762
0.9417268633842468
1.0
1.0582730770111084
1.1162737607955933
1.1737335920333862
1.2303929328918457
1.286004662513733
1.340340256690979
1.3931928873062134
1.4443858861923218
1.4937756061553955
1.541264533996582
1.5868035554885864
1.6304126977920532
1.6721857786178589
1.7123233079910278
1.7511438131332397
1.789140224456787
1.8270037174224854
1.8657056093215942
1.9065241813659668
1.9510564804077148
0.02763007953763008
0.06704592704772949
0.10319232940673828
0.13803869485855103
0.17299629747867584
0.20905394852161407
0.2468407303094864
0.2867732346057892
0.32908710837364197
0.373904287815094
0.42124509811401367
0.47106117010116577
0.5232404470443726
0.5776258111000061
0.6340177655220032
0.6921862363815308
0.7518727779388428
0.8127990365028381
0.8746687769889832
0.9371744990348816
1.0
1.0628255605697632
1.1253312826156616
1.187200903892517
1.2481272220611572
1.3078137636184692
1.3659822940826416
1.4223741292953491
1.4767595529556274
1.5289387702941895
1.5787549018859863
1.6260956525802612
1.6709128618240356
1.7132267951965332
1.7531592845916748
1.7909460067749023
1.8270037174224854
1.8619612455368042
1.8968076705932617
1.9329540729522705
1.972369909286499
0.012311659753322601
0.04409720003604889
0.07362617552280426
0.10319232940673828
0.13429437577724457
0.16777870059013367
0.2041245698928833
0.24360519647598267
0.2863330841064453
0.33232247829437256
0.3815009593963623
0.43373748660087585
0.4888462722301483
0.5466023087501526
0.6067432761192322
0.6689798831939697
0.7329971194267273
0.7984619736671448
0.8650252223014832
0.9323270916938782
1.0
1.0676729679107666
1.1349748373031616
1.2015379667282104
1.267002820968628
1.3310201168060303
1.393256664276123
1.4533977508544922
1.5111536979675293
1.5662624835968018
1.6184990406036377
1.6676775217056274
1.7136669158935547
1.7563947439193726
1.7958754301071167
1.832221269607544
1.8657056093215942
1.8968076705932617
1.926373839378357
1.9559028148651123
1.9876883029937744
0.003082666313275695
0.02372876927256584
0.04409720003604889
0.06704592704772949
0.09347585588693619
0.12391157448291779
0.15855014324188232
0.19745497405529022
0.24057558178901672
0.2877933979034424
0.338926762342453
0.3937501907348633
0.451995313167572
0.5133624076843262
0.5775207877159119
0.6441166996955872
0.712774395942688
0.7831022143363953
0.8546938896179199
0.927134096622467
1.0
1.0728659629821777
1.14530611038208
1.2168978452682495
1.287225604057312
1.355883240699768
1.422479271888733
1.4866375923156738
1.5480046272277832
1.6062498092651367
1.6610732078552246
1.7122066020965576
1.7594244480133057
1.8025450706481934
1.8414498567581177
1.8760883808135986
1.9065241813659668
1.9329540729522705
1.9559028148651123
1.9762712717056274
1.9969173669815063
0.0
0.003082666313275695
0.012311659753322601
0.02763007953763008
0.04894348233938217
0.07612046599388123
0.10899347811937332
0.14735983312129974
0.19098301231861115
0.23959402740001678
0.2928932309150696
0.350551962852478
0.4122147560119629
0.47750142216682434
0.5460094809532166
0.6173165440559387
0.69098299741745
0.7665546536445618
0.8435655236244202
0.9215409159660339
1.0
1.0784591436386108
1.156434416770935
1.233445405960083
1.3090169429779053
1.3826833963394165
1.4539904594421387
1.522498607635498
1.587785243988037
1.649448037147522
1.7071068286895752
1.7604060173034668
1.8090169429779053
1.852640151977539
1.8910064697265625
1.9238795042037964
1.9510564804077148
1.972369909286499
1.9876883029937744
1.9969173669815063
2.0
