2.0
1.9969173669815063
1.9876883029937744
1.972369909286499
1.9510564804077148
1.9238795042037964
1.8910064697265625
1.852640151977539
1.8090169429779053
1.7604060173034668
1.7071068286895752
1.649448037147522
1.587785243988037
1.522498607635498
1.4539904594421387
1.3826833963394165
1.3090169429779053
1.233445405960083
1.156434416770935
1.0784591436386108
1.0
0.9215409159660339
0.8435655236244202
0.7665546536445618
0.69098299741745
0.6173165440559387
0.5460094809532166
0.47750142216682434
0.4122147560119629
0.350551962852478
0.2928932309150696
0.23959402740001678
0.19098301231861115
0.14735983312129974
0.10899347811937332
0.07612046599388123
0.04894348233938217
0.02763007953763008
0.012311659753322601
0.003082666313275695
0.0
1.9969173669815063
1.9763057231903076
1.9559590816497803
1.9330254793167114
1.9066057205200195
1.8761764764785767
1.8415416479110718
1.802638053894043
1.759516716003418
1.712296485900879
1.6611591577529907
1.6063305139541626
1.5480791330337524
1.486704707145691
1.4225382804870605
1.3559335470199585
1.2872663736343384
1.2169288396835327
1.1453269720077515
1.0728764533996582
1.0
0.9271236062049866
0.8546730279922485
0.7830711603164673
0.7127335667610168
0.6440665125846863
0.5774617791175842
0.5132952928543091
0.45192089676856995
0.3936694264411926
0.3388408124446869
0.2877035140991211
0.24048326909542084
0.19736193120479584
0.1584583967924118
0.12382349371910095
0.09339431673288345
0.06697454303503036
0.04404086992144585
0.023694327101111412
0.003082666313275695
1.9876883029937744
1.9559590816497803
1.926470160484314
1.8969323635101318
1.8658499717712402
1.832378625869751
1.796040415763855
1.7565628290176392
1.713834285736084
1.6678409576416016
1.6186556816101074
1.5664098262786865
1.5112897157669067
1.4535205364227295
1.3933647871017456
1.3311121463775635
1.2670778036117554
1.2015949487686157
1.1350131034851074
1.0676921606063843
1.0
0.9323078393936157
0.8649868965148926
0.7984050512313843
0.7329222559928894
0.6688878536224365
0.6066352128982544
0.5464794635772705
0.4887102544307709
0.4335901141166687
0.38134434819221497
0.3321590721607208
0.286165714263916
0.24343714118003845
0.2039596289396286
0.16762134432792664
0.13415002822875977
0.10306769609451294
0.07352983206510544
0.04404086992144585
0.012311659753322601
1.972369909286499
1.9330254793167114
1.8969323635101318
1.862125039100647
1.8271952867507935
1.791156530380249
1.7533812522888184
1.7134538888931274
1.6711397171020508
1.6263177394866943
1.5789681673049927
1.5291398763656616
1.4769452810287476
1.4225420951843262
1.3661301136016846
1.3079397678375244
1.248229742050171
1.1872789859771729
1.125383734703064
1.062851905822754
1.0
0.9371480941772461
0.874616265296936
0.8127210140228271
0.7517701983451843
0.6920602321624756
0.6338698863983154
0.5774579048156738
0.5230546593666077
0.47086015343666077
0.42103180289268494
0.3736822307109833
0.32886022329330444
0.28654617071151733
0.24661880731582642
0.2088434398174286
0.17280465364456177
0.13787496089935303
0.10306769609451294
0.06697454303503036
0.02763007953763008
1.9510564804077148
1.9066057205200195
1.8658499717712402
1.8271952867507935
1.789366364479065
1.7513936758041382
1.7125880718231201
1.6724575757980347
1.6306852102279663
1.5870709419250488
1.5415217876434326
1.4940184354782104
1.444610595703125
1.3933961391448975
1.3405195474624634
1.2861573696136475
1.2305173873901367
1.173828125
1.116337537765503
1.0583051443099976
1.0
0.9416948556900024
0.8836625218391418
0.8261718153953552
0.7694826126098633
0.7138425707817078
0.6594805121421814
0.6066038012504578
0.5553894639015198
0.5059815645217896
0.45847824215888977
0.41292911767959595
0.3693148195743561
0.32754236459732056
0.28741195797920227
0.24860629439353943
0.21063368022441864
0.17280465364456177
0.13415002822875977
0.09339431673288345
0.04894348233938217
1.9238795042037964
1.8761764764785767
1.832378625869751
1.791156530380249
1.7513936758041382
1.7121829986572266
1.6728365421295166
1.6328331232070923
1.591808795928955
1.5495121479034424
1.5057960748672485
1.4605883359909058
1.4138867855072021
1.3657397031784058
1.3162428140640259
1.2655259370803833
1.2137507200241089
1.161101222038269
1.1077805757522583
1.0540050268173218
1.0
0.9459949731826782
0.8922194242477417
0.8388988375663757
0.7862492203712463
0.7344740629196167
0.6837571859359741
0.6342602968215942
0.5861131548881531
0.5394116640090942
0.49420392513275146
0.4504879117012024
0.40819114446640015
0.3671669065952301
0.327163428068161
0.2878170311450958
0.24860629439353943
0.2088434398174286
0.16762134432792664
0.12382349371910095
0.07612046599388123
1.8910064697265625
1.8415416479110718
1.796040415763855
1.7533812522888184
1.7125880718231201
1.6728365421295166
1.6334702968597412
1.5939699411392212
1.5539520978927612
1.5131357908248901
1.4713377952575684
1.428446888923645
1.3844207525253296
1.3392666578292847
1.2930400371551514
1.2458302974700928
1.1977590322494507
1.1489702463150024
1.0996280908584595
1.049909234046936
1.0
0.9500907063484192
0.9003719091415405
0.8510297536849976
0.8022410273551941
0.754169762134552
0.7069599628448486
0.6607332825660706
0.6155792474746704
0.5715530514717102
0.5286622047424316
0.48686423897743225
0.446047842502594
0.4060301184654236
0.3665296733379364
0.327163428068161
0.28741195797920227
0.24661880731582642
0.2039596289396286
0.1584583967924118
0.10899347811937332
1.852640151977539
1.802638053894043
1.7565628290176392
1.7134538888931274
1.6724575757980347
1.6328331232070923
1.5939699411392212
1.5553690195083618
1.5166469812393188
1.4775102138519287
1.4377543926239014
1.3972417116165161
1.3559000492095947
1.3137050867080688
1.270678997039795
1.2268774509429932
1.1823880672454834
1.1373202800750732
1.0918034315109253
1.0459794998168945
1.0
0.9540205001831055
0.9081966280937195
0.8626797795295715
0.8176119327545166
0.7731224894523621
0.7293210625648499
0.6862949728965759
0.64410001039505
0.6027582883834839
0.5622456669807434
0.5224897265434265
0.48335298895835876
0.4446309804916382
0.4060301184654236
0.3671669065952301
0.32754236459732056
0.28654617071151733
0.24343714118003845
0.19736193120479584
0.14735983312129974
1.8090169429779053
1.759516716003418
1.713834285736084
1.6711397171020508
1.6306852102279663
1.591808795928955
1.5539520978927612
1.5166469812393188
1.4795223474502563
1.4422850608825684
1.4047209024429321
1.366676688194275
1.328059434890747
1.2888214588165283
1.2489588260650635
1.2085000276565552
1.167503833770752
1.126050353050232
1.0842392444610596
1.0421820878982544
1.0
0.9578179121017456
0.9157607555389404
0.8739496469497681
0.8324962258338928
0.7914999723434448
0.7510411143302917
0.7111785411834717
0.6719405651092529
0.6333233714103699
0.5952791571617126
0.5577149987220764
0.5204775929450989
0.48335298895835876
0.446047842502594
0.40819114446640015
0.3693148195743561
0.32886022329330444
0.286165714263916
0.24048326909542084
0.19098301231861115
1.7604060173034668
1.712296485900879
1.6678409576416016
1.6263177394866943
1.5870709419250488
1.5495121479034424
1.5131357908248901
1.4775102138519287
1.4422850608825684
1.40717613697052
1.371969223022461
1.3365037441253662
1.3006740808486938
1.264416217803955
1.227706789970398
1.1905525922775269
1.152989149093628
1.11507248878479
1.0768766403198242
1.0384876728057861
1.0
0.9615123867988586
0.923123300075531
0.88492751121521
0.8470108509063721
0.8094474673271179
0.7722932696342468
0.7355837821960449
0.6993259191513062
0.6634963154792786
0.6280308365821838
0.5928238034248352
0.5577149987220764
0.5224897265434265
0.48686423897743225
0.4504879117012024
0.41292911767959595
0.3736822307109833
0.3321590721607208
0.2877035140991211
0.23959402740001678
1.7071068286895752
1.6611591577529907
1.6186556816101074
1.5789681673049927
1.5415217876434326
1.5057960748672485
1.4713377952575684
1.4377543926239014
1.4047209024429321
1.371969223022461
1.3392910957336426
1.3065261840820312
1.2735625505447388
1.2403260469436646
1.2067795991897583
1.172913908958435
1.1387461423873901
1.1043124198913574
1.0696660280227661
1.034870982170105
1.0
0.9651289582252502
0.9303340315818787
0.8956875801086426
0.8612539172172546
0.8270860910415649
0.7932203412055969
0.7596738934516907
0.7264374494552612
0.6934738755226135
0.6607089042663574
0.6280308365821838
0.5952791571617126
0.5622456669807434
0.5286622047424316
0.49420392513275146
0.45847824215888977
0.42103180289268494
0.38134434819221497
0.3388408124446869
0.2928932309150696
1.649448037147522
1.6063305139541626
1.5664098262786865
1.5291398763656616
1.4940184354782104
1.4605883359909058
1.428446888923645
1.3972417116165161
1.366676688194275
1.3365037441253662
1.3065261840820312
1.276588797569275
1.2465790510177612
1.2164180278778076
1.1860597133636475
1.155483365058899
1.124692440032959
1.09370756149292
1.0625650882720947
1.0313111543655396
1.0
0.9686887860298157
0.9374349117279053
0.9062923789024353
0.8753075003623962
0.8445166349411011
0.8139402866363525
0.7835819721221924
0.753420889377594
0.7234112620353699
0.6934738755226135
0.6634963154792786
0.6333233714103699
0.6027582883834839
0.5715530514717102
0.5394116640090942
0.5059815645217896
0.47086015343666077
0.4335901141166687
0.3936694264411926
0.350551962852478
1.587785243988037
1.5480791330337524
1.5112897157669067
1.4769452810287476
1.444610595703125
1.4138867855072021
1.3844207525253296
1.3559000492095947
1.328059434890747
1.3006740808486938
1.2735625505447388
1.2465790510177612
1.219614863395691
1.1925904750823975
1.1654554605484009
1.1381818056106567
1.1107630729675293
1.0832082033157349
1.0555400848388672
1.0277910232543945
1.0
0.9722089171409607
0.944459855556488
0.9167918562889099
0.8892369270324707
0.8618181943893433
0.8345445990562439
0.8074095249176025
0.7803850769996643
0.753420889377594
0.7264374494552612
0.6993259191513062
0.6719405651092529
0.64410001039505
0.6155792474746704
0.5861131548881531
0.5553894639015198
0.5230546593666077
0.4887102544307709
0.45192089676856995
0.4122147560119629
1.522498607635498
1.486704707145691
1.4535205364227295
1.4225420951843262
1.3933961391448975
1.3657397031784058
1.3392666578292847
1.3137050867080688
1.2888214588165283
1.264416217803955
1.2403260469436646
1.2164180278778076
1.1925904750823975
1.168766975402832
1.1448965072631836
1.120947241783142
1.0969061851501465
1.0727741718292236
1.0485639572143555
1.0242968797683716
1.0
0.9757030606269836
0.9514359831809998
0.9272258877754211
0.9030938148498535
0.8790528178215027
0.8551035523414612
0.831233024597168
0.8074095249176025
0.7835819721221924
0.7596738934516907
0.7355837821960449
0.7111785411834717
0.6862949728965759
0.6607332825660706
0.6342602968215942
0.6066038012504578
0.5774579048156738
0.5464794635772705
0.5132952928543091
0.47750142216682434
1.4539904594421387
1.4225382804870605
1.3933647871017456
1.3661301136016846
1.3405195474624634
1.3162428140640259
1.2930400371551514
1.270678997039795
1.2489588260650635
1.227706789970398
1.2067795991897583
1.1860597133636475
1.1654554605484009
1.1448965072631836
1.1243338584899902
1.103735327720642
1.083084225654602
1.0623760223388672
1.041616439819336
1.0208183526992798
1.0
0.9791815876960754
0.9583835601806641
0.9376240372657776
0.916915774345398
0.8962647318840027
0.875666081905365
0.8551035523414612
0.8345445990562439
0.8139402866363525
0.7932203412055969
0.7722932696342468
0.7510411143302917
0.7293210625648499
0.7069599628448486
0.6837571859359741
0.6594805121421814
0.6338698863983154
0.6066352128982544
0.5774617791175842
0.5460094809532166
1.3826833963394165
1.3559335470199585
1.3311121463775635
1.3079397678375244
1.2861573696136475
1.2655259370803833
1.2458302974700928
1.2268774509429932
1.2085000276565552
1.1905525922775269
1.172913908958435
1.155483365058899
1.1381818056106567
1.120947241783142
1.103735327720642
1.0865154266357422
1.0692702531814575
1.0519921779632568
1.0346823930740356
1.017347812652588
1.0
0.9826521277427673
0.9653176069259644
0.9480077624320984
0.9307296872138977
0.9134845733642578
0.8962647318840027
0.8790528178215027
0.8618181943893433
0.8445166349411011
0.8270860910415649
0.8094474673271179
0.7914999723434448
0.7731224894523621
0.754169762134552
0.7344740629196167
0.7138425707817078
0.6920602321624756
0.6688878536224365
0.6440665125846863
0.6173165440559387
1.3090169429779053
1.2872663736343384
1.2670778036117554
1.248229742050171
1.2305173873901367
1.2137507200241089
1.1977590322494507
1.1823880672454834
1.167503833770752
1.152989149093628
1.1387461423873901
1.124692440032959
1.1107630729675293
1.0969061851501465
1.083084225654602
1.0692702531814575
1.0554481744766235
1.041609287261963
1.0277522802352905
1.0138802528381348
1.0
0.9861197471618652
0.9722477197647095
0.9583906531333923
0.9445518255233765
0.9307296872138977
0.916915774345398
0.9030938148498535
0.8892369270324707
0.8753075003623962
0.8612539172172546
0.8470108509063721
0.8324962258338928
0.8176119327545166
0.8022410273551941
0.7862492203712463
0.7694826126098633
0.7517701983451843
0.7329222559928894
0.7127335667610168
0.69098299741745
1.233445405960083
1.2169288396835327
1.2015949487686157
1.1872789859771729
1.173828125
1.161101222038269
1.1489702463150024
1.1373202800750732
1.126050353050232
1.11507248878479
1.1043124198913574
1.09370756149292
1.0832082033157349
1.0727741718292236
1.0623760223388672
1.0519921779632568
1.041609287261963
1.031219482421875
1.0208202600479126
1.0104124546051025
1.0
0.9895874857902527
0.9791797995567322
0.968780517578125
0.9583906531333923
0.9480077624320984
0.9376240372657776
0.9272258877754211
0.9167918562889099
0.9062923789024353
0.8956875801086426
0.88492751121521
0.8739496469497681
0.8626797795295715
0.8510297536849976
0.8388988375663757
0.8261718153953552
0.8127210140228271
0.7984050512313843
0.7830711603164673
0.7665546536445618
1.156434416770935
1.1453269720077515
1.1350131034851074
1.125383734703064
1.116337537765503
1.1077805757522583
1.0996280908584595
1.0918034315109253
1.0842392444610596
1.0768766403198242
1.0696660280227661
1.0625650882720947
1.0555400848388672
1.0485639572143555
1.041616439819336
1.0346823930740356
1.0277522802352905
1.0208202600479126
1.0138838291168213
1.0069432258605957
1.0
0.9930568337440491
0.9861161708831787
0.9791797995567322
0.9722477197647095
0.9653176069259644
0.9583835601806641
0.9514359831809998
0.944459855556488
0.9374349117279053
0.9303340315818787
0.923123300075531
0.9157607555389404
0.9081966280937195
0.9003719091415405
0.8922194242477417
0.8836625218391418
0.874616265296936
0.8649868965148926
0.8546730279922485
0.8435655236244202
1.0784591436386108
1.0728764533996582
1.0676921606063843
1.062851905822754
1.0583051443099976
1.0540050268173218
1.049909234046936
1.0459794998168945
1.0421820878982544
1.0384876728057861
1.034870982170105
1.0313111543655396
1.0277910232543945
1.0242968797683716
1.0208183526992798
1.017347812652588
1.0138802528381348
1.0104124546051025
1.0069432258605957
1.003472089767456
1.0
0.9965278506278992
0.9930568337440491
0.9895874857902527
0.9861197471618652
0.9826521277427673
0.9791815876960754
0.9757030606269836
0.9722089171409607
0.9686887860298157
0.9651289582252502
0.9615123867988586
0.9578179121017456
0.9540205001831055
0.9500907063484192
0.9459949731826782
0.9416948556900024
0.9371480941772461
0.9323078393936157
0.9271236062049866
0.9215409159660339
1.0
1.0
1.0
1.0
1.0
1.0
1.0
1.0
1.0
1.0
1.0
1.0
1.0
1.0
1.0
1.0
1.0
1.0
1.0
1.0
1.0
1.0
1.0
1.0
1.0
1.0
1.0
1.0
1.0
1.0
1.0
1.0
1.0
1.0
1.0
1.0
1.0
1.0
1.0
1.0
1.0
0.9215409159660339
0.9271236062049866
0.9323078393936157
0.9371480941772461
0.9416948556900024
0.9459949731826782
0.9500907063484192
0.9540205001831055
0.9578179121017456
0.9615123867988586
0.9651289582252502
0.9686887860298157
0.9722089171409607
0.9757030606269836
0.9791815876960754
0.9826521277427673
0.9861197471618652
0.9895874857902527
0.9930568337440491
0.9965278506278992
1.0
1.003472089767456
1.0069432258605957
1.0104124546051025
1.0138802528381348
1.017347812652588
1.0208183526992798
1.0242968797683716
1.0277910232543945
1.0313111543655396
1.034870982170105
1.0384876728057861
1.0421820878982544
1.0459794998168945
1.049909234046936
1.0540050268173218
1.0583051443099976
1.062851905822754
1.0676921606063843
1.0728764533996582
1.0784591436386108
0.8435655236244202
0.8546730279922485
0.8649868965148926
0.874616265296936
0.8836625218391418
0.8922194242477417
0.9003719091415405
0.9081966280937195
0.9157607555389404
0.923123300075531
0.9303340315818787
0.9374349117279053
0.944459855556488
0.9514359831809998
0.9583835601806641
0.9653176069259644
0.9722477197647095
0.9791797995567322
0.9861161708831787
0.9930568337440491
1.0
1.0069432258605957
1.0138838291168213
1.0208202600479126
1.0277522802352905
1.0346823930740356
1.041616439819336
1.0485639572143555
1.0555400848388672
1.0625650882720947
1.0696660280227661
1.0768766403198242
1.0842392444610596
1.0918034315109253
1.0996280908584595
1.1077805757522583
1.116337537765503
1.125383734703064
1.1350131034851074
1.1453269720077515
1.156434416770935
0.7665546536445618
0.7830711603164673
0.7984050512313843
0.8127210140228271
0.8261718153953552
0.8388988375663757
0.8510297536849976
0.8626797795295715
0.8739496469497681
0.88492751121521
0.8956875801086426
0.9062923789024353
0.9167918562889099
0.9272258877754211
0.9376240372657776
0.9480077624320984
0.9583906531333923
0.968780517578125
0.9791797995567322
0.9895874857902527
1.0
1.0104124546051025
1.0208202600479126
1.031219482421875
1.041609287261963
1.0519921779632568
1.0623760223388672
1.0727741718292236
1.0832082033157349
1.09370756149292
1.1043124198913574
1.11507248878479
1.126050353050232
1.1373202800750732
1.1489702463150024
1.161101222038269
1.173828125
1.1872789859771729
1.2015949487686157
1.2169288396835327
1.233445405960083
0.69098299741745
0.7127335667610168
0.7329222559928894
0.7517701983451843
0.7694826126098633
0.7862492203712463
0.8022410273551941
0.8176119327545166
0.8324962258338928
0.8470108509063721
0.8612539172172546
0.8753075003623962
0.8892369270324707
0.9030938148498535
0.916915774345398
0.9307296872138977
0.9445518255233765
0.9583906531333923
0.9722477197647095
0.9861197471618652
1.0
1.0138802528381348
1.0277522802352905
1.041609287261963
1.0554481744766235
1.0692702531814575
1.083084225654602
1.0969061851501465
1.1107630729675293
1.124692440032959
1.1387461423873901
1.152989149093628
1.167503833770752
1.1823880672454834
1.1977590322494507
1.2137507200241089
1.2305173873901367
1.248229742050171
1.2670778036117554
1.2872663736343384
1.3090169429779053
0.6173165440559387
0.6440665125846863
0.6688878536224365
0.6920602321624756
0.7138425707817078
0.7344740629196167
0.754169762134552
0.7731224894523621
0.7914999723434448
0.8094474673271179
0.8270860910415649
0.8445166349411011
0.8618181943893433
0.8790528178215027
0.8962647318840027
0.9134845733642578
0.9307296872138977
0.9480077624320984
0.9653176069259644
0.9826521277427673
1.0
1.017347812652588
1.0346823930740356
1.0519921779632568
1.0692702531814575
1.0865154266357422
1.103735327720642
1.120947241783142
1.1381818056106567
1.155483365058899
1.172913908958435
1.1905525922775269
1.2085000276565552
1.2268774509429932
1.2458302974700928
1.2655259370803833
1.2861573696136475
1.3079397678375244
1.3311121463775635
1.3559335470199585
1.3826833963394165
0.5460094809532166
0.5774617791175842
0.6066352128982544
0.6338698863983154
0.6594805121421814
0.6837571859359741
0.7069599628448486
0.7293210625648499
0.7510411143302917
0.7722932696342468
0.7932203412055969
0.8139402866363525
0.8345445990562439
0.8551035523414612
0.875666081905365
0.8962647318840027
0.916915774345398
0.9376240372657776
0.9583835601806641
0.9791815876960754
1.0
1.0208183526992798
1.041616439819336
1.0623760223388672
1.083084225654602
1.103735327720642
1.1243338584899902
1.1448965072631836
1.1654554605484009
1.1860597133636475
1.2067795991897583
1.227706789970398
1.2489588260650635
1.270678997039795
1.2930400371551514
1.3162428140640259
1.3405195474624634
1.3661301136016846
1.3933647871017456
1.4225382804870605
1.4539904594421387
0.47750142216682434
0.5132952928543091
0.5464794635772705
0.5774579048156738
0.6066038012504578
0.6342602968215942
0.6607332825660706
0.6862949728965759
0.7111785411834717
0.7355837821960449
0.7596738934516907
0.7835819721221924
0.8074095249176025
0.831233024597168
0.8551035523414612
0.8790528178215027
0.9030938148498535
0.9272258877754211
0.9514359831809998
0.9757030606269836
1.0
1.0242968797683716
1.0485639572143555
1.0727741718292236
1.0969061851501465
1.120947241783142
1.1448965072631836
1.168766975402832
1.1925904750823975
1.2164180278778076
1.2403260469436646
1.264416217803955
1.2888214588165283
1.3137050867080688
1.3392666578292847
1.3657397031784058
1.3933961391448975
1.4225420951843262
1.4535205364227295
1.486704707145691
1.522498607635498
0.4122147560119629
0.45192089676856995
0.4887102544307709
0.5230546593666077
0.5553894639015198
0.5861131548881531
0.6155792474746704
0.64410001039505
0.6719405651092529
0.6993259191513062
0.7264374494552612
0.753420889377594
0.7803850769996643
0.8074095249176025
0.8345445990562439
0.8618181943893433
0.8892369270324707
0.9167918562889099
0.944459855556488
0.9722089171409607
1.0
1.0277910232543945
1.0555400848388672
1.0832082033157349
1.1107630729675293
1.1381818056106567
1.1654554605484009
1.1925904750823975
1.219614863395691
1.2465790510177612
1.2735625505447388
1.3006740808486938
1.328059434890747
1.3559000492095947
1.3844207525253296
1.4138867855072021
1.444610595703125
1.4769452810287476
1.5112897157669067
1.5480791330337524
1.587785243988037
0.350551962852478
0.3936694264411926
0.4335901141166687
0.47086015343666077
0.5059815645217896
0.5394116640090942
0.5715530514717102
0.6027582883834839
0.6333233714103699
0.6634963154792786
0.6934738755226135
0.7234112620353699
0.753420889377594
0.7835819721221924
0.8139402866363525
0.8445166349411011
0.8753075003623962
0.9062923789024353
0.9374349117279053
0.9686887860298157
1.0
1.0313111543655396
1.0625650882720947
1.09370756149292
1.124692440032959
1.155483365058899
1.1860597133636475
1.2164180278778076
1.2465790510177612
1.276588797569275
1.3065261840820312
1.3365037441253662
1.366676688194275
1.3972417116165161
1.428446888923645
1.4605883359909058
1.4940184354782104
1.5291398763656616
1.5664098262786865
1.6063305139541626
1.649448037147522
0.2928932309150696
0.3388408124446869
0.38134434819221497
0.42103180289268494
0.45847824215888977
0.49420392513275146
0.5286622047424316
0.5622456669807434
0.5952791571617126
0.6280308365821838
0.6607089042663574
0.6934738755226135
0.7264374494552612
0.7596738934516907
0.7932203412055969
0.8270860910415649
0.8612539172172546
0.8956875801086426
0.9303340315818787
0.9651289582252502
1.0
1.034870982170105
1.0696660280227661
1.1043124198913574
1.1387461423873901
1.172913908958435
1.2067795991897583
1.2403260469436646
1.2735625505447388
1.3065261840820312
1.3392910957336426
1.371969223022461
1.4047209024429321
1.4377543926239014
1.4713377952575684
1.5057960748672485
1.5415217876434326
1.5789681673049927
1.6186556816101074
1.6611591577529907
1.7071068286895752
0.23959402740001678
0.2877035140991211
0.3321590721607208
0.3736822307109833
0.41292911767959595
0.4504879117012024
0.48686423897743225
0.5224897265434265
0.5577149987220764
0.5928238034248352
0.6280308365821838
0.6634963154792786
0.6993259191513062
0.7355837821960449
0.7722932696342468
0.8094474673271179
0.8470108509063721
0.88492751121521
0.923123300075531
0.9615123867988586
1.0
1.0384876728057861
1.0768766403198242
1.11507248878479
1.152989149093628
1.1905525922775269
1.227706789970398
1.264416217803955
1.3006740808486938
1.3365037441253662
1.371969223022461
1.40717613697052
1.4422850608825684
1.4775102138519287
1.5131357908248901
1.5495121479034424
1.5870709419250488
1.6263177394866943
1.6678409576416016
1.712296485900879
1.7604060173034668
0.19098301231861115
0.24048326909542084
0.286165714263916
0.32886022329330444
0.3693148195743561
0.40819114446640015
0.446047842502594
0.48335298895835876
0.5204775929450989
0.5577149987220764
0.5952791571617126
0.6333233714103699
0.6719405651092529
0.7111785411834717
0.7510411143302917
0.7914999723434448
0.8324962258338928
0.8739496469497681
0.9157607555389404
0.9578179121017456
1.0
1.0421820878982544
1.0842392444610596
1.126050353050232
1.167503833770752
1.2085000276565552
1.2489588260650635
1.2888214588165283
1.328059434890747
1.366676688194275
1.4047209024429321
1.4422850608825684
1.4795223474502563
1.5166469812393188
1.5539520978927612
1.591808795928955
1.6306852102279663
1.6711397171020508
1.713834285736084
1.759516716003418
1.8090169429779053
0.14735983312129974
0.19736193120479584
0.24343714118003845
0.28654617071151733
0.32754236459732056
0.3671669065952301
0.4060301184654236
0.4446309804916382
0.48335298895835876
0.5224897265434265
0.5622456669807434
0.6027582883834839
0.64410001039505
0.6862949728965759
0.7293210625648499
0.7731224894523621
0.8176119327545166
0.8626797795295715
0.9081966280937195
0.9540205001831055
1.0
1.0459794998168945
1.0918034315109253
1.1373202800750732
1.1823880672454834
1.2268774509429932
1.270678997039795
1.3137050867080688
1.3559000492095947
1.3972417116165161
1.4377543926239014
1.4775102138519287
1.5166469812393188
1.5553690195083618
1.5939699411392212
1.6328331232070923
1.6724575757980347
1.7134538888931274
1.7565628290176392
1.802638053894043
1.852640151977539
0.10899347811937332
0.1584583967924118
0.2039596289396286
0.24661880731582642
0.28741195797920227
0.327163428068161
0.3665296733379364
0.4060301184654236
0.446047842502594
0.48686423897743225
0.5286622047424316
0.5715530514717102
0.6155792474746704
0.6607332825660706
0.7069599628448486
0.754169762134552
0.8022410273551941
0.8510297536849976
0.9003719091415405
0.9500907063484192
1.0
1.049909234046936
1.0996280908584595
1.1489702463150024
1.1977590322494507
1.2458302974700928
1.2930400371551514
1.3392666578292847
1.3844207525253296
1.428446888923645
1.4713377952575684
1.5131357908248901
1.5539520978927612
1.5939699411392212
1.6334702968597412
1.6728365421295166
1.7125880718231201
1.7533812522888184
1.796040415763855
1.8415416479110718
1.8910064697265625
0.07612046599388123
0.12382349371910095
0.16762134432792664
0.2088434398174286
0.24860629439353943
0.2878170311450958
0.327163428068161
0.3671669065952301
0.40819114446640015
0.4504879117012024
0.49420392513275146
0.5394116640090942
0.5861131548881531
0.6342602968215942
0.6837571859359741
0.7344740629196167
0.7862492203712463
0.8388988375663757
0.8922194242477417
0.9459949731826782
1.0
1.0540050268173218
1.1077805757522583
1.161101222038269
1.2137507200241089
1.2655259370803833
1.3162428140640259
1.3657397031784058
1.4138867855072021
1.4605883359909058
1.5057960748672485
1.5495121479034424
1.591808795928955
1.6328331232070923
1.6728365421295166
1.7121829986572266
1.7513936758041382
1.791156530380249
1.832378625869751
1.8761764764785767
1.9238795042037964
0.04894348233938217
0.09339431673288345
0.13415002822875977
0.17280465364456177
0.21063368022441864
0.24860629439353943
0.28741195797920227
0.32754236459732056
0.3693148195743561
0.41292911767959595
0.45847824215888977
0.5059815645217896
0.5553894639015198
0.6066038012504578
0.6594805121421814
0.7138425707817078
0.7694826126098633
0.8261718153953552
0.8836625218391418
0.9416948556900024
1.0
1.0583051443099976
1.116337537765503
1.173828125
1.2305173873901367
1.2861573696136475
1.3405195474624634
1.3933961391448975
1.444610595703125
1.4940184354782104
1.5415217876434326
1.5870709419250488
1.6306852102279663
1.6724575757980347
1.7125880718231201
1.7513936758041382
1.789366364479065
1.8271952867507935
1.8658499717712402
1.9066057205200195
1.9510564804077148
0.02763007953763008
0.06697454303503036
0.10306769609451294
0.13787496089935303
0.17280465364456177
0.2088434398174286
0.24661880731582642
0.28654617071151733
0.32886022329330444
0.3736822307109833
0.42103180289268494
0.47086015343666077
0.5230546593666077
0.5774579048156738
0.6338698863983154
0.6920602321624756
0.7517701983451843
0.8127210140228271
0.874616265296936
0.9371480941772461
1.0
1.062851905822754
1.125383734703064
1.1872789859771729
1.248229742050171
1.3079397678375244
1.3661301136016846
1.4225420951843262
1.4769452810287476
1.5291398763656616
1.5789681673049927
1.6263177394866943
1.6711397171020508
1.7134538888931274
1.7533812522888184
1.791156530380249
1.8271952867507935
1.862125039100647
1.8969323635101318
1.9330254793167114
1.972369909286499
0.012311659753322601
0.04404086992144585
0.07352983206510544
0.10306769609451294
0.13415002822875977
0.16762134432792664
0.2039596289396286
0.24343714118003845
0.286165714263916
0.3321590721607208
0.38134434819221497
0.4335901141166687
0.4887102544307709
0.5464794635772705
0.6066352128982544
0.6688878536224365
0.7329222559928894
0.7984050512313843
0.8649868965148926
0.9323078393936157
1.0
1.0676921606063843
1.1350131034851074
1.2015949487686157
1.2670778036117554
1.3311121463775635
1.3933647871017456
1.4535205364227295
1.5112897157669067
1.5664098262786865
1.6186556816101074
1.6678409576416016
1.713834285736084
1.7565628290176392
1.796040415763855
1.832378625869751
1.8658499717712402
1.8969323635101318
1.926470160484314
1.9559590816497803
1.9876883029937744
0.003082666313275695
0.023694327101111412
0.04404086992144585
0.06697454303503036
0.09339431673288345
0.12382349371910095
0.1584583967924118
0.19736193120479584
0.24048326909542084
0.2877035140991211
0.3388408124446869
0.3936694264411926
0.45192089676856995
0.5132952928543091
0.5774617791175842
0.6440665125846863
0.7127335667610168
0.7830711603164673
0.8546730279922485
0.9271236062049866
1.0
1.0728764533996582
1.1453269720077515
1.2169288396835327
1.2872663736343384
1.3559335470199585
1.4225382804870605
1.486704707145691
1.5480791330337524
1.6063305139541626
1.6611591577529907
1.712296485900879
1.759516716003418
1.802638053894043
1.8415416479110718
1.8761764764785767
1.9066057205200195
1.9330254793167114
1.9559590816497803
1.9763057231903076
1.9969173669815063
0.0
0.003082666313275695
0.012311659753322601
0.02763007953763008
0.04894348233938217
0.07612046599388123
0.10899347811937332
0.14735983312129974
0.19098301231861115
0.23959402740001678
0.2928932309150696
0.350551962852478
0.4122147560119629
0.47750142216682434
0.5460094809532166
0.6173165440559387
0.69098299741745
0.7665546536445618
0.8435655236244202
0.9215409159660339
1.0
1.0784591436386108
1.156434416770935
1.233445405960083
1.3090169429779053
1.3826833963394165
1.4539904594421387
1.522498607635498
1.587785243988037
1.649448037147522
1.7071068286895752
1.7604060173034668
1.8090169429779053
1.852640151977539
1.8910064697265625
1.9238795042037964
1.9510564804077148
1.972369909286499
1.9876883029937744
1.9969173669815063
2.0
