2.0
1.9969173669815063
1.9876883029937744
1.972369909286499
1.9510564804077148
1.9238795042037964
1.8910064697265625
1.852640151977539
1.8090169429779053
1.7604060173034668
1.7071068286895752
1.649448037147522
1.587785243988037
1.522498607635498
1.4539904594421387
1.3826833963394165
1.3090169429779053
1.233445405960083
1.156434416770935
1.0784591436386108
1.0
0.9215409159660339
0.8435655236244202
0.7665546536445618
0.69098299741745
0.6173165440559387
0.5460094809532166
0.47750142216682434
0.4122147560119629
0.350551962852478
0.2928932309150696
0.23959402740001678
0.19098301231861115
0.14735983312129974
0.10899347811937332
0.07612046599388123
0.04894348233938217
0.02763007953763008
0.012311659753322601
0.003082666313275695
0.0
1.9969173669815063
1.9761760234832764
1.955747127532959
1.932756781578064
1.9062987565994263
1.875844955444336
1.8411962985992432
1.8022879362106323
1.7591692209243774
1.7119581699371338
1.66083562374115
1.6060266494750977
1.547798991203308
1.4864519834518433
1.422316074371338
1.355744481086731
1.2871127128601074
1.216812014579773
1.1452484130859375
1.072836995124817
1.0
0.9271630644798279
0.8547515869140625
0.7831879258155823
0.7128872871398926
0.644255518913269
0.5776839256286621
0.513547956943512
0.4522010087966919
0.39397335052490234
0.3391643464565277
0.2880418300628662
0.24083074927330017
0.19771212339401245
0.15880374610424042
0.12415505945682526
0.09370122849941254
0.06724321842193604
0.0442529059946537
0.023823969066143036
0.003082666313275695
1.9876883029937744
1.955747127532959
1.9261075258255005
1.89646315574646
1.8653066158294678
1.8317863941192627
1.795419454574585
1.7559303045272827
1.713204264640808
1.6672258377075195
1.6180661916732788
1.5658551454544067
1.5107778310775757
1.4530582427978516
1.3929579257965088
1.330765724182129
1.2667958736419678
1.201380729675293
1.1348689794540405
1.0676196813583374
1.0
0.9323802590370178
0.8651310205459595
0.798619270324707
0.7332041263580322
0.6692342758178711
0.6070420742034912
0.5469418168067932
0.4892222285270691
0.4341448247432709
0.3819338381290436
0.3327741026878357
0.2867956757545471
0.24406974017620087
0.20458053052425385
0.1682136356830597
0.13469332456588745
0.10353683680295944
0.07389247417449951
0.0442529059946537
0.012311659753322601
1.972369909286499
1.932756781578064
1.89646315574646
1.8615087270736694
1.8264739513397217
1.790364146232605
1.7525458335876465
1.7125991582870483
1.6702858209609985
1.6254818439483643
1.5781654119491577
1.5283831357955933
1.4762461185455322
1.4219099283218384
1.3655734062194824
1.3074654340744019
1.247843623161316
1.1869853734970093
1.1251860857009888
1.062752604484558
1.0
0.9372473955154419
0.8748138546943665
0.8130146265029907
0.7521564364433289
0.6925345659255981
0.6344265937805176
0.5780900716781616
0.5237539410591125
0.47161683440208435
0.4218345880508423
0.37451809644699097
0.32971417903900146
0.28740087151527405
0.24745415151119232
0.20963582396507263
0.17352598905563354
0.13849128782749176
0.10353683680295944
0.06724321842193604
0.02763007953763008
1.9510564804077148
1.9062987565994263
1.8653066158294678
1.8264739513397217
1.7885152101516724
1.7504528760910034
1.7115914821624756
1.6714341640472412
1.629659652709961
1.5860646963119507
1.5405535697937012
1.4931044578552246
1.4437648057937622
1.392630934715271
1.3398449420928955
1.2855823040008545
1.2300488948822021
1.1734719276428223
1.1160976886749268
1.0581845045089722
1.0
0.9418154358863831
0.8839023113250732
0.8265280723571777
0.7699511051177979
0.7144176363945007
0.6601549983024597
0.6073691248893738
0.556235134601593
0.5068954825401306
0.45944643020629883
0.4139353036880493
0.37034034729003906
0.3285658061504364
0.28840845823287964
0.2495470643043518
0.21148480474948883
0.17352598905563354
0.13469332456588745
0.09370122849941254
0.04894348233938217
1.9238795042037964
1.875844955444336
1.8317863941192627
1.790364146232605
1.7504528760910034
1.7111380100250244
1.6717252731323242
1.6316879987716675
1.59065842628479
1.548380970954895
1.5047059059143066
1.4595577716827393
1.4129321575164795
1.3648749589920044
1.3154799938201904
1.2648751735687256
1.213220477104187
1.1606978178024292
1.1075090169906616
1.0538684129714966
1.0
0.9461315870285034
0.8924910426139832
0.8393022418022156
0.7867795825004578
0.7351247668266296
0.6845200061798096
0.6351250410079956
0.5870679020881653
0.5404422879219055
0.49529415369033813
0.4516189694404602
0.4093415439128876
0.36831194162368774
0.32827478647232056
0.28886204957962036
0.2495470643043518
0.20963582396507263
0.1682136356830597
0.12415505945682526
0.07612046599388123
1.8910064697265625
1.8411962985992432
1.795419454574585
1.7525458335876465
1.7115914821624756
1.6717252731323242
1.6322845220565796
1.5927447080612183
1.5527185201644897
1.5119205713272095
1.4701646566390991
1.427336573600769
1.38339102268219
1.338333249092102
1.2922160625457764
1.2451269626617432
1.1971855163574219
1.1485339403152466
1.0993342399597168
1.049761414527893
1.0
0.9502385854721069
0.9006657600402832
0.8514661192893982
0.8028144836425781
0.7548730373382568
0.7077839374542236
0.661666750907898
0.6166089773178101
0.5726634860038757
0.5298352837562561
0.48807939887046814
0.44728147983551025
0.40725523233413696
0.3677155077457428
0.32827478647232056
0.28840845823287964
0.24745415151119232
0.20458053052425385
0.15880374610424042
0.10899347811937332
1.852640151977539
1.8022879362106323
1.7559303045272827
1.7125991582870483
1.6714341640472412
1.6316879987716675
1.5927447080612183
1.5541003942489624
1.515367031097412
1.4762474298477173
1.4365335702896118
1.3960847854614258
1.3548262119293213
1.3127307891845703
1.2698184251785278
1.2261426448822021
1.1817885637283325
1.1368639469146729
1.0914959907531738
1.0458248853683472
1.0
0.9541751146316528
0.9085039496421814
0.8631360530853271
0.8182113766670227
0.7738574147224426
0.7301815748214722
0.6872692108154297
0.6451738476753235
0.6039151549339294
0.5634664297103882
0.5237525701522827
0.4846329391002655
0.44589963555336
0.40725523233413696
0.36831194162368774
0.3285658061504364
0.28740087151527405
0.24406974017620087
0.19771212339401245
0.14735983312129974
1.8090169429779053
1.7591692209243774
1.713204264640808
1.6702858209609985
1.629659652709961
1.59065842628479
1.5527185201644897
1.515367031097412
1.4782289266586304
1.4410070180892944
1.4034838676452637
1.3655033111572266
1.3269693851470947
1.2878317832946777
1.2480841875076294
1.2077527046203613
1.1668939590454102
1.1255860328674316
1.0839264392852783
1.0420247316360474
1.0
0.9579752683639526
0.9160736203193665
0.8744139075279236
0.8331060409545898
0.7922472357749939
0.7519158124923706
0.712168276309967
0.67303067445755
0.6344967484474182
0.5965161323547363
0.5589930415153503
0.5217710733413696
0.4846329391002655
0.44728147983551025
0.4093415439128876
0.37034034729003906
0.32971417903900146
0.2867956757545471
0.24083074927330017
0.19098301231861115
1.7604060173034668
1.7119581699371338
1.6672258377075195
1.6254818439483643
1.5860646963119507
1.548380970954895
1.5119205713272095
1.4762474298477173
1.4410070180892944
1.4059118032455444
1.370744228363037
1.3353406190872192
1.2995927333831787
1.263433814048767
1.2268381118774414
1.189810037612915
1.1523830890655518
1.1146109104156494
1.0765656232833862
1.038331151008606
1.0
0.9616689085960388
0.9234343767166138
0.8853890895843506
0.8476169109344482
0.8101899027824402
0.7731618881225586
0.7365661263465881
0.7004072070121765
0.6646593809127808
0.6292558312416077
0.5940881371498108
0.5589930415153503
0.5237525701522827
0.48807939887046814
0.4516189694404602
0.4139353036880493
0.37451809644699097
0.3327741026878357
0.2880418300628662
0.23959402740001678
1.7071068286895752
1.66083562374115
1.6180661916732788
1.5781654119491577
1.5405535697937012
1.5047059059143066
1.4701646566390991
1.4365335702896118
1.4034838676452637
1.370744228363037
1.338103175163269
1.305397391319275
1.272512435913086
1.2393715381622314
1.2059351205825806
1.172191858291626
1.138156533241272
1.10386323928833
1.0693632364273071
1.034718632698059
1.0
0.9652813076972961
0.9306367039680481
0.8961367011070251
0.8618435263633728
0.8278082013130188
0.7940648198127747
0.7606285214424133
0.7274875640869141
0.6946026086807251
0.6618968844413757
0.6292558312416077
0.5965161323547363
0.5634664297103882
0.5298352837562561
0.49529415369033813
0.45944643020629883
0.4218345880508423
0.3819338381290436
0.3391643464565277
0.2928932309150696
1.649448037147522
1.6060266494750977
1.5658551454544067
1.5283831357955933
1.4931044578552246
1.4595577716827393
1.427336573600769
1.3960847854614258
1.3655033111572266
1.3353406190872192
1.305397391319275
1.2755154371261597
1.2455799579620361
1.2155094146728516
1.185255527496338
1.154795527458191
1.1241307258605957
1.0932796001434326
1.0622766017913818
1.0311659574508667
1.0
0.9688339829444885
0.9377234578132629
0.9067203998565674
0.8758692741394043
0.8452044129371643
0.8147444128990173
0.7844905853271484
0.7544199824333191
0.7244845032691956
0.6946026086807251
0.6646593809127808
0.6344967484474182
0.6039151549339294
0.5726634860038757
0.5404422879219055
0.5068954825401306
0.47161683440208435
0.4341448247432709
0.39397335052490234
0.350551962852478
1.587785243988037
1.547798991203308
1.5107778310775757
1.4762461185455322
1.4437648057937622
1.4129321575164795
1.38339102268219
1.3548262119293213
1.3269693851470947
1.2995927333831787
1.272512435913086
1.2455799579620361
1.218684434890747
1.1917438507080078
1.1647058725357056
1.1375404596328735
1.1102391481399536
1.0828089714050293
1.055271029472351
1.0276556015014648
1.0
0.9723443984985352
0.9447290301322937
0.9171910881996155
0.8897608518600464
0.8624594807624817
0.8352940678596497
0.8082561492919922
0.7813155651092529
0.7544199824333191
0.7274875640869141
0.7004072070121765
0.67303067445755
0.6451738476753235
0.6166089773178101
0.5870679020881653
0.556235134601593
0.5237539410591125
0.4892222285270691
0.4522010087966919
0.4122147560119629
1.522498607635498
1.4864519834518433
1.4530582427978516
1.4219099283218384
1.392630934715271
1.3648749589920044
1.338333249092102
1.3127307891845703
1.2878317832946777
1.263433814048767
1.2393715381622314
1.2155094146728516
1.1917438507080078
1.1679964065551758
1.1442140340805054
1.1203632354736328
1.0964289903640747
1.0724104642868042
1.0483187437057495
1.0241734981536865
1.0
0.9758265018463135
0.9516811966896057
0.9275895953178406
0.9035710096359253
0.879636824131012
0.8557859063148499
0.8320035338401794
0.8082561492919922
0.7844905853271484
0.7606285214424133
0.7365661263465881
0.712168276309967
0.6872692108154297
0.661666750907898
0.6351250410079956
0.6073691248893738
0.5780900716781616
0.5469418168067932
0.513547956943512
0.47750142216682434
1.4539904594421387
1.422316074371338
1.3929579257965088
1.3655734062194824
1.3398449420928955
1.3154799938201904
1.2922160625457764
1.2698184251785278
1.2480841875076294
1.2268381118774414
1.2059351205825806
1.185255527496338
1.1647058725357056
1.1442140340805054
1.1237294673919678
1.1032178401947021
1.0826613903045654
1.0620536804199219
1.0413991212844849
1.0207090377807617
1.0
0.9792910218238831
0.9586009383201599
0.9379463791847229
0.9173386693000793
0.8967821598052979
0.8762705326080322
0.8557859063148499
0.8352940678596497
0.8147444128990173
0.7940648198127747
0.7731618881225586
0.7519158124923706
0.7301815748214722
0.7077839374542236
0.6845200061798096
0.6601549983024597
0.6344265937805176
0.6070420742034912
0.5776839256286621
0.5460094809532166
1.3826833963394165
1.355744481086731
1.330765724182129
1.3074654340744019
1.2855823040008545
1.2648751735687256
1.2451269626617432
1.2261426448822021
1.2077527046203613
1.189810037612915
1.172191858291626
1.154795527458191
1.1375404596328735
1.1203632354736328
1.1032178401947021
1.0860724449157715
1.0689082145690918
1.0517162084579468
1.0344963073730469
1.017254114151001
1.0
0.9827458262443542
0.9655037522315979
0.9482837915420532
0.9310917854309082
0.9139275550842285
0.8967821598052979
0.879636824131012
0.8624594807624817
0.8452044129371643
0.8278082013130188
0.8101899027824402
0.7922472357749939
0.7738574147224426
0.7548730373382568
0.7351247668266296
0.7144176363945007
0.6925345659255981
0.6692342758178711
0.644255518913269
0.6173165440559387
1.3090169429779053
1.2871127128601074
1.2667958736419678
1.247843623161316
1.2300488948822021
1.213220477104187
1.1971855163574219
1.1817885637283325
1.1668939590454102
1.1523830890655518
1.138156533241272
1.1241307258605957
1.1102391481399536
1.0964289903640747
1.0826613903045654
1.0689082145690918
1.055152177810669
1.0413836240768433
1.0276000499725342
1.0138036012649536
1.0
0.9861963391304016
0.972399890422821
0.9586163759231567
0.944847822189331
0.9310917854309082
0.9173386693000793
0.9035710096359253
0.8897608518600464
0.8758692741394043
0.8618435263633728
0.8476169109344482
0.8331060409545898
0.8182113766670227
0.8028144836425781
0.7867795825004578
0.7699511051177979
0.7521564364433289
0.7332041263580322
0.7128872871398926
0.69098299741745
1.233445405960083
1.216812014579773
1.201380729675293
1.1869853734970093
1.1734719276428223
1.1606978178024292
1.1485339403152466
1.1368639469146729
1.1255860328674316
1.1146109104156494
1.10386323928833
1.0932796001434326
1.0828089714050293
1.0724104642868042
1.0620536804199219
1.0517162084579468
1.0413836240768433
1.0310474634170532
1.0207041501998901
1.0103540420532227
1.0
0.9896458983421326
0.9792958498001099
0.9689525961875916
0.9586163759231567
0.9482837915420532
0.9379463791847229
0.9275895953178406
0.9171910881996155
0.9067203998565674
0.8961367011070251
0.8853890895843506
0.8744139075279236
0.8631360530853271
0.8514661192893982
0.8393022418022156
0.8265280723571777
0.8130146265029907
0.798619270324707
0.7831879258155823
0.7665546536445618
1.156434416770935
1.1452484130859375
1.1348689794540405
1.1251860857009888
1.1160976886749268
1.1075090169906616
1.0993342399597168
1.0914959907531738
1.0839264392852783
1.0765656232833862
1.0693632364273071
1.0622766017913818
1.055271029472351
1.0483187437057495
1.0413991212844849
1.0344963073730469
1.0276000499725342
1.0207041501998901
1.013805627822876
1.0069037675857544
1.0
0.9930962324142456
0.9861944317817688
0.9792958498001099
0.972399890422821
0.9655037522315979
0.9586009383201599
0.9516811966896057
0.9447290301322937
0.9377234578132629
0.9306367039680481
0.9234343767166138
0.9160736203193665
0.9085039496421814
0.9006657600402832
0.8924910426139832
0.8839023113250732
0.8748138546943665
0.8651310205459595
0.8547515869140625
0.8435655236244202
1.0784591436386108
1.072836995124817
1.0676196813583374
1.062752604484558
1.0581845045089722
1.0538684129714966
1.049761414527893
1.0458248853683472
1.0420247316360474
1.038331151008606
1.034718632698059
1.0311659574508667
1.0276556015014648
1.0241734981536865
1.0207090377807617
1.017254114151001
1.0138036012649536
1.0103540420532227
1.0069037675857544
1.0034523010253906
1.0
0.9965476989746094
0.9930962324142456
0.9896458983421326
0.9861963391304016
0.9827458262443542
0.9792910218238831
0.9758265018463135
0.9723443984985352
0.9688339829444885
0.9652813076972961
0.9616689085960388
0.9579752683639526
0.9541751146316528
0.9502385854721069
0.9461315870285034
0.9418154358863831
0.9372473955154419
0.9323802590370178
0.9271630644798279
0.9215409159660339
1.0
1.0
1.0
1.0
1.0
1.0
1.0
1.0
1.0
1.0
1.0
1.0
1.0
1.0
1.0
1.0
1.0
1.0
1.0
1.0
1.0
1.0
1.0
1.0
1.0
1.0
1.0
1.0
1.0
1.0
1.0
1.0
1.0
1.0
1.0
1.0
1.0
1.0
1.0
1.0
1.0
0.9215409159660339
0.9271630644798279
0.9323802590370178
0.9372473955154419
0.9418154358863831
0.9461315870285034
0.9502385854721069
0.9541751146316528
0.9579752683639526
0.9616689085960388
0.9652813076972961
0.9688339829444885
0.9723443984985352
0.9758265018463135
0.9792910218238831
0.9827458262443542
0.9861963391304016
0.9896458983421326
0.9930962324142456
0.9965476989746094
1.0
1.0034523010253906
1.0069037675857544
1.0103540420532227
1.0138036012649536
1.017254114151001
1.0207090377807617
1.0241734981536865
1.0276556015014648
1.0311659574508667
1.034718632698059
1.038331151008606
1.0420247316360474
1.0458248853683472
1.049761414527893
1.0538684129714966
1.0581845045089722
1.062752604484558
1.0676196813583374
1.072836995124817
1.0784591436386108
0.8435655236244202
0.8547515869140625
0.8651310205459595
0.8748138546943665
0.8839023113250732
0.8924910426139832
0.9006657600402832
0.9085039496421814
0.9160736203193665
0.9234343767166138
0.9306367039680481
0.9377234578132629
0.9447290301322937
0.9516811966896057
0.9586009383201599
0.9655037522315979
0.972399890422821
0.9792958498001099
0.9861944317817688
0.9930962324142456
1.0
1.0069037675857544
1.013805627822876
1.0207041501998901
1.0276000499725342
1.0344963073730469
1.0413991212844849
1.0483187437057495
1.055271029472351
1.0622766017913818
1.0693632364273071
1.0765656232833862
1.0839264392852783
1.0914959907531738
1.0993342399597168
1.1075090169906616
1.1160976886749268
1.1251860857009888
1.1348689794540405
1.1452484130859375
1.156434416770935
0.7665546536445618
0.7831879258155823
0.798619270324707
0.8130146265029907
0.8265280723571777
0.8393022418022156
0.8514661192893982
0.8631360530853271
0.8744139075279236
0.8853890895843506
0.8961367011070251
0.9067203998565674
0.9171910881996155
0.9275895953178406
0.9379463791847229
0.9482837915420532
0.9586163759231567
0.9689525961875916
0.9792958498001099
0.9896458983421326
1.0
1.0103540420532227
1.0207041501998901
1.0310474634170532
1.0413836240768433
1.0517162084579468
1.0620536804199219
1.0724104642868042
1.0828089714050293
1.0932796001434326
1.10386323928833
1.1146109104156494
1.1255860328674316
1.1368639469146729
1.1485339403152466
1.1606978178024292
1.1734719276428223
1.1869853734970093
1.201380729675293
1.216812014579773
1.233445405960083
0.69098299741745
0.7128872871398926
0.7332041263580322
0.7521564364433289
0.7699511051177979
0.7867795825004578
0.8028144836425781
0.8182113766670227
0.8331060409545898
0.8476169109344482
0.8618435263633728
0.8758692741394043
0.8897608518600464
0.9035710096359253
0.9173386693000793
0.9310917854309082
0.944847822189331
0.9586163759231567
0.972399890422821
0.9861963391304016
1.0
1.0138036012649536
1.0276000499725342
1.0413836240768433
1.055152177810669
1.0689082145690918
1.0826613903045654
1.0964289903640747
1.1102391481399536
1.1241307258605957
1.138156533241272
1.1523830890655518
1.1668939590454102
1.1817885637283325
1.1971855163574219
1.213220477104187
1.2300488948822021
1.247843623161316
1.2667958736419678
1.2871127128601074
1.3090169429779053
0.6173165440559387
0.644255518913269
0.6692342758178711
0.6925345659255981
0.7144176363945007
0.7351247668266296
0.7548730373382568
0.7738574147224426
0.7922472357749939
0.8101899027824402
0.8278082013130188
0.8452044129371643
0.8624594807624817
0.879636824131012
0.8967821598052979
0.9139275550842285
0.9310917854309082
0.9482837915420532
0.9655037522315979
0.9827458262443542
1.0
1.017254114151001
1.0344963073730469
1.0517162084579468
1.0689082145690918
1.0860724449157715
1.1032178401947021
1.1203632354736328
1.1375404596328735
1.154795527458191
1.172191858291626
1.189810037612915
1.2077527046203613
1.2261426448822021
1.2451269626617432
1.2648751735687256
1.2855823040008545
1.3074654340744019
1.330765724182129
1.355744481086731
1.3826833963394165
0.5460094809532166
0.5776839256286621
0.6070420742034912
0.6344265937805176
0.6601549983024597
0.6845200061798096
0.7077839374542236
0.7301815748214722
0.7519158124923706
0.7731618881225586
0.7940648198127747
0.8147444128990173
0.8352940678596497
0.8557859063148499
0.8762705326080322
0.8967821598052979
0.9173386693000793
0.9379463791847229
0.9586009383201599
0.9792910218238831
1.0
1.0207090377807617
1.0413991212844849
1.0620536804199219
1.0826613903045654
1.1032178401947021
1.1237294673919678
1.1442140340805054
1.1647058725357056
1.185255527496338
1.2059351205825806
1.2268381118774414
1.2480841875076294
1.2698184251785278
1.2922160625457764
1.3154799938201904
1.3398449420928955
1.3655734062194824
1.3929579257965088
1.422316074371338
1.4539904594421387
0.47750142216682434
0.513547956943512
0.5469418168067932
0.5780900716781616
0.6073691248893738
0.6351250410079956
0.661666750907898
0.6872692108154297
0.712168276309967
0.7365661263465881
0.7606285214424133
0.7844905853271484
0.8082561492919922
0.8320035338401794
0.8557859063148499
0.879636824131012
0.9035710096359253
0.9275895953178406
0.9516811966896057
0.9758265018463135
1.0
1.0241734981536865
1.0483187437057495
1.0724104642868042
1.0964289903640747
1.1203632354736328
1.1442140340805054
1.1679964065551758
1.1917438507080078
1.2155094146728516
1.2393715381622314
1.263433814048767
1.2878317832946777
1.3127307891845703
1.338333249092102
1.3648749589920044
1.392630934715271
1.4219099283218384
1.4530582427978516
1.4864519834518433
1.522498607635498
0.4122147560119629
0.4522010087966919
0.4892222285270691
0.5237539410591125
0.556235134601593
0.5870679020881653
0.6166089773178101
0.6451738476753235
0.67303067445755
0.7004072070121765
0.7274875640869141
0.7544199824333191
0.7813155651092529
0.8082561492919922
0.8352940678596497
0.8624594807624817
0.8897608518600464
0.9171910881996155
0.9447290301322937
0.9723443984985352
1.0
1.0276556015014648
1.055271029472351
1.0828089714050293
1.1102391481399536
1.1375404596328735
1.1647058725357056
1.1917438507080078
1.218684434890747
1.2455799579620361
1.272512435913086
1.2995927333831787
1.3269693851470947
1.3548262119293213
1.38339102268219
1.4129321575164795
1.4437648057937622
1.4762461185455322
1.5107778310775757
1.547798991203308
1.587785243988037
0.350551962852478
0.39397335052490234
0.4341448247432709
0.47161683440208435
0.5068954825401306
0.5404422879219055
0.5726634860038757
0.6039151549339294
0.6344967484474182
0.6646593809127808
0.6946026086807251
0.7244845032691956
0.7544199824333191
0.7844905853271484
0.8147444128990173
0.8452044129371643
0.8758692741394043
0.9067203998565674
0.9377234578132629
0.9688339829444885
1.0
1.0311659574508667
1.0622766017913818
1.0932796001434326
1.1241307258605957
1.154795527458191
1.185255527496338
1.2155094146728516
1.2455799579620361
1.2755154371261597
1.305397391319275
1.3353406190872192
1.3655033111572266
1.3960847854614258
1.427336573600769
1.4595577716827393
1.4931044578552246
1.5283831357955933
1.5658551454544067
1.6060266494750977
1.649448037147522
0.2928932309150696
0.3391643464565277
0.3819338381290436
0.4218345880508423
0.45944643020629883
0.49529415369033813
0.5298352837562561
0.5634664297103882
0.5965161323547363
0.6292558312416077
0.6618968844413757
0.6946026086807251
0.7274875640869141
0.7606285214424133
0.7940648198127747
0.8278082013130188
0.8618435263633728
0.8961367011070251
0.9306367039680481
0.9652813076972961
1.0
1.034718632698059
1.0693632364273071
1.10386323928833
1.138156533241272
1.172191858291626
1.2059351205825806
1.2393715381622314
1.272512435913086
1.305397391319275
1.338103175163269
1.370744228363037
1.4034838676452637
1.4365335702896118
1.4701646566390991
1.5047059059143066
1.5405535697937012
1.5781654119491577
1.6180661916732788
1.66083562374115
1.7071068286895752
0.23959402740001678
0.2880418300628662
0.3327741026878357
0.37451809644699097
0.4139353036880493
0.4516189694404602
0.48807939887046814
0.5237525701522827
0.5589930415153503
0.5940881371498108
0.6292558312416077
0.6646593809127808
0.7004072070121765
0.7365661263465881
0.7731618881225586
0.8101899027824402
0.8476169109344482
0.8853890895843506
0.9234343767166138
0.9616689085960388
1.0
1.038331151008606
1.0765656232833862
1.1146109104156494
1.1523830890655518
1.189810037612915
1.2268381118774414
1.263433814048767
1.2995927333831787
1.3353406190872192
1.370744228363037
1.4059118032455444
1.4410070180892944
1.4762474298477173
1.5119205713272095
1.548380970954895
1.5860646963119507
1.6254818439483643
1.6672258377075195
1.7119581699371338
1.7604060173034668
0.19098301231861115
0.24083074927330017
0.2867956757545471
0.32971417903900146
0.37034034729003906
0.4093415439128876
0.44728147983551025
0.4846329391002655
0.5217710733413696
0.5589930415153503
0.5965161323547363
0.6344967484474182
0.67303067445755
0.712168276309967
0.7519158124923706
0.7922472357749939
0.8331060409545898
0.8744139075279236
0.9160736203193665
0.9579752683639526
1.0
1.0420247316360474
1.0839264392852783
1.1255860328674316
1.1668939590454102
1.2077527046203613
1.2480841875076294
1.2878317832946777
1.3269693851470947
1.3655033111572266
1.4034838676452637
1.4410070180892944
1.4782289266586304
1.515367031097412
1.5527185201644897
1.59065842628479
1.629659652709961
1.6702858209609985
1.713204264640808
1.7591692209243774
1.8090169429779053
0.14735983312129974
0.19771212339401245
0.24406974017620087
0.28740087151527405
0.3285658061504364
0.36831194162368774
0.40725523233413696
0.44589963555336
0.4846329391002655
0.5237525701522827
0.5634664297103882
0.6039151549339294
0.6451738476753235
0.6872692108154297
0.7301815748214722
0.7738574147224426
0.8182113766670227
0.8631360530853271
0.9085039496421814
0.9541751146316528
1.0
1.0458248853683472
1.0914959907531738
1.1368639469146729
1.1817885637283325
1.2261426448822021
1.2698184251785278
1.3127307891845703
1.3548262119293213
1.3960847854614258
1.4365335702896118
1.4762474298477173
1.515367031097412
1.5541003942489624
1.5927447080612183
1.6316879987716675
1.6714341640472412
1.7125991582870483
1.7559303045272827
1.8022879362106323
1.852640151977539
0.10899347811937332
0.15880374610424042
0.20458053052425385
0.24745415151119232
0.28840845823287964
0.32827478647232056
0.3677155077457428
0.40725523233413696
0.44728147983551025
0.48807939887046814
0.5298352837562561
0.5726634860038757
0.6166089773178101
0.661666750907898
0.7077839374542236
0.7548730373382568
0.8028144836425781
0.8514661192893982
0.9006657600402832
0.9502385854721069
1.0
1.049761414527893
1.0993342399597168
1.1485339403152466
1.1971855163574219
1.2451269626617432
1.2922160625457764
1.338333249092102
1.38339102268219
1.427336573600769
1.4701646566390991
1.5119205713272095
1.5527185201644897
1.5927447080612183
1.6322845220565796
1.6717252731323242
1.7115914821624756
1.7525458335876465
1.795419454574585
1.8411962985992432
1.8910064697265625
0.07612046599388123
0.12415505945682526
0.1682136356830597
0.20963582396507263
0.2495470643043518
0.28886204957962036
0.32827478647232056
0.36831194162368774
0.4093415439128876
0.4516189694404602
0.49529415369033813
0.5404422879219055
0.5870679020881653
0.6351250410079956
0.6845200061798096
0.7351247668266296
0.7867795825004578
0.8393022418022156
0.8924910426139832
0.9461315870285034
1.0
1.0538684129714966
1.1075090169906616
1.1606978178024292
1.213220477104187
1.2648751735687256
1.3154799938201904
1.3648749589920044
1.4129321575164795
1.4595577716827393
1.5047059059143066
1.548380970954895
1.59065842628479
1.6316879987716675
1.6717252731323242
1.7111380100250244
1.7504528760910034
1.790364146232605
1.8317863941192627
1.875844955444336
1.9238795042037964
0.04894348233938217
0.09370122849941254
0.13469332456588745
0.17352598905563354
0.21148480474948883
0.2495470643043518
0.28840845823287964
0.3285658061504364
0.37034034729003906
0.4139353036880493
0.45944643020629883
0.5068954825401306
0.556235134601593
0.6073691248893738
0.6601549983024597
0.7144176363945007
0.7699511051177979
0.8265280723571777
0.8839023113250732
0.9418154358863831
1.0
1.0581845045089722
1.1160976886749268
1.1734719276428223
1.2300488948822021
1.2855823040008545
1.3398449420928955
1.392630934715271
1.4437648057937622
1.4931044578552246
1.5405535697937012
1.5860646963119507
1.629659652709961
1.6714341640472412
1.7115914821624756
1.7504528760910034
1.7885152101516724
1.8264739513397217
1.8653066158294678
1.9062987565994263
1.9510564804077148
0.02763007953763008
0.06724321842193604
0.10353683680295944
0.13849128782749176
0.17352598905563354
0.20963582396507263
0.24745415151119232
0.28740087151527405
0.32971417903900146
0.37451809644699097
0.4218345880508423
0.47161683440208435
0.5237539410591125
0.5780900716781616
0.6344265937805176
0.6925345659255981
0.7521564364433289
0.8130146265029907
0.8748138546943665
0.9372473955154419
1.0
1.062752604484558
1.1251860857009888
1.1869853734970093
1.247843623161316
1.3074654340744019
1.3655734062194824
1.4219099283218384
1.4762461185455322
1.5283831357955933
1.5781654119491577
1.6254818439483643
1.6702858209609985
1.7125991582870483
1.7525458335876465
1.790364146232605
1.8264739513397217
1.8615087270736694
1.89646315574646
1.932756781578064
1.972369909286499
0.012311659753322601
0.0442529059946537
0.07389247417449951
0.10353683680295944
0.13469332456588745
0.1682136356830597
0.20458053052425385
0.24406974017620087
0.2867956757545471
0.3327741026878357
0.3819338381290436
0.4341448247432709
0.4892222285270691
0.5469418168067932
0.6070420742034912
0.6692342758178711
0.7332041263580322
0.798619270324707
0.8651310205459595
0.9323802590370178
1.0
1.0676196813583374
1.1348689794540405
1.201380729675293
1.2667958736419678
1.330765724182129
1.3929579257965088
1.4530582427978516
1.5107778310775757
1.5658551454544067
1.6180661916732788
1.6672258377075195
1.713204264640808
1.7559303045272827
1.795419454574585
1.8317863941192627
1.8653066158294678
1.89646315574646
1.9261075258255005
1.955747127532959
1.9876883029937744
0.003082666313275695
0.023823969066143036
0.0442529059946537
0.06724321842193604
0.09370122849941254
0.12415505945682526
0.15880374610424042
0.19771212339401245
0.24083074927330017
0.2880418300628662
0.3391643464565277
0.39397335052490234
0.4522010087966919
0.513547956943512
0.5776839256286621
0.644255518913269
0.7128872871398926
0.7831879258155823
0.8547515869140625
0.9271630644798279
1.0
1.072836995124817
1.1452484130859375
1.216812014579773
1.2871127128601074
1.355744481086731
1.422316074371338
1.4864519834518433
1.547798991203308
1.6060266494750977
1.66083562374115
1.7119581699371338
1.7591692209243774
1.8022879362106323
1.8411962985992432
1.875844955444336
1.9062987565994263
1.932756781578064
1.955747127532959
1.9761760234832764
1.9969173669815063
0.0
0.003082666313275695
0.012311659753322601
0.02763007953763008
0.04894348233938217
0.07612046599388123
0.10899347811937332
0.14735983312129974
0.19098301231861115
0.23959402740001678
0.2928932309150696
0.350551962852478
0.4122147560119629
0.47750142216682434
0.5460094809532166
0.6173165440559387
0.69098299741745
0.7665546536445618
0.8435655236244202
0.9215409159660339
1.0
1.0784591436386108
1.156434416770935
1.233445405960083
1.3090169429779053
1.3826833963394165
1.4539904594421387
1.522498607635498
1.587785243988037
1.649448037147522
1.7071068286895752
1.7604060173034668
1.8090169429779053
1.852640151977539
1.8910064697265625
1.9238795042037964
1.9510564804077148
1.972369909286499
1.9876883029937744
1.9969173669815063
2.0
