2.0
1.9969173669815063
1.9876883029937744
1.972369909286499
1.9510564804077148
1.9238795042037964
1.8910064697265625
1.852640151977539
1.8090169429779053
1.7604060173034668
1.7071068286895752
1.649448037147522
1.587785243988037
1.522498607635498
1.4539904594421387
1.3826833963394165
1.3090169429779053
1.233445405960083
1.156434416770935
1.0784591436386108
1.0
0.9215409159660339
0.8435655236244202
0.7665546536445618
0.69098299741745
0.6173165440559387
0.5460094809532166
0.47750142216682434
0.4122147560119629
0.350551962852478
0.2928932309150696
0.23959402740001678
0.19098301231861115
0.14735983312129974
0.10899347811937332
0.07612046599388123
0.04894348233938217
0.02763007953763008
0.012311659753322601
0.003082666313275695
0.0
1.9969173669815063
1.9761682748794556
1.9557344913482666
1.9327408075332642
1.906280517578125
1.87582528591156
1.8411757946014404
1.802267074584961
1.7591485977172852
1.7119381427764893
1.6608164310455322
1.606008529663086
1.547782301902771
1.4864369630813599
1.4223028421401978
1.3557332754135132
1.287103533744812
1.216805100440979
1.145243763923645
1.0728346109390259
1.0
0.9271653890609741
0.854756236076355
0.783194899559021
0.712896466255188
0.6442667245864868
0.5776970982551575
0.5135629773139954
0.45221763849258423
0.3939914107322693
0.3391835689544678
0.2880619168281555
0.24085138738155365
0.19773292541503906
0.15882425010204315
0.12417475134134293
0.09371946007013321
0.06725917756557465
0.0442655012011528
0.023831669241189957
0.003082666313275695
1.9876883029937744
1.9557344913482666
1.9260859489440918
1.896435260772705
1.865274429321289
1.8317512273788452
1.7953826189041138
1.7558926343917847
1.7131669521331787
1.667189359664917
1.6180311441421509
1.5658222436904907
1.5107473134994507
1.4530307054519653
1.39293372631073
1.3307452201843262
1.2667790651321411
1.201367974281311
1.1348603963851929
1.0676153898239136
1.0
0.9323845505714417
0.8651396036148071
0.7986319661140442
0.7332208752632141
0.6692548394203186
0.6070662140846252
0.5469692945480347
0.48925262689590454
0.43417778611183167
0.3819688558578491
0.332810640335083
0.28683310747146606
0.24410732090473175
0.20461741089820862
0.16824881732463837
0.13472560048103333
0.10356470197439194
0.07391401380300522
0.0442655012011528
0.012311659753322601
1.972369909286499
1.9327408075332642
1.896435260772705
1.8614721298217773
1.826431155204773
1.7903170585632324
1.7524962425231934
1.7125483751296997
1.67023503780365
1.6254322528839111
1.5781177282333374
1.5283381938934326
1.476204514503479
1.4218723773956299
1.3655403852462769
1.3074373006820679
1.2478206157684326
1.1869679689407349
1.1251744031906128
1.0627466440200806
1.0
0.9372532963752747
0.8748255968093872
0.8130320906639099
0.7521793842315674
0.6925627589225769
0.6344596743583679
0.5781276226043701
0.523795485496521
0.471661776304245
0.4218822717666626
0.37456774711608887
0.3297649025917053
0.2874516546726227
0.24750377237796783
0.209682896733284
0.17356884479522705
0.13852789998054504
0.10356470197439194
0.06725917756557465
0.02763007953763008
1.9510564804077148
1.906280517578125
1.865274429321289
1.826431155204773
1.7884646654129028
1.7503970861434937
1.7115323543548584
1.6713733673095703
1.6295987367630005
1.5860049724578857
1.5404961109161377
1.493050217628479
1.4437146186828613
1.3925853967666626
1.3398048877716064
1.285548210144043
1.2300211191177368
1.1734508275985718
1.1160835027694702
1.0581773519515991
1.0
0.9418225884437561
0.8839165568351746
0.826549232006073
0.769978940486908
0.714451789855957
0.6601951122283936
0.6074145436286926
0.5562853813171387
0.506949782371521
0.4595039486885071
0.41399508714675903
0.3704012632369995
0.3286266028881073
0.288467675447464
0.24960294365882874
0.21153536438941956
0.17356884479522705
0.13472560048103333
0.09371946007013321
0.04894348233938217
1.9238795042037964
1.87582528591156
1.8317512273788452
1.7903170585632324
1.7503970861434937
1.7110759019851685
1.671659231185913
1.6316200494766235
1.5905901193618774
1.548313856124878
1.504641056060791
1.4594964981079102
1.4128754138946533
1.364823579788208
1.3154346942901611
1.2648365497589111
1.213188886642456
1.16067373752594
1.1074928045272827
1.0538603067398071
1.0
0.9461396932601929
0.8925071954727173
0.8393262028694153
0.7868110537528992
0.7351634502410889
0.6845653057098389
0.635176420211792
0.5871245861053467
0.5405035018920898
0.4953589141368866
0.45168614387512207
0.40940988063812256
0.36837998032569885
0.3283407986164093
0.28892409801483154
0.24960294365882874
0.209682896733284
0.16824881732463837
0.12417475134134293
0.07612046599388123
1.8910064697265625
1.8411757946014404
1.7953826189041138
1.7524962425231934
1.7115323543548584
1.671659231185913
1.632214069366455
1.5926719903945923
1.552645206451416
1.5118484497070312
1.4700950384140015
1.427270531654358
1.3833298683166504
1.338277816772461
1.2921671867370605
1.2450852394104004
1.1971514225006104
1.1485079526901245
1.0993168354034424
1.0497527122497559
1.0
0.9502473473548889
0.9006832242012024
0.8514920473098755
0.8028485178947449
0.7549148201942444
0.7078328728675842
0.6617222428321838
0.6166701316833496
0.5727294087409973
0.5299050211906433
0.48815158009529114
0.4473547637462616
0.4073280096054077
0.3677859604358673
0.3283407986164093
0.288467675447464
0.24750377237796783
0.20461741089820862
0.15882425010204315
0.10899347811937332
1.852640151977539
1.802267074584961
1.7558926343917847
1.7125483751296997
1.6713733673095703
1.6316200494766235
1.5926719903945923
1.5540250539779663
1.5152910947799683
1.4761723279953003
1.4364609718322754
1.3960161209106445
1.3547624349594116
1.3126729726791382
1.2697672843933105
1.2260990142822266
1.1817530393600464
1.1368368864059448
1.0914777517318726
1.0458157062530518
1.0
0.9541842937469482
0.9085221886634827
0.8631631135940552
0.8182470202445984
0.7739010453224182
0.7302326560020447
0.6873270869255066
0.6452376246452332
0.6039838790893555
0.5635389685630798
0.5238276124000549
0.4847089648246765
0.44597500562667847
0.4073280096054077
0.36837998032569885
0.3286266028881073
0.2874516546726227
0.24410732090473175
0.19773292541503906
0.14735983312129974
1.8090169429779053
1.7591485977172852
1.7131669521331787
1.67023503780365
1.6295987367630005
1.5905901193618774
1.552645206451416
1.5152910947799683
1.4781520366668701
1.4409310817718506
1.4034104347229004
1.3654335737228394
1.3269046545028687
1.2877730131149292
1.2480322122573853
1.2077083587646484
1.1668577194213867
1.1255584955215454
1.0839078426361084
1.0420153141021729
1.0
0.9579846262931824
0.9160921573638916
0.8744415044784546
0.8331422209739685
0.7922916412353516
0.75196772813797
0.7122270464897156
0.6730954051017761
0.6345664262771606
0.5965896248817444
0.5590689182281494
0.5218479633331299
0.4847089648246765
0.4473547637462616
0.40940988063812256
0.3704012632369995
0.3297649025917053
0.28683310747146606
0.24085138738155365
0.19098301231861115
1.7604060173034668
1.7119381427764893
1.667189359664917
1.6254322528839111
1.5860049724578857
1.548313856124878
1.5118484497070312
1.4761723279953003
1.4409310817718506
1.4058367013931274
1.3706713914871216
1.3352715969085693
1.2995285987854004
1.2633755207061768
1.226786494255066
1.1897659301757812
1.1523470878601074
1.1145834922790527
1.0765471458435059
1.038321852684021
1.0
0.9616782069206238
0.9234528541564941
0.8854165077209473
0.8476529121398926
0.810234010219574
0.7732135057449341
0.7366244792938232
0.7004714608192444
0.6647284626960754
0.6293285489082336
0.5941632390022278
0.5590689182281494
0.5238276124000549
0.48815158009529114
0.45168614387512207
0.41399508714675903
0.37456774711608887
0.332810640335083
0.2880619168281555
0.23959402740001678
1.7071068286895752
1.6608164310455322
1.6180311441421509
1.5781177282333374
1.5404961109161377
1.504641056060791
1.4700950384140015
1.4364609718322754
1.4034104347229004
1.3706713914871216
1.338032603263855
1.3053302764892578
1.2724500894546509
1.2393147945404053
1.2058850526809692
1.1721489429473877
1.138121485710144
1.1038365364074707
1.0693453550338745
1.0347096920013428
1.0
0.965290367603302
0.9306547045707703
0.8961634039878845
0.861878514289856
0.8278510570526123
0.7941150069236755
0.7606852054595947
0.7275499701499939
0.6946696639060974
0.661967396736145
0.6293285489082336
0.5965896248817444
0.5635389685630798
0.5299050211906433
0.4953589141368866
0.4595039486885071
0.4218822717666626
0.3819688558578491
0.3391835689544678
0.2928932309150696
1.649448037147522
1.606008529663086
1.5658222436904907
1.5283381938934326
1.493050217628479
1.4594964981079102
1.427270531654358
1.3960161209106445
1.3654335737228394
1.3352715969085693
1.3053302764892578
1.2754517793655396
1.2455207109451294
1.215455412864685
1.1852078437805176
1.1547547578811646
1.1240973472595215
1.0932542085647583
1.0622594356536865
1.031157374382019
1.0
0.968842625617981
0.9377405643463135
0.9067458510398865
0.8759026527404785
0.8452453017234802
0.8147922158241272
0.7845445871353149
0.7544793486595154
0.7245482802391052
0.6946696639060974
0.6647284626960754
0.6345664262771606
0.6039838790893555
0.5727294087409973
0.5405035018920898
0.506949782371521
0.471661776304245
0.43417778611183167
0.3939914107322693
0.350551962852478
1.587785243988037
1.547782301902771
1.5107473134994507
1.476204514503479
1.4437146186828613
1.4128754138946533
1.3833298683166504
1.3547624349594116
1.3269046545028687
1.2995285987854004
1.2724500894546509
1.2455207109451294
1.2186291217803955
1.1916935443878174
1.1646614074707031
1.1375024318695068
1.1102080345153809
1.0827852487564087
1.0552550554275513
1.027647614479065
1.0
0.9723524451255798
0.9447450041770935
0.9172148108482361
0.8897919654846191
0.8624975681304932
0.8353385925292969
0.8083063960075378
0.7813708186149597
0.7544793486595154
0.7275499701499939
0.7004714608192444
0.6730954051017761
0.6452376246452332
0.6166701316833496
0.5871245861053467
0.5562853813171387
0.523795485496521
0.48925262689590454
0.45221763849258423
0.4122147560119629
1.522498607635498
1.4864369630813599
1.4530307054519653
1.4218723773956299
1.3925853967666626
1.364823579788208
1.338277816772461
1.3126729726791382
1.2877730131149292
1.2633755207061768
1.2393147945404053
1.215455412864685
1.1916935443878174
1.1679506301879883
1.144173502922058
1.1203285455703735
1.0964006185531616
1.072388768196106
1.0483042001724243
1.0241661071777344
1.0
0.9758338332176208
0.9516957998275757
0.9276111721992493
0.9035993814468384
0.8796715140342712
0.8558264374732971
0.8320493102073669
0.8083063960075378
0.7845445871353149
0.7606852054595947
0.7366244792938232
0.7122270464897156
0.6873270869255066
0.6617222428321838
0.635176420211792
0.6074145436286926
0.5781276226043701
0.5469692945480347
0.5135629773139954
0.47750142216682434
1.4539904594421387
1.4223028421401978
1.39293372631073
1.3655403852462769
1.3398048877716064
1.3154346942901611
1.2921671867370605
1.2697672843933105
1.2480322122573853
1.226786494255066
1.2058850526809692
1.1852078437805176
1.1646614074707031
1.144173502922058
1.123693585395813
1.103187084197998
1.0826362371444702
1.0620344877243042
1.0413861274719238
1.0207024812698364
1.0
0.9792975187301636
0.9586138725280762
0.9379655122756958
0.9173637628555298
0.8968128561973572
0.8763064742088318
0.8558264374732971
0.8353385925292969
0.8147922158241272
0.7941150069236755
0.7732135057449341
0.75196772813797
0.7302326560020447
0.7078328728675842
0.6845653057098389
0.6601951122283936
0.6344596743583679
0.6070662140846252
0.5776970982551575
0.5460094809532166
1.3826833963394165
1.3557332754135132
1.3307452201843262
1.3074373006820679
1.285548210144043
1.2648365497589111
1.2450852394104004
1.2260990142822266
1.2077083587646484
1.1897659301757812
1.1721489429473877
1.1547547578811646
1.1375024318695068
1.1203285455703735
1.103187084197998
1.0860460996627808
1.068886637687683
1.0516997575759888
1.0344852209091187
1.0172486305236816
1.0
0.9827514290809631
0.9655147790908813
0.9483002424240112
0.9311133027076721
0.9139539003372192
0.8968128561973572
0.8796715140342712
0.8624975681304932
0.8452453017234802
0.8278510570526123
0.810234010219574
0.7922916412353516
0.7739010453224182
0.7549148201942444
0.7351634502410889
0.714451789855957
0.6925627589225769
0.6692548394203186
0.6442667245864868
0.6173165440559387
1.3090169429779053
1.287103533744812
1.2667790651321411
1.2478206157684326
1.2300211191177368
1.213188886642456
1.1971514225006104
1.1817530393600464
1.1668577194213867
1.1523470878601074
1.138121485710144
1.1240973472595215
1.1102080345153809
1.0964006185531616
1.0826362371444702
1.068886637687683
1.055134654045105
1.0413702726364136
1.0275911092758179
1.0137990713119507
1.0
0.9862008690834045
0.9724089503288269
0.9586297273635864
0.9448654055595398
0.9311133027076721
0.9173637628555298
0.9035993814468384
0.8897919654846191
0.8759026527404785
0.861878514289856
0.8476529121398926
0.8331422209739685
0.8182470202445984
0.8028485178947449
0.7868110537528992
0.769978940486908
0.7521793842315674
0.7332208752632141
0.712896466255188
0.69098299741745
1.233445405960083
1.216805100440979
1.201367974281311
1.1869679689407349
1.1734508275985718
1.16067373752594
1.1485079526901245
1.1368368864059448
1.1255584955215454
1.1145834922790527
1.1038365364074707
1.0932542085647583
1.0827852487564087
1.072388768196106
1.0620344877243042
1.0516997575759888
1.0413702726364136
1.0310372114181519
1.0206972360610962
1.0103505849838257
1.0
0.9896494150161743
0.979302704334259
0.9689627885818481
0.9586297273635864
0.9483002424240112
0.9379655122756958
0.9276111721992493
0.9172148108482361
0.9067458510398865
0.8961634039878845
0.8854165077209473
0.8744415044784546
0.8631631135940552
0.8514920473098755
0.8393262028694153
0.826549232006073
0.8130320906639099
0.7986319661140442
0.783194899559021
0.7665546536445618
1.156434416770935
1.145243763923645
1.1348603963851929
1.1251744031906128
1.1160835027694702
1.1074928045272827
1.0993168354034424
1.0914777517318726
1.0839078426361084
1.0765471458435059
1.0693453550338745
1.0622594356536865
1.0552550554275513
1.0483042001724243
1.0413861274719238
1.0344852209091187
1.0275911092758179
1.0206972360610962
1.0138009786605835
1.006901502609253
1.0
0.9930985569953918
0.9861990809440613
0.979302704334259
0.9724089503288269
0.9655147790908813
0.9586138725280762
0.9516957998275757
0.9447450041770935
0.9377405643463135
0.9306547045707703
0.9234528541564941
0.9160921573638916
0.9085221886634827
0.9006832242012024
0.8925071954727173
0.8839165568351746
0.8748255968093872
0.8651396036148071
0.854756236076355
0.8435655236244202
1.0784591436386108
1.0728346109390259
1.0676153898239136
1.0627466440200806
1.0581773519515991
1.0538603067398071
1.0497527122497559
1.0458157062530518
1.0420153141021729
1.038321852684021
1.0347096920013428
1.031157374382019
1.027647614479065
1.0241661071777344
1.0207024812698364
1.0172486305236816
1.0137990713119507
1.0103505849838257
1.006901502609253
1.0034511089324951
1.0
0.9965488910675049
0.9930985569953918
0.9896494150161743
0.9862008690834045
0.9827514290809631
0.9792975187301636
0.9758338332176208
0.9723524451255798
0.968842625617981
0.965290367603302
0.9616782069206238
0.9579846262931824
0.9541842937469482
0.9502473473548889
0.9461396932601929
0.9418225884437561
0.9372532963752747
0.9323845505714417
0.9271653890609741
0.9215409159660339
1.0
1.0
1.0
1.0
1.0
1.0
1.0
1.0
1.0
1.0
1.0
1.0
1.0
1.0
1.0
1.0
1.0
1.0
1.0
1.0
1.0
1.0
1.0
1.0
1.0
1.0
1.0
1.0
1.0
1.0
1.0
1.0
1.0
1.0
1.0
1.0
1.0
1.0
1.0
1.0
1.0
0.9215409159660339
0.9271653890609741
0.9323845505714417
0.9372532963752747
0.9418225884437561
0.9461396932601929
0.9502473473548889
0.9541842937469482
0.9579846262931824
0.9616782069206238
0.965290367603302
0.968842625617981
0.9723524451255798
0.9758338332176208
0.9792975187301636
0.9827514290809631
0.9862008690834045
0.9896494150161743
0.9930985569953918
0.9965488910675049
1.0
1.0034511089324951
1.006901502609253
1.0103505849838257
1.0137990713119507
1.0172486305236816
1.0207024812698364
1.0241661071777344
1.027647614479065
1.031157374382019
1.0347096920013428
1.038321852684021
1.0420153141021729
1.0458157062530518
1.0497527122497559
1.0538603067398071
1.0581773519515991
1.0627466440200806
1.0676153898239136
1.0728346109390259
1.0784591436386108
0.8435655236244202
0.854756236076355
0.8651396036148071
0.8748255968093872
0.8839165568351746
0.8925071954727173
0.9006832242012024
0.9085221886634827
0.9160921573638916
0.9234528541564941
0.9306547045707703
0.9377405643463135
0.9447450041770935
0.9516957998275757
0.9586138725280762
0.9655147790908813
0.9724089503288269
0.979302704334259
0.9861990809440613
0.9930985569953918
1.0
1.006901502609253
1.0138009786605835
1.0206972360610962
1.0275911092758179
1.0344852209091187
1.0413861274719238
1.0483042001724243
1.0552550554275513
1.0622594356536865
1.0693453550338745
1.0765471458435059
1.0839078426361084
1.0914777517318726
1.0993168354034424
1.1074928045272827
1.1160835027694702
1.1251744031906128
1.1348603963851929
1.145243763923645
1.156434416770935
0.7665546536445618
0.783194899559021
0.7986319661140442
0.8130320906639099
0.826549232006073
0.8393262028694153
0.8514920473098755
0.8631631135940552
0.8744415044784546
0.8854165077209473
0.8961634039878845
0.9067458510398865
0.9172148108482361
0.9276111721992493
0.9379655122756958
0.9483002424240112
0.9586297273635864
0.9689627885818481
0.979302704334259
0.9896494150161743
1.0
1.0103505849838257
1.0206972360610962
1.0310372114181519
1.0413702726364136
1.0516997575759888
1.0620344877243042
1.072388768196106
1.0827852487564087
1.0932542085647583
1.1038365364074707
1.1145834922790527
1.1255584955215454
1.1368368864059448
1.1485079526901245
1.16067373752594
1.1734508275985718
1.1869679689407349
1.201367974281311
1.216805100440979
1.233445405960083
0.69098299741745
0.712896466255188
0.7332208752632141
0.7521793842315674
0.769978940486908
0.7868110537528992
0.8028485178947449
0.8182470202445984
0.8331422209739685
0.8476529121398926
0.861878514289856
0.8759026527404785
0.8897919654846191
0.9035993814468384
0.9173637628555298
0.9311133027076721
0.9448654055595398
0.9586297273635864
0.9724089503288269
0.9862008690834045
1.0
1.0137990713119507
1.0275911092758179
1.0413702726364136
1.055134654045105
1.068886637687683
1.0826362371444702
1.0964006185531616
1.1102080345153809
1.1240973472595215
1.138121485710144
1.1523470878601074
1.1668577194213867
1.1817530393600464
1.1971514225006104
1.213188886642456
1.2300211191177368
1.2478206157684326
1.2667790651321411
1.287103533744812
1.3090169429779053
0.6173165440559387
0.6442667245864868
0.6692548394203186
0.6925627589225769
0.714451789855957
0.7351634502410889
0.7549148201942444
0.7739010453224182
0.7922916412353516
0.810234010219574
0.8278510570526123
0.8452453017234802
0.8624975681304932
0.8796715140342712
0.8968128561973572
0.9139539003372192
0.9311133027076721
0.9483002424240112
0.9655147790908813
0.9827514290809631
1.0
1.0172486305236816
1.0344852209091187
1.0516997575759888
1.068886637687683
1.0860460996627808
1.103187084197998
1.1203285455703735
1.1375024318695068
1.1547547578811646
1.1721489429473877
1.1897659301757812
1.2077083587646484
1.2260990142822266
1.2450852394104004
1.2648365497589111
1.285548210144043
1.3074373006820679
1.3307452201843262
1.3557332754135132
1.3826833963394165
0.5460094809532166
0.5776970982551575
0.6070662140846252
0.6344596743583679
0.6601951122283936
0.6845653057098389
0.7078328728675842
0.7302326560020447
0.75196772813797
0.7732135057449341
0.7941150069236755
0.8147922158241272
0.8353385925292969
0.8558264374732971
0.8763064742088318
0.8968128561973572
0.9173637628555298
0.9379655122756958
0.9586138725280762
0.9792975187301636
1.0
1.0207024812698364
1.0413861274719238
1.0620344877243042
1.0826362371444702
1.103187084197998
1.123693585395813
1.144173502922058
1.1646614074707031
1.1852078437805176
1.2058850526809692
1.226786494255066
1.2480322122573853
1.2697672843933105
1.2921671867370605
1.3154346942901611
1.3398048877716064
1.3655403852462769
1.39293372631073
1.4223028421401978
1.4539904594421387
0.47750142216682434
0.5135629773139954
0.5469692945480347
0.5781276226043701
0.6074145436286926
0.635176420211792
0.6617222428321838
0.6873270869255066
0.7122270464897156
0.7366244792938232
0.7606852054595947
0.7845445871353149
0.8083063960075378
0.8320493102073669
0.8558264374732971
0.8796715140342712
0.9035993814468384
0.9276111721992493
0.9516957998275757
0.9758338332176208
1.0
1.0241661071777344
1.0483042001724243
1.072388768196106
1.0964006185531616
1.1203285455703735
1.144173502922058
1.1679506301879883
1.1916935443878174
1.215455412864685
1.2393147945404053
1.2633755207061768
1.2877730131149292
1.3126729726791382
1.338277816772461
1.364823579788208
1.3925853967666626
1.4218723773956299
1.4530307054519653
1.4864369630813599
1.522498607635498
0.4122147560119629
0.45221763849258423
0.48925262689590454
0.523795485496521
0.5562853813171387
0.5871245861053467
0.6166701316833496
0.6452376246452332
0.6730954051017761
0.7004714608192444
0.7275499701499939
0.7544793486595154
0.7813708186149597
0.8083063960075378
0.8353385925292969
0.8624975681304932
0.8897919654846191
0.9172148108482361
0.9447450041770935
0.9723524451255798
1.0
1.027647614479065
1.0552550554275513
1.0827852487564087
1.1102080345153809
1.1375024318695068
1.1646614074707031
1.1916935443878174
1.2186291217803955
1.2455207109451294
1.2724500894546509
1.2995285987854004
1.3269046545028687
1.3547624349594116
1.3833298683166504
1.4128754138946533
1.4437146186828613
1.476204514503479
1.5107473134994507
1.547782301902771
1.587785243988037
0.350551962852478
0.3939914107322693
0.43417778611183167
0.471661776304245
0.506949782371521
0.5405035018920898
0.5727294087409973
0.6039838790893555
0.6345664262771606
0.6647284626960754
0.6946696639060974
0.7245482802391052
0.7544793486595154
0.7845445871353149
0.8147922158241272
0.8452453017234802
0.8759026527404785
0.9067458510398865
0.9377405643463135
0.968842625617981
1.0
1.031157374382019
1.0622594356536865
1.0932542085647583
1.1240973472595215
1.1547547578811646
1.1852078437805176
1.215455412864685
1.2455207109451294
1.2754517793655396
1.3053302764892578
1.3352715969085693
1.3654335737228394
1.3960161209106445
1.427270531654358
1.4594964981079102
1.493050217628479
1.5283381938934326
1.5658222436904907
1.606008529663086
1.649448037147522
0.2928932309150696
0.3391835689544678
0.3819688558578491
0.4218822717666626
0.4595039486885071
0.4953589141368866
0.5299050211906433
0.5635389685630798
0.5965896248817444
0.6293285489082336
0.661967396736145
0.6946696639060974
0.7275499701499939
0.7606852054595947
0.7941150069236755
0.8278510570526123
0.861878514289856
0.8961634039878845
0.9306547045707703
0.965290367603302
1.0
1.0347096920013428
1.0693453550338745
1.1038365364074707
1.138121485710144
1.1721489429473877
1.2058850526809692
1.2393147945404053
1.2724500894546509
1.3053302764892578
1.338032603263855
1.3706713914871216
1.4034104347229004
1.4364609718322754
1.4700950384140015
1.504641056060791
1.5404961109161377
1.5781177282333374
1.6180311441421509
1.6608164310455322
1.7071068286895752
0.23959402740001678
0.2880619168281555
0.332810640335083
0.37456774711608887
0.41399508714675903
0.45168614387512207
0.48815158009529114
0.5238276124000549
0.5590689182281494
0.5941632390022278
0.6293285489082336
0.6647284626960754
0.7004714608192444
0.7366244792938232
0.7732135057449341
0.810234010219574
0.8476529121398926
0.8854165077209473
0.9234528541564941
0.9616782069206238
1.0
1.038321852684021
1.0765471458435059
1.1145834922790527
1.1523470878601074
1.1897659301757812
1.226786494255066
1.2633755207061768
1.2995285987854004
1.3352715969085693
1.3706713914871216
1.4058367013931274
1.4409310817718506
1.4761723279953003
1.5118484497070312
1.548313856124878
1.5860049724578857
1.6254322528839111
1.667189359664917
1.7119381427764893
1.7604060173034668
0.19098301231861115
0.24085138738155365
0.28683310747146606
0.3297649025917053
0.3704012632369995
0.40940988063812256
0.4473547637462616
0.4847089648246765
0.5218479633331299
0.5590689182281494
0.5965896248817444
0.6345664262771606
0.6730954051017761
0.7122270464897156
0.75196772813797
0.7922916412353516
0.8331422209739685
0.8744415044784546
0.9160921573638916
0.9579846262931824
1.0
1.0420153141021729
1.0839078426361084
1.1255584955215454
1.1668577194213867
1.2077083587646484
1.2480322122573853
1.2877730131149292
1.3269046545028687
1.3654335737228394
1.4034104347229004
1.4409310817718506
1.4781520366668701
1.5152910947799683
1.552645206451416
1.5905901193618774
1.6295987367630005
1.67023503780365
1.7131669521331787
1.7591485977172852
1.8090169429779053
0.14735983312129974
0.19773292541503906
0.24410732090473175
0.2874516546726227
0.3286266028881073
0.36837998032569885
0.4073280096054077
0.44597500562667847
0.4847089648246765
0.5238276124000549
0.5635389685630798
0.6039838790893555
0.6452376246452332
0.6873270869255066
0.7302326560020447
0.7739010453224182
0.8182470202445984
0.8631631135940552
0.9085221886634827
0.9541842937469482
1.0
1.0458157062530518
1.0914777517318726
1.1368368864059448
1.1817530393600464
1.2260990142822266
1.2697672843933105
1.3126729726791382
1.3547624349594116
1.3960161209106445
1.4364609718322754
1.4761723279953003
1.5152910947799683
1.5540250539779663
1.5926719903945923
1.6316200494766235
1.6713733673095703
1.7125483751296997
1.7558926343917847
1.802267074584961
1.852640151977539
0.10899347811937332
0.15882425010204315
0.20461741089820862
0.24750377237796783
0.288467675447464
0.3283407986164093
0.3677859604358673
0.4073280096054077
0.4473547637462616
0.48815158009529114
0.5299050211906433
0.5727294087409973
0.6166701316833496
0.6617222428321838
0.7078328728675842
0.7549148201942444
0.8028485178947449
0.8514920473098755
0.9006832242012024
0.9502473473548889
1.0
1.0497527122497559
1.0993168354034424
1.1485079526901245
1.1971514225006104
1.2450852394104004
1.2921671867370605
1.338277816772461
1.3833298683166504
1.427270531654358
1.4700950384140015
1.5118484497070312
1.552645206451416
1.5926719903945923
1.632214069366455
1.671659231185913
1.7115323543548584
1.7524962425231934
1.7953826189041138
1.8411757946014404
1.8910064697265625
0.07612046599388123
0.12417475134134293
0.16824881732463837
0.209682896733284
0.24960294365882874
0.28892409801483154
0.3283407986164093
0.36837998032569885
0.40940988063812256
0.45168614387512207
0.4953589141368866
0.5405035018920898
0.5871245861053467
0.635176420211792
0.6845653057098389
0.7351634502410889
0.7868110537528992
0.8393262028694153
0.8925071954727173
0.9461396932601929
1.0
1.0538603067398071
1.1074928045272827
1.16067373752594
1.213188886642456
1.2648365497589111
1.3154346942901611
1.364823579788208
1.4128754138946533
1.4594964981079102
1.504641056060791
1.548313856124878
1.5905901193618774
1.6316200494766235
1.671659231185913
1.7110759019851685
1.7503970861434937
1.7903170585632324
1.8317512273788452
1.87582528591156
1.9238795042037964
0.04894348233938217
0.09371946007013321
0.13472560048103333
0.17356884479522705
0.21153536438941956
0.24960294365882874
0.288467675447464
0.3286266028881073
0.3704012632369995
0.41399508714675903
0.4595039486885071
0.506949782371521
0.5562853813171387
0.6074145436286926
0.6601951122283936
0.714451789855957
0.769978940486908
0.826549232006073
0.8839165568351746
0.9418225884437561
1.0
1.0581773519515991
1.1160835027694702
1.1734508275985718
1.2300211191177368
1.285548210144043
1.3398048877716064
1.3925853967666626
1.4437146186828613
1.493050217628479
1.5404961109161377
1.5860049724578857
1.6295987367630005
1.6713733673095703
1.7115323543548584
1.7503970861434937
1.7884646654129028
1.826431155204773
1.865274429321289
1.906280517578125
1.9510564804077148
0.02763007953763008
0.06725917756557465
0.10356470197439194
0.13852789998054504
0.17356884479522705
0.209682896733284
0.24750377237796783
0.2874516546726227
0.3297649025917053
0.37456774711608887
0.4218822717666626
0.471661776304245
0.523795485496521
0.5781276226043701
0.6344596743583679
0.6925627589225769
0.7521793842315674
0.8130320906639099
0.8748255968093872
0.9372532963752747
1.0
1.0627466440200806
1.1251744031906128
1.1869679689407349
1.2478206157684326
1.3074373006820679
1.3655403852462769
1.4218723773956299
1.476204514503479
1.5283381938934326
1.5781177282333374
1.6254322528839111
1.67023503780365
1.7125483751296997
1.7524962425231934
1.7903170585632324
1.826431155204773
1.8614721298217773
1.896435260772705
1.9327408075332642
1.972369909286499
0.012311659753322601
0.0442655012011528
0.07391401380300522
0.10356470197439194
0.13472560048103333
0.16824881732463837
0.20461741089820862
0.24410732090473175
0.28683310747146606
0.332810640335083
0.3819688558578491
0.43417778611183167
0.48925262689590454
0.5469692945480347
0.6070662140846252
0.6692548394203186
0.7332208752632141
0.7986319661140442
0.8651396036148071
0.9323845505714417
1.0
1.0676153898239136
1.1348603963851929
1.201367974281311
1.2667790651321411
1.3307452201843262
1.39293372631073
1.4530307054519653
1.5107473134994507
1.5658222436904907
1.6180311441421509
1.667189359664917
1.7131669521331787
1.7558926343917847
1.7953826189041138
1.8317512273788452
1.865274429321289
1.896435260772705
1.9260859489440918
1.9557344913482666
1.9876883029937744
0.003082666313275695
0.023831669241189957
0.0442655012011528
0.06725917756557465
0.09371946007013321
0.12417475134134293
0.15882425010204315
0.19773292541503906
0.24085138738155365
0.2880619168281555
0.3391835689544678
0.3939914107322693
0.45221763849258423
0.5135629773139954
0.5776970982551575
0.6442667245864868
0.712896466255188
0.783194899559021
0.854756236076355
0.9271653890609741
1.0
1.0728346109390259
1.145243763923645
1.216805100440979
1.287103533744812
1.3557332754135132
1.4223028421401978
1.4864369630813599
1.547782301902771
1.606008529663086
1.6608164310455322
1.7119381427764893
1.7591485977172852
1.802267074584961
1.8411757946014404
1.87582528591156
1.906280517578125
1.9327408075332642
1.9557344913482666
1.9761682748794556
1.9969173669815063
0.0
0.003082666313275695
0.012311659753322601
0.02763007953763008
0.04894348233938217
0.07612046599388123
0.10899347811937332
0.14735983312129974
0.19098301231861115
0.23959402740001678
0.2928932309150696
0.350551962852478
0.4122147560119629
0.47750142216682434
0.5460094809532166
0.6173165440559387
0.69098299741745
0.7665546536445618
0.8435655236244202
0.9215409159660339
1.0
1.0784591436386108
1.156434416770935
1.233445405960083
1.3090169429779053
1.3826833963394165
1.4539904594421387
1.522498607635498
1.587785243988037
1.649448037147522
1.7071068286895752
1.7604060173034668
1.8090169429779053
1.852640151977539
1.8910064697265625
1.9238795042037964
1.9510564804077148
1.972369909286499
1.9876883029937744
1.9969173669815063
2.0
