0.0
0.0
0.0
0.0
0.0
0.0
0.0
0.0
0.0
0.0
0.0
0.0
0.0
0.0
0.0
0.0
0.0
0.0
0.0
0.0
0.0
0.0
0.0
0.0
0.0
0.0
0.0
0.0
0.0
0.0
0.0
0.0
0.0
0.0
0.0
0.0
0.0
0.0
0.0
0.0
0.0
0.0
2.1117571122886147e-06
4.19877278545755e-06
6.236774424905889e-06
8.202539902413264e-06
1.0074205420096405e-05
1.1831903975689784e-05
1.345787586615188e-05
1.4937086234567687e-05
1.6257126844720915e-05
1.740873631206341e-05
1.838549906096887e-05
1.9184206394129433e-05
1.9804376279353164e-05
2.0248437067493796e-05
2.0521132682915777e-05
2.0629517166526057e-05
2.0582347133313306e-05
2.0389918063301593e-05
2.0063518604729325e-05
1.961517773452215e-05
1.9057237295783125e-05
1.8402068235445768e-05
1.7661795936874114e-05
1.6848029190441594e-05
1.597173286427278e-05
1.5043006897030864e-05
1.407108902640175e-05
1.3064175618637819e-05
1.202953171741683e-05
1.097336189559428e-05
9.900974873744417e-06
8.816707122605294e-06
7.724106581008527e-06
6.625908554269699e-06
5.524209882423747e-06
4.4204834921401925e-06
3.3157402867800556e-06
2.2105716652731644e-06
1.1052907211706042e-06
0.0
0.0
4.248356162861455e-06
8.446727406408172e-06
1.2546075595309958e-05
1.6499494449817576e-05
2.0262830730644055e-05
2.3795970264473e-05
2.706307714106515e-05
3.0033845177968033e-05
3.2683292374713346e-05
3.4992830478586257e-05
3.6949641071259975e-05
3.854740862152539e-05
3.97853618778754e-05
4.066860492457636e-05
4.120693847653456e-05
4.1414830775465816e-05
4.131016612518579e-05
4.0913921111496165e-05
4.024904774269089e-05
3.933995321858674e-05
3.8211648643482476e-05
3.688915239763446e-05
3.539695171639323e-05
3.3758446079446e-05
3.1995710742194206e-05
3.0129041988402605e-05
2.8176969863125123e-05
2.615591620269697e-05
2.4080394723569043e-05
2.1962789105600677e-05
1.9813660401268862e-05
1.7641616068431176e-05
1.5453675587195903e-05
1.325521861872403e-05
1.1050349712604657e-05
8.841916496749036e-06
6.631847099924926e-06
4.421222456585383e-06
2.2105716652731644e-06
0.0
0.0
6.435108844016213e-06
1.2793972018698696e-05
1.9001794498763047e-05
2.4987044525914825e-05
3.068240766879171e-05
3.602676224545576e-05
4.0965558582684025e-05
4.5452728954842314e-05
4.945038745063357e-05
5.2930474339518696e-05
5.587380292126909e-05
5.8271172747481614e-05
6.012188532622531e-05
6.14342643530108e-05
6.222380034159869e-05
6.251309241633862e-05
6.232992018340155e-05
6.170673441374674e-05
6.067890353733674e-05
5.9283938753651455e-05
5.75601625314448e-05
5.55458027520217e-05
5.32781814399641e-05
5.0792859838111326e-05
4.8123314627446234e-05
4.530021396931261e-05
4.235150117892772e-05
3.9301849028561264e-05
3.617302354541607e-05
3.298349474789575e-05
2.974898052343633e-05
2.648221743584145e-05
2.319353552593384e-05
1.9890783732989803e-05
1.6579888324486092e-05
1.3264881999930367e-05
9.948408660420682e-06
6.631847099924926e-06
3.3157402867800556e-06
0.0
0.0
8.698419151187409e-06
1.729277391859796e-05
2.5680990802356973e-05
3.376546737854369e-05
4.145439379499294e-05
4.866447125095874e-05
5.532142677111551e-05
6.136268348200247e-05
6.673695315839723e-05
7.140647358028218e-05
7.534574251621962e-05
7.854302384657785e-05
8.099828846752644e-05
8.272389095509425e-05
8.374202298000455e-05
8.408453868469223e-05
8.379032806260511e-05
8.290450932690874e-05
8.147606422426179e-05
7.955671026138589e-05
7.71990671637468e-05
7.445542723871768e-05
7.137666398193687e-05
6.80110533721745e-05
6.440388096962124e-05
6.059647421352565e-05
5.6626337027410045e-05
5.2526447689160705e-05
4.832575359614566e-05
4.40487201558426e-05
3.9716032915748656e-05
3.5344346542842686e-05
3.09470524371136e-05
2.653419505804777e-05
2.2113241357146762e-05
1.768911533872597e-05
1.3264881999930367e-05
8.841916496749036e-06
4.4204834921401925e-06
0.0
0.0
1.1066144907090347e-05
2.1998277588863857e-05
3.26649533235468e-05
4.2940519051626325e-05
5.270682231639512e-05
6.185677193570882e-05
7.029499101918191e-05
7.794134580763057e-05
8.473041816614568e-05
9.061447053682059e-05
9.556173608871177e-05
9.955844871001318e-05
0.00010260608542012051
0.00010472220310475677
0.00010593709885142744
0.00010629348980728537
0.00010584303527139127
0.00010464523074915633
0.00010276432294631377
0.00010026772361015901
9.722372487885877e-05
9.369984036311507e-05
8.976145909400657e-05
8.547030301997438e-05
8.088401227723807e-05
7.605490100104362e-05
7.103021926013753e-05
6.585127994185314e-05
6.055414996808395e-05
5.516909004654735e-05
4.972151145921089e-05
4.423166683409363e-05
3.8715665141353384e-05
3.31853843817953e-05
2.764943928923458e-05
2.2113241357146762e-05
1.6579888324486092e-05
1.1050349712604657e-05
5.524209882423747e-06
0.0
0.0
1.3568437680078205e-05
2.6970152248395607e-05
4.004162838100456e-05
5.262658669380471e-05
6.45781256025657e-05
7.576321513624862e-05
8.606357005191967e-05
9.538010635878891e-05
0.00010363233013777062
0.00011076212103944272
0.00011673155677272007
0.0001215255178976804
0.00012514811533037573
0.00012762371625285596
0.0001289926003664732
0.0001293105015065521
0.00012864411110058427
0.0001270695502171293
0.00012466846965253353
0.00012152596900705248
0.0001177278027171269
0.00011335816088831052
0.00010849814862012863
0.00010322383604943752
9.76058654487133e-05
9.170793782686815e-05
8.558723493479192e-05
7.929338607937098e-05
7.286943582585081e-05
6.635116005782038e-05
5.976836473564617e-05
5.314447480486706e-05
4.649786205845885e-05
3.984174327342771e-05
3.31853843817953e-05
2.653419505804777e-05
1.9890783732989803e-05
1.325521861872403e-05
6.625908554269699e-06
0.0
0.0
1.6238021999015473e-05
3.227317574783228e-05
4.790649109054357e-05
6.294782360782847e-05
7.721848669461906e-05
9.055680857272819e-05
0.00010281925642630085
0.00011388600978534669
0.00012366025475785136
0.00013207297888584435
0.00013908026448916644
0.00014466651191469282
0.00014883995754644275
0.0001516338816145435
0.00015310104936361313
0.0001533129980089143
0.00015235436148941517
0.00015032078954391181
0.0001473141455790028
0.00014343969814945012
0.0001388028176734224
0.00013350622612051666
0.0001276481634704396
0.00012132015399402007
0.00011460653331596404
0.0001075828040484339
0.00010031623241957277
9.286469867220148e-05
8.527796308044344e-05
7.759697473375127e-05
6.985541403992102e-05
6.207935803104192e-05
5.428885924629867e-05
4.649786205845885e-05
3.8715665141353384e-05
3.09470524371136e-05
2.319353552593384e-05
1.5453675587195903e-05
7.724106581008527e-06
0.0
0.0
1.9111312212771736e-05
3.797942554228939e-05
5.636579226120375e-05
7.404242205666378e-05
9.079508163267747e-05
0.00010643004497978836
0.00012077558494638652
0.00013368883810471743
0.0001450550917070359
0.00015479377179872245
0.00016285513993352652
0.0001692242658464238
0.0001739155122777447
0.00017697375733405352
0.0001784675259841606
0.0001784877822501585
0.00017714085697662085
0.00017454563931096345
0.0001708276104182005
0.00016611538012512028
0.00016053659783210605
0.00015421464922837913
0.00014726661902386695
0.0001398006425006315
0.00013191555626690388
0.0001236990065081045
0.00011522845306899399
0.00010656980884959921
9.777918603504077e-05
8.890215394785628e-05
7.997565990081057e-05
7.102773088263348e-05
6.207935803104192e-05
5.314447480486706e-05
4.423166683409363e-05
3.5344346542842686e-05
2.648221743584145e-05
1.7641616068431176e-05
8.816707122605294e-06
0.0
0.0
2.2228630768950097e-05
4.4168740714667365e-05
6.553726416314021e-05
8.606357005191967e-05
0.00010549325088504702
0.00012359632819425315
0.00014016915520187467
0.00015504291513934731
0.00016808297368697822
0.0001791962276911363
0.00018832740897778422
0.00019546374096535146
0.00020062823023181409
0.0002038809034274891
0.00020531026530079544
0.00020503130508586764
0.00020317685266491026
0.00019989364955108613
0.0001953351602423936
0.00018965704657603055
0.0001830124674597755
0.00017554797523189336
0.00016740143473725766
0.00015869879280216992
0.0001495542237535119
0.00014006778656039387
0.00013032702554482967
0.00012040556612191722
0.00011036529758712277
0.00010025566734839231
9.011609654407948e-05
7.997565990081057e-05
6.985541403992102e-05
5.976836473564617e-05
4.972151145921089e-05
3.9716032915748656e-05
2.974898052343633e-05
1.9813660401268862e-05
9.900974873744417e-06
0.0
0.0
2.563563066360075e-05
5.093157597002573e-05
7.555443153250962e-05
9.918516298057511e-05
0.0001215236188727431
0.00014229834778234363
0.0001612690684851259
0.00017823727102950215
0.00019304566376376897
0.00020558747928589582
0.0002158021234208718
0.00022368090867530555
0.0002292587741976604
0.0002326155372429639
0.0002338650665478781
0.00023315244470722973
0.00023064301058184355
0.0002265172079205513
0.00022096179600339383
0.000214164043427445
0.00020630638755392283
0.00019756139954552054
0.00018808979075402021
0.00017803664377424866
0.0001675320672802627
0.00015668866399209946
0.00014560380077455193
0.0001343581679975614
0.00012301861715968698
0.00011163751332787797
0.00010025566734839231
8.890215394785628e-05
7.759697473375127e-05
6.635116005782038e-05
5.516909004654735e-05
4.40487201558426e-05
3.298349474789575e-05
2.1962789105600677e-05
1.097336189559428e-05
0.0
0.0
2.9383414585026912e-05
5.836925265612081e-05
8.656702993903309e-05
0.0001136025384766981
0.0001391231344314292
0.000162809417815879
0.0001843786012614146
0.00020359753398224711
0.00022028275998309255
0.0002343121886951849
0.0002456200891174376
0.00025420438032597303
0.0002601162123028189
0.00026346114464104176
0.00026438554050400853
0.00026307214284315705
0.00025972662842832506
0.0002545703900977969
0.0002478299429640174
0.00023972964845597744
0.00023048557341098785
0.0002202994655817747
0.00020935705106239766
0.00019782374147325754
0.0001858460163930431
0.000173548876773566
0.00016103891539387405
0.00014840287622064352
0.00013571145245805383
0.00012301861715968698
0.00011036529758712277
9.777918603504077e-05
8.527796308044344e-05
7.286943582585081e-05
6.055414996808395e-05
4.832575359614566e-05
3.617302354541607e-05
2.4080394723569043e-05
1.202953171741683e-05
0.0
0.0
3.353019928908907e-05
6.659736391156912e-05
9.874628449324518e-05
0.00012953967961948365
0.00015856431855354458
0.0001854448055382818
0.00020984822185710073
0.00023150036577135324
0.0002501867711544037
0.000265767564997077
0.0002781721414066851
0.0002874080673791468
0.0002935484517365694
0.000296732468996197
0.0002971481590066105
0.0002950260241050273
0.00029062185785733163
0.0002842071116901934
0.0002760560892056674
0.0002664365747477859
0.00025560331414453685
0.00024379054957535118
0.00023121116100810468
0.0002180517913075164
0.00020447543647605926
0.00019061881175730377
0.00017659662989899516
0.0001625003496883437
0.00014840287622064352
0.0001343581679975614
0.00012040556612191722
0.00010656980884959921
9.286469867220148e-05
7.929338607937098e-05
6.585127994185314e-05
5.2526447689160705e-05
3.9301849028561264e-05
2.615591620269697e-05
1.3064175618637819e-05
0.0
0.0
3.8141162804095075e-05
7.574552000733092e-05
0.00011228469520574436
0.00014724928769282997
0.00018015576642937958
0.00021056273544672877
0.00023807730758562684
0.0002623755717650056
0.000283205445157364
0.00030040586716495454
0.00031390125514008105
0.00032371291308663785
0.00032994322828017175
0.0003327755257487297
0.0003324516583234072
0.00032926283893175423
0.0003235275798942894
0.0003155787999276072
0.00030574819538742304
0.00029435456963256
0.00028169670258648694
0.00026804491062648594
0.00025364107568748295
0.0002386934938840568
0.00022338122653309256
0.000207851393497549
0.00019222513947170228
0.00017659662989899516
0.00016103891539387405
0.00014560380077455193
0.00013032702554482967
0.00011522845306899399
0.00010031623241957277
8.558723493479192e-05
7.103021926013753e-05
5.6626337027410045e-05
4.235150117892772e-05
2.8176969863125123e-05
1.407108902640175e-05
0.0
0.0
4.3289881432428956e-05
8.596041152486578e-05
0.00012740111560560763
0.00016702029097359627
0.0002042526175500825
0.00023857799533288926
0.0002695306029636413
0.0002967251348309219
0.0003198623890057206
0.00033875496592372656
0.0003533218987286091
0.0003636034671217203
0.00036974120303057134
0.0003719765227288008
0.0003706214774865657
0.00036604495835490525
0.0003586444945540279
0.00034882864565588534
0.0003369982587173581
0.0003235316544305533
0.00030877767130732536
0.0002930458285845816
0.0002766083343885839
0.0002596948470454663
0.00024249897978734225
0.0002251761470688507
0.000207851393497549
0.00019061881175730377
0.000173548876773566
0.00015668866399209946
0.00014006778656039387
0.0001236990065081045
0.0001075828040484339
9.170793782686815e-05
7.605490100104362e-05
6.059647421352565e-05
4.530021396931261e-05
3.0129041988402605e-05
1.5043006897030864e-05
0.0
0.0
4.905731839244254e-05
9.740387031342834e-05
0.00014433820615522563
0.00018917524721473455
0.00023125417646951973
0.0002699601755011827
0.0003047374193556607
0.0003351229534018785
0.0003607572289183736
0.0003814187948592007
0.0003970201942138374
0.00040762737626209855
0.0004134342016186565
0.00041475912439636886
0.00041200596024282277
0.00040564374648965895
0.0003961699840147048
0.00038408651016652584
0.00036987735074944794
0.00035399000626057386
0.0003368293109815568
0.00031874675187282264
0.0003000450669787824
0.0002809737343341112
0.00026173825608566403
0.00024249897978734225
0.00022338122653309256
0.00020447543647605926
0.0001858460163930431
0.0001675320672802627
0.0001495542237535119
0.00013191555626690388
0.00011460653331596404
9.76058654487133e-05
8.088401227723807e-05
6.440388096962124e-05
4.8123314627446234e-05
3.1995710742194206e-05
1.597173286427278e-05
0.0
0.0
5.553140363190323e-05
0.00011025228741345927
0.00016336259432137012
0.00021407223539426923
0.00026160888955928385
0.0003052425745408982
0.00034430454252287745
0.00037823145976290107
0.0004065844404976815
0.00042909648618660867
0.0004456712049432099
0.00045640888856723905
0.00046157382894307375
0.0004615869256667793
0.00045697324094362557
0.00044833144056610763
0.00043628609273582697
0.0004214543732814491
0.0004044199304189533
0.00038570992182940245
0.00036579088191501796
0.00034505745861679316
0.0003238417557440698
0.0003024094912689179
0.0002809737343341112
0.0002596948470454663
0.0002386934938840568
0.0002180517913075164
0.00019782374147325754
0.00017803664377424866
0.00015869879280216992
0.0001398006425006315
0.00012132015399402007
0.00010322383604943752
8.547030301997438e-05
6.80110533721745e-05
5.0792859838111326e-05
3.3758446079446e-05
1.6848029190441594e-05
0.0
0.0
6.280342495301738e-05
0.00012468956992961466
0.00018475472461432219
0.0002420924574835226
0.00029580038972198963
0.0003450073127169162
0.0003889008949045092
0.0004267863114364445
0.0004581182438414544
0.00048256723675876856
0.0005000237142667174
0.0005106336902827024
0.0005147558404132724
0.0005129482015036047
0.0005058960523456335
0.0004943668027408421
0.00047914651804603636
0.00046099486644379795
0.0004406142688822001
0.00041862233774736524
0.0003955519350711256
0.00037184025859460235
0.0003478448197711259
0.0003238417557440698
0.0003000450669787824
0.0002766083343885839
0.00025364107568748295
0.00023121116100810468
0.00020935705106239766
0.00018808979075402021
0.00016740143473725766
0.00014726661902386695
0.0001276481634704396
0.00010849814862012863
8.976145909400657e-05
7.137666398193687e-05
5.32781814399641e-05
3.539695171639323e-05
1.7661795936874114e-05
0.0
0.0
7.096109766280279e-05
0.0001408933603670448
0.00020878971554338932
0.0002736174501478672
0.00033432309282943606
0.00038986123399809003
0.00043923521297983825
0.000481575756566599
0.0005161930457688868
0.0005426708376035094
0.0005608793580904603
0.0005710247787646949
0.0005735926679335535
0.0005693243583664298
0.0005591175868175924
0.0005439591477625072
0.0005248406669124961
0.0005026968428865075
0.0004783706972375512
0.0004525807162281126
0.0004259284760337323
0.0003988897369708866
0.00037184025859460235
0.00034505745861679316
0.00031874675187282264
0.0002930458285845816
0.00026804491062648594
0.00024379054957535118
0.0002202994655817747
0.00019756139954552054
0.00017554797523189336
0.00015421464922837913
0.00013350622612051666
0.00011335816088831052
9.369984036311507e-05
7.445542723871768e-05
5.55458027520217e-05
3.688915239763446e-05
1.8402068235445768e-05
0.0
0.0
8.007865108083934e-05
0.0001590152969583869
0.00023570771736558527
0.00030899004195816815
0.0003776343946810812
0.00044038004125468433
0.0004959931829944253
0.0005433726473711431
0.0005816325428895652
0.0006102359038777649
0.0006290219025686383
0.0006382756982930005
0.0006386514869518578
0.0006311351316981018
0.0006169039406813681
0.0005972289363853633
0.0005733618163503706
0.0005464510177262127
0.0005175038240849972
0.00048734855954535306
0.0004566547286231071
0.0004259284760337323
0.0003955519350711256
0.00036579088191501796
0.0003368293109815568
0.00030877767130732536
0.00028169670258648694
0.00025560331414453685
0.00023048557341098785
0.00020630638755392283
0.0001830124674597755
0.00016053659783210605
0.0001388028176734224
0.0001177278027171269
9.722372487885877e-05
7.71990671637468e-05
5.75601625314448e-05
3.8211648643482476e-05
1.9057237295783125e-05
0.0
0.0
9.019444405566901e-05
0.00017913588089868426
0.0002656469587236643
0.00034842666354961693
0.00042604803456924856
0.0004969853907823563
0.0005597012350335717
0.0006127883680164814
0.0006550971884280443
0.0006859246059320867
0.0007050635758787394
0.0007129011792130768
0.0007103139068931341
0.0006986087537370622
0.0006793279317207634
0.0006541062612086535
0.0006245209369808435
0.0005919782561250031
0.0005576745024882257
0.0005225540371611714
0.00048734855954535306
0.0004525807162281126
0.00041862233774736524
0.00038570992182940245
0.00035399000626057386
0.0003235316544305533
0.00029435456963256
0.0002664365747477859
0.00023972964845597744
0.000214164043427445
0.00018965704657603055
0.00016611538012512028
0.00014343969814945012
0.00012152596900705248
0.00010026772361015901
7.955671026138589e-05
5.9283938753651455e-05
3.933995321858674e-05
1.961517773452215e-05
0.0
0.0
0.00010129108704859391
0.00020122452406212687
0.0002985822211485356
0.00039193284465000033
0.0004796255088876933
0.0005598121788352728
0.0006305717979557812
0.0006901003653183579
0.0007369002560153604
0.0007700454443693161
0.0007892624707892537
0.0007950675208121538
0.0007886239909566939
0.0007716532563790679
0.0007461642380803823
0.0007142494432628155
0.0006778868846595287
0.0006387883913703263
0.0005983635201118886
0.0005576745024882257
0.0005175038240849972
0.0004783706972375512
0.0004406142688822001
0.0004044199304189533
0.00036987735074944794
0.0003369982587173581
0.00030574819538742304
0.0002760560892056674
0.0002478299429640174
0.00022096179600339383
0.0001953351602423936
0.0001708276104182005
0.0001473141455790028
0.00012466846965253353
0.00010276432294631377
8.147606422426179e-05
6.067890353733674e-05
4.024904774269089e-05
2.0063518604729325e-05
0.0
0.0
0.00011325072409817949
0.00022504945809487253
0.0003341873234603554
0.0004391155962366611
0.0005379370413720608
0.0006284192786552012
0.0007081686053425074
0.0007748805801384151
0.0008266126969829202
0.0008621495799161494
0.0008811269071884453
0.0008842201204970479
0.0008729524561204016
0.0008495645015500486
0.0008166456245817244
0.0007768490468151867
0.0007326338673010468
0.0006860657595098019
0.0006387883913703263
0.0005919782561250031
0.0005464510177262127
0.0005026968428865075
0.00046099486644379795
0.0004214543732814491
0.00038408651016652584
0.00034882864565588534
0.0003155787999276072
0.0002842071116901934
0.0002545703900977969
0.0002265172079205513
0.00019989364955108613
0.00017454563931096345
0.00015032078954391181
0.0001270695502171293
0.00010464523074915633
8.290450932690874e-05
6.170673441374674e-05
4.0913921111496165e-05
2.0389918063301593e-05
0.0
0.0
0.00012583252100739628
0.00025013211416080594
0.0003717630752362311
0.0004890807904303074
0.0005999240675009787
0.0007016154122538865
0.0007911975844763219
0.0008657578146085143
0.0009228066192008555
0.000960768258664757
0.0009791608899831772
0.0009788498282432556
0.0009617933537811041
0.0009308597072958946
0.0008893347694538534
0.0008405357948504388
0.0007874811999499798
0.0007326338673010468
0.0006778868846595287
0.0006245209369808435
0.0005733618163503706
0.0005248406669124961
0.00047914651804603636
0.00043628609273582697
0.0003961699840147048
0.0003586444945540279
0.0003235275798942894
0.00029062185785733163
0.00025972662842832506
0.00023064301058184355
0.00020317685266491026
0.00017714085697662085
0.00015235436148941517
0.00012864411110058427
0.00010584303527139127
8.379032806260511e-05
6.232992018340155e-05
4.131016612518579e-05
2.0582347133313306e-05
0.0
0.0
0.00013862148625776172
0.0002756449393928051
0.00041007818072102964
0.0005402088281698525
0.0006636033649556339
0.0007770893862470984
0.0008770675049163401
0.0009599205804988742
0.0010225198930129409
0.0010628647869452834
0.0010803303448483348
0.0010759986471384764
0.0010523292003199458
0.0010129133006557822
0.000961834448389709
0.0009031614754348993
0.0008405357948504388
0.0007768490468151867
0.0007142494432628155
0.0006541062612086535
0.0005972289363853633
0.0005439591477625072
0.0004943668027408421
0.00044833144056610763
0.00040564374648965895
0.00036604495835490525
0.00032926283893175423
0.0002950260241050273
0.00026307214284315705
0.00023315244470722973
0.00020503130508586764
0.0001784877822501585
0.0001533129980089143
0.0001293105015065521
0.00010629348980728537
8.408453868469223e-05
6.251309241633862e-05
4.1414830775465816e-05
2.0629517166526057e-05
0.0
0.0
0.0001510348083684221
0.00030042306752875447
0.0004473836161196232
0.0005901685799472034
0.0007260761340148747
0.0008514109067618847
0.000961880839895457
0.0010530990548431873
0.0011212325189262629
0.0011638096766546369
0.0011800425127148628
0.0011712476843968034
0.0011404305696487427
0.0010919696651399136
0.0010308127384632826
0.000961834448389709
0.0008893347694538534
0.0008166456245817244
0.0007461642380803823
0.0006793279317207634
0.0006169039406813681
0.0005591175868175924
0.0005058960523456335
0.00045697324094362557
0.00041200596024282277
0.0003706214774865657
0.0003324516583234072
0.0002971481590066105
0.00026438554050400853
0.0002338650665478781
0.00020531026530079544
0.0001784675259841606
0.00015310104936361313
0.0001289926003664732
0.00010593709885142744
8.374202298000455e-05
6.222380034159869e-05
4.120693847653456e-05
2.0521132682915777e-05
0.0
0.0
0.00016231702466029674
0.0003229565918445587
0.000481396826216951
0.0006358859245665371
0.000783473951742053
0.000919949496164918
0.0010403248015791178
0.0011394312605261803
0.0012127164518460631
0.001257224939763546
0.0012719985097646713
0.001258589792996645
0.0012205576058477163
0.0011630778899416327
0.0010919696651399136
0.0010129133006557822
0.0009308597072958946
0.0008495645015500486
0.0007716532563790679
0.0006986087537370622
0.0006311351316981018
0.0005693243583664298
0.0005129482015036047
0.0004615869256667793
0.00041475912439636886
0.0003719765227288008
0.0003327755257487297
0.000296732468996197
0.00026346114464104176
0.0002326155372429639
0.0002038809034274891
0.00017697375733405352
0.0001516338816145435
0.00012762371625285596
0.00010472220310475677
8.272389095509425e-05
6.14342643530108e-05
4.066860492457636e-05
2.0248437067493796e-05
0.0
0.0
0.000171611100086011
0.0003415312967263162
0.0005095161031931639
0.0006738360389135778
0.000831331592053175
0.0009773260680958629
0.001106194220483303
0.0012120442697778344
0.0012896549887955189
0.0013356185518205166
0.0013488160911947489
0.0013310177018865943
0.0012862938456237316
0.0012205576058477163
0.0011404305696487427
0.0010523292003199458
0.0009617933537811041
0.0008729524561204016
0.0007886239909566939
0.0007103139068931341
0.0006386514869518578
0.0005735926679335535
0.0005147558404132724
0.00046157382894307375
0.0004134342016186565
0.00036974120303057134
0.00032994322828017175
0.0002935484517365694
0.0002601162123028189
0.0002292587741976604
0.00020062823023181409
0.0001739155122777447
0.00014883995754644275
0.00012514811533037573
0.00010260608542012051
8.099828846752644e-05
6.012188532622531e-05
3.97853618778754e-05
1.9804376279353164e-05
0.0
0.0
0.0001780468155629933
0.0003544074425008148
0.000529092678334564
0.0007004134240560234
0.0008650572854094207
0.0010179809760302305
0.0011530485935509205
0.0012637829640880227
0.0013444182695820928
0.0013911776477470994
0.0014028100995346904
0.0013812612742185593
0.0013310177018865943
0.001258589792996645
0.0011712476843968034
0.0010759986471384764
0.0009788498282432556
0.0008842201204970479
0.0007950675208121538
0.0007129011792130768
0.0006382756982930005
0.0005710247787646949
0.0005106336902827024
0.00045640888856723905
0.00040762737626209855
0.0003636034671217203
0.00032371291308663785
0.0002874080673791468
0.00025420438032597303
0.00022368090867530555
0.00019546374096535146
0.0001692242658464238
0.00014466651191469282
0.0001215255178976804
9.955844871001318e-05
7.854302384657785e-05
5.8271172747481614e-05
3.854740862152539e-05
1.9184206394129433e-05
0.0
0.0
0.00018085342890117317
0.00036004462162964046
0.0005377776687964797
0.0007124126423150301
0.0008805571123957634
0.0010369446827098727
0.0011751181446015835
0.0012882266892120242
0.0013701545540243387
0.0014168863417580724
0.0014270850224420428
0.0014028100995346904
0.0013488160911947489
0.0012719985097646713
0.0011800425127148628
0.0010803303448483348
0.0009791608899831772
0.0008811269071884453
0.0007892624707892537
0.0007050635758787394
0.0006290219025686383
0.0005608793580904603
0.0005000237142667174
0.0004456712049432099
0.0003970201942138374
0.0003533218987286091
0.00031390125514008105
0.0002781721414066851
0.0002456200891174376
0.0002158021234208718
0.00018832740897778422
0.00016285513993352652
0.00013908026448916644
0.00011673155677272007
9.556173608871177e-05
7.534574251621962e-05
5.587380292126909e-05
3.6949641071259975e-05
1.838549906096887e-05
0.0
0.0
0.00017949964967556298
0.00035738066071644425
0.000533951329998672
0.0007076229085214436
0.0008750070701353252
0.0010307879419997334
0.0011684210039675236
0.0012809447944164276
0.0013621359830722213
0.0014079045504331589
0.0014168863417580724
0.0013911776477470994
0.0013356185518205166
0.001257224939763546
0.0011638096766546369
0.0010628647869452834
0.000960768258664757
0.0008621495799161494
0.0007700454443693161
0.0006859246059320867
0.0006102359038777649
0.0005426708376035094
0.00048256723675876856
0.00042909648618660867
0.0003814187948592007
0.00033875496592372656
0.00030040586716495454
0.000265767564997077
0.0002343121886951849
0.00020558747928589582
0.0001791962276911363
0.00015479377179872245
0.00013207297888584435
0.00011076212103944272
9.061447053682059e-05
7.140647358028218e-05
5.2930474339518696e-05
3.4992830478586257e-05
1.740873631206341e-05
0.0
0.0
0.00017374799062963575
0.00034594250610098243
0.0005168947391211987
0.0006850676145404577
0.0008471658220514655
0.0009980106260627508
0.0011312224669381976
0.00124001270160079
0.0013183130649849772
0.0013621359830722213
0.0013701545540243387
0.0013444182695820928
0.0012896549887955189
0.0012127164518460631
0.0011212325189262629
0.0010225198930129409
0.0009228066192008555
0.0008266126969829202
0.0007369002560153604
0.0006550971884280443
0.0005816325428895652
0.0005161930457688868
0.0004581182438414544
0.0004065844404976815
0.0003607572289183736
0.0003198623890057206
0.000283205445157364
0.0002501867711544037
0.00022028275998309255
0.00019304566376376897
0.00016808297368697822
0.0001450550917070359
0.00012366025475785136
0.00010363233013777062
8.473041816614568e-05
6.673695315839723e-05
4.945038745063357e-05
3.2683292374713346e-05
1.6257126844720915e-05
0.0
0.0
0.00016372675599996
0.000325986766256392
0.00048700699699111283
0.0006453062524087727
0.0007977687637321651
0.0009395297965966165
0.001064610667526722
0.0011666613863781095
0.00124001270160079
0.0012809447944164276
0.0012882266892120242
0.0012637829640880227
0.0012120442697778344
0.0011394312605261803
0.0010530990548431873
0.0009599205804988742
0.0008657578146085143
0.0007748805801384151
0.0006901003653183579
0.0006127883680164814
0.0005433726473711431
0.000481575756566599
0.0004267863114364445
0.00037823145976290107
0.0003351229534018785
0.0002967251348309219
0.0002623755717650056
0.00023150036577135324
0.00020359753398224711
0.00017823727102950215
0.00015504291513934731
0.00013368883810471743
0.00011388600978534669
9.538010635878891e-05
7.794134580763057e-05
6.136268348200247e-05
4.5452728954842314e-05
3.0033845177968033e-05
1.4937086234567687e-05
0.0
0.0
0.0001498563215136528
0.00029835550230927765
0.0004455820599105209
0.0005901241092942655
0.0007291234796866775
0.0008581778383813798
0.0009719050722196698
0.001064610667526722
0.0011312224669381976
0.0011684210039675236
0.0011751181446015835
0.0011530485935509205
0.001106194220483303
0.0010403248015791178
0.000961880839895457
0.0008770675049163401
0.0007911975844763219
0.0007081686053425074
0.0006305717979557812
0.0005597012350335717
0.0004959931829944253
0.00043923521297983825
0.0003889008949045092
0.00034430454252287745
0.0003047374193556607
0.0002695306029636413
0.00023807730758562684
0.00020984822185710073
0.0001843786012614146
0.0001612690684851259
0.00014016915520187467
0.00012077558494638652
0.00010281925642630085
8.606357005191967e-05
7.029499101918191e-05
5.532142677111551e-05
4.0965558582684025e-05
2.706307714106515e-05
1.345787586615188e-05
0.0
0.0
0.00013279280392453074
0.0002643611514940858
0.0003946307406295091
0.0005222834297455847
0.0006447831983678043
0.000758298032451421
0.0008581778383813798
0.0009395297965966165
0.0009980106260627508
0.0010307879419997334
0.0010369446827098727
0.0010179809760302305
0.0009773260680958629
0.000919949496164918
0.0008514109067618847
0.0007770893862470984
0.0007016154122538865
0.0006284192786552012
0.0005598121788352728
0.0004969853907823563
0.00044038004125468433
0.00038986123399809003
0.0003450073127169162
0.0003052425745408982
0.0002699601755011827
0.00023857799533288926
0.00021056273544672877
0.0001854448055382818
0.000162809417815879
0.00014229834778234363
0.00012359632819425315
0.00010643004497978836
9.055680857272819e-05
7.576321513624862e-05
6.185677193570882e-05
4.866447125095874e-05
3.602676224545576e-05
2.3795970264473e-05
1.1831903975689784e-05
0.0
0.0
0.00011328711116220802
0.0002255057479487732
0.0003364475560374558
0.00044492312008515
0.0005487677990458906
0.0006447831983678043
0.0007291234796866775
0.0007977687637321651
0.0008471658220514655
0.0008750070701353252
0.0008805571123957634
0.0008650572854094207
0.000831331592053175
0.000783473951742053
0.0007260761340148747
0.0006636033649556339
0.0005999240675009787
0.0005379370413720608
0.0004796255088876933
0.00042604803456924856
0.0003776343946810812
0.00033432309282943606
0.00029580038972198963
0.00026160888955928385
0.00023125417646951973
0.0002042526175500825
0.00018015576642937958
0.00015856431855354458
0.0001391231344314292
0.0001215236188727431
0.00010549325088504702
9.079508163267747e-05
7.721848669461906e-05
6.45781256025657e-05
5.270682231639512e-05
4.145439379499294e-05
3.068240766879171e-05
2.0262830730644055e-05
1.0074205420096405e-05
0.0
0.0
9.207110269926488e-05
0.00018325293785892427
0.0002732581924647093
0.00036106802872382104
0.00044492312008515
0.0005222834297455847
0.0005901241092942655
0.0006453062524087727
0.0006850676145404577
0.0007076229085214436
0.0007124126423150301
0.0007004134240560234
0.0006738360389135778
0.0006358859245665371
0.0005901685799472034
0.0005402088281698525
0.0004890807904303074
0.0004391155962366611
0.00039193284465000033
0.00034842666354961693
0.00030899004195816815
0.0002736174501478672
0.0002420924574835226
0.00021407223539426923
0.00018917524721473455
0.00016702029097359627
0.00014724928769282997
0.00012953967961948365
0.0001136025384766981
9.918516298057511e-05
8.606357005191967e-05
7.404242205666378e-05
6.294782360782847e-05
5.262658669380471e-05
4.2940519051626325e-05
3.376546737854369e-05
2.4987044525914825e-05
1.6499494449817576e-05
8.202539902413264e-06
0.0
0.0
6.977001612540334e-05
0.00013885035878047347
0.00020694830163847655
0.0002732581924647093
0.0003364475560374558
0.0003946307406295091
0.0004455820599105209
0.00048700699699111283
0.0005168947391211987
0.000533951329998672
0.0005377776687964797
0.000529092678334564
0.0005095161031931639
0.000481396826216951
0.0004473836161196232
0.00041007818072102964
0.0003717630752362311
0.0003341873234603554
0.0002985822211485356
0.0002656469587236643
0.00023570771736558527
0.00020878971554338932
0.00018475472461432219
0.00016336259432137012
0.00014433820615522563
0.00012740111560560763
0.00011228469520574436
9.874628449324518e-05
8.656702993903309e-05
7.555443153250962e-05
6.553726416314021e-05
5.636579226120375e-05
4.790649109054357e-05
4.004162838100456e-05
3.26649533235468e-05
2.5680990802356973e-05
1.9001794498763047e-05
1.2546075595309958e-05
6.236774424905889e-06
0.0
0.0
4.6832596126478165e-05
9.319218952441588e-05
0.00013885035878047347
0.00018325293785892427
0.0002255057479487732
0.0002643611514940858
0.00029835550230927765
0.000325986766256392
0.00034594250610098243
0.00035738066071644425
0.00036004462162964046
0.0003544074425008148
0.0003415312967263162
0.0003229565918445587
0.00030042306752875447
0.0002756449393928051
0.00025013211416080594
0.00022504945809487253
0.00020122452406212687
0.00017913588089868426
0.0001590152969583869
0.0001408933603670448
0.00012468956992961466
0.00011025228741345927
9.740387031342834e-05
8.596041152486578e-05
7.574552000733092e-05
6.659736391156912e-05
5.836925265612081e-05
5.093157597002573e-05
4.4168740714667365e-05
3.797942554228939e-05
3.227317574783228e-05
2.6970152248395607e-05
2.1998277588863857e-05
1.729277391859796e-05
1.2793972018698696e-05
8.446727406408172e-06
4.19877278545755e-06
0.0
0.0
2.3540673282695934e-05
4.6832596126478165e-05
6.977001612540334e-05
9.207110269926488e-05
0.00011328711116220802
0.00013279280392453074
0.0001498563215136528
0.00016372675599996
0.00017374799062963575
0.00017949964967556298
0.00018085342890117317
0.0001780468155629933
0.000171611100086011
0.00016231702466029674
0.0001510348083684221
0.00013862148625776172
0.00012583252100739628
0.00011325072409817949
0.00010129108704859391
9.019444405566901e-05
8.007865108083934e-05
7.096109766280279e-05
6.280342495301738e-05
5.553140363190323e-05
4.905731839244254e-05
4.3289881432428956e-05
3.8141162804095075e-05
3.353019928908907e-05
2.9383414585026912e-05
2.563563066360075e-05
2.2228630768950097e-05
1.9111312212771736e-05
1.6238021999015473e-05
1.3568437680078205e-05
1.1066144907090347e-05
8.698419151187409e-06
6.435108844016213e-06
4.248356162861455e-06
2.1117571122886147e-06
0.0
0.0
0.0
0.0
0.0
0.0
0.0
0.0
0.0
0.0
0.0
0.0
0.0
0.0
0.0
0.0
0.0
0.0
0.0
0.0
0.0
0.0
0.0
0.0
0.0
0.0
0.0
0.0
0.0
0.0
0.0
0.0
0.0
0.0
0.0
0.0
0.0
0.0
0.0
0.0
0.0
0.0
