2.0
1.9969173669815063
1.9876883029937744
1.972369909286499
1.9510564804077148
1.9238795042037964
1.8910064697265625
1.852640151977539
1.8090169429779053
1.7604060173034668
1.7071068286895752
1.649448037147522
1.587785243988037
1.522498607635498
1.4539904594421387
1.3826833963394165
1.3090169429779053
1.233445405960083
1.156434416770935
1.0784591436386108
1.0
0.9215409159660339
0.8435655236244202
0.7665546536445618
0.69098299741745
0.6173165440559387
0.5460094809532166
0.47750142216682434
0.4122147560119629
0.350551962852478
0.2928932309150696
0.23959402740001678
0.19098301231861115
0.14735983312129974
0.10899347811937332
0.07612046599388123
0.04894348233938217
0.02763007953763008
0.012311659753322601
0.003082666313275695
0.0
1.9969173669815063
1.9761896133422852
1.9557691812515259
1.9327847957611084
1.9063308238983154
1.8758795261383057
1.8412322998046875
1.8023244142532349
1.7592055797576904
1.7119934558868408
1.6608694791793823
1.6060583591461182
1.547828197479248
1.4864784479141235
1.4223393201828003
1.3557642698287964
1.2871286869049072
1.2168242931365967
1.1452566385269165
1.0728410482406616
1.0
0.9271589517593384
0.8547433614730835
0.7831757664680481
0.712871253490448
0.6442357897758484
0.5776607394218445
0.5135216116905212
0.45217177271842957
0.39394164085388184
0.33913058042526245
0.2880064845085144
0.24079446494579315
0.19767555594444275
0.1587676852941513
0.12412044405937195
0.09366918355226517
0.06721516698598862
0.04423076659440994
0.023810433223843575
0.003082666313275695
1.9876883029937744
1.9557691812515259
1.9261454343795776
1.8965121507644653
1.865363359451294
1.83184814453125
1.7954843044281006
1.7559963464736938
1.7132700681686401
1.6672900915145874
1.618127703666687
1.5659130811691284
1.5108312368392944
1.4531065225601196
1.3930003643035889
1.3308019638061523
1.2668253183364868
1.2014031410217285
1.134883999824524
1.0676273107528687
1.0
0.9323726892471313
0.8651160001754761
0.7985969185829163
0.7331746816635132
0.6691980957984924
0.6069995760917664
0.5468935370445251
0.48916876316070557
0.4340869188308716
0.381872296333313
0.3327099084854126
0.2867299020290375
0.24400369822978973
0.20451569557189941
0.16815179586410522
0.13463661074638367
0.10348785668611526
0.07385461032390594
0.04423076659440994
0.012311659753322601
1.972369909286499
1.9327847957611084
1.8965121507644653
1.8615731000900269
1.8265492916107178
1.7904468774795532
1.7526330947875977
1.7126883268356323
1.6703749895095825
1.6255691051483154
1.578249216079712
1.5284621715545654
1.4763190746307373
1.4219759702682495
1.3656315803527832
1.3075149059295654
1.247883915901184
1.1870160102844238
1.125206708908081
1.062762975692749
1.0
0.937237024307251
0.8747932314872742
0.8129839897155762
0.7521160840988159
0.6924850344657898
0.6343684792518616
0.5780240297317505
0.5236809253692627
0.47153782844543457
0.4217507839202881
0.3744308352470398
0.32962504029273987
0.2873116433620453
0.24736693501472473
0.20955310761928558
0.17345067858695984
0.13842694461345673
0.10348785668611526
0.06721516698598862
0.02763007953763008
1.9510564804077148
1.9063308238983154
1.865363359451294
1.8265492916107178
1.7886040210723877
1.7505511045455933
1.7116955518722534
1.6715410947799683
1.6297667026519775
1.586169719696045
1.5406546592712402
1.4931999444961548
1.4438531398773193
1.39271080493927
1.33991539478302
1.285642385482788
1.230097770690918
1.173509120941162
1.1161227226257324
1.0581971406936646
1.0
0.9418028593063354
0.8838772773742676
0.8264908790588379
0.7699021697044373
0.7143576145172119
0.66008460521698
0.60728919506073
0.5561468601226807
0.50680011510849
0.45934534072875977
0.4138302505016327
0.3702332675457001
0.3284589648246765
0.2883044183254242
0.24944885075092316
0.21139594912528992
0.17345067858695984
0.13463661074638367
0.09366918355226517
0.04894348233938217
1.9238795042037964
1.8758795261383057
1.83184814453125
1.7904468774795532
1.7505511045455933
1.7112470865249634
1.6718412637710571
1.631807565689087
1.5907785892486572
1.5484991073608398
1.504819631576538
1.459665298461914
1.413031816482544
1.3649652004241943
1.3155596256256104
1.2649431228637695
1.2132757902145386
1.1607398986816406
1.1075372695922852
1.0538827180862427
1.0
0.9461172819137573
0.8924626708030701
0.8392601013183594
0.7867242097854614
0.7350568175315857
0.6844403743743896
0.6350347399711609
0.586968183517456
0.5403347015380859
0.4951803386211395
0.45150089263916016
0.40922144055366516
0.3681924045085907
0.32815873622894287
0.288752943277359
0.24944885075092316
0.20955310761928558
0.16815179586410522
0.12412044405937195
0.07612046599388123
1.8910064697265625
1.8412322998046875
1.7954843044281006
1.7526330947875977
1.7116955518722534
1.6718412637710571
1.6324082612991333
1.5928726196289062
1.5528472661972046
1.5120474100112915
1.4702872037887573
1.4274524450302124
1.3834985494613647
1.338430643081665
1.292302131652832
1.2452003955841064
1.1972453594207764
1.148579478263855
1.0993648767471313
1.0497769117355347
1.0
0.9502231478691101
0.9006350636482239
0.851420521736145
0.8027545809745789
0.7547996044158936
0.707697868347168
0.6615692973136902
0.6165014505386353
0.5725475549697876
0.5297128558158875
0.4879525303840637
0.447152704000473
0.407127320766449
0.3675917088985443
0.32815873622894287
0.2883044183254242
0.24736693501472473
0.20451569557189941
0.1587676852941513
0.10899347811937332
1.852640151977539
1.8023244142532349
1.7559963464736938
1.7126883268356323
1.6715410947799683
1.631807565689087
1.5928726196289062
1.5542328357696533
1.5155006647109985
1.4763792753219604
1.4366610050201416
1.3962056636810303
1.354938268661499
1.3128324747085571
1.2699083089828491
1.2262192964553833
1.1818511486053467
1.1369116306304932
1.0915281772613525
1.0458409786224365
1.0
0.9541590213775635
0.9084718823432922
0.8630883693695068
0.8181487917900085
0.7737806439399719
0.7300917506217957
0.6871674656867981
0.645061731338501
0.6037943959236145
0.5633389949798584
0.5236207246780396
0.4844993054866791
0.44576719403266907
0.407127320766449
0.3681924045085907
0.3284589648246765
0.2873116433620453
0.24400369822978973
0.19767555594444275
0.14735983312129974
1.8090169429779053
1.7592055797576904
1.7132700681686401
1.6703749895095825
1.6297667026519775
1.5907785892486572
1.5528472661972046
1.5155006647109985
1.4783639907836914
1.4411404132843018
1.4036129713058472
1.3656257390975952
1.3270831108093262
1.2879351377487183
1.2481755018234253
1.207830786705017
1.1669576168060303
1.1256345510482788
1.0839591026306152
1.0420411825180054
1.0
0.9579588770866394
0.9160409569740295
0.8743654489517212
0.8330423831939697
0.7921692132949829
0.7518244981765747
0.7120649218559265
0.672916829586029
0.6343742609024048
0.5963869690895081
0.5588595867156982
0.5216360688209534
0.4844993054866791
0.447152704000473
0.40922144055366516
0.3702332675457001
0.32962504029273987
0.2867299020290375
0.24079446494579315
0.19098301231861115
1.7604060173034668
1.7119934558868408
1.6672900915145874
1.6255691051483154
1.586169719696045
1.5484991073608398
1.5120474100112915
1.4763792753219604
1.4411404132843018
1.4060438871383667
1.370872139930725
1.3354620933532715
1.2997056245803833
1.2635364532470703
1.2269288301467896
1.1898876428604126
1.1524463891983032
1.114659070968628
1.0765981674194336
1.0383474826812744
1.0
0.9616525769233704
0.9234018921852112
0.8853408694267273
0.8475536108016968
0.8101124167442322
0.7730712294578552
0.7364636063575745
0.7002943158149719
0.6645379066467285
0.6291279196739197
0.5939561128616333
0.5588595867156982
0.5236207246780396
0.4879525303840637
0.45150089263916016
0.4138302505016327
0.3744308352470398
0.3327099084854126
0.2880064845085144
0.23959402740001678
1.7071068286895752
1.6608694791793823
1.618127703666687
1.578249216079712
1.5406546592712402
1.504819631576538
1.4702872037887573
1.4366610050201416
1.4036129713058472
1.370872139930725
1.3382271528244019
1.305515170097351
1.2726221084594727
1.239471197128296
1.2060233354568481
1.172267198562622
1.1382180452346802
1.103910207748413
1.069394826889038
1.0347346067428589
1.0
0.9652653932571411
0.9306051135063171
0.8960898518562317
0.8617819547653198
0.8277328014373779
0.7939766645431519
0.7605288028717041
0.7273779511451721
0.6944847702980042
0.6617728471755981
0.6291279196739197
0.5963869690895081
0.5633389949798584
0.5297128558158875
0.4951803386211395
0.45934534072875977
0.4217507839202881
0.381872296333313
0.33913058042526245
0.2928932309150696
1.649448037147522
1.6060583591461182
1.5659130811691284
1.5284621715545654
1.4931999444961548
1.459665298461914
1.4274524450302124
1.3962056636810303
1.3656257390975952
1.3354620933532715
1.305515170097351
1.2756274938583374
1.245684266090393
1.215604305267334
1.1853395700454712
1.15486741065979
1.1241893768310547
1.0933243036270142
1.0623066425323486
1.0311810970306396
1.0
0.9688188433647156
0.9376932978630066
0.9066756963729858
0.8758106231689453
0.8451326489448547
0.8146604895591736
0.7843957543373108
0.7543156743049622
0.7243724465370178
0.6944847702980042
0.6645379066467285
0.6343742609024048
0.6037943959236145
0.5725475549697876
0.5403347015380859
0.50680011510849
0.47153782844543457
0.4340869188308716
0.39394164085388184
0.350551962852478
1.587785243988037
1.547828197479248
1.5108312368392944
1.4763190746307373
1.4438531398773193
1.413031816482544
1.3834985494613647
1.354938268661499
1.3270831108093262
1.2997056245803833
1.2726221084594727
1.245684266090393
1.218781590461731
1.1918323040008545
1.1647841930389404
1.137607455253601
1.1102938652038574
1.0828505754470825
1.0552990436553955
1.0276697874069214
1.0
0.9723302721977234
0.9447008967399597
0.9171493649482727
0.8897061347961426
0.8623925447463989
0.8352158069610596
0.8081677556037903
0.781218409538269
0.7543156743049622
0.7273779511451721
0.7002943158149719
0.672916829586029
0.645061731338501
0.6165014505386353
0.586968183517456
0.5561468601226807
0.5236809253692627
0.48916876316070557
0.45217177271842957
0.4122147560119629
1.522498607635498
1.4864784479141235
1.4531065225601196
1.4219759702682495
1.39271080493927
1.3649652004241943
1.338430643081665
1.3128324747085571
1.2879351377487183
1.2635364532470703
1.239471197128296
1.215604305267334
1.1918323040008545
1.1680768728256226
1.1442853212356567
1.1204241514205933
1.096478819847107
1.0724483728408813
1.048344373703003
1.024186372756958
1.0
0.975813627243042
0.9516556262969971
0.9275516271591187
0.9035211801528931
0.8795758485794067
0.8557146787643433
0.8319231271743774
0.8081677556037903
0.7843957543373108
0.7605288028717041
0.7364636063575745
0.7120649218559265
0.6871674656867981
0.6615692973136902
0.6350347399711609
0.60728919506073
0.5780240297317505
0.5468935370445251
0.5135216116905212
0.47750142216682434
1.4539904594421387
1.4223393201828003
1.3930003643035889
1.3656315803527832
1.33991539478302
1.3155596256256104
1.292302131652832
1.2699083089828491
1.2481755018234253
1.2269288301467896
1.2060233354568481
1.1853395700454712
1.1647841930389404
1.1442853212356567
1.1237925291061401
1.1032718420028687
1.0827054977416992
1.0620872974395752
1.0414217710494995
1.020720362663269
1.0
0.9792795777320862
0.9585782289505005
0.9379127025604248
0.9172945022583008
0.8967280983924866
0.8762074708938599
0.8557146787643433
0.8352158069610596
0.8146604895591736
0.7939766645431519
0.7730712294578552
0.7518244981765747
0.7300917506217957
0.707697868347168
0.6844403743743896
0.66008460521698
0.6343684792518616
0.6069995760917664
0.5776607394218445
0.5460094809532166
1.3826833963394165
1.3557642698287964
1.3308019638061523
1.3075149059295654
1.285642385482788
1.2649431228637695
1.2452003955841064
1.2262192964553833
1.207830786705017
1.1898876428604126
1.172267198562622
1.15486741065979
1.137607455253601
1.1204241514205933
1.1032718420028687
1.0861186981201172
1.0689460039138794
1.051745057106018
1.0345157384872437
1.0172638893127441
1.0
0.9827360510826111
0.9654843211174011
0.9482550024986267
0.9310539960861206
0.9138813018798828
0.8967280983924866
0.8795758485794067
0.8623925447463989
0.8451326489448547
0.8277328014373779
0.8101124167442322
0.7921692132949829
0.7737806439399719
0.7547996044158936
0.7350568175315857
0.7143576145172119
0.6924850344657898
0.6691980957984924
0.6442357897758484
0.6173165440559387
1.3090169429779053
1.2871286869049072
1.2668253183364868
1.247883915901184
1.230097770690918
1.2132757902145386
1.1972453594207764
1.1818511486053467
1.1669576168060303
1.1524463891983032
1.1382180452346802
1.1241893768310547
1.1102938652038574
1.096478819847107
1.0827054977416992
1.0689460039138794
1.0551830530166626
1.0414072275161743
1.027616024017334
1.013811707496643
1.0
0.9861883521080017
0.9723840355873108
0.9585927724838257
0.9448168873786926
0.9310539960861206
0.9172945022583008
0.9035211801528931
0.8897061347961426
0.8758106231689453
0.8617819547653198
0.8475536108016968
0.8330423831939697
0.8181487917900085
0.8027545809745789
0.7867242097854614
0.7699021697044373
0.7521160840988159
0.7331746816635132
0.712871253490448
0.69098299741745
1.233445405960083
1.2168242931365967
1.2014031410217285
1.1870160102844238
1.173509120941162
1.1607398986816406
1.148579478263855
1.1369116306304932
1.1256345510482788
1.114659070968628
1.103910207748413
1.0933243036270142
1.0828505754470825
1.0724483728408813
1.0620872974395752
1.051745057106018
1.0414072275161743
1.0310653448104858
1.0207163095474243
1.0103602409362793
1.0
0.9896398186683655
0.9792836904525757
0.9689345955848694
0.9585927724838257
0.9482550024986267
0.9379127025604248
0.9275516271591187
0.9171493649482727
0.9066756963729858
0.8960898518562317
0.8853408694267273
0.8743654489517212
0.8630883693695068
0.851420521736145
0.8392601013183594
0.8264908790588379
0.8129839897155762
0.7985969185829163
0.7831757664680481
0.7665546536445618
1.156434416770935
1.1452566385269165
1.134883999824524
1.125206708908081
1.1161227226257324
1.1075372695922852
1.0993648767471313
1.0915281772613525
1.0839591026306152
1.0765981674194336
1.069394826889038
1.0623066425323486
1.0552990436553955
1.048344373703003
1.0414217710494995
1.0345157384872437
1.027616024017334
1.0207163095474243
1.0138137340545654
1.0069079399108887
1.0
0.9930921196937561
0.9861862659454346
0.9792836904525757
0.9723840355873108
0.9654843211174011
0.9585782289505005
0.9516556262969971
0.9447008967399597
0.9376932978630066
0.9306051135063171
0.9234018921852112
0.9160409569740295
0.9084718823432922
0.9006350636482239
0.8924626708030701
0.8838772773742676
0.8747932314872742
0.8651160001754761
0.8547433614730835
0.8435655236244202
1.0784591436386108
1.0728410482406616
1.0676273107528687
1.062762975692749
1.0581971406936646
1.0538827180862427
1.0497769117355347
1.0458409786224365
1.0420411825180054
1.0383474826812744
1.0347346067428589
1.0311810970306396
1.0276697874069214
1.024186372756958
1.020720362663269
1.0172638893127441
1.013811707496643
1.0103602409362793
1.0069079399108887
1.003454327583313
1.0
0.9965456128120422
0.9930921196937561
0.9896398186683655
0.9861883521080017
0.9827360510826111
0.9792795777320862
0.975813627243042
0.9723302721977234
0.9688188433647156
0.9652653932571411
0.9616525769233704
0.9579588770866394
0.9541590213775635
0.9502231478691101
0.9461172819137573
0.9418028593063354
0.937237024307251
0.9323726892471313
0.9271589517593384
0.9215409159660339
1.0
1.0
1.0
1.0
1.0
1.0
1.0
1.0
1.0
1.0
1.0
1.0
1.0
1.0
1.0
1.0
1.0
1.0
1.0
1.0
1.0
1.0
1.0
1.0
1.0
1.0
1.0
1.0
1.0
1.0
1.0
1.0
1.0
1.0
1.0
1.0
1.0
1.0
1.0
1.0
1.0
0.9215409159660339
0.9271589517593384
0.9323726892471313
0.937237024307251
0.9418028593063354
0.9461172819137573
0.9502231478691101
0.9541590213775635
0.9579588770866394
0.9616525769233704
0.9652653932571411
0.9688188433647156
0.9723302721977234
0.975813627243042
0.9792795777320862
0.9827360510826111
0.9861883521080017
0.9896398186683655
0.9930921196937561
0.9965456128120422
1.0
1.003454327583313
1.0069079399108887
1.0103602409362793
1.013811707496643
1.0172638893127441
1.020720362663269
1.024186372756958
1.0276697874069214
1.0311810970306396
1.0347346067428589
1.0383474826812744
1.0420411825180054
1.0458409786224365
1.0497769117355347
1.0538827180862427
1.0581971406936646
1.062762975692749
1.0676273107528687
1.0728410482406616
1.0784591436386108
0.8435655236244202
0.8547433614730835
0.8651160001754761
0.8747932314872742
0.8838772773742676
0.8924626708030701
0.9006350636482239
0.9084718823432922
0.9160409569740295
0.9234018921852112
0.9306051135063171
0.9376932978630066
0.9447008967399597
0.9516556262969971
0.9585782289505005
0.9654843211174011
0.9723840355873108
0.9792836904525757
0.9861862659454346
0.9930921196937561
1.0
1.0069079399108887
1.0138137340545654
1.0207163095474243
1.027616024017334
1.0345157384872437
1.0414217710494995
1.048344373703003
1.0552990436553955
1.0623066425323486
1.069394826889038
1.0765981674194336
1.0839591026306152
1.0915281772613525
1.0993648767471313
1.1075372695922852
1.1161227226257324
1.125206708908081
1.134883999824524
1.1452566385269165
1.156434416770935
0.7665546536445618
0.7831757664680481
0.7985969185829163
0.8129839897155762
0.8264908790588379
0.8392601013183594
0.851420521736145
0.8630883693695068
0.8743654489517212
0.8853408694267273
0.8960898518562317
0.9066756963729858
0.9171493649482727
0.9275516271591187
0.9379127025604248
0.9482550024986267
0.9585927724838257
0.9689345955848694
0.9792836904525757
0.9896398186683655
1.0
1.0103602409362793
1.0207163095474243
1.0310653448104858
1.0414072275161743
1.051745057106018
1.0620872974395752
1.0724483728408813
1.0828505754470825
1.0933243036270142
1.103910207748413
1.114659070968628
1.1256345510482788
1.1369116306304932
1.148579478263855
1.1607398986816406
1.173509120941162
1.1870160102844238
1.2014031410217285
1.2168242931365967
1.233445405960083
0.69098299741745
0.712871253490448
0.7331746816635132
0.7521160840988159
0.7699021697044373
0.7867242097854614
0.8027545809745789
0.8181487917900085
0.8330423831939697
0.8475536108016968
0.8617819547653198
0.8758106231689453
0.8897061347961426
0.9035211801528931
0.9172945022583008
0.9310539960861206
0.9448168873786926
0.9585927724838257
0.9723840355873108
0.9861883521080017
1.0
1.013811707496643
1.027616024017334
1.0414072275161743
1.0551830530166626
1.0689460039138794
1.0827054977416992
1.096478819847107
1.1102938652038574
1.1241893768310547
1.1382180452346802
1.1524463891983032
1.1669576168060303
1.1818511486053467
1.1972453594207764
1.2132757902145386
1.230097770690918
1.247883915901184
1.2668253183364868
1.2871286869049072
1.3090169429779053
0.6173165440559387
0.6442357897758484
0.6691980957984924
0.6924850344657898
0.7143576145172119
0.7350568175315857
0.7547996044158936
0.7737806439399719
0.7921692132949829
0.8101124167442322
0.8277328014373779
0.8451326489448547
0.8623925447463989
0.8795758485794067
0.8967280983924866
0.9138813018798828
0.9310539960861206
0.9482550024986267
0.9654843211174011
0.9827360510826111
1.0
1.0172638893127441
1.0345157384872437
1.051745057106018
1.0689460039138794
1.0861186981201172
1.1032718420028687
1.1204241514205933
1.137607455253601
1.15486741065979
1.172267198562622
1.1898876428604126
1.207830786705017
1.2262192964553833
1.2452003955841064
1.2649431228637695
1.285642385482788
1.3075149059295654
1.3308019638061523
1.3557642698287964
1.3826833963394165
0.5460094809532166
0.5776607394218445
0.6069995760917664
0.6343684792518616
0.66008460521698
0.6844403743743896
0.707697868347168
0.7300917506217957
0.7518244981765747
0.7730712294578552
0.7939766645431519
0.8146604895591736
0.8352158069610596
0.8557146787643433
0.8762074708938599
0.8967280983924866
0.9172945022583008
0.9379127025604248
0.9585782289505005
0.9792795777320862
1.0
1.020720362663269
1.0414217710494995
1.0620872974395752
1.0827054977416992
1.1032718420028687
1.1237925291061401
1.1442853212356567
1.1647841930389404
1.1853395700454712
1.2060233354568481
1.2269288301467896
1.2481755018234253
1.2699083089828491
1.292302131652832
1.3155596256256104
1.33991539478302
1.3656315803527832
1.3930003643035889
1.4223393201828003
1.4539904594421387
0.47750142216682434
0.5135216116905212
0.5468935370445251
0.5780240297317505
0.60728919506073
0.6350347399711609
0.6615692973136902
0.6871674656867981
0.7120649218559265
0.7364636063575745
0.7605288028717041
0.7843957543373108
0.8081677556037903
0.8319231271743774
0.8557146787643433
0.8795758485794067
0.9035211801528931
0.9275516271591187
0.9516556262969971
0.975813627243042
1.0
1.024186372756958
1.048344373703003
1.0724483728408813
1.096478819847107
1.1204241514205933
1.1442853212356567
1.1680768728256226
1.1918323040008545
1.215604305267334
1.239471197128296
1.2635364532470703
1.2879351377487183
1.3128324747085571
1.338430643081665
1.3649652004241943
1.39271080493927
1.4219759702682495
1.4531065225601196
1.4864784479141235
1.522498607635498
0.4122147560119629
0.45217177271842957
0.48916876316070557
0.5236809253692627
0.5561468601226807
0.586968183517456
0.6165014505386353
0.645061731338501
0.672916829586029
0.7002943158149719
0.7273779511451721
0.7543156743049622
0.781218409538269
0.8081677556037903
0.8352158069610596
0.8623925447463989
0.8897061347961426
0.9171493649482727
0.9447008967399597
0.9723302721977234
1.0
1.0276697874069214
1.0552990436553955
1.0828505754470825
1.1102938652038574
1.137607455253601
1.1647841930389404
1.1918323040008545
1.218781590461731
1.245684266090393
1.2726221084594727
1.2997056245803833
1.3270831108093262
1.354938268661499
1.3834985494613647
1.413031816482544
1.4438531398773193
1.4763190746307373
1.5108312368392944
1.547828197479248
1.587785243988037
0.350551962852478
0.39394164085388184
0.4340869188308716
0.47153782844543457
0.50680011510849
0.5403347015380859
0.5725475549697876
0.6037943959236145
0.6343742609024048
0.6645379066467285
0.6944847702980042
0.7243724465370178
0.7543156743049622
0.7843957543373108
0.8146604895591736
0.8451326489448547
0.8758106231689453
0.9066756963729858
0.9376932978630066
0.9688188433647156
1.0
1.0311810970306396
1.0623066425323486
1.0933243036270142
1.1241893768310547
1.15486741065979
1.1853395700454712
1.215604305267334
1.245684266090393
1.2756274938583374
1.305515170097351
1.3354620933532715
1.3656257390975952
1.3962056636810303
1.4274524450302124
1.459665298461914
1.4931999444961548
1.5284621715545654
1.5659130811691284
1.6060583591461182
1.649448037147522
0.2928932309150696
0.33913058042526245
0.381872296333313
0.4217507839202881
0.45934534072875977
0.4951803386211395
0.5297128558158875
0.5633389949798584
0.5963869690895081
0.6291279196739197
0.6617728471755981
0.6944847702980042
0.7273779511451721
0.7605288028717041
0.7939766645431519
0.8277328014373779
0.8617819547653198
0.8960898518562317
0.9306051135063171
0.9652653932571411
1.0
1.0347346067428589
1.069394826889038
1.103910207748413
1.1382180452346802
1.172267198562622
1.2060233354568481
1.239471197128296
1.2726221084594727
1.305515170097351
1.3382271528244019
1.370872139930725
1.4036129713058472
1.4366610050201416
1.4702872037887573
1.504819631576538
1.5406546592712402
1.578249216079712
1.618127703666687
1.6608694791793823
1.7071068286895752
0.23959402740001678
0.2880064845085144
0.3327099084854126
0.3744308352470398
0.4138302505016327
0.45150089263916016
0.4879525303840637
0.5236207246780396
0.5588595867156982
0.5939561128616333
0.6291279196739197
0.6645379066467285
0.7002943158149719
0.7364636063575745
0.7730712294578552
0.8101124167442322
0.8475536108016968
0.8853408694267273
0.9234018921852112
0.9616525769233704
1.0
1.0383474826812744
1.0765981674194336
1.114659070968628
1.1524463891983032
1.1898876428604126
1.2269288301467896
1.2635364532470703
1.2997056245803833
1.3354620933532715
1.370872139930725
1.4060438871383667
1.4411404132843018
1.4763792753219604
1.5120474100112915
1.5484991073608398
1.586169719696045
1.6255691051483154
1.6672900915145874
1.7119934558868408
1.7604060173034668
0.19098301231861115
0.24079446494579315
0.2867299020290375
0.32962504029273987
0.3702332675457001
0.40922144055366516
0.447152704000473
0.4844993054866791
0.5216360688209534
0.5588595867156982
0.5963869690895081
0.6343742609024048
0.672916829586029
0.7120649218559265
0.7518244981765747
0.7921692132949829
0.8330423831939697
0.8743654489517212
0.9160409569740295
0.9579588770866394
1.0
1.0420411825180054
1.0839591026306152
1.1256345510482788
1.1669576168060303
1.207830786705017
1.2481755018234253
1.2879351377487183
1.3270831108093262
1.3656257390975952
1.4036129713058472
1.4411404132843018
1.4783639907836914
1.5155006647109985
1.5528472661972046
1.5907785892486572
1.6297667026519775
1.6703749895095825
1.7132700681686401
1.7592055797576904
1.8090169429779053
0.14735983312129974
0.19767555594444275
0.24400369822978973
0.2873116433620453
0.3284589648246765
0.3681924045085907
0.407127320766449
0.44576719403266907
0.4844993054866791
0.5236207246780396
0.5633389949798584
0.6037943959236145
0.645061731338501
0.6871674656867981
0.7300917506217957
0.7737806439399719
0.8181487917900085
0.8630883693695068
0.9084718823432922
0.9541590213775635
1.0
1.0458409786224365
1.0915281772613525
1.1369116306304932
1.1818511486053467
1.2262192964553833
1.2699083089828491
1.3128324747085571
1.354938268661499
1.3962056636810303
1.4366610050201416
1.4763792753219604
1.5155006647109985
1.5542328357696533
1.5928726196289062
1.631807565689087
1.6715410947799683
1.7126883268356323
1.7559963464736938
1.8023244142532349
1.852640151977539
0.10899347811937332
0.1587676852941513
0.20451569557189941
0.24736693501472473
0.2883044183254242
0.32815873622894287
0.3675917088985443
0.407127320766449
0.447152704000473
0.4879525303840637
0.5297128558158875
0.5725475549697876
0.6165014505386353
0.6615692973136902
0.707697868347168
0.7547996044158936
0.8027545809745789
0.851420521736145
0.9006350636482239
0.9502231478691101
1.0
1.0497769117355347
1.0993648767471313
1.148579478263855
1.1972453594207764
1.2452003955841064
1.292302131652832
1.338430643081665
1.3834985494613647
1.4274524450302124
1.4702872037887573
1.5120474100112915
1.5528472661972046
1.5928726196289062
1.6324082612991333
1.6718412637710571
1.7116955518722534
1.7526330947875977
1.7954843044281006
1.8412322998046875
1.8910064697265625
0.07612046599388123
0.12412044405937195
0.16815179586410522
0.20955310761928558
0.24944885075092316
0.288752943277359
0.32815873622894287
0.3681924045085907
0.40922144055366516
0.45150089263916016
0.4951803386211395
0.5403347015380859
0.586968183517456
0.6350347399711609
0.6844403743743896
0.7350568175315857
0.7867242097854614
0.8392601013183594
0.8924626708030701
0.9461172819137573
1.0
1.0538827180862427
1.1075372695922852
1.1607398986816406
1.2132757902145386
1.2649431228637695
1.3155596256256104
1.3649652004241943
1.413031816482544
1.459665298461914
1.504819631576538
1.5484991073608398
1.5907785892486572
1.631807565689087
1.6718412637710571
1.7112470865249634
1.7505511045455933
1.7904468774795532
1.83184814453125
1.8758795261383057
1.9238795042037964
0.04894348233938217
0.09366918355226517
0.13463661074638367
0.17345067858695984
0.21139594912528992
0.24944885075092316
0.2883044183254242
0.3284589648246765
0.3702332675457001
0.4138302505016327
0.45934534072875977
0.50680011510849
0.5561468601226807
0.60728919506073
0.66008460521698
0.7143576145172119
0.7699021697044373
0.8264908790588379
0.8838772773742676
0.9418028593063354
1.0
1.0581971406936646
1.1161227226257324
1.173509120941162
1.230097770690918
1.285642385482788
1.33991539478302
1.39271080493927
1.4438531398773193
1.4931999444961548
1.5406546592712402
1.586169719696045
1.6297667026519775
1.6715410947799683
1.7116955518722534
1.7505511045455933
1.7886040210723877
1.8265492916107178
1.865363359451294
1.9063308238983154
1.9510564804077148
0.02763007953763008
0.06721516698598862
0.10348785668611526
0.13842694461345673
0.17345067858695984
0.20955310761928558
0.24736693501472473
0.2873116433620453
0.32962504029273987
0.3744308352470398
0.4217507839202881
0.47153782844543457
0.5236809253692627
0.5780240297317505
0.6343684792518616
0.6924850344657898
0.7521160840988159
0.8129839897155762
0.8747932314872742
0.937237024307251
1.0
1.062762975692749
1.125206708908081
1.1870160102844238
1.247883915901184
1.3075149059295654
1.3656315803527832
1.4219759702682495
1.4763190746307373
1.5284621715545654
1.578249216079712
1.6255691051483154
1.6703749895095825
1.7126883268356323
1.7526330947875977
1.7904468774795532
1.8265492916107178
1.8615731000900269
1.8965121507644653
1.9327847957611084
1.972369909286499
0.012311659753322601
0.04423076659440994
0.07385461032390594
0.10348785668611526
0.13463661074638367
0.16815179586410522
0.20451569557189941
0.24400369822978973
0.2867299020290375
0.3327099084854126
0.381872296333313
0.4340869188308716
0.48916876316070557
0.5468935370445251
0.6069995760917664
0.6691980957984924
0.7331746816635132
0.7985969185829163
0.8651160001754761
0.9323726892471313
1.0
1.0676273107528687
1.134883999824524
1.2014031410217285
1.2668253183364868
1.3308019638061523
1.3930003643035889
1.4531065225601196
1.5108312368392944
1.5659130811691284
1.618127703666687
1.6672900915145874
1.7132700681686401
1.7559963464736938
1.7954843044281006
1.83184814453125
1.865363359451294
1.8965121507644653
1.9261454343795776
1.9557691812515259
1.9876883029937744
0.003082666313275695
0.023810433223843575
0.04423076659440994
0.06721516698598862
0.09366918355226517
0.12412044405937195
0.1587676852941513
0.19767555594444275
0.24079446494579315
0.2880064845085144
0.33913058042526245
0.39394164085388184
0.45217177271842957
0.5135216116905212
0.5776607394218445
0.6442357897758484
0.712871253490448
0.7831757664680481
0.8547433614730835
0.9271589517593384
1.0
1.0728410482406616
1.1452566385269165
1.2168242931365967
1.2871286869049072
1.3557642698287964
1.4223393201828003
1.4864784479141235
1.547828197479248
1.6060583591461182
1.6608694791793823
1.7119934558868408
1.7592055797576904
1.8023244142532349
1.8412322998046875
1.8758795261383057
1.9063308238983154
1.9327847957611084
1.9557691812515259
1.9761896133422852
1.9969173669815063
0.0
0.003082666313275695
0.012311659753322601
0.02763007953763008
0.04894348233938217
0.07612046599388123
0.10899347811937332
0.14735983312129974
0.19098301231861115
0.23959402740001678
0.2928932309150696
0.350551962852478
0.4122147560119629
0.47750142216682434
0.5460094809532166
0.6173165440559387
0.69098299741745
0.7665546536445618
0.8435655236244202
0.9215409159660339
1.0
1.0784591436386108
1.156434416770935
1.233445405960083
1.3090169429779053
1.3826833963394165
1.4539904594421387
1.522498607635498
1.587785243988037
1.649448037147522
1.7071068286895752
1.7604060173034668
1.8090169429779053
1.852640151977539
1.8910064697265625
1.9238795042037964
1.9510564804077148
1.972369909286499
1.9876883029937744
1.9969173669815063
2.0
