2.0
1.9969173669815063
1.9876883029937744
1.972369909286499
1.9510564804077148
1.9238795042037964
1.8910064697265625
1.852640151977539
1.8090169429779053
1.7604060173034668
1.7071068286895752
1.649448037147522
1.587785243988037
1.522498607635498
1.4539904594421387
1.3826833963394165
1.3090169429779053
1.233445405960083
1.156434416770935
1.0784591436386108
1.0
0.9215409159660339
0.8435655236244202
0.7665546536445618
0.69098299741745
0.6173165440559387
0.5460094809532166
0.47750142216682434
0.4122147560119629
0.350551962852478
0.2928932309150696
0.23959402740001678
0.19098301231861115
0.14735983312129974
0.10899347811937332
0.07612046599388123
0.04894348233938217
0.02763007953763008
0.012311659753322601
0.003082666313275695
0.0
1.9969173669815063
1.9762239456176758
1.9558254480361938
1.9328560829162598
1.9064122438430786
1.8759675025939941
1.8413238525390625
1.802417278289795
1.7592977285385132
1.7120832204818726
1.6609551906585693
1.6061389446258545
1.5479024648666382
1.486545443534851
1.4223982095718384
1.3558143377304077
1.2871695756912231
1.2168551683425903
1.145277500152588
1.072851538658142
1.0
0.9271484613418579
0.8547225594520569
0.7831447720527649
0.7128304839134216
0.6441856622695923
0.5776017904281616
0.5134546160697937
0.45209747552871704
0.3938610255718231
0.3390447795391083
0.28791677951812744
0.2407023161649704
0.1975826919078827
0.15867610275745392
0.12403250485658646
0.09358779340982437
0.06714391708374023
0.04417453333735466
0.02377605251967907
0.003082666313275695
1.9876883029937744
1.9558254480361938
1.9262415170669556
1.8966366052627563
1.8655074834823608
1.832005262374878
1.7956489324569702
1.7561640739440918
1.7134371995925903
1.6674531698226929
1.618283987045288
1.566060185432434
1.5109670162200928
1.4532290697097778
1.3931083679199219
1.3308937549591064
1.2669000625610352
1.2014598846435547
1.1349222660064697
1.0676465034484863
1.0
0.9323534965515137
0.8650777339935303
0.7985401153564453
0.7330999374389648
0.6691062450408936
0.6068916916847229
0.5467709302902222
0.4890329837799072
0.4339398145675659
0.38171595335006714
0.33254680037498474
0.28656283020973206
0.2438359260559082
0.2043510377407074
0.16799472272396088
0.13449251651763916
0.10336343944072723
0.07375843822956085
0.04417453333735466
0.012311659753322601
1.972369909286499
1.9328560829162598
1.8966366052627563
1.861736536026001
1.8267406225204468
1.7906570434570312
1.752854585647583
1.712915062904358
1.670601487159729
1.6257908344268799
1.5784621238708496
1.5286628007888794
1.4765045642852783
1.422143578529358
1.365779161453247
1.307640790939331
1.2479863166809082
1.1870938539505005
1.1252591609954834
1.0627893209457397
1.0
0.9372106790542603
0.8747408390045166
0.8129060864448547
0.7520136833190918
0.6923592686653137
0.6342208385467529
0.5778564214706421
0.5234954953193665
0.47133713960647583
0.4215378761291504
0.3742091655731201
0.3293985426425934
0.2870849668979645
0.2471453994512558
0.20934295654296875
0.17325937747955322
0.1382634937763214
0.10336343944072723
0.06714391708374023
0.02763007953763008
1.9510564804077148
1.9064122438430786
1.8655074834823608
1.8267406225204468
1.7888298034667969
1.750800609588623
1.7119598388671875
1.6718124151229858
1.6300387382507324
1.5864366292953491
1.5409114360809326
1.4934422969818115
1.444077491760254
1.3929136991500854
1.3400943279266357
1.2857948541641235
1.2302221059799194
1.1736036539077759
1.1161863803863525
1.0582290887832642
1.0
0.9417708516120911
0.8838136792182922
0.8263964056968689
0.7697779536247253
0.7142050862312317
0.659905731678009
0.6070862412452698
0.5559225678443909
0.5065577030181885
0.45908859372138977
0.41356340050697327
0.36996129155158997
0.3281875252723694
0.2880401611328125
0.24919934570789337
0.2111702263355255
0.17325937747955322
0.13449251651763916
0.09358779340982437
0.04894348233938217
1.9238795042037964
1.8759675025939941
1.832005262374878
1.7906570434570312
1.750800609588623
1.711524248123169
1.6721359491348267
1.6321113109588623
1.5910836458206177
1.5487990379333496
1.5051088333129883
1.459938645362854
1.4132850170135498
1.36519455909729
1.315761923789978
1.265115737915039
1.2134164571762085
1.1608468294143677
1.1076093912124634
1.0539189577102661
1.0
0.9460810422897339
0.8923906087875366
0.8391531109809875
0.7865835428237915
0.7348842620849609
0.684238076210022
0.63480544090271
0.5867149829864502
0.540061354637146
0.4948911964893341
0.451200932264328
0.40891632437705994
0.3678887188434601
0.32786399126052856
0.28847578167915344
0.24919934570789337
0.20934295654296875
0.16799472272396088
0.12403250485658646
0.07612046599388123
1.8910064697265625
1.8413238525390625
1.7956489324569702
1.752854585647583
1.7119598388671875
1.6721359491348267
1.6327227354049683
1.5931975841522217
1.5531744956970215
1.5123697519302368
1.4705983400344849
1.4277468919754028
1.3837716579437256
1.338678240776062
1.2925206422805786
1.2453869581222534
1.1973974704742432
1.1486952304840088
1.0994428396224976
1.0498161315917969
1.0
0.9501839280128479
0.9005571603775024
0.851304829120636
0.8026025295257568
0.7546131014823914
0.7074793577194214
0.661321759223938
0.6162284016609192
0.5722530484199524
0.5294017195701599
0.48763027787208557
0.4468255341053009
0.4068024158477783
0.36727720499038696
0.32786399126052856
0.2880401611328125
0.2471453994512558
0.2043510377407074
0.15867610275745392
0.10899347811937332
1.852640151977539
1.802417278289795
1.7561640739440918
1.712915062904358
1.6718124151229858
1.6321113109588623
1.5931975841522217
1.5545692443847656
1.5158401727676392
1.4767141342163086
1.4369847774505615
1.3965123891830444
1.3552230596542358
1.3130909204483032
1.2701364755630493
1.2264142036437988
1.1820101737976074
1.1370326280593872
1.0916095972061157
1.045881986618042
1.0
0.954118013381958
0.9083903431892395
0.8629673719406128
0.8179898262023926
0.7735857963562012
0.7298635244369507
0.6869091391563416
0.6447769403457642
0.6034875512123108
0.5630152225494385
0.5232858061790466
0.4841598570346832
0.445430725812912
0.4068024158477783
0.3678887188434601
0.3281875252723694
0.2870849668979645
0.2438359260559082
0.1975826919078827
0.14735983312129974
1.8090169429779053
1.7592977285385132
1.7134371995925903
1.670601487159729
1.6300387382507324
1.5910836458206177
1.5531744956970215
1.5158401727676392
1.478706955909729
1.4414793252944946
1.403941035270691
1.3659369945526123
1.3273723125457764
1.2881975173950195
1.2484074831008911
1.2080289125442505
1.1671193838119507
1.1257576942443848
1.0840420722961426
1.0420829057693481
1.0
0.9579170942306519
0.9159579873085022
0.8742423057556152
0.8328806161880493
0.7919710278511047
0.7515925168991089
0.7118024230003357
0.6726277470588684
0.6340630650520325
0.5960589051246643
0.5585206151008606
0.5212929844856262
0.4841598570346832
0.4468255341053009
0.40891632437705994
0.36996129155158997
0.3293985426425934
0.28656283020973206
0.2407023161649704
0.19098301231861115
1.7604060173034668
1.7120832204818726
1.6674531698226929
1.6257908344268799
1.5864366292953491
1.5487990379333496
1.5123697519302368
1.4767141342163086
1.4414793252944946
1.406379222869873
1.371196985244751
1.3357704877853394
1.2999924421310425
1.2637969255447388
1.2271591424942017
1.190084457397461
1.1526070833206177
1.1147814989089966
1.0766806602478027
1.038388967514038
1.0
0.9616110324859619
0.923319399356842
0.8852185010910034
0.8473929166793823
0.8099154829978943
0.7728408575057983
0.7362030744552612
0.7000075578689575
0.6642294526100159
0.628803014755249
0.5936208367347717
0.5585206151008606
0.5232858061790466
0.48763027787208557
0.451200932264328
0.41356340050697327
0.3742091655731201
0.33254680037498474
0.28791677951812744
0.23959402740001678
1.7071068286895752
1.6609551906585693
1.618283987045288
1.5784621238708496
1.5409114360809326
1.5051088333129883
1.4705983400344849
1.4369847774505615
1.403941035270691
1.371196985244751
1.3385422229766846
1.3058146238327026
1.2729005813598633
1.2397242784500122
1.206247329711914
1.1724587678909302
1.1383744478225708
1.1040292978286743
1.0694751739501953
1.0347750186920166
1.0
0.9652249813079834
0.9305248260498047
0.8959707021713257
0.8616255521774292
0.8275412917137146
0.7937526702880859
0.760275661945343
0.7270994186401367
0.6941854357719421
0.6614577770233154
0.628803014755249
0.5960589051246643
0.5630152225494385
0.5294017195701599
0.4948911964893341
0.45908859372138977
0.4215378761291504
0.38171595335006714
0.3390447795391083
0.2928932309150696
1.649448037147522
1.6061389446258545
1.566060185432434
1.5286628007888794
1.4934422969818115
1.459938645362854
1.4277468919754028
1.3965123891830444
1.3659369945526123
1.3357704877853394
1.3058146238327026
1.2759121656417847
1.2459492683410645
1.2158452272415161
1.185552716255188
1.1550498008728027
1.1243383884429932
1.0934377908706665
1.0623831748962402
1.0312196016311646
1.0
0.9687803387641907
0.9376168251037598
0.9065622091293335
0.8756616711616516
0.8449501991271973
0.8144472241401672
0.7841547727584839
0.7540507316589355
0.7240878343582153
0.6941854357719421
0.6642294526100159
0.6340630650520325
0.6034875512123108
0.5722530484199524
0.540061354637146
0.5065577030181885
0.47133713960647583
0.4339398145675659
0.3938610255718231
0.350551962852478
1.587785243988037
1.5479024648666382
1.5109670162200928
1.4765045642852783
1.444077491760254
1.4132850170135498
1.3837716579437256
1.3552230596542358
1.3273723125457764
1.2999924421310425
1.2729005813598633
1.2459492683410645
1.219028353691101
1.1920567750930786
1.1649829149246216
1.13777756690979
1.110432744026184
1.0829564332962036
1.0553704500198364
1.0277056694030762
1.0
0.9722943305969238
0.9446295499801636
0.9170435070991516
0.8895671963691711
0.8622224926948547
0.8350170254707336
0.8079432249069214
0.7809716463088989
0.7540507316589355
0.7270994186401367
0.7000075578689575
0.6726277470588684
0.6447769403457642
0.6162284016609192
0.5867149829864502
0.5559225678443909
0.5234954953193665
0.4890329837799072
0.45209747552871704
0.4122147560119629
1.522498607635498
1.486545443534851
1.4532290697097778
1.422143578529358
1.3929136991500854
1.36519455909729
1.338678240776062
1.3130909204483032
1.2881975173950195
1.2637969255447388
1.2397242784500122
1.2158452272415161
1.1920567750930786
1.1682811975479126
1.1444662809371948
1.1205790042877197
1.0966054201126099
1.072544813156128
1.0484094619750977
1.0242191553115845
1.0
0.9757809042930603
0.9515905976295471
0.9274551272392273
0.9033946394920349
0.8794209361076355
0.8555337190628052
0.8317187428474426
0.8079432249069214
0.7841547727584839
0.760275661945343
0.7362030744552612
0.7118024230003357
0.6869091391563416
0.661321759223938
0.63480544090271
0.6070862412452698
0.5778564214706421
0.5467709302902222
0.5134546160697937
0.47750142216682434
1.4539904594421387
1.4223982095718384
1.3931083679199219
1.365779161453247
1.3400943279266357
1.315761923789978
1.2925206422805786
1.2701364755630493
1.2484074831008911
1.2271591424942017
1.206247329711914
1.185552716255188
1.1649829149246216
1.1444662809371948
1.123952865600586
1.1034090518951416
1.0828176736831665
1.062172770500183
1.0414793491363525
1.0207494497299194
1.0
0.9792505502700806
0.9585205912590027
0.9378272294998169
0.9171823263168335
0.8965908885002136
0.8760471343994141
0.8555337190628052
0.8350170254707336
0.8144472241401672
0.7937526702880859
0.7728408575057983
0.7515925168991089
0.7298635244369507
0.7074793577194214
0.684238076210022
0.659905731678009
0.6342208385467529
0.6068916916847229
0.5776017904281616
0.5460094809532166
1.3826833963394165
1.3558143377304077
1.3308937549591064
1.307640790939331
1.2857948541641235
1.265115737915039
1.2453869581222534
1.2264142036437988
1.2080289125442505
1.190084457397461
1.1724587678909302
1.1550498008728027
1.13777756690979
1.1205790042877197
1.1034090518951416
1.0862361192703247
1.0690420866012573
1.0518182516098022
1.0345650911331177
1.0172888040542603
1.0
0.9827111959457397
0.9654349088668823
0.9481818079948425
0.9309579730033875
0.9137638211250305
0.8965908885002136
0.8794209361076355
0.8622224926948547
0.8449501991271973
0.8275412917137146
0.8099154829978943
0.7919710278511047
0.7735857963562012
0.7546131014823914
0.7348842620849609
0.7142050862312317
0.6923592686653137
0.6691062450408936
0.6441856622695923
0.6173165440559387
1.3090169429779053
1.2871695756912231
1.2669000625610352
1.2479863166809082
1.2302221059799194
1.2134164571762085
1.1973974704742432
1.1820101737976074
1.1671193838119507
1.1526070833206177
1.1383744478225708
1.1243383884429932
1.110432744026184
1.0966054201126099
1.0828176736831665
1.0690420866012573
1.0552616119384766
1.0414670705795288
1.0276563167572021
1.0138319730758667
1.0
0.9861680269241333
0.9723436236381531
0.9585329294204712
0.9447383880615234
0.9309579730033875
0.9171823263168335
0.9033946394920349
0.8895671963691711
0.8756616711616516
0.8616255521774292
0.8473929166793823
0.8328806161880493
0.8179898262023926
0.8026025295257568
0.7865835428237915
0.7697779536247253
0.7520136833190918
0.7330999374389648
0.7128304839134216
0.69098299741745
1.233445405960083
1.2168551683425903
1.2014598846435547
1.1870938539505005
1.1736036539077759
1.1608468294143677
1.1486952304840088
1.1370326280593872
1.1257576942443848
1.1147814989089966
1.1040292978286743
1.0934377908706665
1.0829564332962036
1.072544813156128
1.062172770500183
1.0518182516098022
1.0414670705795288
1.0311110019683838
1.0207470655441284
1.0103756189346313
1.0
0.9896243214607239
0.9792529344558716
0.9688889980316162
0.9585329294204712
0.9481818079948425
0.9378272294998169
0.9274551272392273
0.9170435070991516
0.9065622091293335
0.8959707021713257
0.8852185010910034
0.8742423057556152
0.8629673719406128
0.851304829120636
0.8391531109809875
0.8263964056968689
0.8129060864448547
0.7985401153564453
0.7831447720527649
0.7665546536445618
1.156434416770935
1.145277500152588
1.1349222660064697
1.1252591609954834
1.1161863803863525
1.1076093912124634
1.0994428396224976
1.0916095972061157
1.0840420722961426
1.0766806602478027
1.0694751739501953
1.0623831748962402
1.0553704500198364
1.0484094619750977
1.0414793491363525
1.0345650911331177
1.0276563167572021
1.0207470655441284
1.0138344764709473
1.0069183111190796
1.0
0.9930816292762756
0.986165463924408
0.9792529344558716
0.9723436236381531
0.9654349088668823
0.9585205912590027
0.9515905976295471
0.9446295499801636
0.9376168251037598
0.9305248260498047
0.923319399356842
0.9159579873085022
0.9083903431892395
0.9005571603775024
0.8923906087875366
0.8838136792182922
0.8747408390045166
0.8650777339935303
0.8547225594520569
0.8435655236244202
1.0784591436386108
1.072851538658142
1.0676465034484863
1.0627893209457397
1.0582290887832642
1.0539189577102661
1.0498161315917969
1.045881986618042
1.0420829057693481
1.038388967514038
1.0347750186920166
1.0312196016311646
1.0277056694030762
1.0242191553115845
1.0207494497299194
1.0172888040542603
1.0138319730758667
1.0103756189346313
1.0069183111190796
1.0034595727920532
1.0
0.996540367603302
0.9930816292762756
0.9896243214607239
0.9861680269241333
0.9827111959457397
0.9792505502700806
0.9757809042930603
0.9722943305969238
0.9687803387641907
0.9652249813079834
0.9616110324859619
0.9579170942306519
0.954118013381958
0.9501839280128479
0.9460810422897339
0.9417708516120911
0.9372106790542603
0.9323534965515137
0.9271484613418579
0.9215409159660339
1.0
1.0
1.0
1.0
1.0
1.0
1.0
1.0
1.0
1.0
1.0
1.0
1.0
1.0
1.0
1.0
1.0
1.0
1.0
1.0
1.0
1.0
1.0
1.0
1.0
1.0
1.0
1.0
1.0
1.0
1.0
1.0
1.0
1.0
1.0
1.0
1.0
1.0
1.0
1.0
1.0
0.9215409159660339
0.9271484613418579
0.9323534965515137
0.9372106790542603
0.9417708516120911
0.9460810422897339
0.9501839280128479
0.954118013381958
0.9579170942306519
0.9616110324859619
0.9652249813079834
0.9687803387641907
0.9722943305969238
0.9757809042930603
0.9792505502700806
0.9827111959457397
0.9861680269241333
0.9896243214607239
0.9930816292762756
0.996540367603302
1.0
1.0034595727920532
1.0069183111190796
1.0103756189346313
1.0138319730758667
1.0172888040542603
1.0207494497299194
1.0242191553115845
1.0277056694030762
1.0312196016311646
1.0347750186920166
1.038388967514038
1.0420829057693481
1.045881986618042
1.0498161315917969
1.0539189577102661
1.0582290887832642
1.0627893209457397
1.0676465034484863
1.072851538658142
1.0784591436386108
0.8435655236244202
0.8547225594520569
0.8650777339935303
0.8747408390045166
0.8838136792182922
0.8923906087875366
0.9005571603775024
0.9083903431892395
0.9159579873085022
0.923319399356842
0.9305248260498047
0.9376168251037598
0.9446295499801636
0.9515905976295471
0.9585205912590027
0.9654349088668823
0.9723436236381531
0.9792529344558716
0.986165463924408
0.9930816292762756
1.0
1.0069183111190796
1.0138344764709473
1.0207470655441284
1.0276563167572021
1.0345650911331177
1.0414793491363525
1.0484094619750977
1.0553704500198364
1.0623831748962402
1.0694751739501953
1.0766806602478027
1.0840420722961426
1.0916095972061157
1.0994428396224976
1.1076093912124634
1.1161863803863525
1.1252591609954834
1.1349222660064697
1.145277500152588
1.156434416770935
0.7665546536445618
0.7831447720527649
0.7985401153564453
0.8129060864448547
0.8263964056968689
0.8391531109809875
0.851304829120636
0.8629673719406128
0.8742423057556152
0.8852185010910034
0.8959707021713257
0.9065622091293335
0.9170435070991516
0.9274551272392273
0.9378272294998169
0.9481818079948425
0.9585329294204712
0.9688889980316162
0.9792529344558716
0.9896243214607239
1.0
1.0103756189346313
1.0207470655441284
1.0311110019683838
1.0414670705795288
1.0518182516098022
1.062172770500183
1.072544813156128
1.0829564332962036
1.0934377908706665
1.1040292978286743
1.1147814989089966
1.1257576942443848
1.1370326280593872
1.1486952304840088
1.1608468294143677
1.1736036539077759
1.1870938539505005
1.2014598846435547
1.2168551683425903
1.233445405960083
0.69098299741745
0.7128304839134216
0.7330999374389648
0.7520136833190918
0.7697779536247253
0.7865835428237915
0.8026025295257568
0.8179898262023926
0.8328806161880493
0.8473929166793823
0.8616255521774292
0.8756616711616516
0.8895671963691711
0.9033946394920349
0.9171823263168335
0.9309579730033875
0.9447383880615234
0.9585329294204712
0.9723436236381531
0.9861680269241333
1.0
1.0138319730758667
1.0276563167572021
1.0414670705795288
1.0552616119384766
1.0690420866012573
1.0828176736831665
1.0966054201126099
1.110432744026184
1.1243383884429932
1.1383744478225708
1.1526070833206177
1.1671193838119507
1.1820101737976074
1.1973974704742432
1.2134164571762085
1.2302221059799194
1.2479863166809082
1.2669000625610352
1.2871695756912231
1.3090169429779053
0.6173165440559387
0.6441856622695923
0.6691062450408936
0.6923592686653137
0.7142050862312317
0.7348842620849609
0.7546131014823914
0.7735857963562012
0.7919710278511047
0.8099154829978943
0.8275412917137146
0.8449501991271973
0.8622224926948547
0.8794209361076355
0.8965908885002136
0.9137638211250305
0.9309579730033875
0.9481818079948425
0.9654349088668823
0.9827111959457397
1.0
1.0172888040542603
1.0345650911331177
1.0518182516098022
1.0690420866012573
1.0862361192703247
1.1034090518951416
1.1205790042877197
1.13777756690979
1.1550498008728027
1.1724587678909302
1.190084457397461
1.2080289125442505
1.2264142036437988
1.2453869581222534
1.265115737915039
1.2857948541641235
1.307640790939331
1.3308937549591064
1.3558143377304077
1.3826833963394165
0.5460094809532166
0.5776017904281616
0.6068916916847229
0.6342208385467529
0.659905731678009
0.684238076210022
0.7074793577194214
0.7298635244369507
0.7515925168991089
0.7728408575057983
0.7937526702880859
0.8144472241401672
0.8350170254707336
0.8555337190628052
0.8760471343994141
0.8965908885002136
0.9171823263168335
0.9378272294998169
0.9585205912590027
0.9792505502700806
1.0
1.0207494497299194
1.0414793491363525
1.062172770500183
1.0828176736831665
1.1034090518951416
1.123952865600586
1.1444662809371948
1.1649829149246216
1.185552716255188
1.206247329711914
1.2271591424942017
1.2484074831008911
1.2701364755630493
1.2925206422805786
1.315761923789978
1.3400943279266357
1.365779161453247
1.3931083679199219
1.4223982095718384
1.4539904594421387
0.47750142216682434
0.5134546160697937
0.5467709302902222
0.5778564214706421
0.6070862412452698
0.63480544090271
0.661321759223938
0.6869091391563416
0.7118024230003357
0.7362030744552612
0.760275661945343
0.7841547727584839
0.8079432249069214
0.8317187428474426
0.8555337190628052
0.8794209361076355
0.9033946394920349
0.9274551272392273
0.9515905976295471
0.9757809042930603
1.0
1.0242191553115845
1.0484094619750977
1.072544813156128
1.0966054201126099
1.1205790042877197
1.1444662809371948
1.1682811975479126
1.1920567750930786
1.2158452272415161
1.2397242784500122
1.2637969255447388
1.2881975173950195
1.3130909204483032
1.338678240776062
1.36519455909729
1.3929136991500854
1.422143578529358
1.4532290697097778
1.486545443534851
1.522498607635498
0.4122147560119629
0.45209747552871704
0.4890329837799072
0.5234954953193665
0.5559225678443909
0.5867149829864502
0.6162284016609192
0.6447769403457642
0.6726277470588684
0.7000075578689575
0.7270994186401367
0.7540507316589355
0.7809716463088989
0.8079432249069214
0.8350170254707336
0.8622224926948547
0.8895671963691711
0.9170435070991516
0.9446295499801636
0.9722943305969238
1.0
1.0277056694030762
1.0553704500198364
1.0829564332962036
1.110432744026184
1.13777756690979
1.1649829149246216
1.1920567750930786
1.219028353691101
1.2459492683410645
1.2729005813598633
1.2999924421310425
1.3273723125457764
1.3552230596542358
1.3837716579437256
1.4132850170135498
1.444077491760254
1.4765045642852783
1.5109670162200928
1.5479024648666382
1.587785243988037
0.350551962852478
0.3938610255718231
0.4339398145675659
0.47133713960647583
0.5065577030181885
0.540061354637146
0.5722530484199524
0.6034875512123108
0.6340630650520325
0.6642294526100159
0.6941854357719421
0.7240878343582153
0.7540507316589355
0.7841547727584839
0.8144472241401672
0.8449501991271973
0.8756616711616516
0.9065622091293335
0.9376168251037598
0.9687803387641907
1.0
1.0312196016311646
1.0623831748962402
1.0934377908706665
1.1243383884429932
1.1550498008728027
1.185552716255188
1.2158452272415161
1.2459492683410645
1.2759121656417847
1.3058146238327026
1.3357704877853394
1.3659369945526123
1.3965123891830444
1.4277468919754028
1.459938645362854
1.4934422969818115
1.5286628007888794
1.566060185432434
1.6061389446258545
1.649448037147522
0.2928932309150696
0.3390447795391083
0.38171595335006714
0.4215378761291504
0.45908859372138977
0.4948911964893341
0.5294017195701599
0.5630152225494385
0.5960589051246643
0.628803014755249
0.6614577770233154
0.6941854357719421
0.7270994186401367
0.760275661945343
0.7937526702880859
0.8275412917137146
0.8616255521774292
0.8959707021713257
0.9305248260498047
0.9652249813079834
1.0
1.0347750186920166
1.0694751739501953
1.1040292978286743
1.1383744478225708
1.1724587678909302
1.206247329711914
1.2397242784500122
1.2729005813598633
1.3058146238327026
1.3385422229766846
1.371196985244751
1.403941035270691
1.4369847774505615
1.4705983400344849
1.5051088333129883
1.5409114360809326
1.5784621238708496
1.618283987045288
1.6609551906585693
1.7071068286895752
0.23959402740001678
0.28791677951812744
0.33254680037498474
0.3742091655731201
0.41356340050697327
0.451200932264328
0.48763027787208557
0.5232858061790466
0.5585206151008606
0.5936208367347717
0.628803014755249
0.6642294526100159
0.7000075578689575
0.7362030744552612
0.7728408575057983
0.8099154829978943
0.8473929166793823
0.8852185010910034
0.923319399356842
0.9616110324859619
1.0
1.038388967514038
1.0766806602478027
1.1147814989089966
1.1526070833206177
1.190084457397461
1.2271591424942017
1.2637969255447388
1.2999924421310425
1.3357704877853394
1.371196985244751
1.406379222869873
1.4414793252944946
1.4767141342163086
1.5123697519302368
1.5487990379333496
1.5864366292953491
1.6257908344268799
1.6674531698226929
1.7120832204818726
1.7604060173034668
0.19098301231861115
0.2407023161649704
0.28656283020973206
0.3293985426425934
0.36996129155158997
0.40891632437705994
0.4468255341053009
0.4841598570346832
0.5212929844856262
0.5585206151008606
0.5960589051246643
0.6340630650520325
0.6726277470588684
0.7118024230003357
0.7515925168991089
0.7919710278511047
0.8328806161880493
0.8742423057556152
0.9159579873085022
0.9579170942306519
1.0
1.0420829057693481
1.0840420722961426
1.1257576942443848
1.1671193838119507
1.2080289125442505
1.2484074831008911
1.2881975173950195
1.3273723125457764
1.3659369945526123
1.403941035270691
1.4414793252944946
1.478706955909729
1.5158401727676392
1.5531744956970215
1.5910836458206177
1.6300387382507324
1.670601487159729
1.7134371995925903
1.7592977285385132
1.8090169429779053
0.14735983312129974
0.1975826919078827
0.2438359260559082
0.2870849668979645
0.3281875252723694
0.3678887188434601
0.4068024158477783
0.445430725812912
0.4841598570346832
0.5232858061790466
0.5630152225494385
0.6034875512123108
0.6447769403457642
0.6869091391563416
0.7298635244369507
0.7735857963562012
0.8179898262023926
0.8629673719406128
0.9083903431892395
0.954118013381958
1.0
1.045881986618042
1.0916095972061157
1.1370326280593872
1.1820101737976074
1.2264142036437988
1.2701364755630493
1.3130909204483032
1.3552230596542358
1.3965123891830444
1.4369847774505615
1.4767141342163086
1.5158401727676392
1.5545692443847656
1.5931975841522217
1.6321113109588623
1.6718124151229858
1.712915062904358
1.7561640739440918
1.802417278289795
1.852640151977539
0.10899347811937332
0.15867610275745392
0.2043510377407074
0.2471453994512558
0.2880401611328125
0.32786399126052856
0.36727720499038696
0.4068024158477783
0.4468255341053009
0.48763027787208557
0.5294017195701599
0.5722530484199524
0.6162284016609192
0.661321759223938
0.7074793577194214
0.7546131014823914
0.8026025295257568
0.851304829120636
0.9005571603775024
0.9501839280128479
1.0
1.0498161315917969
1.0994428396224976
1.1486952304840088
1.1973974704742432
1.2453869581222534
1.2925206422805786
1.338678240776062
1.3837716579437256
1.4277468919754028
1.4705983400344849
1.5123697519302368
1.5531744956970215
1.5931975841522217
1.6327227354049683
1.6721359491348267
1.7119598388671875
1.752854585647583
1.7956489324569702
1.8413238525390625
1.8910064697265625
0.07612046599388123
0.12403250485658646
0.16799472272396088
0.20934295654296875
0.24919934570789337
0.28847578167915344
0.32786399126052856
0.3678887188434601
0.40891632437705994
0.451200932264328
0.4948911964893341
0.540061354637146
0.5867149829864502
0.63480544090271
0.684238076210022
0.7348842620849609
0.7865835428237915
0.8391531109809875
0.8923906087875366
0.9460810422897339
1.0
1.0539189577102661
1.1076093912124634
1.1608468294143677
1.2134164571762085
1.265115737915039
1.315761923789978
1.36519455909729
1.4132850170135498
1.459938645362854
1.5051088333129883
1.5487990379333496
1.5910836458206177
1.6321113109588623
1.6721359491348267
1.711524248123169
1.750800609588623
1.7906570434570312
1.832005262374878
1.8759675025939941
1.9238795042037964
0.04894348233938217
0.09358779340982437
0.13449251651763916
0.17325937747955322
0.2111702263355255
0.24919934570789337
0.2880401611328125
0.3281875252723694
0.36996129155158997
0.41356340050697327
0.45908859372138977
0.5065577030181885
0.5559225678443909
0.6070862412452698
0.659905731678009
0.7142050862312317
0.7697779536247253
0.8263964056968689
0.8838136792182922
0.9417708516120911
1.0
1.0582290887832642
1.1161863803863525
1.1736036539077759
1.2302221059799194
1.2857948541641235
1.3400943279266357
1.3929136991500854
1.444077491760254
1.4934422969818115
1.5409114360809326
1.5864366292953491
1.6300387382507324
1.6718124151229858
1.7119598388671875
1.750800609588623
1.7888298034667969
1.8267406225204468
1.8655074834823608
1.9064122438430786
1.9510564804077148
0.02763007953763008
0.06714391708374023
0.10336343944072723
0.1382634937763214
0.17325937747955322
0.20934295654296875
0.2471453994512558
0.2870849668979645
0.3293985426425934
0.3742091655731201
0.4215378761291504
0.47133713960647583
0.5234954953193665
0.5778564214706421
0.6342208385467529
0.6923592686653137
0.7520136833190918
0.8129060864448547
0.8747408390045166
0.9372106790542603
1.0
1.0627893209457397
1.1252591609954834
1.1870938539505005
1.2479863166809082
1.307640790939331
1.365779161453247
1.422143578529358
1.4765045642852783
1.5286628007888794
1.5784621238708496
1.6257908344268799
1.670601487159729
1.712915062904358
1.752854585647583
1.7906570434570312
1.8267406225204468
1.861736536026001
1.8966366052627563
1.9328560829162598
1.972369909286499
0.012311659753322601
0.04417453333735466
0.07375843822956085
0.10336343944072723
0.13449251651763916
0.16799472272396088
0.2043510377407074
0.2438359260559082
0.28656283020973206
0.33254680037498474
0.38171595335006714
0.4339398145675659
0.4890329837799072
0.5467709302902222
0.6068916916847229
0.6691062450408936
0.7330999374389648
0.7985401153564453
0.8650777339935303
0.9323534965515137
1.0
1.0676465034484863
1.1349222660064697
1.2014598846435547
1.2669000625610352
1.3308937549591064
1.3931083679199219
1.4532290697097778
1.5109670162200928
1.566060185432434
1.618283987045288
1.6674531698226929
1.7134371995925903
1.7561640739440918
1.7956489324569702
1.832005262374878
1.8655074834823608
1.8966366052627563
1.9262415170669556
1.9558254480361938
1.9876883029937744
0.003082666313275695
0.02377605251967907
0.04417453333735466
0.06714391708374023
0.09358779340982437
0.12403250485658646
0.15867610275745392
0.1975826919078827
0.2407023161649704
0.28791677951812744
0.3390447795391083
0.3938610255718231
0.45209747552871704
0.5134546160697937
0.5776017904281616
0.6441856622695923
0.7128304839134216
0.7831447720527649
0.8547225594520569
0.9271484613418579
1.0
1.072851538658142
1.145277500152588
1.2168551683425903
1.2871695756912231
1.3558143377304077
1.4223982095718384
1.486545443534851
1.5479024648666382
1.6061389446258545
1.6609551906585693
1.7120832204818726
1.7592977285385132
1.802417278289795
1.8413238525390625
1.8759675025939941
1.9064122438430786
1.9328560829162598
1.9558254480361938
1.9762239456176758
1.9969173669815063
0.0
0.003082666313275695
0.012311659753322601
0.02763007953763008
0.04894348233938217
0.07612046599388123
0.10899347811937332
0.14735983312129974
0.19098301231861115
0.23959402740001678
0.2928932309150696
0.350551962852478
0.4122147560119629
0.47750142216682434
0.5460094809532166
0.6173165440559387
0.69098299741745
0.7665546536445618
0.8435655236244202
0.9215409159660339
1.0
1.0784591436386108
1.156434416770935
1.233445405960083
1.3090169429779053
1.3826833963394165
1.4539904594421387
1.522498607635498
1.587785243988037
1.649448037147522
1.7071068286895752
1.7604060173034668
1.8090169429779053
1.852640151977539
1.8910064697265625
1.9238795042037964
1.9510564804077148
1.972369909286499
1.9876883029937744
1.9969173669815063
2.0
