2.0
1.9969173669815063
1.9876883029937744
1.972369909286499
1.9510564804077148
1.9238795042037964
1.8910064697265625
1.852640151977539
1.8090169429779053
1.7604060173034668
1.7071068286895752
1.649448037147522
1.587785243988037
1.522498607635498
1.4539904594421387
1.3826833963394165
1.3090169429779053
1.233445405960083
1.156434416770935
1.0784591436386108
1.0
0.9215409159660339
0.8435655236244202
0.7665546536445618
0.69098299741745
0.6173165440559387
0.5460094809532166
0.47750142216682434
0.4122147560119629
0.350551962852478
0.2928932309150696
0.23959402740001678
0.19098301231861115
0.14735983312129974
0.10899347811937332
0.07612046599388123
0.04894348233938217
0.02763007953763008
0.012311659753322601
0.003082666313275695
0.0
1.9969173669815063
1.976218581199646
1.955816626548767
1.932844877243042
1.9063993692398071
1.8759536743164062
1.8413094282150269
1.8024027347564697
1.759283185005188
1.7120691537857056
1.66094172000885
1.606126308441162
1.5478907823562622
1.486534833908081
1.4223889112472534
1.3558064699172974
1.2871631383895874
1.2168503999710083
1.1452741622924805
1.0728498697280884
1.0
0.9271501302719116
0.8547258377075195
0.7831496596336365
0.7128369212150574
0.6441935300827026
0.5776110887527466
0.513465166091919
0.4521091878414154
0.3938737213611603
0.3390582799911499
0.2879309058189392
0.2407168298959732
0.19759730994701385
0.15869051218032837
0.12404634803533554
0.09360060840845108
0.0671551302075386
0.044183384627103806
0.023781465366482735
0.003082666313275695
1.9876883029937744
1.955816626548767
1.9262263774871826
1.8966169357299805
1.8654848337173462
1.831980586051941
1.7956230640411377
1.7561376094818115
1.7134108543395996
1.6674275398254395
1.6182594299316406
1.5660370588302612
1.5109456777572632
1.4532097578048706
1.3930913209915161
1.3308793306350708
1.2668882608413696
1.2014509439468384
1.1349161863327026
1.0676435232162476
1.0
0.9323565363883972
0.8650837540626526
0.7985490560531616
0.7331117391586304
0.6691206693649292
0.6069086790084839
0.5467902421951294
0.4890543818473816
0.43396297097206116
0.3817405700683594
0.33257246017456055
0.2865891456604004
0.2438623458147049
0.2043769508600235
0.16801944375038147
0.1345152109861374
0.10338302701711655
0.0737735778093338
0.044183384627103806
0.012311659753322601
1.972369909286499
1.932844877243042
1.8966169357299805
1.861710786819458
1.8267104625701904
1.7906240224838257
1.7528197765350342
1.7128793001174927
1.6705658435821533
1.6257559061050415
1.5784286260604858
1.5286312103271484
1.4764753580093384
1.4221172332763672
1.3657559156417847
1.307620882987976
1.2479702234268188
1.1870815753936768
1.1252509355545044
1.0627851486206055
1.0
0.9372148513793945
0.8747490644454956
0.8129183650016785
0.7520297765731812
0.6923790574073792
0.6342440843582153
0.5778827667236328
0.5235247015953064
0.4713687300682068
0.42157140374183655
0.3742440640926361
0.32943421602249146
0.28712064027786255
0.2471802830696106
0.2093760371208191
0.173289492726326
0.13828922808170319
0.10338302701711655
0.0671551302075386
0.02763007953763008
1.9510564804077148
1.9063993692398071
1.8654848337173462
1.8267104625701904
1.7887942790985107
1.7507613897323608
1.7119182348251343
1.6717697381973267
1.6299958229064941
1.5863945484161377
1.540871024131775
1.4934041500091553
1.4440420866012573
1.3928817510604858
1.3400660753250122
1.2857708930969238
1.230202555656433
1.173588752746582
1.1161763668060303
1.058224081993103
1.0
0.941775918006897
0.8838236927986145
0.826411247253418
0.7697975039482117
0.7142291069030762
0.659933865070343
0.6071181893348694
0.5559578537940979
0.5065958499908447
0.4591290056705475
0.4136054217815399
0.3700041174888611
0.32823026180267334
0.2880817651748657
0.24923862516880035
0.21120575070381165
0.173289492726326
0.1345152109861374
0.09360060840845108
0.04894348233938217
1.9238795042037964
1.8759536743164062
1.831980586051941
1.7906240224838257
1.7507613897323608
1.7114806175231934
1.6720895767211914
1.6320635080337524
1.5910356044769287
1.5487518310546875
1.5050632953643799
1.4598956108093262
1.4132450819015503
1.3651584386825562
1.315730094909668
1.2650885581970215
1.213394284248352
1.160830020904541
1.107598066329956
1.0539132356643677
1.0
0.9460867643356323
0.8924019932746887
0.839169979095459
0.7866056561470032
0.7349114418029785
0.684269905090332
0.6348415017127991
0.5867548584938049
0.5401043891906738
0.4949367046356201
0.4512481391429901
0.4089643657207489
0.36793655157089233
0.3279103934764862
0.28851941227912903
0.24923862516880035
0.2093760371208191
0.16801944375038147
0.12404634803533554
0.07612046599388123
1.8910064697265625
1.8413094282150269
1.7956230640411377
1.7528197765350342
1.7119182348251343
1.6720895767211914
1.6326732635498047
1.5931464433670044
1.5531229972839355
1.5123189687728882
1.4705493450164795
1.4277006387710571
1.3837286233901978
1.338639259338379
1.2924861907958984
1.2453575134277344
1.1973735094070435
1.1486769914627075
1.0994305610656738
1.0498099327087402
1.0
0.9501900672912598
0.9005694389343262
0.8513230085372925
0.8026264905929565
0.7546424269676208
0.7075137495994568
0.6613607406616211
0.6162713766098022
0.5722994208335876
0.5294507145881653
0.48768100142478943
0.44687703251838684
0.4068535566329956
0.3673267066478729
0.3279103934764862
0.2880817651748657
0.2471802830696106
0.2043769508600235
0.15869051218032837
0.10899347811937332
1.852640151977539
1.8024027347564697
1.7561376094818115
1.7128793001174927
1.6717697381973267
1.6320635080337524
1.5931464433670044
1.554516315460205
1.5157867670059204
1.4766614437103271
1.4369337558746338
1.3964641094207764
1.3551782369613647
1.3130501508712769
1.2701005935668945
1.2263835668563843
1.1819851398468018
1.137013554573059
1.0915968418121338
1.0458755493164062
1.0
0.9541244506835938
0.908403217792511
0.8629864454269409
0.8180148601531982
0.7736164331436157
0.7298994064331055
0.6869497895240784
0.6448217630386353
0.6035358905792236
0.5630661845207214
0.5233385562896729
0.48421329259872437
0.4454836845397949
0.4068535566329956
0.36793655157089233
0.32823026180267334
0.28712064027786255
0.2438623458147049
0.19759730994701385
0.14735983312129974
1.8090169429779053
1.759283185005188
1.7134108543395996
1.6705658435821533
1.6299958229064941
1.5910356044769287
1.5531229972839355
1.5157867670059204
1.4786529541015625
1.4414260387420654
1.4038894176483154
1.365887999534607
1.327326774597168
1.288156270980835
1.2483710050582886
1.2079977989196777
1.1670938730239868
1.125738263130188
1.084028959274292
1.0420763492584229
1.0
0.9579236507415771
0.915971040725708
0.874261736869812
0.8329060673713684
0.792002260684967
0.7516290545463562
0.7118437886238098
0.672673225402832
0.6341120600700378
0.5961105823516846
0.5585740208625793
0.5213469862937927
0.48421329259872437
0.44687703251838684
0.4089643657207489
0.3700041174888611
0.32943421602249146
0.2865891456604004
0.2407168298959732
0.19098301231861115
1.7604060173034668
1.7120691537857056
1.6674275398254395
1.6257559061050415
1.5863945484161377
1.5487518310546875
1.5123189687728882
1.4766614437103271
1.4414260387420654
1.406326413154602
1.3711458444595337
1.3357219696044922
1.2999472618103027
1.2637559175491333
1.2271229028701782
1.1900534629821777
1.152581810951233
1.114762306213379
1.0766676664352417
1.0383824110031128
1.0
0.9616175889968872
0.9233323931694031
0.8852377533912659
0.8474181890487671
0.8099464774131775
0.7728770971298218
0.7362440824508667
0.7000527381896973
0.6642780303955078
0.6288541555404663
0.5936736464500427
0.5585740208625793
0.5233385562896729
0.48768100142478943
0.4512481391429901
0.4136054217815399
0.3742440640926361
0.33257246017456055
0.2879309058189392
0.23959402740001678
1.7071068286895752
1.66094172000885
1.6182594299316406
1.5784286260604858
1.540871024131775
1.5050632953643799
1.4705493450164795
1.4369337558746338
1.4038894176483154
1.3711458444595337
1.3384926319122314
1.3057674169540405
1.2728567123413086
1.2396844625473022
1.206212043762207
1.1724286079406738
1.1383497714996338
1.1040104627609253
1.069462537765503
1.0347685813903809
1.0
0.9652313590049744
0.9305374622344971
0.8959894776344299
0.8616501688957214
0.827571451663971
0.793787956237793
0.7603155374526978
0.7271432876586914
0.6942325234413147
0.6615073680877686
0.6288541555404663
0.5961105823516846
0.5630661845207214
0.5294507145881653
0.4949367046356201
0.4591290056705475
0.42157140374183655
0.3817405700683594
0.3390582799911499
0.2928932309150696
1.649448037147522
1.606126308441162
1.5660370588302612
1.5286312103271484
1.4934041500091553
1.4598956108093262
1.4277006387710571
1.3964641094207764
1.365887999534607
1.3357219696044922
1.3057674169540405
1.2758673429489136
1.2459075450897217
1.215807318687439
1.1855192184448242
1.155021071434021
1.1243149042129517
1.0934199094772339
1.0623711347579956
1.031213641166687
1.0
0.9687864184379578
0.9376288652420044
0.9065800905227661
0.8756850957870483
0.844978928565979
0.8144807815551758
0.7841927409172058
0.7540924549102783
0.7241326570510864
0.6942325234413147
0.6642780303955078
0.6341120600700378
0.6035358905792236
0.5722994208335876
0.5401043891906738
0.5065958499908447
0.4713687300682068
0.43396297097206116
0.3938737213611603
0.350551962852478
1.587785243988037
1.5478907823562622
1.5109456777572632
1.4764753580093384
1.4440420866012573
1.4132450819015503
1.3837286233901978
1.3551782369613647
1.327326774597168
1.2999472618103027
1.2728567123413086
1.2459075450897217
1.2189894914627075
1.192021369934082
1.1649516820907593
1.1377507448196411
1.1104109287261963
1.082939863204956
1.0553592443466187
1.0277000665664673
1.0
0.9722999930381775
0.9446407556533813
0.9170601963996887
0.8895890712738037
0.8622492551803589
0.8350483775138855
0.8079785704612732
0.7810105085372925
0.7540924549102783
0.7271432876586914
0.7000527381896973
0.672673225402832
0.6448217630386353
0.6162713766098022
0.5867548584938049
0.5559578537940979
0.5235247015953064
0.4890543818473816
0.4521091878414154
0.4122147560119629
1.522498607635498
1.486534833908081
1.4532097578048706
1.4221172332763672
1.3928817510604858
1.3651584386825562
1.338639259338379
1.3130501508712769
1.288156270980835
1.2637559175491333
1.2396844625473022
1.215807318687439
1.192021369934082
1.1682490110397339
1.1444377899169922
1.1205546855926514
1.0965853929519653
1.072529673576355
1.0483992099761963
1.0242139101028442
1.0
0.975786030292511
0.9516007900238037
0.927470326423645
0.9034145474433899
0.8794453740119934
0.8555622100830078
0.8317509293556213
0.8079785704612732
0.7841927409172058
0.7603155374526978
0.7362440824508667
0.7118437886238098
0.6869497895240784
0.6613607406616211
0.6348415017127991
0.6071181893348694
0.5778827667236328
0.5467902421951294
0.513465166091919
0.47750142216682434
1.4539904594421387
1.4223889112472534
1.3930913209915161
1.3657559156417847
1.3400660753250122
1.315730094909668
1.2924861907958984
1.2701005935668945
1.2483710050582886
1.2271229028701782
1.206212043762207
1.1855192184448242
1.1649516820907593
1.1444377899169922
1.1239275932312012
1.103387475013733
1.082800030708313
1.0621592998504639
1.0414702892303467
1.0207449197769165
1.0
0.9792551398277283
0.9585296511650085
0.9378407001495361
0.9172000288963318
0.8966125249862671
0.8760724067687988
0.8555622100830078
0.8350483775138855
0.8144807815551758
0.793787956237793
0.7728770971298218
0.7516290545463562
0.7298994064331055
0.7075137495994568
0.684269905090332
0.659933865070343
0.6342440843582153
0.6069086790084839
0.5776110887527466
0.5460094809532166
1.3826833963394165
1.3558064699172974
1.3308793306350708
1.307620882987976
1.2857708930969238
1.2650885581970215
1.2453575134277344
1.2263835668563843
1.2079977989196777
1.1900534629821777
1.1724286079406738
1.155021071434021
1.1377507448196411
1.1205546855926514
1.103387475013733
1.0862176418304443
1.0690269470214844
1.0518066883087158
1.0345573425292969
1.017284870147705
1.0
0.9827151298522949
0.9654427170753479
0.9481933116912842
0.9309730529785156
0.9137822985649109
0.8966125249862671
0.8794453740119934
0.8622492551803589
0.844978928565979
0.827571451663971
0.8099464774131775
0.792002260684967
0.7736164331436157
0.7546424269676208
0.7349114418029785
0.7142291069030762
0.6923790574073792
0.6691206693649292
0.6441935300827026
0.6173165440559387
1.3090169429779053
1.2871631383895874
1.2668882608413696
1.2479702234268188
1.230202555656433
1.213394284248352
1.1973735094070435
1.1819851398468018
1.1670938730239868
1.152581810951233
1.1383497714996338
1.1243149042129517
1.1104109287261963
1.0965853929519653
1.082800030708313
1.0690269470214844
1.0552492141723633
1.0414576530456543
1.027649998664856
1.0138287544250488
1.0
0.9861712455749512
0.972350001335144
0.9585423469543457
0.9447507858276367
0.9309730529785156
0.9172000288963318
0.9034145474433899
0.8895890712738037
0.8756850957870483
0.8616501688957214
0.8474181890487671
0.8329060673713684
0.8180148601531982
0.8026264905929565
0.7866056561470032
0.7697975039482117
0.7520297765731812
0.7331117391586304
0.7128369212150574
0.69098299741745
1.233445405960083
1.2168503999710083
1.2014509439468384
1.1870815753936768
1.173588752746582
1.160830020904541
1.1486769914627075
1.137013554573059
1.125738263130188
1.114762306213379
1.1040104627609253
1.0934199094772339
1.082939863204956
1.072529673576355
1.0621592998504639
1.0518066883087158
1.0414576530456543
1.0311038494110107
1.0207421779632568
1.0103732347488403
1.0
0.9896267652511597
0.9792577624320984
0.9688961505889893
0.9585423469543457
0.9481933116912842
0.9378407001495361
0.927470326423645
0.9170601963996887
0.9065800905227661
0.8959894776344299
0.8852377533912659
0.874261736869812
0.8629864454269409
0.8513230085372925
0.839169979095459
0.826411247253418
0.8129183650016785
0.7985490560531616
0.7831496596336365
0.7665546536445618
1.156434416770935
1.1452741622924805
1.1349161863327026
1.1252509355545044
1.1161763668060303
1.107598066329956
1.0994305610656738
1.0915968418121338
1.084028959274292
1.0766676664352417
1.069462537765503
1.0623711347579956
1.0553592443466187
1.0483992099761963
1.0414702892303467
1.0345573425292969
1.027649998664856
1.0207421779632568
1.0138312578201294
1.0069167613983154
1.0
0.9930832982063293
0.9861687421798706
0.9792577624320984
0.972350001335144
0.9654427170753479
0.9585296511650085
0.9516007900238037
0.9446407556533813
0.9376288652420044
0.9305374622344971
0.9233323931694031
0.915971040725708
0.908403217792511
0.9005694389343262
0.8924019932746887
0.8838236927986145
0.8747490644454956
0.8650837540626526
0.8547258377075195
0.8435655236244202
1.0784591436386108
1.0728498697280884
1.0676435232162476
1.0627851486206055
1.058224081993103
1.0539132356643677
1.0498099327087402
1.0458755493164062
1.0420763492584229
1.0383824110031128
1.0347685813903809
1.031213641166687
1.0277000665664673
1.0242139101028442
1.0207449197769165
1.017284870147705
1.0138287544250488
1.0103732347488403
1.0069167613983154
1.0034587383270264
1.0
0.9965412020683289
0.9930832982063293
0.9896267652511597
0.9861712455749512
0.9827151298522949
0.9792551398277283
0.975786030292511
0.9722999930381775
0.9687864184379578
0.9652313590049744
0.9616175889968872
0.9579236507415771
0.9541244506835938
0.9501900672912598
0.9460867643356323
0.941775918006897
0.9372148513793945
0.9323565363883972
0.9271501302719116
0.9215409159660339
1.0
1.0
1.0
1.0
1.0
1.0
1.0
1.0
1.0
1.0
1.0
1.0
1.0
1.0
1.0
1.0
1.0
1.0
1.0
1.0
1.0
1.0
1.0
1.0
1.0
1.0
1.0
1.0
1.0
1.0
1.0
1.0
1.0
1.0
1.0
1.0
1.0
1.0
1.0
1.0
1.0
0.9215409159660339
0.9271501302719116
0.9323565363883972
0.9372148513793945
0.941775918006897
0.9460867643356323
0.9501900672912598
0.9541244506835938
0.9579236507415771
0.9616175889968872
0.9652313590049744
0.9687864184379578
0.9722999930381775
0.975786030292511
0.9792551398277283
0.9827151298522949
0.9861712455749512
0.9896267652511597
0.9930832982063293
0.9965412020683289
1.0
1.0034587383270264
1.0069167613983154
1.0103732347488403
1.0138287544250488
1.017284870147705
1.0207449197769165
1.0242139101028442
1.0277000665664673
1.031213641166687
1.0347685813903809
1.0383824110031128
1.0420763492584229
1.0458755493164062
1.0498099327087402
1.0539132356643677
1.058224081993103
1.0627851486206055
1.0676435232162476
1.0728498697280884
1.0784591436386108
0.8435655236244202
0.8547258377075195
0.8650837540626526
0.8747490644454956
0.8838236927986145
0.8924019932746887
0.9005694389343262
0.908403217792511
0.915971040725708
0.9233323931694031
0.9305374622344971
0.9376288652420044
0.9446407556533813
0.9516007900238037
0.9585296511650085
0.9654427170753479
0.972350001335144
0.9792577624320984
0.9861687421798706
0.9930832982063293
1.0
1.0069167613983154
1.0138312578201294
1.0207421779632568
1.027649998664856
1.0345573425292969
1.0414702892303467
1.0483992099761963
1.0553592443466187
1.0623711347579956
1.069462537765503
1.0766676664352417
1.084028959274292
1.0915968418121338
1.0994305610656738
1.107598066329956
1.1161763668060303
1.1252509355545044
1.1349161863327026
1.1452741622924805
1.156434416770935
0.7665546536445618
0.7831496596336365
0.7985490560531616
0.8129183650016785
0.826411247253418
0.839169979095459
0.8513230085372925
0.8629864454269409
0.874261736869812
0.8852377533912659
0.8959894776344299
0.9065800905227661
0.9170601963996887
0.927470326423645
0.9378407001495361
0.9481933116912842
0.9585423469543457
0.9688961505889893
0.9792577624320984
0.9896267652511597
1.0
1.0103732347488403
1.0207421779632568
1.0311038494110107
1.0414576530456543
1.0518066883087158
1.0621592998504639
1.072529673576355
1.082939863204956
1.0934199094772339
1.1040104627609253
1.114762306213379
1.125738263130188
1.137013554573059
1.1486769914627075
1.160830020904541
1.173588752746582
1.1870815753936768
1.2014509439468384
1.2168503999710083
1.233445405960083
0.69098299741745
0.7128369212150574
0.7331117391586304
0.7520297765731812
0.7697975039482117
0.7866056561470032
0.8026264905929565
0.8180148601531982
0.8329060673713684
0.8474181890487671
0.8616501688957214
0.8756850957870483
0.8895890712738037
0.9034145474433899
0.9172000288963318
0.9309730529785156
0.9447507858276367
0.9585423469543457
0.972350001335144
0.9861712455749512
1.0
1.0138287544250488
1.027649998664856
1.0414576530456543
1.0552492141723633
1.0690269470214844
1.082800030708313
1.0965853929519653
1.1104109287261963
1.1243149042129517
1.1383497714996338
1.152581810951233
1.1670938730239868
1.1819851398468018
1.1973735094070435
1.213394284248352
1.230202555656433
1.2479702234268188
1.2668882608413696
1.2871631383895874
1.3090169429779053
0.6173165440559387
0.6441935300827026
0.6691206693649292
0.6923790574073792
0.7142291069030762
0.7349114418029785
0.7546424269676208
0.7736164331436157
0.792002260684967
0.8099464774131775
0.827571451663971
0.844978928565979
0.8622492551803589
0.8794453740119934
0.8966125249862671
0.9137822985649109
0.9309730529785156
0.9481933116912842
0.9654427170753479
0.9827151298522949
1.0
1.017284870147705
1.0345573425292969
1.0518066883087158
1.0690269470214844
1.0862176418304443
1.103387475013733
1.1205546855926514
1.1377507448196411
1.155021071434021
1.1724286079406738
1.1900534629821777
1.2079977989196777
1.2263835668563843
1.2453575134277344
1.2650885581970215
1.2857708930969238
1.307620882987976
1.3308793306350708
1.3558064699172974
1.3826833963394165
0.5460094809532166
0.5776110887527466
0.6069086790084839
0.6342440843582153
0.659933865070343
0.684269905090332
0.7075137495994568
0.7298994064331055
0.7516290545463562
0.7728770971298218
0.793787956237793
0.8144807815551758
0.8350483775138855
0.8555622100830078
0.8760724067687988
0.8966125249862671
0.9172000288963318
0.9378407001495361
0.9585296511650085
0.9792551398277283
1.0
1.0207449197769165
1.0414702892303467
1.0621592998504639
1.082800030708313
1.103387475013733
1.1239275932312012
1.1444377899169922
1.1649516820907593
1.1855192184448242
1.206212043762207
1.2271229028701782
1.2483710050582886
1.2701005935668945
1.2924861907958984
1.315730094909668
1.3400660753250122
1.3657559156417847
1.3930913209915161
1.4223889112472534
1.4539904594421387
0.47750142216682434
0.513465166091919
0.5467902421951294
0.5778827667236328
0.6071181893348694
0.6348415017127991
0.6613607406616211
0.6869497895240784
0.7118437886238098
0.7362440824508667
0.7603155374526978
0.7841927409172058
0.8079785704612732
0.8317509293556213
0.8555622100830078
0.8794453740119934
0.9034145474433899
0.927470326423645
0.9516007900238037
0.975786030292511
1.0
1.0242139101028442
1.0483992099761963
1.072529673576355
1.0965853929519653
1.1205546855926514
1.1444377899169922
1.1682490110397339
1.192021369934082
1.215807318687439
1.2396844625473022
1.2637559175491333
1.288156270980835
1.3130501508712769
1.338639259338379
1.3651584386825562
1.3928817510604858
1.4221172332763672
1.4532097578048706
1.486534833908081
1.522498607635498
0.4122147560119629
0.4521091878414154
0.4890543818473816
0.5235247015953064
0.5559578537940979
0.5867548584938049
0.6162713766098022
0.6448217630386353
0.672673225402832
0.7000527381896973
0.7271432876586914
0.7540924549102783
0.7810105085372925
0.8079785704612732
0.8350483775138855
0.8622492551803589
0.8895890712738037
0.9170601963996887
0.9446407556533813
0.9722999930381775
1.0
1.0277000665664673
1.0553592443466187
1.082939863204956
1.1104109287261963
1.1377507448196411
1.1649516820907593
1.192021369934082
1.2189894914627075
1.2459075450897217
1.2728567123413086
1.2999472618103027
1.327326774597168
1.3551782369613647
1.3837286233901978
1.4132450819015503
1.4440420866012573
1.4764753580093384
1.5109456777572632
1.5478907823562622
1.587785243988037
0.350551962852478
0.3938737213611603
0.43396297097206116
0.4713687300682068
0.5065958499908447
0.5401043891906738
0.5722994208335876
0.6035358905792236
0.6341120600700378
0.6642780303955078
0.6942325234413147
0.7241326570510864
0.7540924549102783
0.7841927409172058
0.8144807815551758
0.844978928565979
0.8756850957870483
0.9065800905227661
0.9376288652420044
0.9687864184379578
1.0
1.031213641166687
1.0623711347579956
1.0934199094772339
1.1243149042129517
1.155021071434021
1.1855192184448242
1.215807318687439
1.2459075450897217
1.2758673429489136
1.3057674169540405
1.3357219696044922
1.365887999534607
1.3964641094207764
1.4277006387710571
1.4598956108093262
1.4934041500091553
1.5286312103271484
1.5660370588302612
1.606126308441162
1.649448037147522
0.2928932309150696
0.3390582799911499
0.3817405700683594
0.42157140374183655
0.4591290056705475
0.4949367046356201
0.5294507145881653
0.5630661845207214
0.5961105823516846
0.6288541555404663
0.6615073680877686
0.6942325234413147
0.7271432876586914
0.7603155374526978
0.793787956237793
0.827571451663971
0.8616501688957214
0.8959894776344299
0.9305374622344971
0.9652313590049744
1.0
1.0347685813903809
1.069462537765503
1.1040104627609253
1.1383497714996338
1.1724286079406738
1.206212043762207
1.2396844625473022
1.2728567123413086
1.3057674169540405
1.3384926319122314
1.3711458444595337
1.4038894176483154
1.4369337558746338
1.4705493450164795
1.5050632953643799
1.540871024131775
1.5784286260604858
1.6182594299316406
1.66094172000885
1.7071068286895752
0.23959402740001678
0.2879309058189392
0.33257246017456055
0.3742440640926361
0.4136054217815399
0.4512481391429901
0.48768100142478943
0.5233385562896729
0.5585740208625793
0.5936736464500427
0.6288541555404663
0.6642780303955078
0.7000527381896973
0.7362440824508667
0.7728770971298218
0.8099464774131775
0.8474181890487671
0.8852377533912659
0.9233323931694031
0.9616175889968872
1.0
1.0383824110031128
1.0766676664352417
1.114762306213379
1.152581810951233
1.1900534629821777
1.2271229028701782
1.2637559175491333
1.2999472618103027
1.3357219696044922
1.3711458444595337
1.406326413154602
1.4414260387420654
1.4766614437103271
1.5123189687728882
1.5487518310546875
1.5863945484161377
1.6257559061050415
1.6674275398254395
1.7120691537857056
1.7604060173034668
0.19098301231861115
0.2407168298959732
0.2865891456604004
0.32943421602249146
0.3700041174888611
0.4089643657207489
0.44687703251838684
0.48421329259872437
0.5213469862937927
0.5585740208625793
0.5961105823516846
0.6341120600700378
0.672673225402832
0.7118437886238098
0.7516290545463562
0.792002260684967
0.8329060673713684
0.874261736869812
0.915971040725708
0.9579236507415771
1.0
1.0420763492584229
1.084028959274292
1.125738263130188
1.1670938730239868
1.2079977989196777
1.2483710050582886
1.288156270980835
1.327326774597168
1.365887999534607
1.4038894176483154
1.4414260387420654
1.4786529541015625
1.5157867670059204
1.5531229972839355
1.5910356044769287
1.6299958229064941
1.6705658435821533
1.7134108543395996
1.759283185005188
1.8090169429779053
0.14735983312129974
0.19759730994701385
0.2438623458147049
0.28712064027786255
0.32823026180267334
0.36793655157089233
0.4068535566329956
0.4454836845397949
0.48421329259872437
0.5233385562896729
0.5630661845207214
0.6035358905792236
0.6448217630386353
0.6869497895240784
0.7298994064331055
0.7736164331436157
0.8180148601531982
0.8629864454269409
0.908403217792511
0.9541244506835938
1.0
1.0458755493164062
1.0915968418121338
1.137013554573059
1.1819851398468018
1.2263835668563843
1.2701005935668945
1.3130501508712769
1.3551782369613647
1.3964641094207764
1.4369337558746338
1.4766614437103271
1.5157867670059204
1.554516315460205
1.5931464433670044
1.6320635080337524
1.6717697381973267
1.7128793001174927
1.7561376094818115
1.8024027347564697
1.852640151977539
0.10899347811937332
0.15869051218032837
0.2043769508600235
0.2471802830696106
0.2880817651748657
0.3279103934764862
0.3673267066478729
0.4068535566329956
0.44687703251838684
0.48768100142478943
0.5294507145881653
0.5722994208335876
0.6162713766098022
0.6613607406616211
0.7075137495994568
0.7546424269676208
0.8026264905929565
0.8513230085372925
0.9005694389343262
0.9501900672912598
1.0
1.0498099327087402
1.0994305610656738
1.1486769914627075
1.1973735094070435
1.2453575134277344
1.2924861907958984
1.338639259338379
1.3837286233901978
1.4277006387710571
1.4705493450164795
1.5123189687728882
1.5531229972839355
1.5931464433670044
1.6326732635498047
1.6720895767211914
1.7119182348251343
1.7528197765350342
1.7956230640411377
1.8413094282150269
1.8910064697265625
0.07612046599388123
0.12404634803533554
0.16801944375038147
0.2093760371208191
0.24923862516880035
0.28851941227912903
0.3279103934764862
0.36793655157089233
0.4089643657207489
0.4512481391429901
0.4949367046356201
0.5401043891906738
0.5867548584938049
0.6348415017127991
0.684269905090332
0.7349114418029785
0.7866056561470032
0.839169979095459
0.8924019932746887
0.9460867643356323
1.0
1.0539132356643677
1.107598066329956
1.160830020904541
1.213394284248352
1.2650885581970215
1.315730094909668
1.3651584386825562
1.4132450819015503
1.4598956108093262
1.5050632953643799
1.5487518310546875
1.5910356044769287
1.6320635080337524
1.6720895767211914
1.7114806175231934
1.7507613897323608
1.7906240224838257
1.831980586051941
1.8759536743164062
1.9238795042037964
0.04894348233938217
0.09360060840845108
0.1345152109861374
0.173289492726326
0.21120575070381165
0.24923862516880035
0.2880817651748657
0.32823026180267334
0.3700041174888611
0.4136054217815399
0.4591290056705475
0.5065958499908447
0.5559578537940979
0.6071181893348694
0.659933865070343
0.7142291069030762
0.7697975039482117
0.826411247253418
0.8838236927986145
0.941775918006897
1.0
1.058224081993103
1.1161763668060303
1.173588752746582
1.230202555656433
1.2857708930969238
1.3400660753250122
1.3928817510604858
1.4440420866012573
1.4934041500091553
1.540871024131775
1.5863945484161377
1.6299958229064941
1.6717697381973267
1.7119182348251343
1.7507613897323608
1.7887942790985107
1.8267104625701904
1.8654848337173462
1.9063993692398071
1.9510564804077148
0.02763007953763008
0.0671551302075386
0.10338302701711655
0.13828922808170319
0.173289492726326
0.2093760371208191
0.2471802830696106
0.28712064027786255
0.32943421602249146
0.3742440640926361
0.42157140374183655
0.4713687300682068
0.5235247015953064
0.5778827667236328
0.6342440843582153
0.6923790574073792
0.7520297765731812
0.8129183650016785
0.8747490644454956
0.9372148513793945
1.0
1.0627851486206055
1.1252509355545044
1.1870815753936768
1.2479702234268188
1.307620882987976
1.3657559156417847
1.4221172332763672
1.4764753580093384
1.5286312103271484
1.5784286260604858
1.6257559061050415
1.6705658435821533
1.7128793001174927
1.7528197765350342
1.7906240224838257
1.8267104625701904
1.861710786819458
1.8966169357299805
1.932844877243042
1.972369909286499
0.012311659753322601
0.044183384627103806
0.0737735778093338
0.10338302701711655
0.1345152109861374
0.16801944375038147
0.2043769508600235
0.2438623458147049
0.2865891456604004
0.33257246017456055
0.3817405700683594
0.43396297097206116
0.4890543818473816
0.5467902421951294
0.6069086790084839
0.6691206693649292
0.7331117391586304
0.7985490560531616
0.8650837540626526
0.9323565363883972
1.0
1.0676435232162476
1.1349161863327026
1.2014509439468384
1.2668882608413696
1.3308793306350708
1.3930913209915161
1.4532097578048706
1.5109456777572632
1.5660370588302612
1.6182594299316406
1.6674275398254395
1.7134108543395996
1.7561376094818115
1.7956230640411377
1.831980586051941
1.8654848337173462
1.8966169357299805
1.9262263774871826
1.955816626548767
1.9876883029937744
0.003082666313275695
0.023781465366482735
0.044183384627103806
0.0671551302075386
0.09360060840845108
0.12404634803533554
0.15869051218032837
0.19759730994701385
0.2407168298959732
0.2879309058189392
0.3390582799911499
0.3938737213611603
0.4521091878414154
0.513465166091919
0.5776110887527466
0.6441935300827026
0.7128369212150574
0.7831496596336365
0.8547258377075195
0.9271501302719116
1.0
1.0728498697280884
1.1452741622924805
1.2168503999710083
1.2871631383895874
1.3558064699172974
1.4223889112472534
1.486534833908081
1.5478907823562622
1.606126308441162
1.66094172000885
1.7120691537857056
1.759283185005188
1.8024027347564697
1.8413094282150269
1.8759536743164062
1.9063993692398071
1.932844877243042
1.955816626548767
1.976218581199646
1.9969173669815063
0.0
0.003082666313275695
0.012311659753322601
0.02763007953763008
0.04894348233938217
0.07612046599388123
0.10899347811937332
0.14735983312129974
0.19098301231861115
0.23959402740001678
0.2928932309150696
0.350551962852478
0.4122147560119629
0.47750142216682434
0.5460094809532166
0.6173165440559387
0.69098299741745
0.7665546536445618
0.8435655236244202
0.9215409159660339
1.0
1.0784591436386108
1.156434416770935
1.233445405960083
1.3090169429779053
1.3826833963394165
1.4539904594421387
1.522498607635498
1.587785243988037
1.649448037147522
1.7071068286895752
1.7604060173034668
1.8090169429779053
1.852640151977539
1.8910064697265625
1.9238795042037964
1.9510564804077148
1.972369909286499
1.9876883029937744
1.9969173669815063
2.0
