2.0
1.9969173669815063
1.9876883029937744
1.972369909286499
1.9510564804077148
1.9238795042037964
1.8910064697265625
1.852640151977539
1.8090169429779053
1.7604060173034668
1.7071068286895752
1.649448037147522
1.587785243988037
1.522498607635498
1.4539904594421387
1.3826833963394165
1.3090169429779053
1.233445405960083
1.156434416770935
1.0784591436386108
1.0
0.9215409159660339
0.8435655236244202
0.7665546536445618
0.69098299741745
0.6173165440559387
0.5460094809532166
0.47750142216682434
0.4122147560119629
0.350551962852478
0.2928932309150696
0.23959402740001678
0.19098301231861115
0.14735983312129974
0.10899347811937332
0.07612046599388123
0.04894348233938217
0.02763007953763008
0.012311659753322601
0.003082666313275695
0.0
1.9969173669815063
1.976081132888794
1.9555917978286743
1.9325599670410156
1.906074047088623
1.875602126121521
1.8409433364868164
1.802031397819519
1.758914828300476
1.7117104530334473
1.6605987548828125
1.6058040857315063
1.5475938320159912
1.4862669706344604
1.422153353691101
1.3556060791015625
1.287000060081482
1.216726541519165
1.145190954208374
1.072808027267456
1.0
0.927191972732544
0.8548091053962708
0.783273458480835
0.7129998803138733
0.6443939208984375
0.5778465867042542
0.5137330293655396
0.4524061381816864
0.39419594407081604
0.3394012749195099
0.2882895767688751
0.2410852164030075
0.19796857237815857
0.1590566486120224
0.124397873878479
0.09392599016427994
0.0674399808049202
0.04440818727016449
0.023918909952044487
0.003082666313275695
1.9876883029937744
1.9555917978286743
1.9258419275283813
1.8961195945739746
1.8649088144302368
1.8313525915145874
1.7949647903442383
1.7554669380187988
1.7127429246902466
1.6667754650115967
1.6176344156265259
1.5654488801956177
1.510402798652649
1.4527195692062378
1.3926600217819214
1.3305120468139648
1.2665894031524658
1.2012238502502441
1.134763479232788
1.0675666332244873
1.0
0.9324333071708679
0.8652365803718567
0.7987761497497559
0.7334105968475342
0.6694879531860352
0.6073399782180786
0.5472803711891174
0.4895971417427063
0.43455109000205994
0.38236552476882935
0.3332245349884033
0.28725704550743103
0.24453303217887878
0.2050352394580841
0.1686473935842514
0.13509120047092438
0.10388040542602539
0.07415804266929626
0.04440818727016449
0.012311659753322601
1.972369909286499
1.9325599670410156
1.8961195945739746
1.8610574007034302
1.8259457349777222
1.7897838354110718
1.7519340515136719
1.7119731903076172
1.6696604490280151
1.624869704246521
1.5775774717330933
1.5278290510177612
1.475733995437622
1.4214470386505127
1.3651657104492188
1.3071180582046509
1.247560739517212
1.1867703199386597
1.1250414848327637
1.0626797676086426
1.0
0.9373201727867126
0.8749585747718811
0.8132296204566956
0.7524392604827881
0.6928819417953491
0.634834349155426
0.5785530209541321
0.5242660641670227
0.47217097878456116
0.42242249846458435
0.37513023614883423
0.33033958077430725
0.2880268394947052
0.24806590378284454
0.21021613478660583
0.17405425012111664
0.1389426589012146
0.10388040542602539
0.0674399808049202
0.02763007953763008
1.9510564804077148
1.906074047088623
1.8649088144302368
1.8259457349777222
1.7878918647766113
1.7497639656066895
1.7108618021011353
1.6706846952438354
1.628908634185791
1.5853278636932373
1.5398445129394531
1.492435097694397
1.443145513534546
1.3920704126358032
1.339350938796997
1.2851612567901611
1.229705810546875
1.1732110977172852
1.1159220933914185
1.0580962896347046
1.0
0.9419037699699402
0.8840779066085815
0.8267889618873596
0.770294189453125
0.7148388028144836
0.6606490015983582
0.6079295873641968
0.5568544864654541
0.5075648427009583
0.4601554572582245
0.4146721661090851
0.37109139561653137
0.32931530475616455
0.2891382575035095
0.25023603439331055
0.21210812032222748
0.17405425012111664
0.13509120047092438
0.09392599016427994
0.04894348233938217
1.9238795042037964
1.875602126121521
1.8313525915145874
1.7897838354110718
1.7497639656066895
1.7103726863861084
1.6709113121032715
1.6308494806289673
1.5898159742355347
1.5475527048110962
1.5039074420928955
1.4588029384613037
1.4122329950332642
1.3642417192459106
1.3149213790893555
1.2643986940383911
1.2128320932388306
1.1604022979736328
1.1073100566864014
1.0537683963775635
1.0
0.9462316036224365
0.8926899433135986
0.8395977020263672
0.7871679067611694
0.7356013059616089
0.6850786209106445
0.6357583403587341
0.5877670645713806
0.5411970615386963
0.4960925579071045
0.4524472951889038
0.41018399596214294
0.3691505193710327
0.32908865809440613
0.289627343416214
0.25023603439331055
0.21021613478660583
0.1686473935842514
0.124397873878479
0.07612046599388123
1.8910064697265625
1.8409433364868164
1.7949647903442383
1.7519340515136719
1.7108618021011353
1.6709113121032715
1.6314160823822021
1.591847538948059
1.5518150329589844
1.511030673980713
1.4693056344985962
1.4265233278274536
1.3826369047164917
1.3376495838165283
1.2916126251220703
1.2446118593215942
1.1967655420303345
1.148214340209961
1.0991190671920776
1.049653172492981
1.0
0.950346827507019
0.9008809924125671
0.8517856597900391
0.8032344579696655
0.755388081073761
0.7083873748779297
0.6623504161834717
0.6173630356788635
0.5734766721725464
0.5306944251060486
0.4889693260192871
0.44818493723869324
0.4081524610519409
0.36858394742012024
0.32908865809440613
0.2891382575035095
0.24806590378284454
0.2050352394580841
0.1590566486120224
0.10899347811937332
1.852640151977539
1.802031397819519
1.7554669380187988
1.7119731903076172
1.6706846952438354
1.6308494806289673
1.591847538948059
1.5531712770462036
1.5144296884536743
1.4753226041793823
1.435639500617981
1.3952375650405884
1.3540397882461548
1.3120173215866089
1.2691882848739624
1.2256044149398804
1.1813496351242065
1.136529803276062
1.091270923614502
1.045711636543274
1.0
0.9542883634567261
0.9087290167808533
0.863470196723938
0.8186503648757935
0.7743955254554749
0.7308117747306824
0.6879826784133911
0.6459602117538452
0.6047623753547668
0.564360499382019
0.5246774554252625
0.4855702817440033
0.4468287229537964
0.4081524610519409
0.3691505193710327
0.32931530475616455
0.2880268394947052
0.24453303217887878
0.19796857237815857
0.14735983312129974
1.8090169429779053
1.758914828300476
1.7127429246902466
1.6696604490280151
1.628908634185791
1.5898159742355347
1.5518150329589844
1.5144296884536743
1.4772815704345703
1.4400709867477417
1.4025779962539673
1.364643931388855
1.3261710405349731
1.287106990814209
1.247443675994873
1.2072054147720337
1.166447401046753
1.1252460479736328
1.0836973190307617
1.0419094562530518
1.0
0.9580905437469482
0.9163026809692383
0.8747539520263672
0.8335525989532471
0.7927945256233215
0.752556324005127
0.7128930687904358
0.6738289594650269
0.635356068611145
0.5974220037460327
0.5599290132522583
0.5227183699607849
0.4855702817440033
0.44818493723869324
0.41018399596214294
0.37109139561653137
0.33033958077430725
0.28725704550743103
0.2410852164030075
0.19098301231861115
1.7604060173034668
1.7117104530334473
1.6667754650115967
1.624869704246521
1.5853278636932373
1.5475527048110962
1.511030673980713
1.4753226041793823
1.4400709867477417
1.4049859046936035
1.369847059249878
1.334488868713379
1.2988009452819824
1.2627143859863281
1.2262020111083984
1.189266324043274
1.1519392728805542
1.114272952079773
1.0763378143310547
1.038216471672058
1.0
0.9617835283279419
0.9236621260643005
0.8857271075248718
0.8480607867240906
0.8107336759567261
0.7737980484962463
0.7372855544090271
0.7011991143226624
0.6655111312866211
0.6301529407501221
0.5950140357017517
0.5599290132522583
0.5246774554252625
0.4889693260192871
0.4524472951889038
0.4146721661090851
0.37513023614883423
0.3332245349884033
0.2882895767688751
0.23959402740001678
1.7071068286895752
1.6605987548828125
1.6176344156265259
1.5775774717330933
1.5398445129394531
1.5039074420928955
1.4693056344985962
1.435639500617981
1.4025779962539673
1.369847059249878
1.3372331857681274
1.3045706748962402
1.2717434167861938
1.2386724948883057
1.2053167819976807
1.1716630458831787
1.137724757194519
1.1035343408584595
1.0691416263580322
1.034607172012329
1.0
0.9653928875923157
0.9308583736419678
0.8964656591415405
0.8622753024101257
0.8283370137214661
0.7946832776069641
0.7613275647163391
0.7282566428184509
0.695429265499115
0.6627668738365173
0.6301529407501221
0.5974220037460327
0.564360499382019
0.5306944251060486
0.4960925579071045
0.4601554572582245
0.42242249846458435
0.38236552476882935
0.3394012749195099
0.2928932309150696
1.649448037147522
1.6058040857315063
1.5654488801956177
1.5278290510177612
1.492435097694397
1.4588029384613037
1.4265233278274536
1.3952375650405884
1.364643931388855
1.334488868713379
1.3045706748962402
1.2747294902801514
1.244848370552063
1.214843988418579
1.184666633605957
1.1542918682098389
1.123719334602356
1.0929661989212036
1.0620652437210083
1.0310596227645874
1.0
0.9689403772354126
0.9379347562789917
0.9070338606834412
0.8762807250022888
0.8457081317901611
0.8153333067893982
0.7851560115814209
0.755151629447937
0.7252705097198486
0.695429265499115
0.6655111312866211
0.635356068611145
0.6047623753547668
0.5734766721725464
0.5411970615386963
0.5075648427009583
0.47217097878456116
0.43455109000205994
0.39419594407081604
0.350551962852478
1.587785243988037
1.5475938320159912
1.510402798652649
1.475733995437622
1.443145513534546
1.4122329950332642
1.3826369047164917
1.3540397882461548
1.3261710405349731
1.2988009452819824
1.2717434167861938
1.244848370552063
1.2180030345916748
1.1911238431930542
1.1641570329666138
1.137070894241333
1.1098555326461792
1.0825165510177612
1.055073857307434
1.0275564193725586
1.0
0.9724435806274414
0.9449261426925659
0.9174834489822388
0.8901445269584656
0.862929105758667
0.8358429670333862
0.808876097202301
0.7819969654083252
0.755151629447937
0.7282566428184509
0.7011991143226624
0.6738289594650269
0.6459602117538452
0.6173630356788635
0.5877670645713806
0.5568544864654541
0.5242660641670227
0.4895971417427063
0.4524061381816864
0.4122147560119629
1.522498607635498
1.4862669706344604
1.4527195692062378
1.4214470386505127
1.3920704126358032
1.3642417192459106
1.3376495838165283
1.3120173215866089
1.287106990814209
1.2627143859863281
1.2386724948883057
1.214843988418579
1.1911238431930542
1.167432188987732
1.1437143087387085
1.1199355125427246
1.0960794687271118
1.0721440315246582
1.048139214515686
1.024083137512207
1.0
0.9759169220924377
0.951860785484314
0.927855908870697
0.9039204716682434
0.8800644874572754
0.8562856316566467
0.8325678110122681
0.808876097202301
0.7851560115814209
0.7613275647163391
0.7372855544090271
0.7128930687904358
0.6879826784133911
0.6623504161834717
0.6357583403587341
0.6079295873641968
0.5785530209541321
0.5472803711891174
0.5137330293655396
0.47750142216682434
1.4539904594421387
1.422153353691101
1.3926600217819214
1.3651657104492188
1.339350938796997
1.3149213790893555
1.2916126251220703
1.2691882848739624
1.247443675994873
1.2262020111083984
1.2053167819976807
1.184666633605957
1.1641570329666138
1.1437143087387085
1.1232867240905762
1.1028388738632202
1.0823516845703125
1.0618175268173218
1.041239857673645
1.020628809928894
1.0
0.9793711304664612
0.9587600827217102
0.9381824135780334
0.9176483154296875
0.897161066532135
0.876713216304779
0.8562856316566467
0.8358429670333862
0.8153333067893982
0.7946832776069641
0.7737980484962463
0.752556324005127
0.7308117747306824
0.7083873748779297
0.6850786209106445
0.6606490015983582
0.634834349155426
0.6073399782180786
0.5778465867042542
0.5460094809532166
1.3826833963394165
1.3556060791015625
1.3305120468139648
1.3071180582046509
1.2851612567901611
1.2643986940383911
1.2446118593215942
1.2256044149398804
1.2072054147720337
1.189266324043274
1.1716630458831787
1.1542918682098389
1.137070894241333
1.1199355125427246
1.1028388738632202
1.0857479572296143
1.0686429738998413
1.0515140295028687
1.0343599319458008
1.0171855688095093
1.0
0.9828144907951355
0.9656400680541992
0.9484859704971313
0.9313569664955139
0.914251983165741
0.897161066532135
0.8800644874572754
0.862929105758667
0.8457081317901611
0.8283370137214661
0.8107336759567261
0.7927945256233215
0.7743955254554749
0.755388081073761
0.7356013059616089
0.7148388028144836
0.6928819417953491
0.6694879531860352
0.6443939208984375
0.6173165440559387
1.3090169429779053
1.287000060081482
1.2665894031524658
1.247560739517212
1.229705810546875
1.2128320932388306
1.1967655420303345
1.1813496351242065
1.166447401046753
1.1519392728805542
1.137724757194519
1.123719334602356
1.1098555326461792
1.0960794687271118
1.0823516845703125
1.0686429738998413
1.0549354553222656
1.0412184000015259
1.0274885892868042
1.0137475728988647
1.0
0.9862524271011353
0.972511351108551
0.9587815999984741
0.9450646042823792
0.9313569664955139
0.9176483154296875
0.9039204716682434
0.8901445269584656
0.8762807250022888
0.8622753024101257
0.8480607867240906
0.8335525989532471
0.8186503648757935
0.8032344579696655
0.7871679067611694
0.770294189453125
0.7524392604827881
0.7334105968475342
0.7129998803138733
0.69098299741745
1.233445405960083
1.216726541519165
1.2012238502502441
1.1867703199386597
1.1732110977172852
1.1604022979736328
1.148214340209961
1.136529803276062
1.1252460479736328
1.114272952079773
1.1035343408584595
1.0929661989212036
1.0825165510177612
1.0721440315246582
1.0618175268173218
1.0515140295028687
1.0412184000015259
1.030921459197998
1.0206191539764404
1.010311245918274
1.0
0.9896886944770813
0.9793808460235596
0.9690786004066467
0.9587815999984741
0.9484859704971313
0.9381824135780334
0.927855908870697
0.9174834489822388
0.9070338606834412
0.8964656591415405
0.8857271075248718
0.8747539520263672
0.863470196723938
0.8517856597900391
0.8395977020263672
0.8267889618873596
0.8132296204566956
0.7987761497497559
0.783273458480835
0.7665546536445618
1.156434416770935
1.145190954208374
1.134763479232788
1.1250414848327637
1.1159220933914185
1.1073100566864014
1.0991190671920776
1.091270923614502
1.0836973190307617
1.0763378143310547
1.0691416263580322
1.0620652437210083
1.055073857307434
1.048139214515686
1.041239857673645
1.0343599319458008
1.0274885892868042
1.0206191539764404
1.013748288154602
1.006874918937683
1.0
0.9931250810623169
0.986251711845398
0.9793808460235596
0.972511351108551
0.9656400680541992
0.9587600827217102
0.951860785484314
0.9449261426925659
0.9379347562789917
0.9308583736419678
0.9236621260643005
0.9163026809692383
0.9087290167808533
0.9008809924125671
0.8926899433135986
0.8840779066085815
0.8749585747718811
0.8652365803718567
0.8548091053962708
0.8435655236244202
1.0784591436386108
1.072808027267456
1.0675666332244873
1.0626797676086426
1.0580962896347046
1.0537683963775635
1.049653172492981
1.045711636543274
1.0419094562530518
1.038216471672058
1.034607172012329
1.0310596227645874
1.0275564193725586
1.024083137512207
1.020628809928894
1.0171855688095093
1.0137475728988647
1.010311245918274
1.006874918937683
1.0034377574920654
1.0
0.9965622425079346
0.9931250810623169
0.9896886944770813
0.9862524271011353
0.9828144907951355
0.9793711304664612
0.9759169220924377
0.9724435806274414
0.9689403772354126
0.9653928875923157
0.9617835283279419
0.9580905437469482
0.9542883634567261
0.950346827507019
0.9462316036224365
0.9419037699699402
0.9373201727867126
0.9324333071708679
0.927191972732544
0.9215409159660339
1.0
1.0
1.0
1.0
1.0
1.0
1.0
1.0
1.0
1.0
1.0
1.0
1.0
1.0
1.0
1.0
1.0
1.0
1.0
1.0
1.0
1.0
1.0
1.0
1.0
1.0
1.0
1.0
1.0
1.0
1.0
1.0
1.0
1.0
1.0
1.0
1.0
1.0
1.0
1.0
1.0
0.9215409159660339
0.927191972732544
0.9324333071708679
0.9373201727867126
0.9419037699699402
0.9462316036224365
0.950346827507019
0.9542883634567261
0.9580905437469482
0.9617835283279419
0.9653928875923157
0.9689403772354126
0.9724435806274414
0.9759169220924377
0.9793711304664612
0.9828144907951355
0.9862524271011353
0.9896886944770813
0.9931250810623169
0.9965622425079346
1.0
1.0034377574920654
1.006874918937683
1.010311245918274
1.0137475728988647
1.0171855688095093
1.020628809928894
1.024083137512207
1.0275564193725586
1.0310596227645874
1.034607172012329
1.038216471672058
1.0419094562530518
1.045711636543274
1.049653172492981
1.0537683963775635
1.0580962896347046
1.0626797676086426
1.0675666332244873
1.072808027267456
1.0784591436386108
0.8435655236244202
0.8548091053962708
0.8652365803718567
0.8749585747718811
0.8840779066085815
0.8926899433135986
0.9008809924125671
0.9087290167808533
0.9163026809692383
0.9236621260643005
0.9308583736419678
0.9379347562789917
0.9449261426925659
0.951860785484314
0.9587600827217102
0.9656400680541992
0.972511351108551
0.9793808460235596
0.986251711845398
0.9931250810623169
1.0
1.006874918937683
1.013748288154602
1.0206191539764404
1.0274885892868042
1.0343599319458008
1.041239857673645
1.048139214515686
1.055073857307434
1.0620652437210083
1.0691416263580322
1.0763378143310547
1.0836973190307617
1.091270923614502
1.0991190671920776
1.1073100566864014
1.1159220933914185
1.1250414848327637
1.134763479232788
1.145190954208374
1.156434416770935
0.7665546536445618
0.783273458480835
0.7987761497497559
0.8132296204566956
0.8267889618873596
0.8395977020263672
0.8517856597900391
0.863470196723938
0.8747539520263672
0.8857271075248718
0.8964656591415405
0.9070338606834412
0.9174834489822388
0.927855908870697
0.9381824135780334
0.9484859704971313
0.9587815999984741
0.9690786004066467
0.9793808460235596
0.9896886944770813
1.0
1.010311245918274
1.0206191539764404
1.030921459197998
1.0412184000015259
1.0515140295028687
1.0618175268173218
1.0721440315246582
1.0825165510177612
1.0929661989212036
1.1035343408584595
1.114272952079773
1.1252460479736328
1.136529803276062
1.148214340209961
1.1604022979736328
1.1732110977172852
1.1867703199386597
1.2012238502502441
1.216726541519165
1.233445405960083
0.69098299741745
0.7129998803138733
0.7334105968475342
0.7524392604827881
0.770294189453125
0.7871679067611694
0.8032344579696655
0.8186503648757935
0.8335525989532471
0.8480607867240906
0.8622753024101257
0.8762807250022888
0.8901445269584656
0.9039204716682434
0.9176483154296875
0.9313569664955139
0.9450646042823792
0.9587815999984741
0.972511351108551
0.9862524271011353
1.0
1.0137475728988647
1.0274885892868042
1.0412184000015259
1.0549354553222656
1.0686429738998413
1.0823516845703125
1.0960794687271118
1.1098555326461792
1.123719334602356
1.137724757194519
1.1519392728805542
1.166447401046753
1.1813496351242065
1.1967655420303345
1.2128320932388306
1.229705810546875
1.247560739517212
1.2665894031524658
1.287000060081482
1.3090169429779053
0.6173165440559387
0.6443939208984375
0.6694879531860352
0.6928819417953491
0.7148388028144836
0.7356013059616089
0.755388081073761
0.7743955254554749
0.7927945256233215
0.8107336759567261
0.8283370137214661
0.8457081317901611
0.862929105758667
0.8800644874572754
0.897161066532135
0.914251983165741
0.9313569664955139
0.9484859704971313
0.9656400680541992
0.9828144907951355
1.0
1.0171855688095093
1.0343599319458008
1.0515140295028687
1.0686429738998413
1.0857479572296143
1.1028388738632202
1.1199355125427246
1.137070894241333
1.1542918682098389
1.1716630458831787
1.189266324043274
1.2072054147720337
1.2256044149398804
1.2446118593215942
1.2643986940383911
1.2851612567901611
1.3071180582046509
1.3305120468139648
1.3556060791015625
1.3826833963394165
0.5460094809532166
0.5778465867042542
0.6073399782180786
0.634834349155426
0.6606490015983582
0.6850786209106445
0.7083873748779297
0.7308117747306824
0.752556324005127
0.7737980484962463
0.7946832776069641
0.8153333067893982
0.8358429670333862
0.8562856316566467
0.876713216304779
0.897161066532135
0.9176483154296875
0.9381824135780334
0.9587600827217102
0.9793711304664612
1.0
1.020628809928894
1.041239857673645
1.0618175268173218
1.0823516845703125
1.1028388738632202
1.1232867240905762
1.1437143087387085
1.1641570329666138
1.184666633605957
1.2053167819976807
1.2262020111083984
1.247443675994873
1.2691882848739624
1.2916126251220703
1.3149213790893555
1.339350938796997
1.3651657104492188
1.3926600217819214
1.422153353691101
1.4539904594421387
0.47750142216682434
0.5137330293655396
0.5472803711891174
0.5785530209541321
0.6079295873641968
0.6357583403587341
0.6623504161834717
0.6879826784133911
0.7128930687904358
0.7372855544090271
0.7613275647163391
0.7851560115814209
0.808876097202301
0.8325678110122681
0.8562856316566467
0.8800644874572754
0.9039204716682434
0.927855908870697
0.951860785484314
0.9759169220924377
1.0
1.024083137512207
1.048139214515686
1.0721440315246582
1.0960794687271118
1.1199355125427246
1.1437143087387085
1.167432188987732
1.1911238431930542
1.214843988418579
1.2386724948883057
1.2627143859863281
1.287106990814209
1.3120173215866089
1.3376495838165283
1.3642417192459106
1.3920704126358032
1.4214470386505127
1.4527195692062378
1.4862669706344604
1.522498607635498
0.4122147560119629
0.4524061381816864
0.4895971417427063
0.5242660641670227
0.5568544864654541
0.5877670645713806
0.6173630356788635
0.6459602117538452
0.6738289594650269
0.7011991143226624
0.7282566428184509
0.755151629447937
0.7819969654083252
0.808876097202301
0.8358429670333862
0.862929105758667
0.8901445269584656
0.9174834489822388
0.9449261426925659
0.9724435806274414
1.0
1.0275564193725586
1.055073857307434
1.0825165510177612
1.1098555326461792
1.137070894241333
1.1641570329666138
1.1911238431930542
1.2180030345916748
1.244848370552063
1.2717434167861938
1.2988009452819824
1.3261710405349731
1.3540397882461548
1.3826369047164917
1.4122329950332642
1.443145513534546
1.475733995437622
1.510402798652649
1.5475938320159912
1.587785243988037
0.350551962852478
0.39419594407081604
0.43455109000205994
0.47217097878456116
0.5075648427009583
0.5411970615386963
0.5734766721725464
0.6047623753547668
0.635356068611145
0.6655111312866211
0.695429265499115
0.7252705097198486
0.755151629447937
0.7851560115814209
0.8153333067893982
0.8457081317901611
0.8762807250022888
0.9070338606834412
0.9379347562789917
0.9689403772354126
1.0
1.0310596227645874
1.0620652437210083
1.0929661989212036
1.123719334602356
1.1542918682098389
1.184666633605957
1.214843988418579
1.244848370552063
1.2747294902801514
1.3045706748962402
1.334488868713379
1.364643931388855
1.3952375650405884
1.4265233278274536
1.4588029384613037
1.492435097694397
1.5278290510177612
1.5654488801956177
1.6058040857315063
1.649448037147522
0.2928932309150696
0.3394012749195099
0.38236552476882935
0.42242249846458435
0.4601554572582245
0.4960925579071045
0.5306944251060486
0.564360499382019
0.5974220037460327
0.6301529407501221
0.6627668738365173
0.695429265499115
0.7282566428184509
0.7613275647163391
0.7946832776069641
0.8283370137214661
0.8622753024101257
0.8964656591415405
0.9308583736419678
0.9653928875923157
1.0
1.034607172012329
1.0691416263580322
1.1035343408584595
1.137724757194519
1.1716630458831787
1.2053167819976807
1.2386724948883057
1.2717434167861938
1.3045706748962402
1.3372331857681274
1.369847059249878
1.4025779962539673
1.435639500617981
1.4693056344985962
1.5039074420928955
1.5398445129394531
1.5775774717330933
1.6176344156265259
1.6605987548828125
1.7071068286895752
0.23959402740001678
0.2882895767688751
0.3332245349884033
0.37513023614883423
0.4146721661090851
0.4524472951889038
0.4889693260192871
0.5246774554252625
0.5599290132522583
0.5950140357017517
0.6301529407501221
0.6655111312866211
0.7011991143226624
0.7372855544090271
0.7737980484962463
0.8107336759567261
0.8480607867240906
0.8857271075248718
0.9236621260643005
0.9617835283279419
1.0
1.038216471672058
1.0763378143310547
1.114272952079773
1.1519392728805542
1.189266324043274
1.2262020111083984
1.2627143859863281
1.2988009452819824
1.334488868713379
1.369847059249878
1.4049859046936035
1.4400709867477417
1.4753226041793823
1.511030673980713
1.5475527048110962
1.5853278636932373
1.624869704246521
1.6667754650115967
1.7117104530334473
1.7604060173034668
0.19098301231861115
0.2410852164030075
0.28725704550743103
0.33033958077430725
0.37109139561653137
0.41018399596214294
0.44818493723869324
0.4855702817440033
0.5227183699607849
0.5599290132522583
0.5974220037460327
0.635356068611145
0.6738289594650269
0.7128930687904358
0.752556324005127
0.7927945256233215
0.8335525989532471
0.8747539520263672
0.9163026809692383
0.9580905437469482
1.0
1.0419094562530518
1.0836973190307617
1.1252460479736328
1.166447401046753
1.2072054147720337
1.247443675994873
1.287106990814209
1.3261710405349731
1.364643931388855
1.4025779962539673
1.4400709867477417
1.4772815704345703
1.5144296884536743
1.5518150329589844
1.5898159742355347
1.628908634185791
1.6696604490280151
1.7127429246902466
1.758914828300476
1.8090169429779053
0.14735983312129974
0.19796857237815857
0.24453303217887878
0.2880268394947052
0.32931530475616455
0.3691505193710327
0.4081524610519409
0.4468287229537964
0.4855702817440033
0.5246774554252625
0.564360499382019
0.6047623753547668
0.6459602117538452
0.6879826784133911
0.7308117747306824
0.7743955254554749
0.8186503648757935
0.863470196723938
0.9087290167808533
0.9542883634567261
1.0
1.045711636543274
1.091270923614502
1.136529803276062
1.1813496351242065
1.2256044149398804
1.2691882848739624
1.3120173215866089
1.3540397882461548
1.3952375650405884
1.435639500617981
1.4753226041793823
1.5144296884536743
1.5531712770462036
1.591847538948059
1.6308494806289673
1.6706846952438354
1.7119731903076172
1.7554669380187988
1.802031397819519
1.852640151977539
0.10899347811937332
0.1590566486120224
0.2050352394580841
0.24806590378284454
0.2891382575035095
0.32908865809440613
0.36858394742012024
0.4081524610519409
0.44818493723869324
0.4889693260192871
0.5306944251060486
0.5734766721725464
0.6173630356788635
0.6623504161834717
0.7083873748779297
0.755388081073761
0.8032344579696655
0.8517856597900391
0.9008809924125671
0.950346827507019
1.0
1.049653172492981
1.0991190671920776
1.148214340209961
1.1967655420303345
1.2446118593215942
1.2916126251220703
1.3376495838165283
1.3826369047164917
1.4265233278274536
1.4693056344985962
1.511030673980713
1.5518150329589844
1.591847538948059
1.6314160823822021
1.6709113121032715
1.7108618021011353
1.7519340515136719
1.7949647903442383
1.8409433364868164
1.8910064697265625
0.07612046599388123
0.124397873878479
0.1686473935842514
0.21021613478660583
0.25023603439331055
0.289627343416214
0.32908865809440613
0.3691505193710327
0.41018399596214294
0.4524472951889038
0.4960925579071045
0.5411970615386963
0.5877670645713806
0.6357583403587341
0.6850786209106445
0.7356013059616089
0.7871679067611694
0.8395977020263672
0.8926899433135986
0.9462316036224365
1.0
1.0537683963775635
1.1073100566864014
1.1604022979736328
1.2128320932388306
1.2643986940383911
1.3149213790893555
1.3642417192459106
1.4122329950332642
1.4588029384613037
1.5039074420928955
1.5475527048110962
1.5898159742355347
1.6308494806289673
1.6709113121032715
1.7103726863861084
1.7497639656066895
1.7897838354110718
1.8313525915145874
1.875602126121521
1.9238795042037964
0.04894348233938217
0.09392599016427994
0.13509120047092438
0.17405425012111664
0.21210812032222748
0.25023603439331055
0.2891382575035095
0.32931530475616455
0.37109139561653137
0.4146721661090851
0.4601554572582245
0.5075648427009583
0.5568544864654541
0.6079295873641968
0.6606490015983582
0.7148388028144836
0.770294189453125
0.8267889618873596
0.8840779066085815
0.9419037699699402
1.0
1.0580962896347046
1.1159220933914185
1.1732110977172852
1.229705810546875
1.2851612567901611
1.339350938796997
1.3920704126358032
1.443145513534546
1.492435097694397
1.5398445129394531
1.5853278636932373
1.628908634185791
1.6706846952438354
1.7108618021011353
1.7497639656066895
1.7878918647766113
1.8259457349777222
1.8649088144302368
1.906074047088623
1.9510564804077148
0.02763007953763008
0.0674399808049202
0.10388040542602539
0.1389426589012146
0.17405425012111664
0.21021613478660583
0.24806590378284454
0.2880268394947052
0.33033958077430725
0.37513023614883423
0.42242249846458435
0.47217097878456116
0.5242660641670227
0.5785530209541321
0.634834349155426
0.6928819417953491
0.7524392604827881
0.8132296204566956
0.8749585747718811
0.9373201727867126
1.0
1.0626797676086426
1.1250414848327637
1.1867703199386597
1.247560739517212
1.3071180582046509
1.3651657104492188
1.4214470386505127
1.475733995437622
1.5278290510177612
1.5775774717330933
1.624869704246521
1.6696604490280151
1.7119731903076172
1.7519340515136719
1.7897838354110718
1.8259457349777222
1.8610574007034302
1.8961195945739746
1.9325599670410156
1.972369909286499
0.012311659753322601
0.04440818727016449
0.07415804266929626
0.10388040542602539
0.13509120047092438
0.1686473935842514
0.2050352394580841
0.24453303217887878
0.28725704550743103
0.3332245349884033
0.38236552476882935
0.43455109000205994
0.4895971417427063
0.5472803711891174
0.6073399782180786
0.6694879531860352
0.7334105968475342
0.7987761497497559
0.8652365803718567
0.9324333071708679
1.0
1.0675666332244873
1.134763479232788
1.2012238502502441
1.2665894031524658
1.3305120468139648
1.3926600217819214
1.4527195692062378
1.510402798652649
1.5654488801956177
1.6176344156265259
1.6667754650115967
1.7127429246902466
1.7554669380187988
1.7949647903442383
1.8313525915145874
1.8649088144302368
1.8961195945739746
1.9258419275283813
1.9555917978286743
1.9876883029937744
0.003082666313275695
0.023918909952044487
0.04440818727016449
0.0674399808049202
0.09392599016427994
0.124397873878479
0.1590566486120224
0.19796857237815857
0.2410852164030075
0.2882895767688751
0.3394012749195099
0.39419594407081604
0.4524061381816864
0.5137330293655396
0.5778465867042542
0.6443939208984375
0.7129998803138733
0.783273458480835
0.8548091053962708
0.927191972732544
1.0
1.072808027267456
1.145190954208374
1.216726541519165
1.287000060081482
1.3556060791015625
1.422153353691101
1.4862669706344604
1.5475938320159912
1.6058040857315063
1.6605987548828125
1.7117104530334473
1.758914828300476
1.802031397819519
1.8409433364868164
1.875602126121521
1.906074047088623
1.9325599670410156
1.9555917978286743
1.976081132888794
1.9969173669815063
0.0
0.003082666313275695
0.012311659753322601
0.02763007953763008
0.04894348233938217
0.07612046599388123
0.10899347811937332
0.14735983312129974
0.19098301231861115
0.23959402740001678
0.2928932309150696
0.350551962852478
0.4122147560119629
0.47750142216682434
0.5460094809532166
0.6173165440559387
0.69098299741745
0.7665546536445618
0.8435655236244202
0.9215409159660339
1.0
1.0784591436386108
1.156434416770935
1.233445405960083
1.3090169429779053
1.3826833963394165
1.4539904594421387
1.522498607635498
1.587785243988037
1.649448037147522
1.7071068286895752
1.7604060173034668
1.8090169429779053
1.852640151977539
1.8910064697265625
1.9238795042037964
1.9510564804077148
1.972369909286499
1.9876883029937744
1.9969173669815063
2.0
