2.0
1.9969173669815063
1.9876883029937744
1.972369909286499
1.9510564804077148
1.9238795042037964
1.8910064697265625
1.852640151977539
1.8090169429779053
1.7604060173034668
1.7071068286895752
1.649448037147522
1.587785243988037
1.522498607635498
1.4539904594421387
1.3826833963394165
1.3090169429779053
1.233445405960083
1.156434416770935
1.0784591436386108
1.0
0.9215409159660339
0.8435655236244202
0.7665546536445618
0.69098299741745
0.6173165440559387
0.5460094809532166
0.47750142216682434
0.4122147560119629
0.350551962852478
0.2928932309150696
0.23959402740001678
0.19098301231861115
0.14735983312129974
0.10899347811937332
0.07612046599388123
0.04894348233938217
0.02763007953763008
0.012311659753322601
0.003082666313275695
0.0
1.9969173669815063
1.9761388301849365
1.955686330795288
1.9326797723770142
1.9062107801437378
1.8757498264312744
1.8410972356796265
1.802187442779541
1.7590696811676025
1.7118611335754395
1.6607428789138794
1.605939507484436
1.5477186441421509
1.486379623413086
1.4222524166107178
1.3556902408599854
1.2870686054229736
1.2167786359786987
1.1452258825302124
1.0728256702423096
1.0
0.9271743893623352
0.8547741174697876
0.783221423625946
0.7129313945770264
0.6443096995353699
0.5777475833892822
0.5136204361915588
0.45228132605552673
0.39406052231788635
0.3392571210861206
0.28813880681991577
0.24093037843704224
0.1978125274181366
0.15890276432037354
0.124250128865242
0.0937892273068428
0.06732025742530823
0.0443136990070343
0.02386114001274109
0.003082666313275695
1.9876883029937744
1.955686330795288
1.9260035753250122
1.8963286876678467
1.8651509284973145
1.8316165208816528
1.7952414751052856
1.7557488679885864
1.7130236625671387
1.667049527168274
1.6178971529006958
1.565696120262146
1.5106309652328491
1.452925682067871
1.3928413391113281
1.330666422843933
1.2667150497436523
1.2013193368911743
1.1348276138305664
1.0675989389419556
1.0
0.9324010610580444
0.8651723265647888
0.7986806631088257
0.7332849502563477
0.6693335771560669
0.6071587204933167
0.5470743775367737
0.4893690049648285
0.434303879737854
0.3821028470993042
0.3329504728317261
0.28697630763053894
0.24425113201141357
0.20475855469703674
0.16838346421718597
0.13484910130500793
0.1036713570356369
0.07399644702672958
0.0443136990070343
0.012311659753322601
1.972369909286499
1.9326797723770142
1.8963286876678467
1.8613319396972656
1.826267123222351
1.7901369333267212
1.752306342124939
1.712354063987732
1.6700409650802612
1.6252422332763672
1.5779352188110352
1.5281661748886108
1.4760456085205078
1.4217287302017212
1.365413784980774
1.3073294162750244
1.2477328777313232
1.1869012117385864
1.1251294612884521
1.0627241134643555
1.0
0.9372758865356445
0.8748705387115479
0.8130987882614136
0.7522671818733215
0.6926705837249756
0.6345862150192261
0.5782713294029236
0.523954451084137
0.4718337953090668
0.42206478118896484
0.3747577667236328
0.32995903491973877
0.28764596581459045
0.24769367277622223
0.20986303687095642
0.17373281717300415
0.1386680155992508
0.1036713570356369
0.06732025742530823
0.02763007953763008
1.9510564804077148
1.9062107801437378
1.8651509284973145
1.826267123222351
1.788271188735962
1.7501832246780396
1.711305856704712
1.6711407899856567
1.6293655633926392
1.5857762098312378
1.5402759313583374
1.492842435836792
1.443522334098816
1.392411470413208
1.3396515846252441
1.2854174375534058
1.2299145460128784
1.1733697652816772
1.116028904914856
1.0581499338150024
1.0
0.9418500065803528
0.8839710354804993
0.826630175113678
0.7700853943824768
0.7145825624465942
0.6603484153747559
0.607588529586792
0.5564776062965393
0.507157564163208
0.4597240388393402
0.4142238199710846
0.37063440680503845
0.32885926961898804
0.28869420289993286
0.24981680512428284
0.21172885596752167
0.17373281717300415
0.13484910130500793
0.0937892273068428
0.04894348233938217
1.9238795042037964
1.8757498264312744
1.8316165208816528
1.7901369333267212
1.7501832246780396
1.7108383178710938
1.671406626701355
1.6313596963882446
1.590328574180603
1.548056721687317
1.504393219947815
1.4592622518539429
1.4126583337783813
1.3646270036697388
1.3152612447738647
1.2646886110305786
1.2130683660507202
1.1605820655822754
1.1074310541152954
1.053829312324524
1.0
0.9461707472801208
0.8925689458847046
0.8394179344177246
0.7869316339492798
0.7353113293647766
0.6847386956214905
0.6353729963302612
0.5873416066169739
0.5407378077507019
0.49560675024986267
0.4519432783126831
0.4096713662147522
0.368640273809433
0.3285934329032898
0.28916168212890625
0.24981680512428284
0.20986303687095642
0.16838346421718597
0.124250128865242
0.07612046599388123
1.8910064697265625
1.8410972356796265
1.7952414751052856
1.752306342124939
1.711305856704712
1.671406626701355
1.6319444179534912
1.5923935174942017
1.5523648262023926
1.5115721225738525
1.4698283672332764
1.427018165588379
1.3830957412719727
1.3380656242370605
1.2919797897338867
1.2449252605438232
1.1970211267471313
1.1484087705612183
1.0992499589920044
1.0497190952301025
1.0
0.9502809643745422
0.9007500410079956
0.8515912294387817
0.8029788732528687
0.755074679851532
0.7080201506614685
0.6619344353675842
0.6169041991233826
0.5729818344116211
0.5301716923713684
0.4884278476238251
0.4476352035999298
0.4076065123081207
0.368055522441864
0.3285934329032898
0.28869420289993286
0.24769367277622223
0.20475855469703674
0.15890276432037354
0.10899347811937332
1.852640151977539
1.802187442779541
1.7557488679885864
1.712354063987732
1.6711407899856567
1.6313596963882446
1.5923935174942017
1.5537365674972534
1.5150001049041748
1.475885272026062
1.4361834526062012
1.3957531452178955
1.3545182943344116
1.3124514818191528
1.2695716619491577
1.2259318828582764
1.1816167831420898
1.1367331743240356
1.0914078950881958
1.0457805395126343
1.0
0.9542194604873657
0.9085921049118042
0.8632668256759644
0.8183832764625549
0.7740681171417236
0.7304282784461975
0.6875485777854919
0.6454817056655884
0.6042468547821045
0.563816487789154
0.524114727973938
0.4849999248981476
0.4462634027004242
0.4076065123081207
0.368640273809433
0.32885926961898804
0.28764596581459045
0.24425113201141357
0.1978125274181366
0.14735983312129974
1.8090169429779053
1.7590696811676025
1.7130236625671387
1.6700409650802612
1.6293655633926392
1.590328574180603
1.5523648262023926
1.5150001049041748
1.477858066558838
1.4406405687332153
1.40312922000885
1.3651667833328247
1.3266568183898926
1.2875479459762573
1.2478333711624146
1.2075384855270386
1.1667190790176392
1.125452995300293
1.0838366746902466
1.0419795513153076
1.0
0.9580203890800476
0.9161632657051086
0.8745470643043518
0.8332808613777161
0.7924615144729614
0.7521665692329407
0.7124519944190979
0.6733431816101074
0.6348331570625305
0.5968707799911499
0.5593594908714294
0.5221419930458069
0.4849999248981476
0.4476352035999298
0.4096713662147522
0.37063440680503845
0.32995903491973877
0.28697630763053894
0.24093037843704224
0.19098301231861115
1.7604060173034668
1.7118611335754395
1.667049527168274
1.6252422332763672
1.5857762098312378
1.548056721687317
1.5115721225738525
1.475885272026062
1.4406405687332153
1.4055492877960205
1.370392918586731
1.3350071907043457
1.2992827892303467
1.2631521224975586
1.2265890836715698
1.1895971298217773
1.1522092819213867
1.114478588104248
1.0764764547348022
1.0382862091064453
1.0
0.9617137908935547
0.9235235452651978
0.885521411895752
0.8477907180786133
0.8104028105735779
0.773410975933075
0.7368478178977966
0.7007172703742981
0.6649928689002991
0.6296070218086243
0.5944506525993347
0.5593594908714294
0.524114727973938
0.4884278476238251
0.4519432783126831
0.4142238199710846
0.3747577667236328
0.3329504728317261
0.28813880681991577
0.23959402740001678
1.7071068286895752
1.6607428789138794
1.6178971529006958
1.5779352188110352
1.5402759313583374
1.504393219947815
1.4698283672332764
1.4361834526062012
1.40312922000885
1.370392918586731
1.337762475013733
1.3050737380981445
1.2722113132476807
1.2390978336334229
1.205693006515503
1.1719847917556763
1.137987494468689
1.1037344932556152
1.0692764520645142
1.0346750020980835
1.0
0.9653249979019165
0.9307234883308411
0.8962655067443848
0.8620125651359558
0.8280152082443237
0.7943069338798523
0.7609021663665771
0.7277886867523193
0.6949262619018555
0.6622374653816223
0.6296070218086243
0.5968707799911499
0.563816487789154
0.5301716923713684
0.49560675024986267
0.4597240388393402
0.42206478118896484
0.3821028470993042
0.3392571210861206
0.2928932309150696
1.649448037147522
1.605939507484436
1.565696120262146
1.5281661748886108
1.492842435836792
1.4592622518539429
1.427018165588379
1.3957531452178955
1.3651667833328247
1.3350071907043457
1.3050737380981445
1.275207757949829
1.2452934980392456
1.2152488231658936
1.1850249767303467
1.154598355293274
1.1239696741104126
1.0931568145751953
1.0621938705444336
1.0311243534088135
1.0
0.9688756465911865
0.9378061890602112
0.9068431258201599
0.8760303854942322
0.8454016447067261
0.8149750232696533
0.7847511172294617
0.7547064423561096
0.7247922420501709
0.6949262619018555
0.6649928689002991
0.6348331570625305
0.6042468547821045
0.5729818344116211
0.5407378077507019
0.507157564163208
0.4718337953090668
0.434303879737854
0.39406052231788635
0.350551962852478
1.587785243988037
1.5477186441421509
1.5106309652328491
1.4760456085205078
1.443522334098816
1.4126583337783813
1.3830957412719727
1.3545182943344116
1.3266568183898926
1.2992827892303467
1.2722113132476807
1.2452934980392456
1.2184176445007324
1.1915011405944824
1.164491057395935
1.1373566389083862
1.1100889444351196
1.082694411277771
1.0551937818527222
1.0276167392730713
1.0
0.9723832607269287
0.9448061585426331
0.9173055291175842
0.8899110555648804
0.8626433610916138
0.8355090022087097
0.8084988594055176
0.7815823554992676
0.7547064423561096
0.7277886867523193
0.7007172703742981
0.6733431816101074
0.6454817056655884
0.6169041991233826
0.5873416066169739
0.5564776062965393
0.523954451084137
0.4893690049648285
0.45228132605552673
0.4122147560119629
1.522498607635498
1.486379623413086
1.452925682067871
1.4217287302017212
1.392411470413208
1.3646270036697388
1.3380656242370605
1.3124514818191528
1.2875479459762573
1.2631521224975586
1.2390978336334229
1.2152488231658936
1.1915011405944824
1.1677755117416382
1.1440184116363525
1.120195746421814
1.0962921380996704
1.0723061561584473
1.048248529434204
1.02413809299469
1.0
0.9758619070053101
0.9517515301704407
0.9276938438415527
0.9037078619003296
0.879804253578186
0.8559815883636475
0.8322244882583618
0.8084988594055176
0.7847511172294617
0.7609021663665771
0.7368478178977966
0.7124519944190979
0.6875485777854919
0.6619344353675842
0.6353729963302612
0.607588529586792
0.5782713294029236
0.5470743775367737
0.5136204361915588
0.47750142216682434
1.4539904594421387
1.4222524166107178
1.3928413391113281
1.365413784980774
1.3396515846252441
1.3152612447738647
1.2919797897338867
1.2695716619491577
1.2478333711624146
1.2265890836715698
1.205693006515503
1.1850249767303467
1.164491057395935
1.1440184116363525
1.123556137084961
1.103069543838501
1.0825401544570923
1.0619611740112305
1.0413367748260498
1.0206775665283203
1.0
0.9793223738670349
0.9586632251739502
0.9380387663841248
0.9174599051475525
0.8969305157661438
0.8764438629150391
0.8559815883636475
0.8355090022087097
0.8149750232696533
0.7943069338798523
0.773410975933075
0.7521665692329407
0.7304282784461975
0.7080201506614685
0.6847386956214905
0.6603484153747559
0.6345862150192261
0.6071587204933167
0.5777475833892822
0.5460094809532166
1.3826833963394165
1.3556902408599854
1.330666422843933
1.3073294162750244
1.2854174375534058
1.2646886110305786
1.2449252605438232
1.2259318828582764
1.2075384855270386
1.1895971298217773
1.1719847917556763
1.154598355293274
1.1373566389083862
1.120195746421814
1.103069543838501
1.0859453678131104
1.068804383277893
1.051637053489685
1.0344429016113281
1.017227292060852
1.0
0.982772707939148
0.9655570983886719
0.9483629465103149
0.9311956167221069
0.9140545725822449
0.8969305157661438
0.879804253578186
0.8626433610916138
0.8454016447067261
0.8280152082443237
0.8104028105735779
0.7924615144729614
0.7740681171417236
0.755074679851532
0.7353113293647766
0.7145825624465942
0.6926705837249756
0.6693335771560669
0.6443096995353699
0.6173165440559387
1.3090169429779053
1.2870686054229736
1.2667150497436523
1.2477328777313232
1.2299145460128784
1.2130683660507202
1.1970211267471313
1.1816167831420898
1.1667190790176392
1.1522092819213867
1.137987494468689
1.1239696741104126
1.1100889444351196
1.0962921380996704
1.0825401544570923
1.068804383277893
1.0550673007965088
1.0413188934326172
1.0275564193725586
1.0137816667556763
1.0
0.9862183332443237
0.9724435210227966
0.958681046962738
0.9449326992034912
0.9311956167221069
0.9174599051475525
0.9037078619003296
0.8899110555648804
0.8760303854942322
0.8620125651359558
0.8477907180786133
0.8332808613777161
0.8183832764625549
0.8029788732528687
0.7869316339492798
0.7700853943824768
0.7522671818733215
0.7332849502563477
0.7129313945770264
0.69098299741745
1.233445405960083
1.2167786359786987
1.2013193368911743
1.1869012117385864
1.1733697652816772
1.1605820655822754
1.1484087705612183
1.1367331743240356
1.125452995300293
1.114478588104248
1.1037344932556152
1.0931568145751953
1.082694411277771
1.0723061561584473
1.0619611740112305
1.051637053489685
1.0413188934326172
1.0309981107711792
1.0206708908081055
1.0103373527526855
1.0
0.9896626472473145
0.9793291091918945
0.9690019488334656
0.958681046962738
0.9483629465103149
0.9380387663841248
0.9276938438415527
0.9173055291175842
0.9068431258201599
0.8962655067443848
0.885521411895752
0.8745470643043518
0.8632668256759644
0.8515912294387817
0.8394179344177246
0.826630175113678
0.8130987882614136
0.7986806631088257
0.783221423625946
0.7665546536445618
1.156434416770935
1.1452258825302124
1.1348276138305664
1.1251294612884521
1.116028904914856
1.1074310541152954
1.0992499589920044
1.0914078950881958
1.0838366746902466
1.0764764547348022
1.0692764520645142
1.0621938705444336
1.0551937818527222
1.048248529434204
1.0413367748260498
1.0344429016113281
1.0275564193725586
1.0206708908081055
1.0137830972671509
1.006892442703247
1.0
0.9931074976921082
0.9862168431282043
0.9793291091918945
0.9724435210227966
0.9655570983886719
0.9586632251739502
0.9517515301704407
0.9448061585426331
0.9378061890602112
0.9307234883308411
0.9235235452651978
0.9161632657051086
0.9085921049118042
0.9007500410079956
0.8925689458847046
0.8839710354804993
0.8748705387115479
0.8651723265647888
0.8547741174697876
0.8435655236244202
1.0784591436386108
1.0728256702423096
1.0675989389419556
1.0627241134643555
1.0581499338150024
1.053829312324524
1.0497190952301025
1.0457805395126343
1.0419795513153076
1.0382862091064453
1.0346750020980835
1.0311243534088135
1.0276167392730713
1.02413809299469
1.0206775665283203
1.017227292060852
1.0137816667556763
1.0103373527526855
1.006892442703247
1.0034465789794922
1.0
0.9965534210205078
0.9931074976921082
0.9896626472473145
0.9862183332443237
0.982772707939148
0.9793223738670349
0.9758619070053101
0.9723832607269287
0.9688756465911865
0.9653249979019165
0.9617137908935547
0.9580203890800476
0.9542194604873657
0.9502809643745422
0.9461707472801208
0.9418500065803528
0.9372758865356445
0.9324010610580444
0.9271743893623352
0.9215409159660339
1.0
1.0
1.0
1.0
1.0
1.0
1.0
1.0
1.0
1.0
1.0
1.0
1.0
1.0
1.0
1.0
1.0
1.0
1.0
1.0
1.0
1.0
1.0
1.0
1.0
1.0
1.0
1.0
1.0
1.0
1.0
1.0
1.0
1.0
1.0
1.0
1.0
1.0
1.0
1.0
1.0
0.9215409159660339
0.9271743893623352
0.9324010610580444
0.9372758865356445
0.9418500065803528
0.9461707472801208
0.9502809643745422
0.9542194604873657
0.9580203890800476
0.9617137908935547
0.9653249979019165
0.9688756465911865
0.9723832607269287
0.9758619070053101
0.9793223738670349
0.982772707939148
0.9862183332443237
0.9896626472473145
0.9931074976921082
0.9965534210205078
1.0
1.0034465789794922
1.006892442703247
1.0103373527526855
1.0137816667556763
1.017227292060852
1.0206775665283203
1.02413809299469
1.0276167392730713
1.0311243534088135
1.0346750020980835
1.0382862091064453
1.0419795513153076
1.0457805395126343
1.0497190952301025
1.053829312324524
1.0581499338150024
1.0627241134643555
1.0675989389419556
1.0728256702423096
1.0784591436386108
0.8435655236244202
0.8547741174697876
0.8651723265647888
0.8748705387115479
0.8839710354804993
0.8925689458847046
0.9007500410079956
0.9085921049118042
0.9161632657051086
0.9235235452651978
0.9307234883308411
0.9378061890602112
0.9448061585426331
0.9517515301704407
0.9586632251739502
0.9655570983886719
0.9724435210227966
0.9793291091918945
0.9862168431282043
0.9931074976921082
1.0
1.006892442703247
1.0137830972671509
1.0206708908081055
1.0275564193725586
1.0344429016113281
1.0413367748260498
1.048248529434204
1.0551937818527222
1.0621938705444336
1.0692764520645142
1.0764764547348022
1.0838366746902466
1.0914078950881958
1.0992499589920044
1.1074310541152954
1.116028904914856
1.1251294612884521
1.1348276138305664
1.1452258825302124
1.156434416770935
0.7665546536445618
0.783221423625946
0.7986806631088257
0.8130987882614136
0.826630175113678
0.8394179344177246
0.8515912294387817
0.8632668256759644
0.8745470643043518
0.885521411895752
0.8962655067443848
0.9068431258201599
0.9173055291175842
0.9276938438415527
0.9380387663841248
0.9483629465103149
0.958681046962738
0.9690019488334656
0.9793291091918945
0.9896626472473145
1.0
1.0103373527526855
1.0206708908081055
1.0309981107711792
1.0413188934326172
1.051637053489685
1.0619611740112305
1.0723061561584473
1.082694411277771
1.0931568145751953
1.1037344932556152
1.114478588104248
1.125452995300293
1.1367331743240356
1.1484087705612183
1.1605820655822754
1.1733697652816772
1.1869012117385864
1.2013193368911743
1.2167786359786987
1.233445405960083
0.69098299741745
0.7129313945770264
0.7332849502563477
0.7522671818733215
0.7700853943824768
0.7869316339492798
0.8029788732528687
0.8183832764625549
0.8332808613777161
0.8477907180786133
0.8620125651359558
0.8760303854942322
0.8899110555648804
0.9037078619003296
0.9174599051475525
0.9311956167221069
0.9449326992034912
0.958681046962738
0.9724435210227966
0.9862183332443237
1.0
1.0137816667556763
1.0275564193725586
1.0413188934326172
1.0550673007965088
1.068804383277893
1.0825401544570923
1.0962921380996704
1.1100889444351196
1.1239696741104126
1.137987494468689
1.1522092819213867
1.1667190790176392
1.1816167831420898
1.1970211267471313
1.2130683660507202
1.2299145460128784
1.2477328777313232
1.2667150497436523
1.2870686054229736
1.3090169429779053
0.6173165440559387
0.6443096995353699
0.6693335771560669
0.6926705837249756
0.7145825624465942
0.7353113293647766
0.755074679851532
0.7740681171417236
0.7924615144729614
0.8104028105735779
0.8280152082443237
0.8454016447067261
0.8626433610916138
0.879804253578186
0.8969305157661438
0.9140545725822449
0.9311956167221069
0.9483629465103149
0.9655570983886719
0.982772707939148
1.0
1.017227292060852
1.0344429016113281
1.051637053489685
1.068804383277893
1.0859453678131104
1.103069543838501
1.120195746421814
1.1373566389083862
1.154598355293274
1.1719847917556763
1.1895971298217773
1.2075384855270386
1.2259318828582764
1.2449252605438232
1.2646886110305786
1.2854174375534058
1.3073294162750244
1.330666422843933
1.3556902408599854
1.3826833963394165
0.5460094809532166
0.5777475833892822
0.6071587204933167
0.6345862150192261
0.6603484153747559
0.6847386956214905
0.7080201506614685
0.7304282784461975
0.7521665692329407
0.773410975933075
0.7943069338798523
0.8149750232696533
0.8355090022087097
0.8559815883636475
0.8764438629150391
0.8969305157661438
0.9174599051475525
0.9380387663841248
0.9586632251739502
0.9793223738670349
1.0
1.0206775665283203
1.0413367748260498
1.0619611740112305
1.0825401544570923
1.103069543838501
1.123556137084961
1.1440184116363525
1.164491057395935
1.1850249767303467
1.205693006515503
1.2265890836715698
1.2478333711624146
1.2695716619491577
1.2919797897338867
1.3152612447738647
1.3396515846252441
1.365413784980774
1.3928413391113281
1.4222524166107178
1.4539904594421387
0.47750142216682434
0.5136204361915588
0.5470743775367737
0.5782713294029236
0.607588529586792
0.6353729963302612
0.6619344353675842
0.6875485777854919
0.7124519944190979
0.7368478178977966
0.7609021663665771
0.7847511172294617
0.8084988594055176
0.8322244882583618
0.8559815883636475
0.879804253578186
0.9037078619003296
0.9276938438415527
0.9517515301704407
0.9758619070053101
1.0
1.02413809299469
1.048248529434204
1.0723061561584473
1.0962921380996704
1.120195746421814
1.1440184116363525
1.1677755117416382
1.1915011405944824
1.2152488231658936
1.2390978336334229
1.2631521224975586
1.2875479459762573
1.3124514818191528
1.3380656242370605
1.3646270036697388
1.392411470413208
1.4217287302017212
1.452925682067871
1.486379623413086
1.522498607635498
0.4122147560119629
0.45228132605552673
0.4893690049648285
0.523954451084137
0.5564776062965393
0.5873416066169739
0.6169041991233826
0.6454817056655884
0.6733431816101074
0.7007172703742981
0.7277886867523193
0.7547064423561096
0.7815823554992676
0.8084988594055176
0.8355090022087097
0.8626433610916138
0.8899110555648804
0.9173055291175842
0.9448061585426331
0.9723832607269287
1.0
1.0276167392730713
1.0551937818527222
1.082694411277771
1.1100889444351196
1.1373566389083862
1.164491057395935
1.1915011405944824
1.2184176445007324
1.2452934980392456
1.2722113132476807
1.2992827892303467
1.3266568183898926
1.3545182943344116
1.3830957412719727
1.4126583337783813
1.443522334098816
1.4760456085205078
1.5106309652328491
1.5477186441421509
1.587785243988037
0.350551962852478
0.39406052231788635
0.434303879737854
0.4718337953090668
0.507157564163208
0.5407378077507019
0.5729818344116211
0.6042468547821045
0.6348331570625305
0.6649928689002991
0.6949262619018555
0.7247922420501709
0.7547064423561096
0.7847511172294617
0.8149750232696533
0.8454016447067261
0.8760303854942322
0.9068431258201599
0.9378061890602112
0.9688756465911865
1.0
1.0311243534088135
1.0621938705444336
1.0931568145751953
1.1239696741104126
1.154598355293274
1.1850249767303467
1.2152488231658936
1.2452934980392456
1.275207757949829
1.3050737380981445
1.3350071907043457
1.3651667833328247
1.3957531452178955
1.427018165588379
1.4592622518539429
1.492842435836792
1.5281661748886108
1.565696120262146
1.605939507484436
1.649448037147522
0.2928932309150696
0.3392571210861206
0.3821028470993042
0.42206478118896484
0.4597240388393402
0.49560675024986267
0.5301716923713684
0.563816487789154
0.5968707799911499
0.6296070218086243
0.6622374653816223
0.6949262619018555
0.7277886867523193
0.7609021663665771
0.7943069338798523
0.8280152082443237
0.8620125651359558
0.8962655067443848
0.9307234883308411
0.9653249979019165
1.0
1.0346750020980835
1.0692764520645142
1.1037344932556152
1.137987494468689
1.1719847917556763
1.205693006515503
1.2390978336334229
1.2722113132476807
1.3050737380981445
1.337762475013733
1.370392918586731
1.40312922000885
1.4361834526062012
1.4698283672332764
1.504393219947815
1.5402759313583374
1.5779352188110352
1.6178971529006958
1.6607428789138794
1.7071068286895752
0.23959402740001678
0.28813880681991577
0.3329504728317261
0.3747577667236328
0.4142238199710846
0.4519432783126831
0.4884278476238251
0.524114727973938
0.5593594908714294
0.5944506525993347
0.6296070218086243
0.6649928689002991
0.7007172703742981
0.7368478178977966
0.773410975933075
0.8104028105735779
0.8477907180786133
0.885521411895752
0.9235235452651978
0.9617137908935547
1.0
1.0382862091064453
1.0764764547348022
1.114478588104248
1.1522092819213867
1.1895971298217773
1.2265890836715698
1.2631521224975586
1.2992827892303467
1.3350071907043457
1.370392918586731
1.4055492877960205
1.4406405687332153
1.475885272026062
1.5115721225738525
1.548056721687317
1.5857762098312378
1.6252422332763672
1.667049527168274
1.7118611335754395
1.7604060173034668
0.19098301231861115
0.24093037843704224
0.28697630763053894
0.32995903491973877
0.37063440680503845
0.4096713662147522
0.4476352035999298
0.4849999248981476
0.5221419930458069
0.5593594908714294
0.5968707799911499
0.6348331570625305
0.6733431816101074
0.7124519944190979
0.7521665692329407
0.7924615144729614
0.8332808613777161
0.8745470643043518
0.9161632657051086
0.9580203890800476
1.0
1.0419795513153076
1.0838366746902466
1.125452995300293
1.1667190790176392
1.2075384855270386
1.2478333711624146
1.2875479459762573
1.3266568183898926
1.3651667833328247
1.40312922000885
1.4406405687332153
1.477858066558838
1.5150001049041748
1.5523648262023926
1.590328574180603
1.6293655633926392
1.6700409650802612
1.7130236625671387
1.7590696811676025
1.8090169429779053
0.14735983312129974
0.1978125274181366
0.24425113201141357
0.28764596581459045
0.32885926961898804
0.368640273809433
0.4076065123081207
0.4462634027004242
0.4849999248981476
0.524114727973938
0.563816487789154
0.6042468547821045
0.6454817056655884
0.6875485777854919
0.7304282784461975
0.7740681171417236
0.8183832764625549
0.8632668256759644
0.9085921049118042
0.9542194604873657
1.0
1.0457805395126343
1.0914078950881958
1.1367331743240356
1.1816167831420898
1.2259318828582764
1.2695716619491577
1.3124514818191528
1.3545182943344116
1.3957531452178955
1.4361834526062012
1.475885272026062
1.5150001049041748
1.5537365674972534
1.5923935174942017
1.6313596963882446
1.6711407899856567
1.712354063987732
1.7557488679885864
1.802187442779541
1.852640151977539
0.10899347811937332
0.15890276432037354
0.20475855469703674
0.24769367277622223
0.28869420289993286
0.3285934329032898
0.368055522441864
0.4076065123081207
0.4476352035999298
0.4884278476238251
0.5301716923713684
0.5729818344116211
0.6169041991233826
0.6619344353675842
0.7080201506614685
0.755074679851532
0.8029788732528687
0.8515912294387817
0.9007500410079956
0.9502809643745422
1.0
1.0497190952301025
1.0992499589920044
1.1484087705612183
1.1970211267471313
1.2449252605438232
1.2919797897338867
1.3380656242370605
1.3830957412719727
1.427018165588379
1.4698283672332764
1.5115721225738525
1.5523648262023926
1.5923935174942017
1.6319444179534912
1.671406626701355
1.711305856704712
1.752306342124939
1.7952414751052856
1.8410972356796265
1.8910064697265625
0.07612046599388123
0.124250128865242
0.16838346421718597
0.20986303687095642
0.24981680512428284
0.28916168212890625
0.3285934329032898
0.368640273809433
0.4096713662147522
0.4519432783126831
0.49560675024986267
0.5407378077507019
0.5873416066169739
0.6353729963302612
0.6847386956214905
0.7353113293647766
0.7869316339492798
0.8394179344177246
0.8925689458847046
0.9461707472801208
1.0
1.053829312324524
1.1074310541152954
1.1605820655822754
1.2130683660507202
1.2646886110305786
1.3152612447738647
1.3646270036697388
1.4126583337783813
1.4592622518539429
1.504393219947815
1.548056721687317
1.590328574180603
1.6313596963882446
1.671406626701355
1.7108383178710938
1.7501832246780396
1.7901369333267212
1.8316165208816528
1.8757498264312744
1.9238795042037964
0.04894348233938217
0.0937892273068428
0.13484910130500793
0.17373281717300415
0.21172885596752167
0.24981680512428284
0.28869420289993286
0.32885926961898804
0.37063440680503845
0.4142238199710846
0.4597240388393402
0.507157564163208
0.5564776062965393
0.607588529586792
0.6603484153747559
0.7145825624465942
0.7700853943824768
0.826630175113678
0.8839710354804993
0.9418500065803528
1.0
1.0581499338150024
1.116028904914856
1.1733697652816772
1.2299145460128784
1.2854174375534058
1.3396515846252441
1.392411470413208
1.443522334098816
1.492842435836792
1.5402759313583374
1.5857762098312378
1.6293655633926392
1.6711407899856567
1.711305856704712
1.7501832246780396
1.788271188735962
1.826267123222351
1.8651509284973145
1.9062107801437378
1.9510564804077148
0.02763007953763008
0.06732025742530823
0.1036713570356369
0.1386680155992508
0.17373281717300415
0.20986303687095642
0.24769367277622223
0.28764596581459045
0.32995903491973877
0.3747577667236328
0.42206478118896484
0.4718337953090668
0.523954451084137
0.5782713294029236
0.6345862150192261
0.6926705837249756
0.7522671818733215
0.8130987882614136
0.8748705387115479
0.9372758865356445
1.0
1.0627241134643555
1.1251294612884521
1.1869012117385864
1.2477328777313232
1.3073294162750244
1.365413784980774
1.4217287302017212
1.4760456085205078
1.5281661748886108
1.5779352188110352
1.6252422332763672
1.6700409650802612
1.712354063987732
1.752306342124939
1.7901369333267212
1.826267123222351
1.8613319396972656
1.8963286876678467
1.9326797723770142
1.972369909286499
0.012311659753322601
0.0443136990070343
0.07399644702672958
0.1036713570356369
0.13484910130500793
0.16838346421718597
0.20475855469703674
0.24425113201141357
0.28697630763053894
0.3329504728317261
0.3821028470993042
0.434303879737854
0.4893690049648285
0.5470743775367737
0.6071587204933167
0.6693335771560669
0.7332849502563477
0.7986806631088257
0.8651723265647888
0.9324010610580444
1.0
1.0675989389419556
1.1348276138305664
1.2013193368911743
1.2667150497436523
1.330666422843933
1.3928413391113281
1.452925682067871
1.5106309652328491
1.565696120262146
1.6178971529006958
1.667049527168274
1.7130236625671387
1.7557488679885864
1.7952414751052856
1.8316165208816528
1.8651509284973145
1.8963286876678467
1.9260035753250122
1.955686330795288
1.9876883029937744
0.003082666313275695
0.02386114001274109
0.0443136990070343
0.06732025742530823
0.0937892273068428
0.124250128865242
0.15890276432037354
0.1978125274181366
0.24093037843704224
0.28813880681991577
0.3392571210861206
0.39406052231788635
0.45228132605552673
0.5136204361915588
0.5777475833892822
0.6443096995353699
0.7129313945770264
0.783221423625946
0.8547741174697876
0.9271743893623352
1.0
1.0728256702423096
1.1452258825302124
1.2167786359786987
1.2870686054229736
1.3556902408599854
1.4222524166107178
1.486379623413086
1.5477186441421509
1.605939507484436
1.6607428789138794
1.7118611335754395
1.7590696811676025
1.802187442779541
1.8410972356796265
1.8757498264312744
1.9062107801437378
1.9326797723770142
1.955686330795288
1.9761388301849365
1.9969173669815063
0.0
0.003082666313275695
0.012311659753322601
0.02763007953763008
0.04894348233938217
0.07612046599388123
0.10899347811937332
0.14735983312129974
0.19098301231861115
0.23959402740001678
0.2928932309150696
0.350551962852478
0.4122147560119629
0.47750142216682434
0.5460094809532166
0.6173165440559387
0.69098299741745
0.7665546536445618
0.8435655236244202
0.9215409159660339
1.0
1.0784591436386108
1.156434416770935
1.233445405960083
1.3090169429779053
1.3826833963394165
1.4539904594421387
1.522498607635498
1.587785243988037
1.649448037147522
1.7071068286895752
1.7604060173034668
1.8090169429779053
1.852640151977539
1.8910064697265625
1.9238795042037964
1.9510564804077148
1.972369909286499
1.9876883029937744
1.9969173669815063
2.0
