2.0
1.9969173669815063
1.9876883029937744
1.972369909286499
1.9510564804077148
1.9238795042037964
1.8910064697265625
1.852640151977539
1.8090169429779053
1.7604060173034668
1.7071068286895752
1.649448037147522
1.587785243988037
1.522498607635498
1.4539904594421387
1.3826833963394165
1.3090169429779053
1.233445405960083
1.156434416770935
1.0784591436386108
1.0
0.9215409159660339
0.8435655236244202
0.7665546536445618
0.69098299741745
0.6173165440559387
0.5460094809532166
0.47750142216682434
0.4122147560119629
0.350551962852478
0.2928932309150696
0.23959402740001678
0.19098301231861115
0.14735983312129974
0.10899347811937332
0.07612046599388123
0.04894348233938217
0.02763007953763008
0.012311659753322601
0.003082666313275695
0.0
1.9969173669815063
1.9761204719543457
1.9556562900543213
1.932641625404358
1.9061672687530518
1.8757028579711914
1.8410483598709106
1.802137851715088
1.759020447731018
1.71181321144104
1.660697102546692
1.6058964729309082
1.5476789474487305
1.4863437414169312
1.4222209453582764
1.355663537979126
1.2870467901229858
1.2167620658874512
1.1452147960662842
1.0728200674057007
1.0
0.9271799921989441
0.8547852039337158
0.7832379341125488
0.7129531502723694
0.644336462020874
0.5777790546417236
0.5136562585830688
0.45232102274894714
0.3941035568714142
0.3393029570579529
0.2881867289543152
0.24097959697246552
0.1978621482849121
0.15895168483257294
0.12429709732532501
0.09383270889520645
0.06735832244157791
0.0443437397480011
0.023879507556557655
0.003082666313275695
1.9876883029937744
1.9556562900543213
1.9259521961212158
1.8962621688842773
1.8650739192962646
1.831532597541809
1.7951534986495972
1.7556592226028442
1.7129344940185547
1.6669623851776123
1.6178135871887207
1.565617561340332
1.5105584859848022
1.4528601169586182
1.3927836418151855
1.3306173086166382
1.2666751146316528
1.2012889385223389
1.1348072290420532
1.0675886869430542
1.0
0.9324113130569458
0.8651927709579468
0.7987110018730164
0.7333248853683472
0.669382631778717
0.6072163581848145
0.5471398830413818
0.48944154381752014
0.43438246846199036
0.3821863830089569
0.3330375850200653
0.2870655655860901
0.24434076249599457
0.20484651625156403
0.16846737265586853
0.13492608070373535
0.10373781621456146
0.07404782623052597
0.0443437397480011
0.012311659753322601
1.972369909286499
1.932641625404358
1.8962621688842773
1.8612446784973145
1.826164960861206
1.790024757385254
1.752187967300415
1.7122329473495483
1.6699199676513672
1.6251238584518433
1.5778214931488037
1.5280590057373047
1.4759465456008911
1.421639084815979
1.3653348684310913
1.3072621822357178
1.2476781606674194
1.1868596076965332
1.1251014471054077
1.0627100467681885
1.0
0.9372899532318115
0.8748984932899475
0.8131403923034668
0.7523218989372253
0.6927378177642822
0.6346651315689087
0.5783608555793762
0.5240535140037537
0.4719409942626953
0.4221785068511963
0.3748762011528015
0.3300800323486328
0.28776705265045166
0.24781201779842377
0.20997528731822968
0.17383500933647156
0.13875533640384674
0.10373781621456146
0.06735832244157791
0.02763007953763008
1.9510564804077148
1.9061672687530518
1.8650739192962646
1.826164960861206
1.7881505489349365
1.7500499486923218
1.7111645936965942
1.6709957122802734
1.6292202472686768
1.585633635520935
1.540138840675354
1.4927129745483398
1.4434025287628174
1.3923029899597168
1.3395559787750244
1.2853360176086426
1.2298482656478882
1.1733193397521973
1.115994930267334
1.0581328868865967
1.0
0.9418671131134033
0.8840050101280212
0.8266806602478027
0.7701517939567566
0.7146640419960022
0.6604440212249756
0.6076969504356384
0.5565974116325378
0.5072870850563049
0.45986121892929077
0.41436636447906494
0.37077969312667847
0.3290042579174042
0.2888353765010834
0.2499500960111618
0.21184943616390228
0.17383500933647156
0.13492608070373535
0.09383270889520645
0.04894348233938217
1.9238795042037964
1.8757028579711914
1.831532597541809
1.790024757385254
1.7500499486923218
1.7106902599334717
1.6712491512298584
1.631197452545166
1.590165615081787
1.5478965044021606
1.5042388439178467
1.4591162204742432
1.4125231504440308
1.3645044565200806
1.3151532411575317
1.2645964622497559
1.2129932641983032
1.1605249643325806
1.1073925495147705
1.0538098812103271
1.0
0.9461901187896729
0.8926073908805847
0.8394750356674194
0.7870067358016968
0.7354035377502441
0.6848467588424683
0.6354954838752747
0.587476909160614
0.5408837795257568
0.4957612156867981
0.45210352540016174
0.4098343551158905
0.3688024878501892
0.328750878572464
0.28930971026420593
0.2499500960111618
0.20997528731822968
0.16846737265586853
0.12429709732532501
0.07612046599388123
1.8910064697265625
1.8410483598709106
1.7951534986495972
1.752187967300415
1.7111645936965942
1.6712491512298584
1.6317764520645142
1.5922199487686157
1.5521900653839111
1.5113999843597412
1.4696621894836426
1.4268608093261719
1.382949948310852
1.3379333019256592
1.2918630838394165
1.2448257207870483
1.1969398260116577
1.148347020149231
1.0992083549499512
1.0496981143951416
1.0
0.9503018856048584
0.9007916450500488
0.8516530394554138
0.8030601739883423
0.7551743388175964
0.7081369161605835
0.6620666980743408
0.6170501112937927
0.5731391310691833
0.5303378701210022
0.4885999858379364
0.44780999422073364
0.40778008103370667
0.36822351813316345
0.328750878572464
0.2888353765010834
0.24781201779842377
0.20484651625156403
0.15895168483257294
0.10899347811937332
1.852640151977539
1.802137851715088
1.7556592226028442
1.7122329473495483
1.6709957122802734
1.631197452545166
1.5922199487686157
1.5535569190979004
1.514818787574768
1.4757063388824463
1.4360105991363525
1.3955892324447632
1.3543661832809448
1.312313437461853
1.2694498300552368
1.2258278131484985
1.1815317869186401
1.1366685628890991
1.0913643836975098
1.045758605003357
1.0
0.9542413949966431
0.9086356163024902
0.8633314967155457
0.8184681534767151
0.7741721868515015
0.730550229549408
0.687686562538147
0.6456338763237
0.6044107675552368
0.5639894604682922
0.5242936015129089
0.4851812720298767
0.4464431405067444
0.40778008103370667
0.3688024878501892
0.3290042579174042
0.28776705265045166
0.24434076249599457
0.1978621482849121
0.14735983312129974
1.8090169429779053
1.759020447731018
1.7129344940185547
1.6699199676513672
1.6292202472686768
1.590165615081787
1.5521900653839111
1.514818787574768
1.4776747226715088
1.4404594898223877
1.4029539823532104
1.365000605583191
1.3265023231506348
1.2874077558517456
1.2477095127105713
1.2074326276779175
1.1666327714920044
1.125387191772461
1.0837924480438232
1.0419572591781616
1.0
0.9580427408218384
0.9162076115608215
0.8746128678321838
0.8333672881126404
0.7925674319267273
0.7522904872894287
0.7125922441482544
0.6734976172447205
0.6349994540214539
0.5970460176467896
0.5595405697822571
0.5223252177238464
0.4851812720298767
0.44780999422073364
0.4098343551158905
0.37077969312667847
0.3300800323486328
0.2870655655860901
0.24097959697246552
0.19098301231861115
1.7604060173034668
1.71181321144104
1.6669623851776123
1.6251238584518433
1.585633635520935
1.5478965044021606
1.5113999843597412
1.4757063388824463
1.4404594898223877
1.4053702354431152
1.370219349861145
1.334842324256897
1.2991294860839844
1.2630130052566528
1.2264659404754639
1.1894919872283936
1.1521234512329102
1.1144131422042847
1.0764323472976685
1.0382640361785889
1.0
0.9617359638214111
0.9235675930976868
0.8855867981910706
0.8478765487670898
0.8105080127716064
0.7735339999198914
0.7369869947433472
0.7008704543113708
0.6651576161384583
0.6297805905342102
0.5946297645568848
0.5595405697822571
0.5242936015129089
0.4885999858379364
0.45210352540016174
0.41436636447906494
0.3748762011528015
0.3330375850200653
0.2881867289543152
0.23959402740001678
1.7071068286895752
1.660697102546692
1.6178135871887207
1.5778214931488037
1.540138840675354
1.5042388439178467
1.4696621894836426
1.4360105991363525
1.4029539823532104
1.370219349861145
1.3375942707061768
1.3049137592315674
1.2720625400543213
1.2389625310897827
1.2055734395980835
1.1718825101852417
1.1379039287567139
1.1036708354949951
1.0692336559295654
1.0346534252166748
1.0
0.9653465747833252
0.9307664036750793
0.8963291645050049
0.8620960712432861
0.8281175494194031
0.7944266200065613
0.7610374093055725
0.7279374599456787
0.6950861811637878
0.662405788898468
0.6297805905342102
0.5970460176467896
0.5639894604682922
0.5303378701210022
0.4957612156867981
0.45986121892929077
0.4221785068511963
0.3821863830089569
0.3393029570579529
0.2928932309150696
1.649448037147522
1.6058964729309082
1.565617561340332
1.5280590057373047
1.4927129745483398
1.4591162204742432
1.4268608093261719
1.3955892324447632
1.365000605583191
1.334842324256897
1.3049137592315674
1.2750556468963623
1.2451519966125488
1.2151201963424683
1.1849110126495361
1.1545008420944214
1.1238900423049927
1.0930962562561035
1.0621529817581177
1.0311037302017212
1.0
0.968896210193634
0.9378470778465271
0.9069037437438965
0.8761099576950073
0.8454990983009338
0.8150889277458191
0.7848798632621765
0.7548480033874512
0.7249442934989929
0.6950861811637878
0.6651576161384583
0.6349994540214539
0.6044107675552368
0.5731391310691833
0.5408837795257568
0.5072870850563049
0.4719409942626953
0.43438246846199036
0.3941035568714142
0.350551962852478
1.587785243988037
1.5476789474487305
1.5105584859848022
1.4759465456008911
1.4434025287628174
1.4125231504440308
1.382949948310852
1.3543661832809448
1.3265023231506348
1.2991294860839844
1.2720625400543213
1.2451519966125488
1.2182857990264893
1.1913812160491943
1.1643848419189453
1.1372658014297485
1.1100146770477295
1.082637906074524
1.055155634880066
1.0275975465774536
1.0
0.9724024534225464
0.9448443055152893
0.9173620939254761
0.8899852633476257
0.8627341985702515
0.8356151580810547
0.8086187839508057
0.7817142009735107
0.7548480033874512
0.7279374599456787
0.7008704543113708
0.6734976172447205
0.6456338763237
0.6170501112937927
0.587476909160614
0.5565974116325378
0.5240535140037537
0.48944154381752014
0.45232102274894714
0.4122147560119629
1.522498607635498
1.4863437414169312
1.4528601169586182
1.421639084815979
1.3923029899597168
1.3645044565200806
1.3379333019256592
1.312313437461853
1.2874077558517456
1.2630130052566528
1.2389625310897827
1.2151201963424683
1.1913812160491943
1.1676663160324097
1.1439217329025269
1.1201130151748657
1.0962245464324951
1.0722546577453613
1.0482137203216553
1.024120569229126
1.0
0.9758793711662292
0.9517862796783447
0.9277454018592834
0.9037754535675049
0.8798869848251343
0.8560782670974731
0.8323336243629456
0.8086187839508057
0.7848798632621765
0.7610374093055725
0.7369869947433472
0.7125922441482544
0.687686562538147
0.6620666980743408
0.6354954838752747
0.6076969504356384
0.5783608555793762
0.5471398830413818
0.5136562585830688
0.47750142216682434
1.4539904594421387
1.4222209453582764
1.3927836418151855
1.3653348684310913
1.3395559787750244
1.3151532411575317
1.2918630838394165
1.2694498300552368
1.2477095127105713
1.2264659404754639
1.2055734395980835
1.1849110126495361
1.1643848419189453
1.1439217329025269
1.123470425605774
1.1029962301254272
1.0824801921844482
1.0619155168533325
1.0413058996200562
1.0206620693206787
1.0
0.9793378710746765
0.9586940407752991
0.9380844831466675
0.9175198078155518
0.8970038294792175
0.8765295147895813
0.8560782670974731
0.8356151580810547
0.8150889277458191
0.7944266200065613
0.7735339999198914
0.7522904872894287
0.730550229549408
0.7081369161605835
0.6848467588424683
0.6604440212249756
0.6346651315689087
0.6072163581848145
0.5777790546417236
0.5460094809532166
1.3826833963394165
1.355663537979126
1.3306173086166382
1.3072621822357178
1.2853360176086426
1.2645964622497559
1.2448257207870483
1.2258278131484985
1.2074326276779175
1.1894919872283936
1.1718825101852417
1.1545008420944214
1.1372658014297485
1.1201130151748657
1.1029962301254272
1.0858826637268066
1.0687531232833862
1.0515979528427124
1.0344165563583374
1.017214059829712
1.0
0.9827859997749329
0.9655835032463074
0.9484020471572876
0.9312469363212585
0.9141173362731934
0.8970038294792175
0.8798869848251343
0.8627341985702515
0.8454990983009338
0.8281175494194031
0.8105080127716064
0.7925674319267273
0.7741721868515015
0.7551743388175964
0.7354035377502441
0.7146640419960022
0.6927378177642822
0.669382631778717
0.644336462020874
0.6173165440559387
1.3090169429779053
1.2870467901229858
1.2666751146316528
1.2476781606674194
1.2298482656478882
1.2129932641983032
1.1969398260116577
1.1815317869186401
1.1666327714920044
1.1521234512329102
1.1379039287567139
1.1238900423049927
1.1100146770477295
1.0962245464324951
1.0824801921844482
1.0687531232833862
1.055025339126587
1.0412869453430176
1.0275349617004395
1.0137708187103271
1.0
0.9862291812896729
0.9724650979042053
0.9587130546569824
0.9449746012687683
0.9312469363212585
0.9175198078155518
0.9037754535675049
0.8899852633476257
0.8761099576950073
0.8620960712432861
0.8478765487670898
0.8333672881126404
0.8184681534767151
0.8030601739883423
0.7870067358016968
0.7701517939567566
0.7523218989372253
0.7333248853683472
0.7129531502723694
0.69098299741745
1.233445405960083
1.2167620658874512
1.2012889385223389
1.1868596076965332
1.1733193397521973
1.1605249643325806
1.148347020149231
1.1366685628890991
1.125387191772461
1.1144131422042847
1.1036708354949951
1.0930962562561035
1.082637906074524
1.0722546577453613
1.0619155168533325
1.0515979528427124
1.0412869453430176
1.0309736728668213
1.0206544399261475
1.010329008102417
1.0
0.9896709322929382
0.9793455600738525
0.9690262675285339
0.9587130546569824
0.9484020471572876
0.9380844831466675
0.9277454018592834
0.9173620939254761
0.9069037437438965
0.8963291645050049
0.8855867981910706
0.8746128678321838
0.8633314967155457
0.8516530394554138
0.8394750356674194
0.8266806602478027
0.8131403923034668
0.7987110018730164
0.7832379341125488
0.7665546536445618
1.156434416770935
1.1452147960662842
1.1348072290420532
1.1251014471054077
1.115994930267334
1.1073925495147705
1.0992083549499512
1.0913643836975098
1.0837924480438232
1.0764323472976685
1.0692336559295654
1.0621529817581177
1.055155634880066
1.0482137203216553
1.0413058996200562
1.0344165563583374
1.0275349617004395
1.0206544399261475
1.0137720108032227
1.0068869590759277
1.0
0.993113100528717
0.9862279295921326
0.9793455600738525
0.9724650979042053
0.9655835032463074
0.9586940407752991
0.9517862796783447
0.9448443055152893
0.9378470778465271
0.9307664036750793
0.9235675930976868
0.9162076115608215
0.9086356163024902
0.9007916450500488
0.8926073908805847
0.8840050101280212
0.8748984932899475
0.8651927709579468
0.8547852039337158
0.8435655236244202
1.0784591436386108
1.0728200674057007
1.0675886869430542
1.0627100467681885
1.0581328868865967
1.0538098812103271
1.0496981143951416
1.045758605003357
1.0419572591781616
1.0382640361785889
1.0346534252166748
1.0311037302017212
1.0275975465774536
1.024120569229126
1.0206620693206787
1.017214059829712
1.0137708187103271
1.010329008102417
1.0068869590759277
1.0034438371658325
1.0
0.9965562224388123
0.993113100528717
0.9896709322929382
0.9862291812896729
0.9827859997749329
0.9793378710746765
0.9758793711662292
0.9724024534225464
0.968896210193634
0.9653465747833252
0.9617359638214111
0.9580427408218384
0.9542413949966431
0.9503018856048584
0.9461901187896729
0.9418671131134033
0.9372899532318115
0.9324113130569458
0.9271799921989441
0.9215409159660339
1.0
1.0
1.0
1.0
1.0
1.0
1.0
1.0
1.0
1.0
1.0
1.0
1.0
1.0
1.0
1.0
1.0
1.0
1.0
1.0
1.0
1.0
1.0
1.0
1.0
1.0
1.0
1.0
1.0
1.0
1.0
1.0
1.0
1.0
1.0
1.0
1.0
1.0
1.0
1.0
1.0
0.9215409159660339
0.9271799921989441
0.9324113130569458
0.9372899532318115
0.9418671131134033
0.9461901187896729
0.9503018856048584
0.9542413949966431
0.9580427408218384
0.9617359638214111
0.9653465747833252
0.968896210193634
0.9724024534225464
0.9758793711662292
0.9793378710746765
0.9827859997749329
0.9862291812896729
0.9896709322929382
0.993113100528717
0.9965562224388123
1.0
1.0034438371658325
1.0068869590759277
1.010329008102417
1.0137708187103271
1.017214059829712
1.0206620693206787
1.024120569229126
1.0275975465774536
1.0311037302017212
1.0346534252166748
1.0382640361785889
1.0419572591781616
1.045758605003357
1.0496981143951416
1.0538098812103271
1.0581328868865967
1.0627100467681885
1.0675886869430542
1.0728200674057007
1.0784591436386108
0.8435655236244202
0.8547852039337158
0.8651927709579468
0.8748984932899475
0.8840050101280212
0.8926073908805847
0.9007916450500488
0.9086356163024902
0.9162076115608215
0.9235675930976868
0.9307664036750793
0.9378470778465271
0.9448443055152893
0.9517862796783447
0.9586940407752991
0.9655835032463074
0.9724650979042053
0.9793455600738525
0.9862279295921326
0.993113100528717
1.0
1.0068869590759277
1.0137720108032227
1.0206544399261475
1.0275349617004395
1.0344165563583374
1.0413058996200562
1.0482137203216553
1.055155634880066
1.0621529817581177
1.0692336559295654
1.0764323472976685
1.0837924480438232
1.0913643836975098
1.0992083549499512
1.1073925495147705
1.115994930267334
1.1251014471054077
1.1348072290420532
1.1452147960662842
1.156434416770935
0.7665546536445618
0.7832379341125488
0.7987110018730164
0.8131403923034668
0.8266806602478027
0.8394750356674194
0.8516530394554138
0.8633314967155457
0.8746128678321838
0.8855867981910706
0.8963291645050049
0.9069037437438965
0.9173620939254761
0.9277454018592834
0.9380844831466675
0.9484020471572876
0.9587130546569824
0.9690262675285339
0.9793455600738525
0.9896709322929382
1.0
1.010329008102417
1.0206544399261475
1.0309736728668213
1.0412869453430176
1.0515979528427124
1.0619155168533325
1.0722546577453613
1.082637906074524
1.0930962562561035
1.1036708354949951
1.1144131422042847
1.125387191772461
1.1366685628890991
1.148347020149231
1.1605249643325806
1.1733193397521973
1.1868596076965332
1.2012889385223389
1.2167620658874512
1.233445405960083
0.69098299741745
0.7129531502723694
0.7333248853683472
0.7523218989372253
0.7701517939567566
0.7870067358016968
0.8030601739883423
0.8184681534767151
0.8333672881126404
0.8478765487670898
0.8620960712432861
0.8761099576950073
0.8899852633476257
0.9037754535675049
0.9175198078155518
0.9312469363212585
0.9449746012687683
0.9587130546569824
0.9724650979042053
0.9862291812896729
1.0
1.0137708187103271
1.0275349617004395
1.0412869453430176
1.055025339126587
1.0687531232833862
1.0824801921844482
1.0962245464324951
1.1100146770477295
1.1238900423049927
1.1379039287567139
1.1521234512329102
1.1666327714920044
1.1815317869186401
1.1969398260116577
1.2129932641983032
1.2298482656478882
1.2476781606674194
1.2666751146316528
1.2870467901229858
1.3090169429779053
0.6173165440559387
0.644336462020874
0.669382631778717
0.6927378177642822
0.7146640419960022
0.7354035377502441
0.7551743388175964
0.7741721868515015
0.7925674319267273
0.8105080127716064
0.8281175494194031
0.8454990983009338
0.8627341985702515
0.8798869848251343
0.8970038294792175
0.9141173362731934
0.9312469363212585
0.9484020471572876
0.9655835032463074
0.9827859997749329
1.0
1.017214059829712
1.0344165563583374
1.0515979528427124
1.0687531232833862
1.0858826637268066
1.1029962301254272
1.1201130151748657
1.1372658014297485
1.1545008420944214
1.1718825101852417
1.1894919872283936
1.2074326276779175
1.2258278131484985
1.2448257207870483
1.2645964622497559
1.2853360176086426
1.3072621822357178
1.3306173086166382
1.355663537979126
1.3826833963394165
0.5460094809532166
0.5777790546417236
0.6072163581848145
0.6346651315689087
0.6604440212249756
0.6848467588424683
0.7081369161605835
0.730550229549408
0.7522904872894287
0.7735339999198914
0.7944266200065613
0.8150889277458191
0.8356151580810547
0.8560782670974731
0.8765295147895813
0.8970038294792175
0.9175198078155518
0.9380844831466675
0.9586940407752991
0.9793378710746765
1.0
1.0206620693206787
1.0413058996200562
1.0619155168533325
1.0824801921844482
1.1029962301254272
1.123470425605774
1.1439217329025269
1.1643848419189453
1.1849110126495361
1.2055734395980835
1.2264659404754639
1.2477095127105713
1.2694498300552368
1.2918630838394165
1.3151532411575317
1.3395559787750244
1.3653348684310913
1.3927836418151855
1.4222209453582764
1.4539904594421387
0.47750142216682434
0.5136562585830688
0.5471398830413818
0.5783608555793762
0.6076969504356384
0.6354954838752747
0.6620666980743408
0.687686562538147
0.7125922441482544
0.7369869947433472
0.7610374093055725
0.7848798632621765
0.8086187839508057
0.8323336243629456
0.8560782670974731
0.8798869848251343
0.9037754535675049
0.9277454018592834
0.9517862796783447
0.9758793711662292
1.0
1.024120569229126
1.0482137203216553
1.0722546577453613
1.0962245464324951
1.1201130151748657
1.1439217329025269
1.1676663160324097
1.1913812160491943
1.2151201963424683
1.2389625310897827
1.2630130052566528
1.2874077558517456
1.312313437461853
1.3379333019256592
1.3645044565200806
1.3923029899597168
1.421639084815979
1.4528601169586182
1.4863437414169312
1.522498607635498
0.4122147560119629
0.45232102274894714
0.48944154381752014
0.5240535140037537
0.5565974116325378
0.587476909160614
0.6170501112937927
0.6456338763237
0.6734976172447205
0.7008704543113708
0.7279374599456787
0.7548480033874512
0.7817142009735107
0.8086187839508057
0.8356151580810547
0.8627341985702515
0.8899852633476257
0.9173620939254761
0.9448443055152893
0.9724024534225464
1.0
1.0275975465774536
1.055155634880066
1.082637906074524
1.1100146770477295
1.1372658014297485
1.1643848419189453
1.1913812160491943
1.2182857990264893
1.2451519966125488
1.2720625400543213
1.2991294860839844
1.3265023231506348
1.3543661832809448
1.382949948310852
1.4125231504440308
1.4434025287628174
1.4759465456008911
1.5105584859848022
1.5476789474487305
1.587785243988037
0.350551962852478
0.3941035568714142
0.43438246846199036
0.4719409942626953
0.5072870850563049
0.5408837795257568
0.5731391310691833
0.6044107675552368
0.6349994540214539
0.6651576161384583
0.6950861811637878
0.7249442934989929
0.7548480033874512
0.7848798632621765
0.8150889277458191
0.8454990983009338
0.8761099576950073
0.9069037437438965
0.9378470778465271
0.968896210193634
1.0
1.0311037302017212
1.0621529817581177
1.0930962562561035
1.1238900423049927
1.1545008420944214
1.1849110126495361
1.2151201963424683
1.2451519966125488
1.2750556468963623
1.3049137592315674
1.334842324256897
1.365000605583191
1.3955892324447632
1.4268608093261719
1.4591162204742432
1.4927129745483398
1.5280590057373047
1.565617561340332
1.6058964729309082
1.649448037147522
0.2928932309150696
0.3393029570579529
0.3821863830089569
0.4221785068511963
0.45986121892929077
0.4957612156867981
0.5303378701210022
0.5639894604682922
0.5970460176467896
0.6297805905342102
0.662405788898468
0.6950861811637878
0.7279374599456787
0.7610374093055725
0.7944266200065613
0.8281175494194031
0.8620960712432861
0.8963291645050049
0.9307664036750793
0.9653465747833252
1.0
1.0346534252166748
1.0692336559295654
1.1036708354949951
1.1379039287567139
1.1718825101852417
1.2055734395980835
1.2389625310897827
1.2720625400543213
1.3049137592315674
1.3375942707061768
1.370219349861145
1.4029539823532104
1.4360105991363525
1.4696621894836426
1.5042388439178467
1.540138840675354
1.5778214931488037
1.6178135871887207
1.660697102546692
1.7071068286895752
0.23959402740001678
0.2881867289543152
0.3330375850200653
0.3748762011528015
0.41436636447906494
0.45210352540016174
0.4885999858379364
0.5242936015129089
0.5595405697822571
0.5946297645568848
0.6297805905342102
0.6651576161384583
0.7008704543113708
0.7369869947433472
0.7735339999198914
0.8105080127716064
0.8478765487670898
0.8855867981910706
0.9235675930976868
0.9617359638214111
1.0
1.0382640361785889
1.0764323472976685
1.1144131422042847
1.1521234512329102
1.1894919872283936
1.2264659404754639
1.2630130052566528
1.2991294860839844
1.334842324256897
1.370219349861145
1.4053702354431152
1.4404594898223877
1.4757063388824463
1.5113999843597412
1.5478965044021606
1.585633635520935
1.6251238584518433
1.6669623851776123
1.71181321144104
1.7604060173034668
0.19098301231861115
0.24097959697246552
0.2870655655860901
0.3300800323486328
0.37077969312667847
0.4098343551158905
0.44780999422073364
0.4851812720298767
0.5223252177238464
0.5595405697822571
0.5970460176467896
0.6349994540214539
0.6734976172447205
0.7125922441482544
0.7522904872894287
0.7925674319267273
0.8333672881126404
0.8746128678321838
0.9162076115608215
0.9580427408218384
1.0
1.0419572591781616
1.0837924480438232
1.125387191772461
1.1666327714920044
1.2074326276779175
1.2477095127105713
1.2874077558517456
1.3265023231506348
1.365000605583191
1.4029539823532104
1.4404594898223877
1.4776747226715088
1.514818787574768
1.5521900653839111
1.590165615081787
1.6292202472686768
1.6699199676513672
1.7129344940185547
1.759020447731018
1.8090169429779053
0.14735983312129974
0.1978621482849121
0.24434076249599457
0.28776705265045166
0.3290042579174042
0.3688024878501892
0.40778008103370667
0.4464431405067444
0.4851812720298767
0.5242936015129089
0.5639894604682922
0.6044107675552368
0.6456338763237
0.687686562538147
0.730550229549408
0.7741721868515015
0.8184681534767151
0.8633314967155457
0.9086356163024902
0.9542413949966431
1.0
1.045758605003357
1.0913643836975098
1.1366685628890991
1.1815317869186401
1.2258278131484985
1.2694498300552368
1.312313437461853
1.3543661832809448
1.3955892324447632
1.4360105991363525
1.4757063388824463
1.514818787574768
1.5535569190979004
1.5922199487686157
1.631197452545166
1.6709957122802734
1.7122329473495483
1.7556592226028442
1.802137851715088
1.852640151977539
0.10899347811937332
0.15895168483257294
0.20484651625156403
0.24781201779842377
0.2888353765010834
0.328750878572464
0.36822351813316345
0.40778008103370667
0.44780999422073364
0.4885999858379364
0.5303378701210022
0.5731391310691833
0.6170501112937927
0.6620666980743408
0.7081369161605835
0.7551743388175964
0.8030601739883423
0.8516530394554138
0.9007916450500488
0.9503018856048584
1.0
1.0496981143951416
1.0992083549499512
1.148347020149231
1.1969398260116577
1.2448257207870483
1.2918630838394165
1.3379333019256592
1.382949948310852
1.4268608093261719
1.4696621894836426
1.5113999843597412
1.5521900653839111
1.5922199487686157
1.6317764520645142
1.6712491512298584
1.7111645936965942
1.752187967300415
1.7951534986495972
1.8410483598709106
1.8910064697265625
0.07612046599388123
0.12429709732532501
0.16846737265586853
0.20997528731822968
0.2499500960111618
0.28930971026420593
0.328750878572464
0.3688024878501892
0.4098343551158905
0.45210352540016174
0.4957612156867981
0.5408837795257568
0.587476909160614
0.6354954838752747
0.6848467588424683
0.7354035377502441
0.7870067358016968
0.8394750356674194
0.8926073908805847
0.9461901187896729
1.0
1.0538098812103271
1.1073925495147705
1.1605249643325806
1.2129932641983032
1.2645964622497559
1.3151532411575317
1.3645044565200806
1.4125231504440308
1.4591162204742432
1.5042388439178467
1.5478965044021606
1.590165615081787
1.631197452545166
1.6712491512298584
1.7106902599334717
1.7500499486923218
1.790024757385254
1.831532597541809
1.8757028579711914
1.9238795042037964
0.04894348233938217
0.09383270889520645
0.13492608070373535
0.17383500933647156
0.21184943616390228
0.2499500960111618
0.2888353765010834
0.3290042579174042
0.37077969312667847
0.41436636447906494
0.45986121892929077
0.5072870850563049
0.5565974116325378
0.6076969504356384
0.6604440212249756
0.7146640419960022
0.7701517939567566
0.8266806602478027
0.8840050101280212
0.9418671131134033
1.0
1.0581328868865967
1.115994930267334
1.1733193397521973
1.2298482656478882
1.2853360176086426
1.3395559787750244
1.3923029899597168
1.4434025287628174
1.4927129745483398
1.540138840675354
1.585633635520935
1.6292202472686768
1.6709957122802734
1.7111645936965942
1.7500499486923218
1.7881505489349365
1.826164960861206
1.8650739192962646
1.9061672687530518
1.9510564804077148
0.02763007953763008
0.06735832244157791
0.10373781621456146
0.13875533640384674
0.17383500933647156
0.20997528731822968
0.24781201779842377
0.28776705265045166
0.3300800323486328
0.3748762011528015
0.4221785068511963
0.4719409942626953
0.5240535140037537
0.5783608555793762
0.6346651315689087
0.6927378177642822
0.7523218989372253
0.8131403923034668
0.8748984932899475
0.9372899532318115
1.0
1.0627100467681885
1.1251014471054077
1.1868596076965332
1.2476781606674194
1.3072621822357178
1.3653348684310913
1.421639084815979
1.4759465456008911
1.5280590057373047
1.5778214931488037
1.6251238584518433
1.6699199676513672
1.7122329473495483
1.752187967300415
1.790024757385254
1.826164960861206
1.8612446784973145
1.8962621688842773
1.932641625404358
1.972369909286499
0.012311659753322601
0.0443437397480011
0.07404782623052597
0.10373781621456146
0.13492608070373535
0.16846737265586853
0.20484651625156403
0.24434076249599457
0.2870655655860901
0.3330375850200653
0.3821863830089569
0.43438246846199036
0.48944154381752014
0.5471398830413818
0.6072163581848145
0.669382631778717
0.7333248853683472
0.7987110018730164
0.8651927709579468
0.9324113130569458
1.0
1.0675886869430542
1.1348072290420532
1.2012889385223389
1.2666751146316528
1.3306173086166382
1.3927836418151855
1.4528601169586182
1.5105584859848022
1.565617561340332
1.6178135871887207
1.6669623851776123
1.7129344940185547
1.7556592226028442
1.7951534986495972
1.831532597541809
1.8650739192962646
1.8962621688842773
1.9259521961212158
1.9556562900543213
1.9876883029937744
0.003082666313275695
0.023879507556557655
0.0443437397480011
0.06735832244157791
0.09383270889520645
0.12429709732532501
0.15895168483257294
0.1978621482849121
0.24097959697246552
0.2881867289543152
0.3393029570579529
0.3941035568714142
0.45232102274894714
0.5136562585830688
0.5777790546417236
0.644336462020874
0.7129531502723694
0.7832379341125488
0.8547852039337158
0.9271799921989441
1.0
1.0728200674057007
1.1452147960662842
1.2167620658874512
1.2870467901229858
1.355663537979126
1.4222209453582764
1.4863437414169312
1.5476789474487305
1.6058964729309082
1.660697102546692
1.71181321144104
1.759020447731018
1.802137851715088
1.8410483598709106
1.8757028579711914
1.9061672687530518
1.932641625404358
1.9556562900543213
1.9761204719543457
1.9969173669815063
0.0
0.003082666313275695
0.012311659753322601
0.02763007953763008
0.04894348233938217
0.07612046599388123
0.10899347811937332
0.14735983312129974
0.19098301231861115
0.23959402740001678
0.2928932309150696
0.350551962852478
0.4122147560119629
0.47750142216682434
0.5460094809532166
0.6173165440559387
0.69098299741745
0.7665546536445618
0.8435655236244202
0.9215409159660339
1.0
1.0784591436386108
1.156434416770935
1.233445405960083
1.3090169429779053
1.3826833963394165
1.4539904594421387
1.522498607635498
1.587785243988037
1.649448037147522
1.7071068286895752
1.7604060173034668
1.8090169429779053
1.852640151977539
1.8910064697265625
1.9238795042037964
1.9510564804077148
1.972369909286499
1.9876883029937744
1.9969173669815063
2.0
