2.0
1.9969173669815063
1.9876883029937744
1.972369909286499
1.9510564804077148
1.9238795042037964
1.8910064697265625
1.852640151977539
1.8090169429779053
1.7604060173034668
1.7071068286895752
1.649448037147522
1.587785243988037
1.522498607635498
1.4539904594421387
1.3826833963394165
1.3090169429779053
1.233445405960083
1.156434416770935
1.0784591436386108
1.0
0.9215409159660339
0.8435655236244202
0.7665546536445618
0.69098299741745
0.6173165440559387
0.5460094809532166
0.47750142216682434
0.4122147560119629
0.350551962852478
0.2928932309150696
0.23959402740001678
0.19098301231861115
0.14735983312129974
0.10899347811937332
0.07612046599388123
0.04894348233938217
0.02763007953763008
0.012311659753322601
0.003082666313275695
0.0
1.9969173669815063
1.9761284589767456
1.9556691646575928
1.932658076286316
1.9061861038208008
1.875723123550415
1.8410694599151611
1.802159309387207
1.759041666984558
1.7118339538574219
1.6607167720794678
1.6059150695800781
1.5476961135864258
1.4863592386245728
1.4222345352172852
1.3556751012802124
1.2870562076568604
1.2167692184448242
1.1452195644378662
1.0728224515914917
1.0
0.9271775484085083
0.8547804355621338
0.7832308411598206
0.7129437923431396
0.6443249583244324
0.5777655243873596
0.5136407613754272
0.4523038864135742
0.39408499002456665
0.33928316831588745
0.2881660461425781
0.24095836281776428
0.19784073531627655
0.15893056988716125
0.12427683174610138
0.0938139408826828
0.0673418939113617
0.04433077573776245
0.023871582001447678
0.003082666313275695
1.9876883029937744
1.9556691646575928
1.9259743690490723
1.896290898323059
1.8651071786880493
1.8315688371658325
1.7951914072036743
1.7556979656219482
1.7129729986190796
1.6670000553131104
1.6178497076034546
1.5656514167785645
1.5105897188186646
1.4528883695602417
1.3928085565567017
1.3306385278701782
1.2666922807693481
1.2013020515441895
1.13481605052948
1.0675930976867676
1.0
0.9324069023132324
0.86518394947052
0.7986979484558105
0.7333076596260071
0.6693614721298218
0.6071914434432983
0.5471116304397583
0.48941025137901306
0.43434855341911316
0.3821503221988678
0.3330000042915344
0.2870270609855652
0.24430207908153534
0.2048085629940033
0.16843116283416748
0.13489286601543427
0.1037091389298439
0.07402565330266953
0.04433077573776245
0.012311659753322601
1.972369909286499
1.932658076286316
1.896290898323059
1.8612823486328125
1.8262090682983398
1.7900731563568115
1.7522391080856323
1.7122851610183716
1.6699721813201904
1.625174880027771
1.5778706073760986
1.5281052589416504
1.4759892225265503
1.421677827835083
1.3653689622879028
1.3072912693023682
1.2477017641067505
1.1868776082992554
1.125113606452942
1.0627161264419556
1.0
0.9372839331626892
0.8748864531517029
0.8131224513053894
0.7522982954978943
0.6927087903022766
0.6346310973167419
0.5783222317695618
0.5240107774734497
0.4718947112560272
0.42212942242622375
0.3748250901699066
0.33002781867980957
0.28771477937698364
0.24776095151901245
0.20992684364318848
0.17379091680049896
0.1387176513671875
0.1037091389298439
0.0673418939113617
0.02763007953763008
1.9510564804077148
1.9061861038208008
1.8651071786880493
1.8262090682983398
1.7882026433944702
1.7501074075698853
1.7112255096435547
1.6710582971572876
1.6292829513549805
1.5856951475143433
1.5401979684829712
1.4927687644958496
1.4434542655944824
1.3923498392105103
1.339597225189209
1.28537118434906
1.2298768758773804
1.173341155052185
1.1160095930099487
1.0581402778625488
1.0
0.9418597221374512
0.8839903473854065
0.8266589045524597
0.7701231241226196
0.7146288752555847
0.660402774810791
0.6076501607894897
0.5565457344055176
0.5072311758995056
0.4598020017147064
0.41430485248565674
0.37071698904037476
0.32894167304039
0.2887744605541229
0.24989257752895355
0.21179740130901337
0.17379091680049896
0.13489286601543427
0.0938139408826828
0.04894348233938217
1.9238795042037964
1.875723123550415
1.8315688371658325
1.7900731563568115
1.7501074075698853
1.710754156112671
1.6713171005249023
1.6312675476074219
1.590235948562622
1.5479656457901
1.5043054819107056
1.459179162979126
1.412581443786621
1.3645573854446411
1.315199851989746
1.2646362781524658
1.213025689125061
1.1605496406555176
1.1074092388153076
1.0538182258605957
1.0
0.9461817145347595
0.8925908207893372
0.8394504189491272
0.786974310874939
0.735363781452179
0.6848001480102539
0.6354426145553589
0.5874184966087341
0.5408207774162292
0.4956945478916168
0.4520343542098999
0.40976402163505554
0.3687324821949005
0.32868292927742004
0.2892458140850067
0.24989257752895355
0.20992684364318848
0.16843116283416748
0.12427683174610138
0.07612046599388123
1.8910064697265625
1.8410694599151611
1.7951914072036743
1.7522391080856323
1.7112255096435547
1.6713171005249023
1.631848931312561
1.5922948122024536
1.5522654056549072
1.5114742517471313
1.4697338342666626
1.4269287586212158
1.3830128908157349
1.337990403175354
1.2919135093688965
1.2448686361312866
1.1969748735427856
1.1483736038208008
1.0992263555526733
1.0497071743011475
1.0
0.9502928256988525
0.9007737040519714
0.8516263365745544
0.8030250668525696
0.7551313638687134
0.7080865502357483
0.662009596824646
0.6169871687889099
0.5730712413787842
0.5302661657333374
0.4885256886482239
0.4477345645427704
0.4077051877975464
0.3681510388851166
0.32868292927742004
0.2887744605541229
0.24776095151901245
0.2048085629940033
0.15893056988716125
0.10899347811937332
1.852640151977539
1.802159309387207
1.7556979656219482
1.7122851610183716
1.6710582971572876
1.6312675476074219
1.5922948122024536
1.5536344051361084
1.5148969888687134
1.4757835865020752
1.4360852241516113
1.3956599235534668
1.3544317483901978
1.3123730421066284
1.2695024013519287
1.2258727550506592
1.1815685033798218
1.136696457862854
1.0913832187652588
1.0457680225372314
1.0
0.9542319178581238
0.908616840839386
0.8633036017417908
0.818431556224823
0.7741272449493408
0.7304975986480713
0.6876270174980164
0.6455681920051575
0.6043400764465332
0.5639148354530334
0.5242164134979248
0.4851030111312866
0.4463655650615692
0.4077051877975464
0.3687324821949005
0.32894167304039
0.28771477937698364
0.24430207908153534
0.19784073531627655
0.14735983312129974
1.8090169429779053
1.759041666984558
1.7129729986190796
1.6699721813201904
1.6292829513549805
1.590235948562622
1.5522654056549072
1.5148969888687134
1.4777538776397705
1.4405375719070435
1.4030295610427856
1.3650723695755005
1.3265689611434937
1.2874683141708374
1.24776291847229
1.2074782848358154
1.1666699647903442
1.125415563583374
1.0838115215301514
1.0419669151306152
1.0
0.9580330848693848
0.9161884784698486
0.874584436416626
0.833329975605011
0.7925217151641846
0.7522370219230652
0.7125317454338074
0.6734309792518616
0.6349276900291443
0.5969704389572144
0.5594624280929565
0.5222461819648743
0.4851030111312866
0.4477345645427704
0.40976402163505554
0.37071698904037476
0.33002781867980957
0.2870270609855652
0.24095836281776428
0.19098301231861115
1.7604060173034668
1.7118339538574219
1.6670000553131104
1.625174880027771
1.5856951475143433
1.5479656457901
1.5114742517471313
1.4757835865020752
1.4405375719070435
1.4054474830627441
1.3702943325042725
1.3349134922027588
1.299195647239685
1.2630730867385864
1.2265191078186035
1.1895374059677124
1.1521605253219604
1.1144413948059082
1.0764514207839966
1.038273572921753
1.0
0.9617263674736023
0.9235485792160034
0.8855586051940918
0.8478394746780396
0.8104625940322876
0.7734808921813965
0.7369269132614136
0.7008043527603149
0.6650865077972412
0.6297057271003723
0.5945524573326111
0.5594624280929565
0.5242164134979248
0.4885256886482239
0.4520343542098999
0.41430485248565674
0.3748250901699066
0.3330000042915344
0.2881660461425781
0.23959402740001678
1.7071068286895752
1.6607167720794678
1.6178497076034546
1.5778706073760986
1.5401979684829712
1.5043054819107056
1.4697338342666626
1.4360852241516113
1.4030295610427856
1.3702943325042725
1.3376668691635132
1.3049827814102173
1.2721267938613892
1.2390209436416626
1.205625057220459
1.1719266176223755
1.1379399299621582
1.1036983728408813
1.0692521333694458
1.0346627235412598
1.0
0.9653372764587402
0.9307478666305542
0.8963016867637634
0.8620600700378418
0.8280733823776245
0.794374942779541
0.7609790563583374
0.7278732657432556
0.6950172185897827
0.6623331308364868
0.6297057271003723
0.5969704389572144
0.5639148354530334
0.5302661657333374
0.4956945478916168
0.4598020017147064
0.42212942242622375
0.3821503221988678
0.33928316831588745
0.2928932309150696
1.649448037147522
1.6059150695800781
1.5656514167785645
1.5281052589416504
1.4927687644958496
1.459179162979126
1.4269287586212158
1.3956599235534668
1.3650723695755005
1.3349134922027588
1.3049827814102173
1.2751213312149048
1.2452130317687988
1.215175747871399
1.1849602460861206
1.1545429229736328
1.1239243745803833
1.0931223630905151
1.0621706247329712
1.0311126708984375
1.0
0.9688873291015625
0.9378294348716736
0.9068775773048401
0.8760756254196167
0.8454570770263672
0.8150397539138794
0.7848243117332458
0.7547869086265564
0.7248786687850952
0.6950172185897827
0.6650865077972412
0.6349276900291443
0.6043400764465332
0.5730712413787842
0.5408207774162292
0.5072311758995056
0.4718947112560272
0.43434855341911316
0.39408499002456665
0.350551962852478
1.587785243988037
1.5476961135864258
1.5105897188186646
1.4759892225265503
1.4434542655944824
1.412581443786621
1.3830128908157349
1.3544317483901978
1.3265689611434937
1.299195647239685
1.2721267938613892
1.2452130317687988
1.218342661857605
1.1914329528808594
1.1644306182861328
1.1373050212860107
1.1100467443466187
1.0826623439788818
1.055172085762024
1.0276058912277222
1.0
0.9723941683769226
0.9448278546333313
0.9173377156257629
0.8899532556533813
0.862695038318634
0.8355693221092224
0.8085670471191406
0.7816572785377502
0.7547869086265564
0.7278732657432556
0.7008043527603149
0.6734309792518616
0.6455681920051575
0.6169871687889099
0.5874184966087341
0.5565457344055176
0.5240107774734497
0.48941025137901306
0.4523038864135742
0.4122147560119629
1.522498607635498
1.4863592386245728
1.4528883695602417
1.421677827835083
1.3923498392105103
1.3645573854446411
1.337990403175354
1.3123730421066284
1.2874683141708374
1.2630730867385864
1.2390209436416626
1.215175747871399
1.1914329528808594
1.1677134037017822
1.1439634561538696
1.1201486587524414
1.096253752708435
1.0722768306732178
1.0482287406921387
1.0241281986236572
1.0
0.9758718609809875
0.9517712593078613
0.9277231693267822
0.9037462472915649
0.8798512816429138
0.8560365438461304
0.832286536693573
0.8085670471191406
0.7848243117332458
0.7609790563583374
0.7369269132614136
0.7125317454338074
0.6876270174980164
0.662009596824646
0.6354426145553589
0.6076501607894897
0.5783222317695618
0.5471116304397583
0.5136407613754272
0.47750142216682434
1.4539904594421387
1.4222345352172852
1.3928085565567017
1.3653689622879028
1.339597225189209
1.315199851989746
1.2919135093688965
1.2695024013519287
1.24776291847229
1.2265191078186035
1.205625057220459
1.1849602460861206
1.1644306182861328
1.1439634561538696
1.1235073804855347
1.1030278205871582
1.0825060606002808
1.0619351863861084
1.0413192510604858
1.020668864250183
1.0
0.9793311953544617
0.9586807489395142
0.9380647540092468
0.9174939393997192
0.8969721794128418
0.8764925599098206
0.8560365438461304
0.8355693221092224
0.8150397539138794
0.794374942779541
0.7734808921813965
0.7522370219230652
0.7304975986480713
0.7080865502357483
0.6848001480102539
0.660402774810791
0.6346310973167419
0.6071914434432983
0.5777655243873596
0.5460094809532166
1.3826833963394165
1.3556751012802124
1.3306385278701782
1.3072912693023682
1.28537118434906
1.2646362781524658
1.2448686361312866
1.2258727550506592
1.2074782848358154
1.1895374059677124
1.1719266176223755
1.1545429229736328
1.1373050212860107
1.1201486587524414
1.1030278205871582
1.0859097242355347
1.0687751770019531
1.051614761352539
1.0344278812408447
1.0172197818756104
1.0
0.9827802777290344
0.9655721187591553
0.9483851790428162
0.9312247633934021
0.9140902757644653
0.8969721794128418
0.8798512816429138
0.862695038318634
0.8454570770263672
0.8280733823776245
0.8104625940322876
0.7925217151641846
0.7741272449493408
0.7551313638687134
0.735363781452179
0.7146288752555847
0.6927087903022766
0.6693614721298218
0.6443249583244324
0.6173165440559387
1.3090169429779053
1.2870562076568604
1.2666922807693481
1.2477017641067505
1.2298768758773804
1.213025689125061
1.1969748735427856
1.1815685033798218
1.1666699647903442
1.1521605253219604
1.1379399299621582
1.1239243745803833
1.1100467443466187
1.096253752708435
1.0825060606002808
1.0687751770019531
1.0550434589385986
1.0413007736206055
1.0275442600250244
1.0137754678726196
1.0
0.9862244725227356
0.9724557995796204
0.9586992263793945
0.9449565410614014
0.9312247633934021
0.9174939393997192
0.9037462472915649
0.8899532556533813
0.8760756254196167
0.8620600700378418
0.8478394746780396
0.833329975605011
0.818431556224823
0.8030250668525696
0.786974310874939
0.7701231241226196
0.7522982954978943
0.7333076596260071
0.7129437923431396
0.69098299741745
1.233445405960083
1.2167692184448242
1.2013020515441895
1.1868776082992554
1.173341155052185
1.1605496406555176
1.1483736038208008
1.136696457862854
1.125415563583374
1.1144413948059082
1.1036983728408813
1.0931223630905151
1.0826623439788818
1.0722768306732178
1.0619351863861084
1.051614761352539
1.0413007736206055
1.0309842824935913
1.0206615924835205
1.0103325843811035
1.0
0.9896673560142517
0.9793384671211243
0.9690157771110535
0.9586992263793945
0.9483851790428162
0.9380647540092468
0.9277231693267822
0.9173377156257629
0.9068775773048401
0.8963016867637634
0.8855586051940918
0.874584436416626
0.8633036017417908
0.8516263365745544
0.8394504189491272
0.8266589045524597
0.8131224513053894
0.7986979484558105
0.7832308411598206
0.7665546536445618
1.156434416770935
1.1452195644378662
1.13481605052948
1.125113606452942
1.1160095930099487
1.1074092388153076
1.0992263555526733
1.0913832187652588
1.0838115215301514
1.0764514207839966
1.0692521333694458
1.0621706247329712
1.055172085762024
1.0482287406921387
1.0413192510604858
1.0344278812408447
1.0275442600250244
1.0206615924835205
1.0137767791748047
1.0068893432617188
1.0
0.9931106567382812
0.9862231612205505
0.9793384671211243
0.9724557995796204
0.9655721187591553
0.9586807489395142
0.9517712593078613
0.9448278546333313
0.9378294348716736
0.9307478666305542
0.9235485792160034
0.9161884784698486
0.908616840839386
0.9007737040519714
0.8925908207893372
0.8839903473854065
0.8748864531517029
0.86518394947052
0.8547804355621338
0.8435655236244202
1.0784591436386108
1.0728224515914917
1.0675930976867676
1.0627161264419556
1.0581402778625488
1.0538182258605957
1.0497071743011475
1.0457680225372314
1.0419669151306152
1.038273572921753
1.0346627235412598
1.0311126708984375
1.0276058912277222
1.0241281986236572
1.020668864250183
1.0172197818756104
1.0137754678726196
1.0103325843811035
1.0068893432617188
1.003445029258728
1.0
0.996554970741272
0.9931106567382812
0.9896673560142517
0.9862244725227356
0.9827802777290344
0.9793311953544617
0.9758718609809875
0.9723941683769226
0.9688873291015625
0.9653372764587402
0.9617263674736023
0.9580330848693848
0.9542319178581238
0.9502928256988525
0.9461817145347595
0.9418597221374512
0.9372839331626892
0.9324069023132324
0.9271775484085083
0.9215409159660339
1.0
1.0
1.0
1.0
1.0
1.0
1.0
1.0
1.0
1.0
1.0
1.0
1.0
1.0
1.0
1.0
1.0
1.0
1.0
1.0
1.0
1.0
1.0
1.0
1.0
1.0
1.0
1.0
1.0
1.0
1.0
1.0
1.0
1.0
1.0
1.0
1.0
1.0
1.0
1.0
1.0
0.9215409159660339
0.9271775484085083
0.9324069023132324
0.9372839331626892
0.9418597221374512
0.9461817145347595
0.9502928256988525
0.9542319178581238
0.9580330848693848
0.9617263674736023
0.9653372764587402
0.9688873291015625
0.9723941683769226
0.9758718609809875
0.9793311953544617
0.9827802777290344
0.9862244725227356
0.9896673560142517
0.9931106567382812
0.996554970741272
1.0
1.003445029258728
1.0068893432617188
1.0103325843811035
1.0137754678726196
1.0172197818756104
1.020668864250183
1.0241281986236572
1.0276058912277222
1.0311126708984375
1.0346627235412598
1.038273572921753
1.0419669151306152
1.0457680225372314
1.0497071743011475
1.0538182258605957
1.0581402778625488
1.0627161264419556
1.0675930976867676
1.0728224515914917
1.0784591436386108
0.8435655236244202
0.8547804355621338
0.86518394947052
0.8748864531517029
0.8839903473854065
0.8925908207893372
0.9007737040519714
0.908616840839386
0.9161884784698486
0.9235485792160034
0.9307478666305542
0.9378294348716736
0.9448278546333313
0.9517712593078613
0.9586807489395142
0.9655721187591553
0.9724557995796204
0.9793384671211243
0.9862231612205505
0.9931106567382812
1.0
1.0068893432617188
1.0137767791748047
1.0206615924835205
1.0275442600250244
1.0344278812408447
1.0413192510604858
1.0482287406921387
1.055172085762024
1.0621706247329712
1.0692521333694458
1.0764514207839966
1.0838115215301514
1.0913832187652588
1.0992263555526733
1.1074092388153076
1.1160095930099487
1.125113606452942
1.13481605052948
1.1452195644378662
1.156434416770935
0.7665546536445618
0.7832308411598206
0.7986979484558105
0.8131224513053894
0.8266589045524597
0.8394504189491272
0.8516263365745544
0.8633036017417908
0.874584436416626
0.8855586051940918
0.8963016867637634
0.9068775773048401
0.9173377156257629
0.9277231693267822
0.9380647540092468
0.9483851790428162
0.9586992263793945
0.9690157771110535
0.9793384671211243
0.9896673560142517
1.0
1.0103325843811035
1.0206615924835205
1.0309842824935913
1.0413007736206055
1.051614761352539
1.0619351863861084
1.0722768306732178
1.0826623439788818
1.0931223630905151
1.1036983728408813
1.1144413948059082
1.125415563583374
1.136696457862854
1.1483736038208008
1.1605496406555176
1.173341155052185
1.1868776082992554
1.2013020515441895
1.2167692184448242
1.233445405960083
0.69098299741745
0.7129437923431396
0.7333076596260071
0.7522982954978943
0.7701231241226196
0.786974310874939
0.8030250668525696
0.818431556224823
0.833329975605011
0.8478394746780396
0.8620600700378418
0.8760756254196167
0.8899532556533813
0.9037462472915649
0.9174939393997192
0.9312247633934021
0.9449565410614014
0.9586992263793945
0.9724557995796204
0.9862244725227356
1.0
1.0137754678726196
1.0275442600250244
1.0413007736206055
1.0550434589385986
1.0687751770019531
1.0825060606002808
1.096253752708435
1.1100467443466187
1.1239243745803833
1.1379399299621582
1.1521605253219604
1.1666699647903442
1.1815685033798218
1.1969748735427856
1.213025689125061
1.2298768758773804
1.2477017641067505
1.2666922807693481
1.2870562076568604
1.3090169429779053
0.6173165440559387
0.6443249583244324
0.6693614721298218
0.6927087903022766
0.7146288752555847
0.735363781452179
0.7551313638687134
0.7741272449493408
0.7925217151641846
0.8104625940322876
0.8280733823776245
0.8454570770263672
0.862695038318634
0.8798512816429138
0.8969721794128418
0.9140902757644653
0.9312247633934021
0.9483851790428162
0.9655721187591553
0.9827802777290344
1.0
1.0172197818756104
1.0344278812408447
1.051614761352539
1.0687751770019531
1.0859097242355347
1.1030278205871582
1.1201486587524414
1.1373050212860107
1.1545429229736328
1.1719266176223755
1.1895374059677124
1.2074782848358154
1.2258727550506592
1.2448686361312866
1.2646362781524658
1.28537118434906
1.3072912693023682
1.3306385278701782
1.3556751012802124
1.3826833963394165
0.5460094809532166
0.5777655243873596
0.6071914434432983
0.6346310973167419
0.660402774810791
0.6848001480102539
0.7080865502357483
0.7304975986480713
0.7522370219230652
0.7734808921813965
0.794374942779541
0.8150397539138794
0.8355693221092224
0.8560365438461304
0.8764925599098206
0.8969721794128418
0.9174939393997192
0.9380647540092468
0.9586807489395142
0.9793311953544617
1.0
1.020668864250183
1.0413192510604858
1.0619351863861084
1.0825060606002808
1.1030278205871582
1.1235073804855347
1.1439634561538696
1.1644306182861328
1.1849602460861206
1.205625057220459
1.2265191078186035
1.24776291847229
1.2695024013519287
1.2919135093688965
1.315199851989746
1.339597225189209
1.3653689622879028
1.3928085565567017
1.4222345352172852
1.4539904594421387
0.47750142216682434
0.5136407613754272
0.5471116304397583
0.5783222317695618
0.6076501607894897
0.6354426145553589
0.662009596824646
0.6876270174980164
0.7125317454338074
0.7369269132614136
0.7609790563583374
0.7848243117332458
0.8085670471191406
0.832286536693573
0.8560365438461304
0.8798512816429138
0.9037462472915649
0.9277231693267822
0.9517712593078613
0.9758718609809875
1.0
1.0241281986236572
1.0482287406921387
1.0722768306732178
1.096253752708435
1.1201486587524414
1.1439634561538696
1.1677134037017822
1.1914329528808594
1.215175747871399
1.2390209436416626
1.2630730867385864
1.2874683141708374
1.3123730421066284
1.337990403175354
1.3645573854446411
1.3923498392105103
1.421677827835083
1.4528883695602417
1.4863592386245728
1.522498607635498
0.4122147560119629
0.4523038864135742
0.48941025137901306
0.5240107774734497
0.5565457344055176
0.5874184966087341
0.6169871687889099
0.6455681920051575
0.6734309792518616
0.7008043527603149
0.7278732657432556
0.7547869086265564
0.7816572785377502
0.8085670471191406
0.8355693221092224
0.862695038318634
0.8899532556533813
0.9173377156257629
0.9448278546333313
0.9723941683769226
1.0
1.0276058912277222
1.055172085762024
1.0826623439788818
1.1100467443466187
1.1373050212860107
1.1644306182861328
1.1914329528808594
1.218342661857605
1.2452130317687988
1.2721267938613892
1.299195647239685
1.3265689611434937
1.3544317483901978
1.3830128908157349
1.412581443786621
1.4434542655944824
1.4759892225265503
1.5105897188186646
1.5476961135864258
1.587785243988037
0.350551962852478
0.39408499002456665
0.43434855341911316
0.4718947112560272
0.5072311758995056
0.5408207774162292
0.5730712413787842
0.6043400764465332
0.6349276900291443
0.6650865077972412
0.6950172185897827
0.7248786687850952
0.7547869086265564
0.7848243117332458
0.8150397539138794
0.8454570770263672
0.8760756254196167
0.9068775773048401
0.9378294348716736
0.9688873291015625
1.0
1.0311126708984375
1.0621706247329712
1.0931223630905151
1.1239243745803833
1.1545429229736328
1.1849602460861206
1.215175747871399
1.2452130317687988
1.2751213312149048
1.3049827814102173
1.3349134922027588
1.3650723695755005
1.3956599235534668
1.4269287586212158
1.459179162979126
1.4927687644958496
1.5281052589416504
1.5656514167785645
1.6059150695800781
1.649448037147522
0.2928932309150696
0.33928316831588745
0.3821503221988678
0.42212942242622375
0.4598020017147064
0.4956945478916168
0.5302661657333374
0.5639148354530334
0.5969704389572144
0.6297057271003723
0.6623331308364868
0.6950172185897827
0.7278732657432556
0.7609790563583374
0.794374942779541
0.8280733823776245
0.8620600700378418
0.8963016867637634
0.9307478666305542
0.9653372764587402
1.0
1.0346627235412598
1.0692521333694458
1.1036983728408813
1.1379399299621582
1.1719266176223755
1.205625057220459
1.2390209436416626
1.2721267938613892
1.3049827814102173
1.3376668691635132
1.3702943325042725
1.4030295610427856
1.4360852241516113
1.4697338342666626
1.5043054819107056
1.5401979684829712
1.5778706073760986
1.6178497076034546
1.6607167720794678
1.7071068286895752
0.23959402740001678
0.2881660461425781
0.3330000042915344
0.3748250901699066
0.41430485248565674
0.4520343542098999
0.4885256886482239
0.5242164134979248
0.5594624280929565
0.5945524573326111
0.6297057271003723
0.6650865077972412
0.7008043527603149
0.7369269132614136
0.7734808921813965
0.8104625940322876
0.8478394746780396
0.8855586051940918
0.9235485792160034
0.9617263674736023
1.0
1.038273572921753
1.0764514207839966
1.1144413948059082
1.1521605253219604
1.1895374059677124
1.2265191078186035
1.2630730867385864
1.299195647239685
1.3349134922027588
1.3702943325042725
1.4054474830627441
1.4405375719070435
1.4757835865020752
1.5114742517471313
1.5479656457901
1.5856951475143433
1.625174880027771
1.6670000553131104
1.7118339538574219
1.7604060173034668
0.19098301231861115
0.24095836281776428
0.2870270609855652
0.33002781867980957
0.37071698904037476
0.40976402163505554
0.4477345645427704
0.4851030111312866
0.5222461819648743
0.5594624280929565
0.5969704389572144
0.6349276900291443
0.6734309792518616
0.7125317454338074
0.7522370219230652
0.7925217151641846
0.833329975605011
0.874584436416626
0.9161884784698486
0.9580330848693848
1.0
1.0419669151306152
1.0838115215301514
1.125415563583374
1.1666699647903442
1.2074782848358154
1.24776291847229
1.2874683141708374
1.3265689611434937
1.3650723695755005
1.4030295610427856
1.4405375719070435
1.4777538776397705
1.5148969888687134
1.5522654056549072
1.590235948562622
1.6292829513549805
1.6699721813201904
1.7129729986190796
1.759041666984558
1.8090169429779053
0.14735983312129974
0.19784073531627655
0.24430207908153534
0.28771477937698364
0.32894167304039
0.3687324821949005
0.4077051877975464
0.4463655650615692
0.4851030111312866
0.5242164134979248
0.5639148354530334
0.6043400764465332
0.6455681920051575
0.6876270174980164
0.7304975986480713
0.7741272449493408
0.818431556224823
0.8633036017417908
0.908616840839386
0.9542319178581238
1.0
1.0457680225372314
1.0913832187652588
1.136696457862854
1.1815685033798218
1.2258727550506592
1.2695024013519287
1.3123730421066284
1.3544317483901978
1.3956599235534668
1.4360852241516113
1.4757835865020752
1.5148969888687134
1.5536344051361084
1.5922948122024536
1.6312675476074219
1.6710582971572876
1.7122851610183716
1.7556979656219482
1.802159309387207
1.852640151977539
0.10899347811937332
0.15893056988716125
0.2048085629940033
0.24776095151901245
0.2887744605541229
0.32868292927742004
0.3681510388851166
0.4077051877975464
0.4477345645427704
0.4885256886482239
0.5302661657333374
0.5730712413787842
0.6169871687889099
0.662009596824646
0.7080865502357483
0.7551313638687134
0.8030250668525696
0.8516263365745544
0.9007737040519714
0.9502928256988525
1.0
1.0497071743011475
1.0992263555526733
1.1483736038208008
1.1969748735427856
1.2448686361312866
1.2919135093688965
1.337990403175354
1.3830128908157349
1.4269287586212158
1.4697338342666626
1.5114742517471313
1.5522654056549072
1.5922948122024536
1.631848931312561
1.6713171005249023
1.7112255096435547
1.7522391080856323
1.7951914072036743
1.8410694599151611
1.8910064697265625
0.07612046599388123
0.12427683174610138
0.16843116283416748
0.20992684364318848
0.24989257752895355
0.2892458140850067
0.32868292927742004
0.3687324821949005
0.40976402163505554
0.4520343542098999
0.4956945478916168
0.5408207774162292
0.5874184966087341
0.6354426145553589
0.6848001480102539
0.735363781452179
0.786974310874939
0.8394504189491272
0.8925908207893372
0.9461817145347595
1.0
1.0538182258605957
1.1074092388153076
1.1605496406555176
1.213025689125061
1.2646362781524658
1.315199851989746
1.3645573854446411
1.412581443786621
1.459179162979126
1.5043054819107056
1.5479656457901
1.590235948562622
1.6312675476074219
1.6713171005249023
1.710754156112671
1.7501074075698853
1.7900731563568115
1.8315688371658325
1.875723123550415
1.9238795042037964
0.04894348233938217
0.0938139408826828
0.13489286601543427
0.17379091680049896
0.21179740130901337
0.24989257752895355
0.2887744605541229
0.32894167304039
0.37071698904037476
0.41430485248565674
0.4598020017147064
0.5072311758995056
0.5565457344055176
0.6076501607894897
0.660402774810791
0.7146288752555847
0.7701231241226196
0.8266589045524597
0.8839903473854065
0.9418597221374512
1.0
1.0581402778625488
1.1160095930099487
1.173341155052185
1.2298768758773804
1.28537118434906
1.339597225189209
1.3923498392105103
1.4434542655944824
1.4927687644958496
1.5401979684829712
1.5856951475143433
1.6292829513549805
1.6710582971572876
1.7112255096435547
1.7501074075698853
1.7882026433944702
1.8262090682983398
1.8651071786880493
1.9061861038208008
1.9510564804077148
0.02763007953763008
0.0673418939113617
0.1037091389298439
0.1387176513671875
0.17379091680049896
0.20992684364318848
0.24776095151901245
0.28771477937698364
0.33002781867980957
0.3748250901699066
0.42212942242622375
0.4718947112560272
0.5240107774734497
0.5783222317695618
0.6346310973167419
0.6927087903022766
0.7522982954978943
0.8131224513053894
0.8748864531517029
0.9372839331626892
1.0
1.0627161264419556
1.125113606452942
1.1868776082992554
1.2477017641067505
1.3072912693023682
1.3653689622879028
1.421677827835083
1.4759892225265503
1.5281052589416504
1.5778706073760986
1.625174880027771
1.6699721813201904
1.7122851610183716
1.7522391080856323
1.7900731563568115
1.8262090682983398
1.8612823486328125
1.896290898323059
1.932658076286316
1.972369909286499
0.012311659753322601
0.04433077573776245
0.07402565330266953
0.1037091389298439
0.13489286601543427
0.16843116283416748
0.2048085629940033
0.24430207908153534
0.2870270609855652
0.3330000042915344
0.3821503221988678
0.43434855341911316
0.48941025137901306
0.5471116304397583
0.6071914434432983
0.6693614721298218
0.7333076596260071
0.7986979484558105
0.86518394947052
0.9324069023132324
1.0
1.0675930976867676
1.13481605052948
1.2013020515441895
1.2666922807693481
1.3306385278701782
1.3928085565567017
1.4528883695602417
1.5105897188186646
1.5656514167785645
1.6178497076034546
1.6670000553131104
1.7129729986190796
1.7556979656219482
1.7951914072036743
1.8315688371658325
1.8651071786880493
1.896290898323059
1.9259743690490723
1.9556691646575928
1.9876883029937744
0.003082666313275695
0.023871582001447678
0.04433077573776245
0.0673418939113617
0.0938139408826828
0.12427683174610138
0.15893056988716125
0.19784073531627655
0.24095836281776428
0.2881660461425781
0.33928316831588745
0.39408499002456665
0.4523038864135742
0.5136407613754272
0.5777655243873596
0.6443249583244324
0.7129437923431396
0.7832308411598206
0.8547804355621338
0.9271775484085083
1.0
1.0728224515914917
1.1452195644378662
1.2167692184448242
1.2870562076568604
1.3556751012802124
1.4222345352172852
1.4863592386245728
1.5476961135864258
1.6059150695800781
1.6607167720794678
1.7118339538574219
1.759041666984558
1.802159309387207
1.8410694599151611
1.875723123550415
1.9061861038208008
1.932658076286316
1.9556691646575928
1.9761284589767456
1.9969173669815063
0.0
0.003082666313275695
0.012311659753322601
0.02763007953763008
0.04894348233938217
0.07612046599388123
0.10899347811937332
0.14735983312129974
0.19098301231861115
0.23959402740001678
0.2928932309150696
0.350551962852478
0.4122147560119629
0.47750142216682434
0.5460094809532166
0.6173165440559387
0.69098299741745
0.7665546536445618
0.8435655236244202
0.9215409159660339
1.0
1.0784591436386108
1.156434416770935
1.233445405960083
1.3090169429779053
1.3826833963394165
1.4539904594421387
1.522498607635498
1.587785243988037
1.649448037147522
1.7071068286895752
1.7604060173034668
1.8090169429779053
1.852640151977539
1.8910064697265625
1.9238795042037964
1.9510564804077148
1.972369909286499
1.9876883029937744
1.9969173669815063
2.0
