2.0
1.9969173669815063
1.9876883029937744
1.972369909286499
1.9510564804077148
1.9238795042037964
1.8910064697265625
1.852640151977539
1.8090169429779053
1.7604060173034668
1.7071068286895752
1.649448037147522
1.587785243988037
1.522498607635498
1.4539904594421387
1.3826833963394165
1.3090169429779053
1.233445405960083
1.156434416770935
1.0784591436386108
1.0
0.9215409159660339
0.8435655236244202
0.7665546536445618
0.69098299741745
0.6173165440559387
0.5460094809532166
0.47750142216682434
0.4122147560119629
0.350551962852478
0.2928932309150696
0.23959402740001678
0.19098301231861115
0.14735983312129974
0.10899347811937332
0.07612046599388123
0.04894348233938217
0.02763007953763008
0.012311659753322601
0.003082666313275695
0.0
1.9969173669815063
1.9761033058166504
1.9556281566619873
1.9326061010360718
1.906126618385315
1.8756589889526367
1.8410025835037231
1.8020914793014526
1.7589744329452515
1.7117685079574585
1.6606541872024536
1.60585618019104
1.5476418733596802
1.486310362815857
1.4221915006637573
1.3556385040283203
1.2870265245437622
1.2167465686798096
1.1452044248580933
1.0728148221969604
1.0
0.9271851778030396
0.8547956347465515
0.7832534313201904
0.7129735350608826
0.6443614959716797
0.5778084993362427
0.5136896967887878
0.45235809683799744
0.39414381980895996
0.339345782995224
0.2882315516471863
0.24102561175823212
0.19790850579738617
0.15899741649627686
0.12434100359678268
0.09387334436178207
0.06739389896392822
0.044371817260980606
0.023896673694252968
0.003082666313275695
1.9876883029937744
1.9556281566619873
1.9259041547775269
1.8962000608444214
1.8650020360946655
1.8314541578292847
1.7950712442398071
1.75557541847229
1.7128510475158691
1.6668809652328491
1.6177356243133545
1.5655440092086792
1.5104906558990479
1.4527989625930786
1.3927297592163086
1.3305715322494507
1.2666378021240234
1.2012605667114258
1.134788155555725
1.0675791501998901
1.0
0.9324209094047546
0.8652118444442749
0.7987393736839294
0.7333621978759766
0.6694285273551941
0.6072701811790466
0.5472010970115662
0.48950934410095215
0.434455931186676
0.3822644352912903
0.3331190347671509
0.28714898228645325
0.24442452192306519
0.20492874085903168
0.16854579746723175
0.13499802350997925
0.10379993915557861
0.07409584522247314
0.044371817260980606
0.012311659753322601
1.972369909286499
1.9326061010360718
1.8962000608444214
1.8611630201339722
1.8260694742202759
1.7899197340011597
1.752077341079712
1.7121198177337646
1.669806957244873
1.6250131130218506
1.5777151584625244
1.527958869934082
1.4758539199829102
1.4215553998947144
1.365261197090149
1.3071993589401245
1.2476270198822021
1.1868207454681396
1.125075340270996
1.0626968145370483
1.0
0.9373031258583069
0.8749246597290039
0.8131792545318604
0.7523730397224426
0.6928005814552307
0.6347388029098511
0.5784446001052856
0.5241460800170898
0.47204118967056274
0.4222848117351532
0.3749868869781494
0.33019310235977173
0.28788021206855774
0.2479226291179657
0.21008022129535675
0.17393052577972412
0.13883693516254425
0.10379993915557861
0.06739389896392822
0.02763007953763008
1.9510564804077148
1.906126618385315
1.8650020360946655
1.8260694742202759
1.788037896156311
1.7499253749847412
1.7110326290130615
1.6708601713180542
1.6290844678878784
1.5855003595352173
1.5400105714797974
1.4925919771194458
1.4432905912399292
1.3922016620635986
1.3394666910171509
1.2852598428726196
1.2297861576080322
1.1732721328735352
1.1159632205963135
1.0581169128417969
1.0
0.9418830871582031
0.8840367794036865
0.8267278671264648
0.7702138423919678
0.7147401571273804
0.6605333089828491
0.6077982783317566
0.5567094087600708
0.507408082485199
0.45998939871788025
0.41449958086013794
0.3709155023097992
0.329139769077301
0.2889673411846161
0.2500746548175812
0.21196213364601135
0.17393052577972412
0.13499802350997925
0.09387334436178207
0.04894348233938217
1.9238795042037964
1.8756589889526367
1.8314541578292847
1.7899197340011597
1.7499253749847412
1.7105518579483032
1.6711019277572632
1.631045937538147
1.5900132656097412
1.5477466583251953
1.5040944814682007
1.4589797258377075
1.4123966693878174
1.3643900156021118
1.3150522708892822
1.2645102739334106
1.2129230499267578
1.1604715585708618
1.1073566675186157
1.0537917613983154
1.0
0.9462081789970398
0.892643392086029
0.839528501033783
0.7870769500732422
0.7354897260665894
0.6849477887153625
0.635610044002533
0.5876032710075378
0.5410202741622925
0.4959055483341217
0.4522532820701599
0.409986674785614
0.3689541220664978
0.32889804244041443
0.289448082447052
0.2500746548175812
0.21008022129535675
0.16854579746723175
0.12434100359678268
0.07612046599388123
1.8910064697265625
1.8410025835037231
1.7950712442398071
1.752077341079712
1.7110326290130615
1.6711019277572632
1.6316194534301758
1.592057704925537
1.552026629447937
1.5112390518188477
1.4695067405700684
1.4267138242721558
1.382813572883606
1.337809681892395
1.2917540073394775
1.2447324991226196
1.1968638896942139
1.1482892036437988
1.099169373512268
1.0496785640716553
1.0
0.9503214955329895
0.9008305668830872
0.8517107963562012
0.8031360507011414
0.7552674412727356
0.7082460522651672
0.662190318107605
0.617186427116394
0.5732861757278442
0.5304931998252869
0.48876088857650757
0.4479733407497406
0.4079423248767853
0.3683805465698242
0.32889804244041443
0.2889673411846161
0.2479226291179657
0.20492874085903168
0.15899741649627686
0.10899347811937332
1.852640151977539
1.8020914793014526
1.75557541847229
1.7121198177337646
1.6708601713180542
1.631045937538147
1.592057704925537
1.5533888339996338
1.5146492719650269
1.475539207458496
1.4358488321304321
1.3954360485076904
1.3542239665985107
1.312184453010559
1.2693358659744263
1.225730538368225
1.1814523935317993
1.1366081237792969
1.091323733329773
1.0457381010055542
1.0
0.954261839389801
0.9086763262748718
0.8633919358253479
0.8185475468635559
0.7742695212364197
0.7306641340255737
0.6878156065940857
0.6457760334014893
0.6045639514923096
0.5641511082649231
0.5244608521461487
0.48535075783729553
0.4466111361980438
0.4079423248767853
0.3689541220664978
0.329139769077301
0.28788021206855774
0.24442452192306519
0.19790850579738617
0.14735983312129974
1.8090169429779053
1.7589744329452515
1.7128510475158691
1.669806957244873
1.6290844678878784
1.5900132656097412
1.552026629447937
1.5146492719650269
1.4775035381317139
1.4402902126312256
1.4027901887893677
1.3648451566696167
1.3263579607009888
1.2872767448425293
1.247593641281128
1.2073336839675903
1.166551947593689
1.1253256797790527
1.0837509632110596
1.0419363975524902
1.0
0.958063542842865
0.9162490367889404
0.8746743202209473
0.8334479928016663
0.7926663756370544
0.7524063587188721
0.7127233147621155
0.6736419796943665
0.6351547837257385
0.5972098112106323
0.5597097873687744
0.5224965214729309
0.48535075783729553
0.4479733407497406
0.409986674785614
0.3709155023097992
0.33019310235977173
0.28714898228645325
0.24102561175823212
0.19098301231861115
1.7604060173034668
1.7117685079574585
1.6668809652328491
1.6250131130218506
1.5855003595352173
1.5477466583251953
1.5112390518188477
1.475539207458496
1.4402902126312256
1.4052027463912964
1.370057225227356
1.334688425064087
1.2989863157272339
1.262882947921753
1.2263509035110474
1.1893936395645142
1.1520432233810425
1.1143521070480347
1.0763912200927734
1.038243293762207
1.0
0.9617566466331482
0.9236087799072266
0.8856479525566101
0.8479567766189575
0.8106063008308411
0.7736490368843079
0.7371170520782471
0.7010136246681213
0.6653116345405579
0.6299428343772888
0.5947971940040588
0.5597097873687744
0.5244608521461487
0.48876088857650757
0.4522532820701599
0.41449958086013794
0.3749868869781494
0.3331190347671509
0.2882315516471863
0.23959402740001678
1.7071068286895752
1.6606541872024536
1.6177356243133545
1.5777151584625244
1.5400105714797974
1.5040944814682007
1.4695067405700684
1.4358488321304321
1.4027901887893677
1.370057225227356
1.3374369144439697
1.3047642707824707
1.271923542022705
1.2388361692428589
1.2054616212844849
1.171786904335022
1.137825846672058
1.1036113500595093
1.0691934823989868
1.0346332788467407
1.0
0.9653667211532593
0.9308064579963684
0.896388590335846
0.8621741533279419
0.8282131552696228
0.7945384383201599
0.7611638307571411
0.7280765175819397
0.6952356696128845
0.6625630855560303
0.6299428343772888
0.5972098112106323
0.5641511082649231
0.5304931998252869
0.4959055483341217
0.45998939871788025
0.4222848117351532
0.3822644352912903
0.339345782995224
0.2928932309150696
1.649448037147522
1.60585618019104
1.5655440092086792
1.527958869934082
1.4925919771194458
1.4589797258377075
1.4267138242721558
1.3954360485076904
1.3648451566696167
1.334688425064087
1.3047642707824707
1.2749135494232178
1.2450196743011475
1.214999794960022
1.1848045587539673
1.1544097661972046
1.123815655708313
1.0930395126342773
1.0621147155761719
1.0310845375061035
1.0
0.9689154624938965
0.9378852248191833
0.9069604277610779
0.876184344291687
0.8455901741981506
0.8151954412460327
0.7850001454353333
0.7549802660942078
0.7250864505767822
0.6952356696128845
0.6653116345405579
0.6351547837257385
0.6045639514923096
0.5732861757278442
0.5410202741622925
0.507408082485199
0.47204118967056274
0.434455931186676
0.39414381980895996
0.350551962852478
1.587785243988037
1.5476418733596802
1.5104906558990479
1.4758539199829102
1.4432905912399292
1.4123966693878174
1.382813572883606
1.3542239665985107
1.3263579607009888
1.2989863157272339
1.271923542022705
1.2450196743011475
1.2181626558303833
1.191269040107727
1.1642855405807495
1.1371808052062988
1.109945297241211
1.082585096359253
1.0551199913024902
1.027579665184021
1.0
0.9724203944206238
0.944879949092865
0.9174149632453918
0.8900546431541443
0.8628191351890564
0.8357143998146057
0.8087309002876282
0.7818374037742615
0.7549802660942078
0.7280765175819397
0.7010136246681213
0.6736419796943665
0.6457760334014893
0.617186427116394
0.5876032710075378
0.5567094087600708
0.5241460800170898
0.48950934410095215
0.45235809683799744
0.4122147560119629
1.522498607635498
1.486310362815857
1.4527989625930786
1.4215553998947144
1.3922016620635986
1.3643900156021118
1.337809681892395
1.312184453010559
1.2872767448425293
1.262882947921753
1.2388361692428589
1.214999794960022
1.191269040107727
1.1675642728805542
1.1438313722610474
1.1200356483459473
1.0961613655090332
1.0722064971923828
1.0481812953948975
1.0241042375564575
1.0
0.9758957624435425
0.9518187046051025
0.927793562412262
0.9038386344909668
0.8799643516540527
0.8561686277389526
0.832435667514801
0.8087309002876282
0.7850001454353333
0.7611638307571411
0.7371170520782471
0.7127233147621155
0.6878156065940857
0.662190318107605
0.635610044002533
0.6077982783317566
0.5784446001052856
0.5472010970115662
0.5136896967887878
0.47750142216682434
1.4539904594421387
1.4221915006637573
1.3927297592163086
1.365261197090149
1.3394666910171509
1.3150522708892822
1.2917540073394775
1.2693358659744263
1.247593641281128
1.2263509035110474
1.2054616212844849
1.1848045587539673
1.1642855405807495
1.1438313722610474
1.1233904361724854
1.1029276847839355
1.0824241638183594
1.0618728399276733
1.0412771701812744
1.020647644996643
1.0
0.9793523550033569
0.9587228298187256
0.9381271600723267
0.9175758361816406
0.8970723152160645
0.8766095638275146
0.8561686277389526
0.8357143998146057
0.8151954412460327
0.7945384383201599
0.7736490368843079
0.7524063587188721
0.7306641340255737
0.7082460522651672
0.6849477887153625
0.6605333089828491
0.6347388029098511
0.6072701811790466
0.5778084993362427
0.5460094809532166
1.3826833963394165
1.3556385040283203
1.3305715322494507
1.3071993589401245
1.2852598428726196
1.2645102739334106
1.2447324991226196
1.225730538368225
1.2073336839675903
1.1893936395645142
1.171786904335022
1.1544097661972046
1.1371808052062988
1.1200356483459473
1.1029276847839355
1.0858240127563477
1.0687050819396973
1.0515613555908203
1.0343918800354004
1.0172016620635986
1.0
0.9827983975410461
0.9656081199645996
0.9484386444091797
0.931294858455658
0.9141759872436523
0.8970723152160645
0.8799643516540527
0.8628191351890564
0.8455901741981506
0.8282131552696228
0.8106063008308411
0.7926663756370544
0.7742695212364197
0.7552674412727356
0.7354897260665894
0.7147401571273804
0.6928005814552307
0.6694285273551941
0.6443614959716797
0.6173165440559387
1.3090169429779053
1.2870265245437622
1.2666378021240234
1.2476270198822021
1.2297861576080322
1.2129230499267578
1.1968638896942139
1.1814523935317993
1.166551947593689
1.1520432233810425
1.137825846672058
1.123815655708313
1.109945297241211
1.0961613655090332
1.0824241638183594
1.0687050819396973
1.0549861192703247
1.0412571430206299
1.0275146961212158
1.0137606859207153
1.0
0.9862393140792847
0.9724852442741394
0.9587429165840149
0.9450138211250305
0.931294858455658
0.9175758361816406
0.9038386344909668
0.8900546431541443
0.876184344291687
0.8621741533279419
0.8479567766189575
0.8334479928016663
0.8185475468635559
0.8031360507011414
0.7870769500732422
0.7702138423919678
0.7523730397224426
0.7333621978759766
0.7129735350608826
0.69098299741745
1.233445405960083
1.2167465686798096
1.2012605667114258
1.1868207454681396
1.1732721328735352
1.1604715585708618
1.1482892036437988
1.1366081237792969
1.1253256797790527
1.1143521070480347
1.1036113500595093
1.0930395126342773
1.082585096359253
1.0722064971923828
1.0618728399276733
1.0515613555908203
1.0412571430206299
1.030950903892517
1.0206390619277954
1.0103212594985962
1.0
0.989678680896759
0.9793609380722046
0.9690490961074829
0.9587429165840149
0.9484386444091797
0.9381271600723267
0.927793562412262
0.9174149632453918
0.9069604277610779
0.896388590335846
0.8856479525566101
0.8746743202209473
0.8633919358253479
0.8517107963562012
0.839528501033783
0.8267278671264648
0.8131792545318604
0.7987393736839294
0.7832534313201904
0.7665546536445618
1.156434416770935
1.1452044248580933
1.134788155555725
1.125075340270996
1.1159632205963135
1.1073566675186157
1.099169373512268
1.091323733329773
1.0837509632110596
1.0763912200927734
1.0691934823989868
1.0621147155761719
1.0551199913024902
1.0481812953948975
1.0412771701812744
1.0343918800354004
1.0275146961212158
1.0206390619277954
1.0137616395950317
1.0068817138671875
1.0
0.9931182861328125
0.9862383008003235
0.9793609380722046
0.9724852442741394
0.9656081199645996
0.9587228298187256
0.9518187046051025
0.944879949092865
0.9378852248191833
0.9308064579963684
0.9236087799072266
0.9162490367889404
0.9086763262748718
0.9008305668830872
0.892643392086029
0.8840367794036865
0.8749246597290039
0.8652118444442749
0.8547956347465515
0.8435655236244202
1.0784591436386108
1.0728148221969604
1.0675791501998901
1.0626968145370483
1.0581169128417969
1.0537917613983154
1.0496785640716553
1.0457381010055542
1.0419363975524902
1.038243293762207
1.0346332788467407
1.0310845375061035
1.027579665184021
1.0241042375564575
1.020647644996643
1.0172016620635986
1.0137606859207153
1.0103212594985962
1.0068817138671875
1.0034412145614624
1.0
0.9965588450431824
0.9931182861328125
0.989678680896759
0.9862393140792847
0.9827983975410461
0.9793523550033569
0.9758957624435425
0.9724203944206238
0.9689154624938965
0.9653667211532593
0.9617566466331482
0.958063542842865
0.954261839389801
0.9503214955329895
0.9462081789970398
0.9418830871582031
0.9373031258583069
0.9324209094047546
0.9271851778030396
0.9215409159660339
1.0
1.0
1.0
1.0
1.0
1.0
1.0
1.0
1.0
1.0
1.0
1.0
1.0
1.0
1.0
1.0
1.0
1.0
1.0
1.0
1.0
1.0
1.0
1.0
1.0
1.0
1.0
1.0
1.0
1.0
1.0
1.0
1.0
1.0
1.0
1.0
1.0
1.0
1.0
1.0
1.0
0.9215409159660339
0.9271851778030396
0.9324209094047546
0.9373031258583069
0.9418830871582031
0.9462081789970398
0.9503214955329895
0.954261839389801
0.958063542842865
0.9617566466331482
0.9653667211532593
0.9689154624938965
0.9724203944206238
0.9758957624435425
0.9793523550033569
0.9827983975410461
0.9862393140792847
0.989678680896759
0.9931182861328125
0.9965588450431824
1.0
1.0034412145614624
1.0068817138671875
1.0103212594985962
1.0137606859207153
1.0172016620635986
1.020647644996643
1.0241042375564575
1.027579665184021
1.0310845375061035
1.0346332788467407
1.038243293762207
1.0419363975524902
1.0457381010055542
1.0496785640716553
1.0537917613983154
1.0581169128417969
1.0626968145370483
1.0675791501998901
1.0728148221969604
1.0784591436386108
0.8435655236244202
0.8547956347465515
0.8652118444442749
0.8749246597290039
0.8840367794036865
0.892643392086029
0.9008305668830872
0.9086763262748718
0.9162490367889404
0.9236087799072266
0.9308064579963684
0.9378852248191833
0.944879949092865
0.9518187046051025
0.9587228298187256
0.9656081199645996
0.9724852442741394
0.9793609380722046
0.9862383008003235
0.9931182861328125
1.0
1.0068817138671875
1.0137616395950317
1.0206390619277954
1.0275146961212158
1.0343918800354004
1.0412771701812744
1.0481812953948975
1.0551199913024902
1.0621147155761719
1.0691934823989868
1.0763912200927734
1.0837509632110596
1.091323733329773
1.099169373512268
1.1073566675186157
1.1159632205963135
1.125075340270996
1.134788155555725
1.1452044248580933
1.156434416770935
0.7665546536445618
0.7832534313201904
0.7987393736839294
0.8131792545318604
0.8267278671264648
0.839528501033783
0.8517107963562012
0.8633919358253479
0.8746743202209473
0.8856479525566101
0.896388590335846
0.9069604277610779
0.9174149632453918
0.927793562412262
0.9381271600723267
0.9484386444091797
0.9587429165840149
0.9690490961074829
0.9793609380722046
0.989678680896759
1.0
1.0103212594985962
1.0206390619277954
1.030950903892517
1.0412571430206299
1.0515613555908203
1.0618728399276733
1.0722064971923828
1.082585096359253
1.0930395126342773
1.1036113500595093
1.1143521070480347
1.1253256797790527
1.1366081237792969
1.1482892036437988
1.1604715585708618
1.1732721328735352
1.1868207454681396
1.2012605667114258
1.2167465686798096
1.233445405960083
0.69098299741745
0.7129735350608826
0.7333621978759766
0.7523730397224426
0.7702138423919678
0.7870769500732422
0.8031360507011414
0.8185475468635559
0.8334479928016663
0.8479567766189575
0.8621741533279419
0.876184344291687
0.8900546431541443
0.9038386344909668
0.9175758361816406
0.931294858455658
0.9450138211250305
0.9587429165840149
0.9724852442741394
0.9862393140792847
1.0
1.0137606859207153
1.0275146961212158
1.0412571430206299
1.0549861192703247
1.0687050819396973
1.0824241638183594
1.0961613655090332
1.109945297241211
1.123815655708313
1.137825846672058
1.1520432233810425
1.166551947593689
1.1814523935317993
1.1968638896942139
1.2129230499267578
1.2297861576080322
1.2476270198822021
1.2666378021240234
1.2870265245437622
1.3090169429779053
0.6173165440559387
0.6443614959716797
0.6694285273551941
0.6928005814552307
0.7147401571273804
0.7354897260665894
0.7552674412727356
0.7742695212364197
0.7926663756370544
0.8106063008308411
0.8282131552696228
0.8455901741981506
0.8628191351890564
0.8799643516540527
0.8970723152160645
0.9141759872436523
0.931294858455658
0.9484386444091797
0.9656081199645996
0.9827983975410461
1.0
1.0172016620635986
1.0343918800354004
1.0515613555908203
1.0687050819396973
1.0858240127563477
1.1029276847839355
1.1200356483459473
1.1371808052062988
1.1544097661972046
1.171786904335022
1.1893936395645142
1.2073336839675903
1.225730538368225
1.2447324991226196
1.2645102739334106
1.2852598428726196
1.3071993589401245
1.3305715322494507
1.3556385040283203
1.3826833963394165
0.5460094809532166
0.5778084993362427
0.6072701811790466
0.6347388029098511
0.6605333089828491
0.6849477887153625
0.7082460522651672
0.7306641340255737
0.7524063587188721
0.7736490368843079
0.7945384383201599
0.8151954412460327
0.8357143998146057
0.8561686277389526
0.8766095638275146
0.8970723152160645
0.9175758361816406
0.9381271600723267
0.9587228298187256
0.9793523550033569
1.0
1.020647644996643
1.0412771701812744
1.0618728399276733
1.0824241638183594
1.1029276847839355
1.1233904361724854
1.1438313722610474
1.1642855405807495
1.1848045587539673
1.2054616212844849
1.2263509035110474
1.247593641281128
1.2693358659744263
1.2917540073394775
1.3150522708892822
1.3394666910171509
1.365261197090149
1.3927297592163086
1.4221915006637573
1.4539904594421387
0.47750142216682434
0.5136896967887878
0.5472010970115662
0.5784446001052856
0.6077982783317566
0.635610044002533
0.662190318107605
0.6878156065940857
0.7127233147621155
0.7371170520782471
0.7611638307571411
0.7850001454353333
0.8087309002876282
0.832435667514801
0.8561686277389526
0.8799643516540527
0.9038386344909668
0.927793562412262
0.9518187046051025
0.9758957624435425
1.0
1.0241042375564575
1.0481812953948975
1.0722064971923828
1.0961613655090332
1.1200356483459473
1.1438313722610474
1.1675642728805542
1.191269040107727
1.214999794960022
1.2388361692428589
1.262882947921753
1.2872767448425293
1.312184453010559
1.337809681892395
1.3643900156021118
1.3922016620635986
1.4215553998947144
1.4527989625930786
1.486310362815857
1.522498607635498
0.4122147560119629
0.45235809683799744
0.48950934410095215
0.5241460800170898
0.5567094087600708
0.5876032710075378
0.617186427116394
0.6457760334014893
0.6736419796943665
0.7010136246681213
0.7280765175819397
0.7549802660942078
0.7818374037742615
0.8087309002876282
0.8357143998146057
0.8628191351890564
0.8900546431541443
0.9174149632453918
0.944879949092865
0.9724203944206238
1.0
1.027579665184021
1.0551199913024902
1.082585096359253
1.109945297241211
1.1371808052062988
1.1642855405807495
1.191269040107727
1.2181626558303833
1.2450196743011475
1.271923542022705
1.2989863157272339
1.3263579607009888
1.3542239665985107
1.382813572883606
1.4123966693878174
1.4432905912399292
1.4758539199829102
1.5104906558990479
1.5476418733596802
1.587785243988037
0.350551962852478
0.39414381980895996
0.434455931186676
0.47204118967056274
0.507408082485199
0.5410202741622925
0.5732861757278442
0.6045639514923096
0.6351547837257385
0.6653116345405579
0.6952356696128845
0.7250864505767822
0.7549802660942078
0.7850001454353333
0.8151954412460327
0.8455901741981506
0.876184344291687
0.9069604277610779
0.9378852248191833
0.9689154624938965
1.0
1.0310845375061035
1.0621147155761719
1.0930395126342773
1.123815655708313
1.1544097661972046
1.1848045587539673
1.214999794960022
1.2450196743011475
1.2749135494232178
1.3047642707824707
1.334688425064087
1.3648451566696167
1.3954360485076904
1.4267138242721558
1.4589797258377075
1.4925919771194458
1.527958869934082
1.5655440092086792
1.60585618019104
1.649448037147522
0.2928932309150696
0.339345782995224
0.3822644352912903
0.4222848117351532
0.45998939871788025
0.4959055483341217
0.5304931998252869
0.5641511082649231
0.5972098112106323
0.6299428343772888
0.6625630855560303
0.6952356696128845
0.7280765175819397
0.7611638307571411
0.7945384383201599
0.8282131552696228
0.8621741533279419
0.896388590335846
0.9308064579963684
0.9653667211532593
1.0
1.0346332788467407
1.0691934823989868
1.1036113500595093
1.137825846672058
1.171786904335022
1.2054616212844849
1.2388361692428589
1.271923542022705
1.3047642707824707
1.3374369144439697
1.370057225227356
1.4027901887893677
1.4358488321304321
1.4695067405700684
1.5040944814682007
1.5400105714797974
1.5777151584625244
1.6177356243133545
1.6606541872024536
1.7071068286895752
0.23959402740001678
0.2882315516471863
0.3331190347671509
0.3749868869781494
0.41449958086013794
0.4522532820701599
0.48876088857650757
0.5244608521461487
0.5597097873687744
0.5947971940040588
0.6299428343772888
0.6653116345405579
0.7010136246681213
0.7371170520782471
0.7736490368843079
0.8106063008308411
0.8479567766189575
0.8856479525566101
0.9236087799072266
0.9617566466331482
1.0
1.038243293762207
1.0763912200927734
1.1143521070480347
1.1520432233810425
1.1893936395645142
1.2263509035110474
1.262882947921753
1.2989863157272339
1.334688425064087
1.370057225227356
1.4052027463912964
1.4402902126312256
1.475539207458496
1.5112390518188477
1.5477466583251953
1.5855003595352173
1.6250131130218506
1.6668809652328491
1.7117685079574585
1.7604060173034668
0.19098301231861115
0.24102561175823212
0.28714898228645325
0.33019310235977173
0.3709155023097992
0.409986674785614
0.4479733407497406
0.48535075783729553
0.5224965214729309
0.5597097873687744
0.5972098112106323
0.6351547837257385
0.6736419796943665
0.7127233147621155
0.7524063587188721
0.7926663756370544
0.8334479928016663
0.8746743202209473
0.9162490367889404
0.958063542842865
1.0
1.0419363975524902
1.0837509632110596
1.1253256797790527
1.166551947593689
1.2073336839675903
1.247593641281128
1.2872767448425293
1.3263579607009888
1.3648451566696167
1.4027901887893677
1.4402902126312256
1.4775035381317139
1.5146492719650269
1.552026629447937
1.5900132656097412
1.6290844678878784
1.669806957244873
1.7128510475158691
1.7589744329452515
1.8090169429779053
0.14735983312129974
0.19790850579738617
0.24442452192306519
0.28788021206855774
0.329139769077301
0.3689541220664978
0.4079423248767853
0.4466111361980438
0.48535075783729553
0.5244608521461487
0.5641511082649231
0.6045639514923096
0.6457760334014893
0.6878156065940857
0.7306641340255737
0.7742695212364197
0.8185475468635559
0.8633919358253479
0.9086763262748718
0.954261839389801
1.0
1.0457381010055542
1.091323733329773
1.1366081237792969
1.1814523935317993
1.225730538368225
1.2693358659744263
1.312184453010559
1.3542239665985107
1.3954360485076904
1.4358488321304321
1.475539207458496
1.5146492719650269
1.5533888339996338
1.592057704925537
1.631045937538147
1.6708601713180542
1.7121198177337646
1.75557541847229
1.8020914793014526
1.852640151977539
0.10899347811937332
0.15899741649627686
0.20492874085903168
0.2479226291179657
0.2889673411846161
0.32889804244041443
0.3683805465698242
0.4079423248767853
0.4479733407497406
0.48876088857650757
0.5304931998252869
0.5732861757278442
0.617186427116394
0.662190318107605
0.7082460522651672
0.7552674412727356
0.8031360507011414
0.8517107963562012
0.9008305668830872
0.9503214955329895
1.0
1.0496785640716553
1.099169373512268
1.1482892036437988
1.1968638896942139
1.2447324991226196
1.2917540073394775
1.337809681892395
1.382813572883606
1.4267138242721558
1.4695067405700684
1.5112390518188477
1.552026629447937
1.592057704925537
1.6316194534301758
1.6711019277572632
1.7110326290130615
1.752077341079712
1.7950712442398071
1.8410025835037231
1.8910064697265625
0.07612046599388123
0.12434100359678268
0.16854579746723175
0.21008022129535675
0.2500746548175812
0.289448082447052
0.32889804244041443
0.3689541220664978
0.409986674785614
0.4522532820701599
0.4959055483341217
0.5410202741622925
0.5876032710075378
0.635610044002533
0.6849477887153625
0.7354897260665894
0.7870769500732422
0.839528501033783
0.892643392086029
0.9462081789970398
1.0
1.0537917613983154
1.1073566675186157
1.1604715585708618
1.2129230499267578
1.2645102739334106
1.3150522708892822
1.3643900156021118
1.4123966693878174
1.4589797258377075
1.5040944814682007
1.5477466583251953
1.5900132656097412
1.631045937538147
1.6711019277572632
1.7105518579483032
1.7499253749847412
1.7899197340011597
1.8314541578292847
1.8756589889526367
1.9238795042037964
0.04894348233938217
0.09387334436178207
0.13499802350997925
0.17393052577972412
0.21196213364601135
0.2500746548175812
0.2889673411846161
0.329139769077301
0.3709155023097992
0.41449958086013794
0.45998939871788025
0.507408082485199
0.5567094087600708
0.6077982783317566
0.6605333089828491
0.7147401571273804
0.7702138423919678
0.8267278671264648
0.8840367794036865
0.9418830871582031
1.0
1.0581169128417969
1.1159632205963135
1.1732721328735352
1.2297861576080322
1.2852598428726196
1.3394666910171509
1.3922016620635986
1.4432905912399292
1.4925919771194458
1.5400105714797974
1.5855003595352173
1.6290844678878784
1.6708601713180542
1.7110326290130615
1.7499253749847412
1.788037896156311
1.8260694742202759
1.8650020360946655
1.906126618385315
1.9510564804077148
0.02763007953763008
0.06739389896392822
0.10379993915557861
0.13883693516254425
0.17393052577972412
0.21008022129535675
0.2479226291179657
0.28788021206855774
0.33019310235977173
0.3749868869781494
0.4222848117351532
0.47204118967056274
0.5241460800170898
0.5784446001052856
0.6347388029098511
0.6928005814552307
0.7523730397224426
0.8131792545318604
0.8749246597290039
0.9373031258583069
1.0
1.0626968145370483
1.125075340270996
1.1868207454681396
1.2476270198822021
1.3071993589401245
1.365261197090149
1.4215553998947144
1.4758539199829102
1.527958869934082
1.5777151584625244
1.6250131130218506
1.669806957244873
1.7121198177337646
1.752077341079712
1.7899197340011597
1.8260694742202759
1.8611630201339722
1.8962000608444214
1.9326061010360718
1.972369909286499
0.012311659753322601
0.044371817260980606
0.07409584522247314
0.10379993915557861
0.13499802350997925
0.16854579746723175
0.20492874085903168
0.24442452192306519
0.28714898228645325
0.3331190347671509
0.3822644352912903
0.434455931186676
0.48950934410095215
0.5472010970115662
0.6072701811790466
0.6694285273551941
0.7333621978759766
0.7987393736839294
0.8652118444442749
0.9324209094047546
1.0
1.0675791501998901
1.134788155555725
1.2012605667114258
1.2666378021240234
1.3305715322494507
1.3927297592163086
1.4527989625930786
1.5104906558990479
1.5655440092086792
1.6177356243133545
1.6668809652328491
1.7128510475158691
1.75557541847229
1.7950712442398071
1.8314541578292847
1.8650020360946655
1.8962000608444214
1.9259041547775269
1.9556281566619873
1.9876883029937744
0.003082666313275695
0.023896673694252968
0.044371817260980606
0.06739389896392822
0.09387334436178207
0.12434100359678268
0.15899741649627686
0.19790850579738617
0.24102561175823212
0.2882315516471863
0.339345782995224
0.39414381980895996
0.45235809683799744
0.5136896967887878
0.5778084993362427
0.6443614959716797
0.7129735350608826
0.7832534313201904
0.8547956347465515
0.9271851778030396
1.0
1.0728148221969604
1.1452044248580933
1.2167465686798096
1.2870265245437622
1.3556385040283203
1.4221915006637573
1.486310362815857
1.5476418733596802
1.60585618019104
1.6606541872024536
1.7117685079574585
1.7589744329452515
1.8020914793014526
1.8410025835037231
1.8756589889526367
1.906126618385315
1.9326061010360718
1.9556281566619873
1.9761033058166504
1.9969173669815063
0.0
0.003082666313275695
0.012311659753322601
0.02763007953763008
0.04894348233938217
0.07612046599388123
0.10899347811937332
0.14735983312129974
0.19098301231861115
0.23959402740001678
0.2928932309150696
0.350551962852478
0.4122147560119629
0.47750142216682434
0.5460094809532166
0.6173165440559387
0.69098299741745
0.7665546536445618
0.8435655236244202
0.9215409159660339
1.0
1.0784591436386108
1.156434416770935
1.233445405960083
1.3090169429779053
1.3826833963394165
1.4539904594421387
1.522498607635498
1.587785243988037
1.649448037147522
1.7071068286895752
1.7604060173034668
1.8090169429779053
1.852640151977539
1.8910064697265625
1.9238795042037964
1.9510564804077148
1.972369909286499
1.9876883029937744
1.9969173669815063
2.0
