2.0
1.9969173669815063
1.9876883029937744
1.972369909286499
1.9510564804077148
1.9238795042037964
1.8910064697265625
1.852640151977539
1.8090169429779053
1.7604060173034668
1.7071068286895752
1.649448037147522
1.587785243988037
1.522498607635498
1.4539904594421387
1.3826833963394165
1.3090169429779053
1.233445405960083
1.156434416770935
1.0784591436386108
1.0
0.9215409159660339
0.8435655236244202
0.7665546536445618
0.69098299741745
0.6173165440559387
0.5460094809532166
0.47750142216682434
0.4122147560119629
0.350551962852478
0.2928932309150696
0.23959402740001678
0.19098301231861115
0.14735983312129974
0.10899347811937332
0.07612046599388123
0.04894348233938217
0.02763007953763008
0.012311659753322601
0.003082666313275695
0.0
1.9969173669815063
1.9761141538619995
1.9556459188461304
1.9326285123825073
1.9061522483825684
1.8756866455078125
1.8410314321517944
1.8021206855773926
1.7590034008026123
1.711796760559082
1.6606812477111816
1.6058815717697144
1.5476652383804321
1.4863314628601074
1.4222100973129272
1.355654239654541
1.2870392799377441
1.2167563438415527
1.1452109813690186
1.0728180408477783
1.0
0.9271818995475769
0.8547890782356262
0.7832436561584473
0.7129606604576111
0.6443457007408142
0.5777899622917175
0.5136685967445374
0.4523347020149231
0.39411842823028564
0.33931875228881836
0.28820326924324036
0.2409965842962265
0.19787925481796265
0.15896856784820557
0.12431330233812332
0.09384770691394806
0.06737145036458969
0.04435410350561142
0.02388584427535534
0.003082666313275695
1.9876883029937744
1.9556459188461304
1.9259344339370728
1.8962392807006836
1.8650473356246948
1.8315036296844482
1.7951231002807617
1.7556283473968506
1.712903618812561
1.6669323444366455
1.617784857749939
1.5655903816223145
1.5105334520339966
1.452837586402893
1.3927637338638306
1.330600380897522
1.266661286354065
1.2012784481048584
1.1348001956939697
1.0675851106643677
1.0
0.9324148297309875
0.8651998043060303
0.7987214922904968
0.7333386540412903
0.6693995594978333
0.6072362065315247
0.5471624732017517
0.4894665777683258
0.43440958857536316
0.3822151720523834
0.3330676555633545
0.2870963513851166
0.2443716675043106
0.2048768699169159
0.16849632561206818
0.1349526345729828
0.1037607491016388
0.07406555116176605
0.04435410350561142
0.012311659753322601
1.972369909286499
1.9326285123825073
1.8962392807006836
1.861214518547058
1.826129674911499
1.78998601436615
1.7521471977233887
1.7121912240982056
1.6698782444000244
1.6250829696655273
1.5777822732925415
1.528022050857544
1.47591233253479
1.4216082096099854
1.3653076887130737
1.307239055633545
1.2476592063903809
1.186845302581787
1.125091791152954
1.062705159187317
1.0
0.9372948408126831
0.8749081492424011
0.8131547570228577
0.7523407340049744
0.6927609443664551
0.6346923112869263
0.5783917903900146
0.52408766746521
0.47197797894477844
0.4222177565097809
0.37491706013679504
0.3301217555999756
0.2878088057041168
0.2478528469800949
0.21001401543617249
0.1738702654838562
0.1387854516506195
0.1037607491016388
0.06737145036458969
0.02763007953763008
1.9510564804077148
1.9061522483825684
1.8650473356246948
1.826129674911499
1.7881089448928833
1.7500039339065552
1.7111159563064575
1.6709457635879517
1.6291701793670654
1.5855845212936401
1.5400915145874023
1.4926682710647583
1.4433612823486328
1.3922656774520874
1.3395230770111084
1.2853078842163086
1.2298253774642944
1.1733019351959229
1.115983247756958
1.0581270456314087
1.0
0.9418730139732361
0.884016752243042
0.8266980648040771
0.7701746821403503
0.7146921157836914
0.6604769825935364
0.6077343821525574
0.556638777256012
0.5073317289352417
0.45990851521492004
0.41441553831100464
0.37082982063293457
0.3290542662143707
0.28888407349586487
0.24999606609344482
0.2118910253047943
0.1738702654838562
0.1349526345729828
0.09384770691394806
0.04894348233938217
1.9238795042037964
1.8756866455078125
1.8315036296844482
1.78998601436615
1.7500039339065552
1.710639238357544
1.6711947917938232
1.6311415433883667
1.5901094675064087
1.547841191291809
1.5041855573654175
1.4590657949447632
1.4124764204025269
1.3644622564315796
1.3151159286499023
1.2645646333694458
1.2129672765731812
1.1605051755905151
1.1073793172836304
1.0538032054901123
1.0
0.9461967945098877
0.8926206827163696
0.8394947648048401
0.7870326638221741
0.7354353666305542
0.6848840117454529
0.6355377435684204
0.5875235199928284
0.540934145450592
0.4958144724369049
0.4521588087081909
0.4098905920982361
0.3688584566116333
0.32880520820617676
0.28936079144477844
0.24999606609344482
0.21001401543617249
0.16849632561206818
0.12431330233812332
0.07612046599388123
1.8910064697265625
1.8410314321517944
1.7951231002807617
1.7521471977233887
1.7111159563064575
1.6711947917938232
1.6317185163497925
1.5921599864959717
1.5521297454833984
1.511340618133545
1.4696048498153687
1.4268065690994263
1.382899522781372
1.3378876447677612
1.2918227910995483
1.2447912693023682
1.1969118118286133
1.1483256816864014
1.0991939306259155
1.049690842628479
1.0
0.9503090977668762
0.9008060097694397
0.8516743779182434
0.8030881881713867
0.7552087306976318
0.7081772089004517
0.662112295627594
0.6171004176139832
0.5731934309005737
0.5303952097892761
0.4886593818664551
0.44787028431892395
0.40783995389938354
0.3682814836502075
0.32880520820617676
0.28888407349586487
0.2478528469800949
0.2048768699169159
0.15896856784820557
0.10899347811937332
1.852640151977539
1.8021206855773926
1.7556283473968506
1.7121912240982056
1.6709457635879517
1.6311415433883667
1.5921599864959717
1.5534948110580444
1.514756202697754
1.4756447076797485
1.4359508752822876
1.3955327272415161
1.354313611984253
1.3122657537460327
1.2694077491760254
1.2257919311523438
1.1815025806427002
1.1366461515426636
1.0913493633270264
1.0457510948181152
1.0
0.9542489051818848
0.9086506366729736
0.8633537888526917
0.8184974789619446
0.774208128452301
0.7305922508239746
0.6877341866493225
0.6456863284111023
0.6044673323631287
0.5640491247177124
0.5243553519248962
0.4852438271045685
0.4465051293373108
0.40783995389938354
0.3688584566116333
0.3290542662143707
0.2878088057041168
0.2443716675043106
0.19787925481796265
0.14735983312129974
1.8090169429779053
1.7590034008026123
1.712903618812561
1.6698782444000244
1.6291701793670654
1.5901094675064087
1.5521297454833984
1.514756202697754
1.4776115417480469
1.440397024154663
1.4028935432434082
1.364943265914917
1.3264490365982056
1.287359356880188
1.2476667165756226
1.2073960304260254
1.1666029691696167
1.1253644227981567
1.0837770700454712
1.0419496297836304
1.0
0.9580504298210144
0.916222870349884
0.8746355175971985
0.8333970904350281
0.7926039099693298
0.7523332834243774
0.7126405835151672
0.6735509037971497
0.6350567936897278
0.5971065163612366
0.5596029758453369
0.5223884582519531
0.4852438271045685
0.44787028431892395
0.4098905920982361
0.37082982063293457
0.3301217555999756
0.2870963513851166
0.2409965842962265
0.19098301231861115
1.7604060173034668
1.711796760559082
1.6669323444366455
1.6250829696655273
1.5855845212936401
1.547841191291809
1.511340618133545
1.4756447076797485
1.440397024154663
1.405308485031128
1.3701595067977905
1.3347855806350708
1.2990766763687134
1.2629649639129639
1.2264235019683838
1.1894557476043701
1.152093768119812
1.1143906116485596
1.0764172077178955
1.0382564067840576
1.0
0.9617435932159424
0.9235827922821045
0.8856093883514404
0.8479061722755432
0.8105443120002747
0.7735764384269714
0.7370349764823914
0.7009233236312866
0.665214478969574
0.6298404932022095
0.5946915745735168
0.5596029758453369
0.5243553519248962
0.4886593818664551
0.4521588087081909
0.41441553831100464
0.37491706013679504
0.3330676555633545
0.28820326924324036
0.23959402740001678
1.7071068286895752
1.6606812477111816
1.617784857749939
1.5777822732925415
1.5400915145874023
1.5041855573654175
1.4696048498153687
1.4359508752822876
1.4028935432434082
1.3701595067977905
1.3375362157821655
1.304858684539795
1.272011160850525
1.2389159202575684
1.205532193183899
1.1718472242355347
1.1378750801086426
1.1036489009857178
1.0692187547683716
1.0346460342407227
1.0
0.9653540253639221
0.9307811856269836
0.8963510990142822
0.8621249198913574
0.8281528353691101
0.7944678664207458
0.7610840797424316
0.7279887795448303
0.6951413750648499
0.6624638438224792
0.6298404932022095
0.5971065163612366
0.5640491247177124
0.5303952097892761
0.4958144724369049
0.45990851521492004
0.4222177565097809
0.3822151720523834
0.33931875228881836
0.2928932309150696
1.649448037147522
1.6058815717697144
1.5655903816223145
1.528022050857544
1.4926682710647583
1.4590657949447632
1.4268065690994263
1.3955327272415161
1.364943265914917
1.3347855806350708
1.304858684539795
1.27500319480896
1.245103120803833
1.2150757312774658
1.184871792793274
1.1544673442840576
1.123862624168396
1.0930752754211426
1.0621387958526611
1.0310966968536377
1.0
0.9689033031463623
0.9378611445426941
0.9069246649742126
0.8761374354362488
0.8455327153205872
0.8151282072067261
0.7849242687225342
0.7548968195915222
0.7249967455863953
0.6951413750648499
0.665214478969574
0.6350567936897278
0.6044673323631287
0.5731934309005737
0.540934145450592
0.5073317289352417
0.47197797894477844
0.43440958857536316
0.39411842823028564
0.350551962852478
1.587785243988037
1.5476652383804321
1.5105334520339966
1.47591233253479
1.4433612823486328
1.4124764204025269
1.382899522781372
1.354313611984253
1.3264490365982056
1.2990766763687134
1.272011160850525
1.245103120803833
1.2182403802871704
1.1913398504257202
1.1643482446670532
1.1372344493865967
1.1099891662597656
1.0826183557510376
1.0551425218582153
1.0275909900665283
1.0
0.9724090695381165
0.9448574781417847
0.9173815846443176
0.8900108933448792
0.8627655506134033
0.8356518149375916
0.8086602091789246
0.7817596793174744
0.7548968195915222
0.7279887795448303
0.7009233236312866
0.6735509037971497
0.6456863284111023
0.6171004176139832
0.5875235199928284
0.556638777256012
0.52408766746521
0.4894665777683258
0.4523347020149231
0.4122147560119629
1.522498607635498
1.4863314628601074
1.452837586402893
1.4216082096099854
1.3922656774520874
1.3644622564315796
1.3378876447677612
1.3122657537460327
1.287359356880188
1.2629649639129639
1.2389159202575684
1.2150757312774658
1.1913398504257202
1.1676286458969116
1.1438883543014526
1.1200844049453735
1.0962011814117432
1.0722368955612183
1.0482017993927002
1.0241146087646484
1.0
0.9758854508399963
0.9517982602119446
0.9277631640434265
0.9037987589836121
0.8799155354499817
0.8561115860939026
0.8323712944984436
0.8086602091789246
0.7849242687225342
0.7610840797424316
0.7370349764823914
0.7126405835151672
0.6877341866493225
0.662112295627594
0.6355377435684204
0.6077343821525574
0.5783917903900146
0.5471624732017517
0.5136685967445374
0.47750142216682434
1.4539904594421387
1.4222100973129272
1.3927637338638306
1.3653076887130737
1.3395230770111084
1.3151159286499023
1.2918227910995483
1.2694077491760254
1.2476667165756226
1.2264235019683838
1.205532193183899
1.184871792793274
1.1643482446670532
1.1438883543014526
1.1234409809112549
1.102970838546753
1.082459568977356
1.0618997812271118
1.0412952899932861
1.0206568241119385
1.0
0.9793432354927063
0.9587046504020691
0.9381002187728882
0.9175404906272888
0.8970291018486023
0.8765590786933899
0.8561115860939026
0.8356518149375916
0.8151282072067261
0.7944678664207458
0.7735764384269714
0.7523332834243774
0.7305922508239746
0.7081772089004517
0.6848840117454529
0.6604769825935364
0.6346923112869263
0.6072362065315247
0.5777899622917175
0.5460094809532166
1.3826833963394165
1.355654239654541
1.330600380897522
1.307239055633545
1.2853078842163086
1.2645646333694458
1.2447912693023682
1.2257919311523438
1.2073960304260254
1.1894557476043701
1.1718472242355347
1.1544673442840576
1.1372344493865967
1.1200844049453735
1.102970838546753
1.0858609676361084
1.0687353610992432
1.0515844821929932
1.034407377243042
1.0172094106674194
1.0
0.9827905893325806
0.9655925631523132
0.9484155774116516
0.9312646389007568
0.9141389727592468
0.8970291018486023
0.8799155354499817
0.8627655506134033
0.8455327153205872
0.8281528353691101
0.8105443120002747
0.7926039099693298
0.774208128452301
0.7552087306976318
0.7354353666305542
0.7146921157836914
0.6927609443664551
0.6693995594978333
0.6443457007408142
0.6173165440559387
1.3090169429779053
1.2870392799377441
1.266661286354065
1.2476592063903809
1.2298253774642944
1.2129672765731812
1.1969118118286133
1.1815025806427002
1.1666029691696167
1.152093768119812
1.1378750801086426
1.123862624168396
1.1099891662597656
1.0962011814117432
1.082459568977356
1.0687353610992432
1.0550109148025513
1.041275978088379
1.0275274515151978
1.013767123222351
1.0
0.9862329363822937
0.9724725484848022
0.9587240815162659
0.9449890851974487
0.9312646389007568
0.9175404906272888
0.9037987589836121
0.8900108933448792
0.8761374354362488
0.8621249198913574
0.8479061722755432
0.8333970904350281
0.8184974789619446
0.8030881881713867
0.7870326638221741
0.7701746821403503
0.7523407340049744
0.7333386540412903
0.7129606604576111
0.69098299741745
1.233445405960083
1.2167563438415527
1.2012784481048584
1.186845302581787
1.1733019351959229
1.1605051755905151
1.1483256816864014
1.1366461515426636
1.1253644227981567
1.1143906116485596
1.1036489009857178
1.0930752754211426
1.0826183557510376
1.0722368955612183
1.0618997812271118
1.0515844821929932
1.041275978088379
1.0309653282165527
1.0206488370895386
1.0103261470794678
1.0
0.9896737933158875
0.9793512225151062
0.969034731388092
0.9587240815162659
0.9484155774116516
0.9381002187728882
0.9277631640434265
0.9173815846443176
0.9069246649742126
0.8963510990142822
0.8856093883514404
0.8746355175971985
0.8633537888526917
0.8516743779182434
0.8394947648048401
0.8266980648040771
0.8131547570228577
0.7987214922904968
0.7832436561584473
0.7665546536445618
1.156434416770935
1.1452109813690186
1.1348001956939697
1.125091791152954
1.115983247756958
1.1073793172836304
1.0991939306259155
1.0913493633270264
1.0837770700454712
1.0764172077178955
1.0692187547683716
1.0621387958526611
1.0551425218582153
1.0482017993927002
1.0412952899932861
1.034407377243042
1.0275274515151978
1.0206488370895386
1.013768196105957
1.0068849325180054
1.0
0.9931150078773499
0.986231803894043
0.9793512225151062
0.9724725484848022
0.9655925631523132
0.9587046504020691
0.9517982602119446
0.9448574781417847
0.9378611445426941
0.9307811856269836
0.9235827922821045
0.916222870349884
0.9086506366729736
0.9008060097694397
0.8926206827163696
0.884016752243042
0.8749081492424011
0.8651998043060303
0.8547890782356262
0.8435655236244202
1.0784591436386108
1.0728180408477783
1.0675851106643677
1.062705159187317
1.0581270456314087
1.0538032054901123
1.049690842628479
1.0457510948181152
1.0419496297836304
1.0382564067840576
1.0346460342407227
1.0310966968536377
1.0275909900665283
1.0241146087646484
1.0206568241119385
1.0172094106674194
1.013767123222351
1.0103261470794678
1.0068849325180054
1.0034427642822266
1.0
0.9965571761131287
0.9931150078773499
0.9896737933158875
0.9862329363822937
0.9827905893325806
0.9793432354927063
0.9758854508399963
0.9724090695381165
0.9689033031463623
0.9653540253639221
0.9617435932159424
0.9580504298210144
0.9542489051818848
0.9503090977668762
0.9461967945098877
0.9418730139732361
0.9372948408126831
0.9324148297309875
0.9271818995475769
0.9215409159660339
1.0
1.0
1.0
1.0
1.0
1.0
1.0
1.0
1.0
1.0
1.0
1.0
1.0
1.0
1.0
1.0
1.0
1.0
1.0
1.0
1.0
1.0
1.0
1.0
1.0
1.0
1.0
1.0
1.0
1.0
1.0
1.0
1.0
1.0
1.0
1.0
1.0
1.0
1.0
1.0
1.0
0.9215409159660339
0.9271818995475769
0.9324148297309875
0.9372948408126831
0.9418730139732361
0.9461967945098877
0.9503090977668762
0.9542489051818848
0.9580504298210144
0.9617435932159424
0.9653540253639221
0.9689033031463623
0.9724090695381165
0.9758854508399963
0.9793432354927063
0.9827905893325806
0.9862329363822937
0.9896737933158875
0.9931150078773499
0.9965571761131287
1.0
1.0034427642822266
1.0068849325180054
1.0103261470794678
1.013767123222351
1.0172094106674194
1.0206568241119385
1.0241146087646484
1.0275909900665283
1.0310966968536377
1.0346460342407227
1.0382564067840576
1.0419496297836304
1.0457510948181152
1.049690842628479
1.0538032054901123
1.0581270456314087
1.062705159187317
1.0675851106643677
1.0728180408477783
1.0784591436386108
0.8435655236244202
0.8547890782356262
0.8651998043060303
0.8749081492424011
0.884016752243042
0.8926206827163696
0.9008060097694397
0.9086506366729736
0.916222870349884
0.9235827922821045
0.9307811856269836
0.9378611445426941
0.9448574781417847
0.9517982602119446
0.9587046504020691
0.9655925631523132
0.9724725484848022
0.9793512225151062
0.986231803894043
0.9931150078773499
1.0
1.0068849325180054
1.013768196105957
1.0206488370895386
1.0275274515151978
1.034407377243042
1.0412952899932861
1.0482017993927002
1.0551425218582153
1.0621387958526611
1.0692187547683716
1.0764172077178955
1.0837770700454712
1.0913493633270264
1.0991939306259155
1.1073793172836304
1.115983247756958
1.125091791152954
1.1348001956939697
1.1452109813690186
1.156434416770935
0.7665546536445618
0.7832436561584473
0.7987214922904968
0.8131547570228577
0.8266980648040771
0.8394947648048401
0.8516743779182434
0.8633537888526917
0.8746355175971985
0.8856093883514404
0.8963510990142822
0.9069246649742126
0.9173815846443176
0.9277631640434265
0.9381002187728882
0.9484155774116516
0.9587240815162659
0.969034731388092
0.9793512225151062
0.9896737933158875
1.0
1.0103261470794678
1.0206488370895386
1.0309653282165527
1.041275978088379
1.0515844821929932
1.0618997812271118
1.0722368955612183
1.0826183557510376
1.0930752754211426
1.1036489009857178
1.1143906116485596
1.1253644227981567
1.1366461515426636
1.1483256816864014
1.1605051755905151
1.1733019351959229
1.186845302581787
1.2012784481048584
1.2167563438415527
1.233445405960083
0.69098299741745
0.7129606604576111
0.7333386540412903
0.7523407340049744
0.7701746821403503
0.7870326638221741
0.8030881881713867
0.8184974789619446
0.8333970904350281
0.8479061722755432
0.8621249198913574
0.8761374354362488
0.8900108933448792
0.9037987589836121
0.9175404906272888
0.9312646389007568
0.9449890851974487
0.9587240815162659
0.9724725484848022
0.9862329363822937
1.0
1.013767123222351
1.0275274515151978
1.041275978088379
1.0550109148025513
1.0687353610992432
1.082459568977356
1.0962011814117432
1.1099891662597656
1.123862624168396
1.1378750801086426
1.152093768119812
1.1666029691696167
1.1815025806427002
1.1969118118286133
1.2129672765731812
1.2298253774642944
1.2476592063903809
1.266661286354065
1.2870392799377441
1.3090169429779053
0.6173165440559387
0.6443457007408142
0.6693995594978333
0.6927609443664551
0.7146921157836914
0.7354353666305542
0.7552087306976318
0.774208128452301
0.7926039099693298
0.8105443120002747
0.8281528353691101
0.8455327153205872
0.8627655506134033
0.8799155354499817
0.8970291018486023
0.9141389727592468
0.9312646389007568
0.9484155774116516
0.9655925631523132
0.9827905893325806
1.0
1.0172094106674194
1.034407377243042
1.0515844821929932
1.0687353610992432
1.0858609676361084
1.102970838546753
1.1200844049453735
1.1372344493865967
1.1544673442840576
1.1718472242355347
1.1894557476043701
1.2073960304260254
1.2257919311523438
1.2447912693023682
1.2645646333694458
1.2853078842163086
1.307239055633545
1.330600380897522
1.355654239654541
1.3826833963394165
0.5460094809532166
0.5777899622917175
0.6072362065315247
0.6346923112869263
0.6604769825935364
0.6848840117454529
0.7081772089004517
0.7305922508239746
0.7523332834243774
0.7735764384269714
0.7944678664207458
0.8151282072067261
0.8356518149375916
0.8561115860939026
0.8765590786933899
0.8970291018486023
0.9175404906272888
0.9381002187728882
0.9587046504020691
0.9793432354927063
1.0
1.0206568241119385
1.0412952899932861
1.0618997812271118
1.082459568977356
1.102970838546753
1.1234409809112549
1.1438883543014526
1.1643482446670532
1.184871792793274
1.205532193183899
1.2264235019683838
1.2476667165756226
1.2694077491760254
1.2918227910995483
1.3151159286499023
1.3395230770111084
1.3653076887130737
1.3927637338638306
1.4222100973129272
1.4539904594421387
0.47750142216682434
0.5136685967445374
0.5471624732017517
0.5783917903900146
0.6077343821525574
0.6355377435684204
0.662112295627594
0.6877341866493225
0.7126405835151672
0.7370349764823914
0.7610840797424316
0.7849242687225342
0.8086602091789246
0.8323712944984436
0.8561115860939026
0.8799155354499817
0.9037987589836121
0.9277631640434265
0.9517982602119446
0.9758854508399963
1.0
1.0241146087646484
1.0482017993927002
1.0722368955612183
1.0962011814117432
1.1200844049453735
1.1438883543014526
1.1676286458969116
1.1913398504257202
1.2150757312774658
1.2389159202575684
1.2629649639129639
1.287359356880188
1.3122657537460327
1.3378876447677612
1.3644622564315796
1.3922656774520874
1.4216082096099854
1.452837586402893
1.4863314628601074
1.522498607635498
0.4122147560119629
0.4523347020149231
0.4894665777683258
0.52408766746521
0.556638777256012
0.5875235199928284
0.6171004176139832
0.6456863284111023
0.6735509037971497
0.7009233236312866
0.7279887795448303
0.7548968195915222
0.7817596793174744
0.8086602091789246
0.8356518149375916
0.8627655506134033
0.8900108933448792
0.9173815846443176
0.9448574781417847
0.9724090695381165
1.0
1.0275909900665283
1.0551425218582153
1.0826183557510376
1.1099891662597656
1.1372344493865967
1.1643482446670532
1.1913398504257202
1.2182403802871704
1.245103120803833
1.272011160850525
1.2990766763687134
1.3264490365982056
1.354313611984253
1.382899522781372
1.4124764204025269
1.4433612823486328
1.47591233253479
1.5105334520339966
1.5476652383804321
1.587785243988037
0.350551962852478
0.39411842823028564
0.43440958857536316
0.47197797894477844
0.5073317289352417
0.540934145450592
0.5731934309005737
0.6044673323631287
0.6350567936897278
0.665214478969574
0.6951413750648499
0.7249967455863953
0.7548968195915222
0.7849242687225342
0.8151282072067261
0.8455327153205872
0.8761374354362488
0.9069246649742126
0.9378611445426941
0.9689033031463623
1.0
1.0310966968536377
1.0621387958526611
1.0930752754211426
1.123862624168396
1.1544673442840576
1.184871792793274
1.2150757312774658
1.245103120803833
1.27500319480896
1.304858684539795
1.3347855806350708
1.364943265914917
1.3955327272415161
1.4268065690994263
1.4590657949447632
1.4926682710647583
1.528022050857544
1.5655903816223145
1.6058815717697144
1.649448037147522
0.2928932309150696
0.33931875228881836
0.3822151720523834
0.4222177565097809
0.45990851521492004
0.4958144724369049
0.5303952097892761
0.5640491247177124
0.5971065163612366
0.6298404932022095
0.6624638438224792
0.6951413750648499
0.7279887795448303
0.7610840797424316
0.7944678664207458
0.8281528353691101
0.8621249198913574
0.8963510990142822
0.9307811856269836
0.9653540253639221
1.0
1.0346460342407227
1.0692187547683716
1.1036489009857178
1.1378750801086426
1.1718472242355347
1.205532193183899
1.2389159202575684
1.272011160850525
1.304858684539795
1.3375362157821655
1.3701595067977905
1.4028935432434082
1.4359508752822876
1.4696048498153687
1.5041855573654175
1.5400915145874023
1.5777822732925415
1.617784857749939
1.6606812477111816
1.7071068286895752
0.23959402740001678
0.28820326924324036
0.3330676555633545
0.37491706013679504
0.41441553831100464
0.4521588087081909
0.4886593818664551
0.5243553519248962
0.5596029758453369
0.5946915745735168
0.6298404932022095
0.665214478969574
0.7009233236312866
0.7370349764823914
0.7735764384269714
0.8105443120002747
0.8479061722755432
0.8856093883514404
0.9235827922821045
0.9617435932159424
1.0
1.0382564067840576
1.0764172077178955
1.1143906116485596
1.152093768119812
1.1894557476043701
1.2264235019683838
1.2629649639129639
1.2990766763687134
1.3347855806350708
1.3701595067977905
1.405308485031128
1.440397024154663
1.4756447076797485
1.511340618133545
1.547841191291809
1.5855845212936401
1.6250829696655273
1.6669323444366455
1.711796760559082
1.7604060173034668
0.19098301231861115
0.2409965842962265
0.2870963513851166
0.3301217555999756
0.37082982063293457
0.4098905920982361
0.44787028431892395
0.4852438271045685
0.5223884582519531
0.5596029758453369
0.5971065163612366
0.6350567936897278
0.6735509037971497
0.7126405835151672
0.7523332834243774
0.7926039099693298
0.8333970904350281
0.8746355175971985
0.916222870349884
0.9580504298210144
1.0
1.0419496297836304
1.0837770700454712
1.1253644227981567
1.1666029691696167
1.2073960304260254
1.2476667165756226
1.287359356880188
1.3264490365982056
1.364943265914917
1.4028935432434082
1.440397024154663
1.4776115417480469
1.514756202697754
1.5521297454833984
1.5901094675064087
1.6291701793670654
1.6698782444000244
1.712903618812561
1.7590034008026123
1.8090169429779053
0.14735983312129974
0.19787925481796265
0.2443716675043106
0.2878088057041168
0.3290542662143707
0.3688584566116333
0.40783995389938354
0.4465051293373108
0.4852438271045685
0.5243553519248962
0.5640491247177124
0.6044673323631287
0.6456863284111023
0.6877341866493225
0.7305922508239746
0.774208128452301
0.8184974789619446
0.8633537888526917
0.9086506366729736
0.9542489051818848
1.0
1.0457510948181152
1.0913493633270264
1.1366461515426636
1.1815025806427002
1.2257919311523438
1.2694077491760254
1.3122657537460327
1.354313611984253
1.3955327272415161
1.4359508752822876
1.4756447076797485
1.514756202697754
1.5534948110580444
1.5921599864959717
1.6311415433883667
1.6709457635879517
1.7121912240982056
1.7556283473968506
1.8021206855773926
1.852640151977539
0.10899347811937332
0.15896856784820557
0.2048768699169159
0.2478528469800949
0.28888407349586487
0.32880520820617676
0.3682814836502075
0.40783995389938354
0.44787028431892395
0.4886593818664551
0.5303952097892761
0.5731934309005737
0.6171004176139832
0.662112295627594
0.7081772089004517
0.7552087306976318
0.8030881881713867
0.8516743779182434
0.9008060097694397
0.9503090977668762
1.0
1.049690842628479
1.0991939306259155
1.1483256816864014
1.1969118118286133
1.2447912693023682
1.2918227910995483
1.3378876447677612
1.382899522781372
1.4268065690994263
1.4696048498153687
1.511340618133545
1.5521297454833984
1.5921599864959717
1.6317185163497925
1.6711947917938232
1.7111159563064575
1.7521471977233887
1.7951231002807617
1.8410314321517944
1.8910064697265625
0.07612046599388123
0.12431330233812332
0.16849632561206818
0.21001401543617249
0.24999606609344482
0.28936079144477844
0.32880520820617676
0.3688584566116333
0.4098905920982361
0.4521588087081909
0.4958144724369049
0.540934145450592
0.5875235199928284
0.6355377435684204
0.6848840117454529
0.7354353666305542
0.7870326638221741
0.8394947648048401
0.8926206827163696
0.9461967945098877
1.0
1.0538032054901123
1.1073793172836304
1.1605051755905151
1.2129672765731812
1.2645646333694458
1.3151159286499023
1.3644622564315796
1.4124764204025269
1.4590657949447632
1.5041855573654175
1.547841191291809
1.5901094675064087
1.6311415433883667
1.6711947917938232
1.710639238357544
1.7500039339065552
1.78998601436615
1.8315036296844482
1.8756866455078125
1.9238795042037964
0.04894348233938217
0.09384770691394806
0.1349526345729828
0.1738702654838562
0.2118910253047943
0.24999606609344482
0.28888407349586487
0.3290542662143707
0.37082982063293457
0.41441553831100464
0.45990851521492004
0.5073317289352417
0.556638777256012
0.6077343821525574
0.6604769825935364
0.7146921157836914
0.7701746821403503
0.8266980648040771
0.884016752243042
0.9418730139732361
1.0
1.0581270456314087
1.115983247756958
1.1733019351959229
1.2298253774642944
1.2853078842163086
1.3395230770111084
1.3922656774520874
1.4433612823486328
1.4926682710647583
1.5400915145874023
1.5855845212936401
1.6291701793670654
1.6709457635879517
1.7111159563064575
1.7500039339065552
1.7881089448928833
1.826129674911499
1.8650473356246948
1.9061522483825684
1.9510564804077148
0.02763007953763008
0.06737145036458969
0.1037607491016388
0.1387854516506195
0.1738702654838562
0.21001401543617249
0.2478528469800949
0.2878088057041168
0.3301217555999756
0.37491706013679504
0.4222177565097809
0.47197797894477844
0.52408766746521
0.5783917903900146
0.6346923112869263
0.6927609443664551
0.7523407340049744
0.8131547570228577
0.8749081492424011
0.9372948408126831
1.0
1.062705159187317
1.125091791152954
1.186845302581787
1.2476592063903809
1.307239055633545
1.3653076887130737
1.4216082096099854
1.47591233253479
1.528022050857544
1.5777822732925415
1.6250829696655273
1.6698782444000244
1.7121912240982056
1.7521471977233887
1.78998601436615
1.826129674911499
1.861214518547058
1.8962392807006836
1.9326285123825073
1.972369909286499
0.012311659753322601
0.04435410350561142
0.07406555116176605
0.1037607491016388
0.1349526345729828
0.16849632561206818
0.2048768699169159
0.2443716675043106
0.2870963513851166
0.3330676555633545
0.3822151720523834
0.43440958857536316
0.4894665777683258
0.5471624732017517
0.6072362065315247
0.6693995594978333
0.7333386540412903
0.7987214922904968
0.8651998043060303
0.9324148297309875
1.0
1.0675851106643677
1.1348001956939697
1.2012784481048584
1.266661286354065
1.330600380897522
1.3927637338638306
1.452837586402893
1.5105334520339966
1.5655903816223145
1.617784857749939
1.6669323444366455
1.712903618812561
1.7556283473968506
1.7951231002807617
1.8315036296844482
1.8650473356246948
1.8962392807006836
1.9259344339370728
1.9556459188461304
1.9876883029937744
0.003082666313275695
0.02388584427535534
0.04435410350561142
0.06737145036458969
0.09384770691394806
0.12431330233812332
0.15896856784820557
0.19787925481796265
0.2409965842962265
0.28820326924324036
0.33931875228881836
0.39411842823028564
0.4523347020149231
0.5136685967445374
0.5777899622917175
0.6443457007408142
0.7129606604576111
0.7832436561584473
0.8547890782356262
0.9271818995475769
1.0
1.0728180408477783
1.1452109813690186
1.2167563438415527
1.2870392799377441
1.355654239654541
1.4222100973129272
1.4863314628601074
1.5476652383804321
1.6058815717697144
1.6606812477111816
1.711796760559082
1.7590034008026123
1.8021206855773926
1.8410314321517944
1.8756866455078125
1.9061522483825684
1.9326285123825073
1.9556459188461304
1.9761141538619995
1.9969173669815063
0.0
0.003082666313275695
0.012311659753322601
0.02763007953763008
0.04894348233938217
0.07612046599388123
0.10899347811937332
0.14735983312129974
0.19098301231861115
0.23959402740001678
0.2928932309150696
0.350551962852478
0.4122147560119629
0.47750142216682434
0.5460094809532166
0.6173165440559387
0.69098299741745
0.7665546536445618
0.8435655236244202
0.9215409159660339
1.0
1.0784591436386108
1.156434416770935
1.233445405960083
1.3090169429779053
1.3826833963394165
1.4539904594421387
1.522498607635498
1.587785243988037
1.649448037147522
1.7071068286895752
1.7604060173034668
1.8090169429779053
1.852640151977539
1.8910064697265625
1.9238795042037964
1.9510564804077148
1.972369909286499
1.9876883029937744
1.9969173669815063
2.0
