0.0
0.0
0.0
0.0
0.0
0.0
0.0
0.0
0.0
0.0
0.0
0.0
0.0
0.0
0.0
0.0
0.0
0.0
0.0
0.0
0.0
0.0
0.0
0.0
0.0
0.0
0.0
0.0
0.0
0.0
0.0
0.0
0.0
0.0
0.0
0.0
0.0
0.0
0.0
0.0
0.0
0.0
1.636117644920887e-06
3.2530665521335322e-06
4.832040758628864e-06
6.355048753903247e-06
7.805151653883513e-06
9.166957170236856e-06
1.0426704648125451e-05
1.1572747098398395e-05
1.2595469343068544e-05
1.3487697287928313e-05
1.4244460544432513e-05
1.4863270735077094e-05
1.5343757695518434e-05
1.5687801351305097e-05
1.5899075151537545e-05
1.598304879735224e-05
1.59465034812456e-05
1.5797415471752174e-05
1.5544532288913615e-05
1.5197172615444288e-05
1.4764899788133334e-05
1.4257297152653337e-05
1.3683759789273608e-05
1.305327987211058e-05
1.2374355719657615e-05
1.1654810805339366e-05
1.0901801033469383e-05
1.0121679224539548e-05
9.320072422269732e-06
8.501788215653505e-06
7.670938430237584e-06
6.83088455843972e-06
5.984375547996024e-06
5.133528702572221e-06
4.279970198695082e-06
3.42484008797328e-06
2.568922809587093e-06
1.7126757256846759e-06
8.563417281948205e-07
0.0
0.0
3.2914820167206926e-06
6.544237294292543e-06
9.720272828417365e-06
1.2783248166670091e-05
1.5698951756348833e-05
1.8436308891978115e-05
2.0967552700312808e-05
2.326920184714254e-05
2.5321904104202986e-05
2.711125671339687e-05
2.8627326173591428e-05
2.9865223041269928e-05
3.08243470499292e-05
3.150865086354315e-05
3.1925737857818604e-05
3.208680573152378e-05
3.200571518391371e-05
3.169871706631966e-05
3.11835938191507e-05
3.0479259294224903e-05
2.9605087547679432e-05
2.8580461730598472e-05
2.742435572145041e-05
2.6154895749641582e-05
2.4789189410512336e-05
2.3342958229477517e-05
2.1830559489899315e-05
2.0264713384676725e-05
1.865667218226008e-05
1.7016023775795475e-05
1.5350951798609458e-05
1.366812466585543e-05
1.1972982974839397e-05
1.026969312079018e-05
8.561435606679879e-06
6.850416866654996e-06
5.138129381521139e-06
3.4254128422617214e-06
1.7126757256846759e-06
0.0
0.0
4.985703526472207e-06
9.912334462569561e-06
1.4721944353368599e-05
1.9359113139216788e-05
2.3771684936946258e-05
2.791231236187741e-05
3.173872391926125e-05
3.521522739902139e-05
3.831247886409983e-05
4.100873411516659e-05
4.3289121094858274e-05
4.514652391662821e-05
4.658039324567653e-05
4.759717921842821e-05
4.8208887164946645e-05
4.843301940127276e-05
4.829110548598692e-05
4.780828021466732e-05
4.7011952119646594e-05
4.593118137563579e-05
4.459565752767958e-05
4.3035000999225304e-05
4.1278122807852924e-05
3.935258064302616e-05
3.7284306017681956e-05
3.509706584736705e-05
3.281250246800482e-05
3.0449738915194757e-05
2.8025628125760704e-05
2.555449100327678e-05
2.3048500224831514e-05
2.051752198894974e-05
1.7969563486985862e-05
1.5410703781526536e-05
1.2845534001826309e-05
1.0277180081175175e-05
7.707689292146824e-06
5.138129381521139e-06
2.568922809587093e-06
0.0
0.0
6.739239324815571e-06
1.3397853763308376e-05
1.989675911318045e-05
2.616033816593699e-05
3.211745570297353e-05
3.770357579924166e-05
4.2861160181928426e-05
4.754172550747171e-05
5.1705519581446424e-05
5.5323311244137585e-05
5.8375320804771036e-05
6.085246423026547e-05
6.275471969274804e-05
6.40916550764814e-05
6.488047074526548e-05
6.514583947136998e-05
6.491789827123284e-05
6.423159356927499e-05
6.312489131232724e-05
6.163783837109804e-05
5.98112128500361e-05
5.76855345570948e-05
5.530021007871255e-05
5.2692652388941497e-05
4.989793887943961e-05
4.6948091039666906e-05
4.387216176837683e-05
4.069570422871038e-05
3.74411501979921e-05
3.412744990782812e-05
3.077063229284249e-05
2.7383599444874562e-05
2.397672324150335e-05
2.055779259535484e-05
1.71325882547535e-05
1.3704924640478566e-05
1.0277180081175175e-05
6.850416866654996e-06
3.42484008797328e-06
0.0
0.0
8.573672857892234e-06
1.704351780063007e-05
2.5307694158982486e-05
3.3268854167545214e-05
4.0835453546606004e-05
4.7924520913511515e-05
5.446216891868971e-05
6.038630453986116e-05
6.564625073224306e-05
7.02050092513673e-05
7.403798372251913e-05
7.713450759183615e-05
7.949570863274857e-05
8.113520743791014e-05
8.207646169466898e-05
8.235258428612724e-05
8.200358570320532e-05
8.107557368930429e-05
7.961830851854756e-05
7.768402429064736e-05
7.532563904533163e-05
7.259545236593112e-05
6.95441267453134e-05
6.62194870528765e-05
6.266617856454104e-05
5.892475019209087e-05
5.5031800002325326e-05
5.1019334932789207e-05
4.6915294660720974e-05
4.274313323548995e-05
3.8522535760421306e-05
3.426918920013122e-05
2.9995582735864446e-05
2.5710909540066496e-05
2.1421845303848386e-05
1.71325882547535e-05
1.2845534001826309e-05
8.561435606679879e-06
4.279970198695082e-06
0.0
0.0
1.0512364497117233e-05
2.0895557099720463e-05
3.102289338130504e-05
4.077329140272923e-05
5.0032936997013167e-05
5.869876258657314e-05
6.667913112323731e-05
7.389726670226082e-05
8.029081072891131e-05
8.581472502555698e-05
9.043964382726699e-05
9.415384556632489e-05
9.696050983620808e-05
9.887851774692535e-05
9.993909043259919e-05
0.00010018538887379691
9.966908692149445e-05
9.844916348811239e-05
9.658889030106366e-05
9.415419481229037e-05
9.121149923885241e-05
8.782605436863378e-05
8.406067354371771e-05
7.997432112460956e-05
7.562170503661036e-05
7.105219265213236e-05
6.63100800011307e-05
6.143382051959634e-05
5.645675992127508e-05
5.1406626880634576e-05
4.630649709724821e-05
4.117453136132099e-05
3.6024961445946246e-05
3.086802826146595e-05
2.5710909540066496e-05
2.055779259535484e-05
1.5410703781526536e-05
1.026969312079018e-05
5.133528702572221e-06
0.0
0.0
1.258066731679719e-05
2.500415939721279e-05
3.7116322346264496e-05
4.876983439316973e-05
5.982625953038223e-05
7.016033487161621e-05
7.966086559463292e-05
8.823500684229657e-05
9.580776531947777e-05
0.00010232565546175465
0.00010775466216728091
0.00011208269279450178
0.00011531614291016012
0.00011748077668016776
0.00011861749226227403
0.00011878169607371092
0.0001180389808723703
0.00011646344501059502
0.00011413398897275329
0.00011113219807157293
0.00010753970855148509
0.00010343608300900087
9.889746434055269e-05
9.399472764926031e-05
8.879324741428718e-05
8.335150050697848e-05
7.772160461172462e-05
7.19484087312594e-05
6.607046816498041e-05
6.011949517414905e-05
5.412159953266382e-05
4.809697566088289e-05
4.2061161366291344e-05
3.6024961445946246e-05
2.9995582735864446e-05
2.397672324150335e-05
1.7969563486985862e-05
1.1972982974839397e-05
5.984375547996024e-06
0.0
0.0
1.4806795661570504e-05
2.9425167667795904e-05
4.367029760032892e-05
5.736555249313824e-05
7.034494046820328e-05
8.245838398579508e-05
9.357281669508666e-05
0.00010357756400480866
0.00011238375736866146
0.00011992895451840013
0.00012617462198249996
0.0001311092055402696
0.00013474382285494357
0.00013711325300391763
0.00013827058137394488
0.00013828626833856106
0.00013724272139370441
0.00013523202505894005
0.00013235142978373915
0.00012870054342783988
0.0001243783044628799
0.00011948026076424867
0.00011409717262722552
0.00010831277904799208
0.00010220368858426809
9.583778592059389e-05
8.927509043132886e-05
8.256666478700936e-05
7.575599011033773e-05
6.887836934765801e-05
6.196242611622438e-05
5.502987187355757e-05
4.809697566088289e-05
4.117453136132099e-05
3.426918920013122e-05
2.7383599444874562e-05
2.051752198894974e-05
1.366812466585543e-05
6.83088455843972e-06
0.0
0.0
1.7221987945958972e-05
3.4220440284116194e-05
5.0776048738043755e-05
6.667913112323731e-05
8.173258538590744e-05
9.575823787599802e-05
0.00010859830217668787
0.00012012198567390442
0.00013022497296333313
0.00013883515202905983
0.0001459096820326522
0.00015143866767175496
0.00015543993504252285
0.00015795999206602573
0.00015906740736681968
0.00015885128232184798
0.0001574145135236904
0.00015487080963794142
0.00015133904526010156
0.00014693982666358352
0.00014179183926898986
0.00013600860256701708
0.0001296969421673566
0.00012295442866161466
0.00011586953041842207
0.00010851975821424276
0.00010097295307787135
9.328614396508783e-05
8.550728671252728e-05
7.767468923702836e-05
6.981888873269781e-05
6.196242611622438e-05
5.412159953266382e-05
4.630649709724821e-05
3.8522535760421306e-05
3.077063229284249e-05
2.3048500224831514e-05
1.5350951798609458e-05
7.670938430237584e-06
0.0
0.0
1.986161441891454e-05
3.946005381294526e-05
5.853700713487342e-05
7.684529555262998e-05
9.415236854692921e-05
0.00011024792183889076
0.00012494580005295575
0.0001380921748932451
0.00014956521044950932
0.00015928219363559037
0.0001671961508691311
0.00017330035916529596
0.00017762189963832498
0.0001802226179279387
0.00018119071319233626
0.00018063858442474157
0.00017869436123874038
0.00017549784388393164
0.00017119369294960052
0.0001659270201344043
0.00015983918274287134
0.00015306385466828942
0.00014572558575309813
0.00013793674588669091
0.0001297981507377699
0.00012139704631408677
0.00011280887702014297
0.00010409614333184436
9.531065006740391e-05
8.649295341456309e-05
7.767468923702836e-05
6.887836934765801e-05
6.011949517414905e-05
5.1406626880634576e-05
4.274313323548995e-05
3.412744990782812e-05
2.555449100327678e-05
1.7016023775795475e-05
8.501788215653505e-06
0.0
0.0
2.27652708417736e-05
4.5222510379971936e-05
6.706919521093369e-05
8.801538206171244e-05
0.00010778787691378966
0.0001261392026208341
0.00014285027282312512
0.00015774044732097536
0.00017066759755834937
0.00018153712153434753
0.0001902981020975858
0.00019694890943355858
0.0002015291975112632
0.00020412074809428304
0.00020483692060224712
0.00020381936337798834
0.0002012273616855964
0.00019723248260561377
0.00019201022223569453
0.0001857343886513263
0.00017857238708529621
0.00017068054876290262
0.00016220273391809314
0.00015326710126828402
0.00014398718485608697
0.00013445976946968585
0.00012476748088374734
0.0001149775052908808
0.0001051446161000058
9.531065006740391e-05
8.550728671252728e-05
7.575599011033773e-05
6.607046816498041e-05
5.645675992127508e-05
4.6915294660720974e-05
3.74411501979921e-05
2.8025628125760704e-05
1.865667218226008e-05
9.320072422269732e-06
0.0
0.0
2.5978059056797065e-05
5.159737338544801e-05
7.650526094948873e-05
0.00010036294406745583
0.00012285025150049478
0.00014367634139489383
0.00016258328105323017
0.00017935861251316965
0.00019383619655855
0.00020590766507666558
0.00021551831741817296
0.00022267401800490916
0.0002274313592351973
0.0002298982290085405
0.00023022029199637473
0.00022857612930238247
0.0002251639380119741
0.00022019400785211474
0.0002138788695447147
0.00020642601884901524
0.00019803275063168257
0.00018888062913902104
0.00017913455667439848
0.00016893912106752396
0.00015842061839066446
0.0001476849865866825
0.00013682106509804726
0.00012589975085575134
0.0001149775052908808
0.00010409614333184436
9.328614396508783e-05
8.256666478700936e-05
7.19484087312594e-05
6.143382051959634e-05
5.1019334932789207e-05
4.069570422871038e-05
3.0449738915194757e-05
2.0264713384676725e-05
1.0121679224539548e-05
0.0
0.0
2.9550476028816774e-05
5.8685058320406824e-05
8.699436875758693e-05
0.00011408374120946974
0.0001395785657223314
0.00016313685046043247
0.00018445419846102595
0.00020327969104982913
0.00021941795421298593
0.00023274424893315881
0.00024320001830346882
0.0002508017641957849
0.00025562880910001695
0.0002578231506049633
0.0002575722464825958
0.00025510165141895413
0.00025065819500014186
0.0002444997080601752
0.0002368833083892241
0.00022805591288488358
0.00021824902796652168
0.00020767208479810506
0.0001965124683920294
0.00018493160314392298
0.00017306818335782737
0.00016103619418572634
0.00014892951003275812
0.00013682106509804726
0.00012476748088374734
0.00011280887702014297
0.00010097295307787135
8.927509043132886e-05
7.772160461172462e-05
6.63100800011307e-05
5.5031800002325326e-05
4.387216176837683e-05
3.281250246800482e-05
2.1830559489899315e-05
1.0901801033469383e-05
0.0
0.0
3.353952706675045e-05
6.659920472884551e-05
9.870604844763875e-05
0.0001294016547035426
0.00015824798902031034
0.00018484212341718376
0.0002088231558445841
0.00022989255376160145
0.0002478185051586479
0.00026245584012940526
0.0002737418108154088
0.0002817076165229082
0.0002864629204850644
0.0002881947730202228
0.0002871449396479875
0.00028359919087961316
0.0002778655616566539
0.0002702605852391571
0.0002610947994980961
0.0002506613382138312
0.00023923044500406832
0.0002270419499836862
0.00021430673950817436
0.00020120273984503
0.0001878799666883424
0.00017445883713662624
0.00016103619418572634
0.0001476849865866825
0.00013445976946968585
0.00012139704631408677
0.00010851975821424276
9.583778592059389e-05
8.335150050697848e-05
7.105219265213236e-05
5.892475019209087e-05
4.6948091039666906e-05
3.509706584736705e-05
2.3342958229477517e-05
1.1654810805339366e-05
0.0
0.0
3.8007940020179376e-05
7.54652064642869e-05
0.00011182833986822516
0.00014656655548606068
0.00017916788056027144
0.00020915595814585686
0.00023610021162312478
0.00025964187807403505
0.0002795024192892015
0.00029551031184382737
0.0003075977729167789
0.0003158158215228468
0.0003203147789463401
0.0003213412710465491
0.0003192082222085446
0.000314278993755579
0.0003069390368182212
0.0002975771785713732
0.0002865683927666396
0.00027425942244008183
0.0002609639195725322
0.00024695415049791336
0.00023246472119353712
0.00021768889564555138
0.00020278590091038495
0.0001878799666883424
0.00017306818335782737
0.00015842061839066446
0.00014398718485608697
0.0001297981507377699
0.00011586953041842207
0.00010220368858426809
8.879324741428718e-05
7.562170503661036e-05
6.266617856454104e-05
4.989793887943961e-05
3.7284306017681956e-05
2.4789189410512336e-05
1.2374355719657615e-05
0.0
0.0
4.302384331822395e-05
8.541972056264058e-05
0.00012656778562813997
0.00016585589037276804
0.0002026856818702072
0.00023649157083127648
0.00026675546541810036
0.00029304088093340397
0.0003150078118778765
0.00033244938822463155
0.0003452909004408866
0.0003536101139616221
0.00035761171602644026
0.00035762187326326966
0.00035404734080657363
0.0003473519755061716
0.0003380196285434067
0.0003265285340603441
0.00031333082006312907
0.00029883492970839143
0.0002834023325704038
0.00026733879349194467
0.0002509015903342515
0.00023429658904206008
0.00021768889564555138
0.00020120273984503
0.00018493160314392298
0.00016893912106752396
0.00015326710126828402
0.00013793674588669091
0.00012295442866161466
0.00010831277904799208
9.399472764926031e-05
7.997432112460956e-05
6.62194870528765e-05
5.2692652388941497e-05
3.935258064302616e-05
2.6154895749641582e-05
1.305327987211058e-05
0.0
0.0
4.8657959268894047e-05
9.660524665378034e-05
0.0001431416894774884
0.00018756500503513962
0.00022917607566341758
0.00026729993987828493
0.00030130718369036913
0.0003306595317553729
0.00035493445466272533
0.00037387668271549046
0.0003874013782478869
0.00039562160964123905
0.0003988153184764087
0.00039741481305100024
0.00039195106364786625
0.00038301857421174645
0.0003712264297064394
0.0003571631677914411
0.0003413729718886316
0.0003243343671783805
0.00030646019149571657
0.00028808918432332575
0.0002694983559194952
0.0002509015903342515
0.00023246472119353712
0.00021430673950817436
0.0001965124683920294
0.00017913455667439848
0.00016220273391809314
0.00014572558575309813
0.0001296969421673566
0.00011409717262722552
9.889746434055269e-05
8.406067354371771e-05
6.95441267453134e-05
5.530021007871255e-05
4.1278122807852924e-05
2.742435572145041e-05
1.3683759789273608e-05
0.0
0.0
5.4978248954284936e-05
0.00010915938764810562
0.0001617631787667051
0.00021198950707912445
0.0002590221702121198
0.0003020512231159955
0.000340304512064904
0.00037310851621441543
0.00039992883102968335
0.0004204429278615862
0.000434550252975896
0.00044241061550565064
0.00044440009514801204
0.0004410931724123657
0.00043318531243130565
0.0004214410437270999
0.0004066287074238062
0.0003894724359270185
0.0003706253773998469
0.0003506441425997764
0.00032999488757923245
0.00030904621235094965
0.00028808918432332575
0.00026733879349194467
0.00024695415049791336
0.0002270419499836862
0.00020767208479810506
0.00018888062913902104
0.00017068054876290262
0.00015306385466828942
0.00013600860256701708
0.00011948026076424867
0.00010343608300900087
8.782605436863378e-05
7.259545236593112e-05
5.76855345570948e-05
4.3035000999225304e-05
2.8580461730598472e-05
1.4257297152653337e-05
0.0
0.0
6.204221426742151e-05
0.00012319964298512787
0.0001826183288358152
0.00023939498350955546
0.00029257830465212464
0.00034119150950573385
0.00038427868275903165
0.00042098667472600937
0.0004506291588768363
0.0004727900377474725
0.0004873447760473937
0.0004945143009535968
0.0004948055138811469
0.0004889820120297372
0.0004779562004841864
0.0004627126909326762
0.0004442212521098554
0.0004233716754242778
0.00040094435098581016
0.0003775811055675149
0.000353800569428131
0.00032999488757923245
0.00030646019149571657
0.0002834023325704038
0.0002609639195725322
0.00023923044500406832
0.00021824902796652168
0.00019803275063168257
0.00017857238708529621
0.00015983918274287134
0.00014179183926898986
0.0001243783044628799
0.00010753970855148509
9.121149923885241e-05
7.532563904533163e-05
5.98112128500361e-05
4.459565752767958e-05
2.9605087547679432e-05
1.4764899788133334e-05
0.0
0.0
6.987959204707295e-05
0.00013878839672543108
0.00020581422722898424
0.0002699491451494396
0.00033008752507157624
0.00038504740223288536
0.0004336374986451119
0.0004747676139231771
0.0005075470544397831
0.0005314310546964407
0.0005462592816911638
0.0005523316212929785
0.0005503270658664405
0.0005412583122961223
0.0005263201892375946
0.0005067792953923345
0.00048385761328972876
0.00045864461571909487
0.0004320672305766493
0.0004048570990562439
0.0003775811055675149
0.0003506441425997764
0.0003243343671783805
0.00029883492970839143
0.00027425942244008183
0.0002506613382138312
0.00022805591288488358
0.00020642601884901524
0.0001857343886513263
0.0001659270201344043
0.00014693982666358352
0.00012870054342783988
0.00011113219807157293
9.415419481229037e-05
7.768402429064736e-05
6.163783837109804e-05
4.593118137563579e-05
3.0479259294224903e-05
1.5197172615444288e-05
0.0
0.0
7.847689266782254e-05
0.00015590192924719304
0.000231331359827891
0.0003036562411580235
0.0003715975326485932
0.00043372344225645065
0.000488545629195869
0.0005346662946976721
0.0005709252436645329
0.0005966050084680319
0.0006114937132224441
0.0006159913027659059
0.0006109990645200014
0.000597850710619241
0.0005781027139164507
0.0005533762159757316
0.0005252037080936134
0.0004949115682393312
0.0004635917430277914
0.0004320672305766493
0.00040094435098581016
0.0003706253773998469
0.0003413729718886316
0.00031333082006312907
0.0002865683927666396
0.0002610947994980961
0.0002368833083892241
0.0002138788695447147
0.00019201022223569453
0.00017119369294960052
0.00015133904526010156
0.00013235142978373915
0.00011413398897275329
9.658889030106366e-05
7.961830851854756e-05
6.312489131232724e-05
4.7011952119646594e-05
3.11835938191507e-05
1.5544532288913615e-05
0.0
0.0
8.77428101375699e-05
0.00017436066991649568
0.0002589169889688492
0.00034021184546872973
0.00041677535045892
0.0004868779215030372
0.0005486649461090565
0.0006003511371091008
0.0006404314190149307
0.000667964166495949
0.0006826671888120472
0.0006850637146271765
0.0006763338460586965
0.0006582136848010123
0.0006327092414721847
0.0006018762360326946
0.0005676198052242398
0.0005315404268912971
0.0004949115682393312
0.00045864461571909487
0.0004233716754242778
0.0003894724359270185
0.0003571631677914411
0.0003265285340603441
0.0002975771785713732
0.0002702605852391571
0.0002444997080601752
0.00022019400785211474
0.00019723248260561377
0.00017549784388393164
0.00015487080963794142
0.00013523202505894005
0.00011646344501059502
9.844916348811239e-05
8.107557368930429e-05
6.423159356927499e-05
4.780828021466732e-05
3.169871706631966e-05
1.5797415471752174e-05
0.0
0.0
9.749075979925692e-05
0.00019379385048523545
0.0002880294050555676
0.00037892317050136626
0.00046480074524879456
0.0005435877828858793
0.0006129930261522532
0.000670759764034301
0.0007149592274799943
0.0007443706272169948
0.0007586205611005425
0.0007583795813843608
0.0007451648125424981
0.000721198448445648
0.0006890263757668436
0.0006512185791507363
0.0006101136677898467
0.0005676198052242398
0.0005252037080936134
0.00048385761328972876
0.0004442212521098554
0.0004066287074238062
0.0003712264297064394
0.0003380196285434067
0.0003069390368182212
0.0002778655616566539
0.00025065819500014186
0.0002251639380119741
0.0002012273616855964
0.00017869436123874038
0.0001574145135236904
0.00013724272139370441
0.0001180389808723703
9.966908692149445e-05
8.200358570320532e-05
6.491789827123284e-05
4.829110548598692e-05
3.200571518391371e-05
1.59465034812456e-05
0.0
0.0
0.00010739921708591282
0.00021356034267228097
0.0003177146427333355
0.00041853543370962143
0.0005141373258084059
0.0006020624423399568
0.0006795220542699099
0.0007437138701789081
0.0007922135991975665
0.0008234715205617249
0.0008370032301172614
0.0008336472092196345
0.0008153088856488466
0.0007847707602195442
0.0007451965939253569
0.0006997387972660363
0.0006512185791507363
0.0006018762360326946
0.0005533762159757316
0.0005067792953923345
0.0004627126909326762
0.0004214410437270999
0.00038301857421174645
0.0003473519755061716
0.000314278993755579
0.00028359919087961316
0.00025510165141895413
0.00022857612930238247
0.00020381936337798834
0.00018063858442474157
0.00015885128232184798
0.00013828626833856106
0.00011878169607371092
0.00010018538887379691
8.235258428612724e-05
6.514583947136998e-05
4.843301940127276e-05
3.208680573152378e-05
1.598304879735224e-05
0.0
0.0
0.000117016643343959
0.00023275759303942323
0.0003466176276560873
0.0004572425386868417
0.0005625390913337469
0.0006596442544832826
0.0007452325662598014
0.0008159053395502269
0.0008686928194947541
0.0009016801486723125
0.0009142568451352417
0.0009074428817257285
0.0008835667977109551
0.0008460209937766194
0.0007986387354321778
0.0007451965939253569
0.0006890263757668436
0.0006327092414721847
0.0005781027139164507
0.0005263201892375946
0.0004779562004841864
0.00043318531243130565
0.00039195106364786625
0.00035404734080657363
0.0003192082222085446
0.0002871449396479875
0.0002575722464825958
0.00023022029199637473
0.00020483692060224712
0.00018119071319233626
0.00015906740736681968
0.00013827058137394488
0.00011861749226227403
9.993909043259919e-05
8.207646169466898e-05
6.488047074526548e-05
4.8208887164946645e-05
3.1925737857818604e-05
1.5899075151537545e-05
0.0
0.0
0.00012575772416312248
0.00025021578767336905
0.00037296989466995
0.0004926627734676003
0.0006070089875720441
0.0007127455901354551
0.0008060082909651101
0.0008827925776131451
0.0009395715314894915
0.0009740550885908306
0.0009855012176558375
0.0009751126635819674
0.0009456466068513691
0.0009011132642626762
0.0008460209937766194
0.0007847707602195442
0.000721198448445648
0.0006582136848010123
0.000597850710619241
0.0005412583122961223
0.0004889820120297372
0.0004410931724123657
0.00039741481305100024
0.00035762187326326966
0.0003213412710465491
0.0002881947730202228
0.0002578231506049633
0.0002298982290085405
0.00020412074809428304
0.0001802226179279387
0.00015795999206602573
0.00013711325300391763
0.00011748077668016776
9.887851774692535e-05
8.113520743791014e-05
6.40916550764814e-05
4.759717921842821e-05
3.150865086354315e-05
1.5687801351305097e-05
0.0
0.0
0.00013295844837557524
0.00026460684603080153
0.00039475574158132076
0.000522065267432481
0.0006440875004045665
0.0007571990136057138
0.0008570416830480099
0.0009390507475472987
0.0009991808328777552
0.0010347918141633272
0.0010450169211253524
0.0010312272934243083
0.0009965767385438085
0.0009456466068513691
0.0008835667977109551
0.0008153088856488466
0.0007451648125424981
0.0006763338460586965
0.0006109990645200014
0.0005503270658664405
0.0004948055138811469
0.00044440009514801204
0.0003988153184764087
0.00035761171602644026
0.0003203147789463401
0.0002864629204850644
0.00025562880910001695
0.0002274313592351973
0.0002015291975112632
0.00017762189963832498
0.00015543993504252285
0.00013474382285494357
0.00011531614291016012
9.696050983620808e-05
7.949570863274857e-05
6.275471969274804e-05
4.658039324567653e-05
3.08243470499292e-05
1.5343757695518434e-05
0.0
0.0
0.00013794461847282946
0.00027458282420411706
0.0004099230282008648
0.0005426565185189247
0.000670216977596283
0.0007886970997788012
0.0008933428907766938
0.000979136093519628
0.0010416095610707998
0.0010778371943160892
0.0010868496028706431
0.0010701542487367988
0.0010312272934243083
0.0009751126635819674
0.0009074428817257285
0.0008336472092196345
0.0007583795813843608
0.0006850637146271765
0.0006159913027659059
0.0005523316212929785
0.0004945143009535968
0.00044241061550565064
0.00039562160964123905
0.0003536101139616221
0.0003158158215228468
0.0002817076165229082
0.0002508017641957849
0.00022267401800490916
0.00019694890943355858
0.00017330035916529596
0.00015143866767175496
0.0001311092055402696
0.00011208269279450178
9.415384556632489e-05
7.713450759183615e-05
6.085246423026547e-05
4.514652391662821e-05
2.9865223041269928e-05
1.4863270735077094e-05
0.0
0.0
0.0001401190966134891
0.00027895031962543726
0.0004166518629062921
0.0005519530968740582
0.0006822257419116795
0.0008033894700929523
0.0009104415657930076
0.0009980741888284683
0.0010615491773933172
0.0010977553902193904
0.0011056569637730718
0.0010868496028706431
0.0010450169211253524
0.0009855012176558375
0.0009142568451352417
0.0008370032301172614
0.0007586205611005425
0.0006826671888120472
0.0006114937132224441
0.0005462592816911638
0.0004873447760473937
0.000434550252975896
0.0003874013782478869
0.0003452909004408866
0.0003075977729167789
0.0002737418108154088
0.00024320001830346882
0.00021551831741817296
0.0001902981020975858
0.0001671961508691311
0.0001459096820326522
0.00012617462198249996
0.00010775466216728091
9.043964382726699e-05
7.403798372251913e-05
5.8375320804771036e-05
4.3289121094858274e-05
2.8627326173591428e-05
1.4244460544432513e-05
0.0
0.0
0.00013907022366765887
0.00027688639238476753
0.0004136873467359692
0.000548242183867842
0.0006779257673770189
0.0007986194686964154
0.0009052529348991811
0.0009924324695020914
0.0010553366737440228
0.0010907966643571854
0.0010977553902193904
0.0010778371943160892
0.0010347918141633272
0.0009740550885908306
0.0009016801486723125
0.0008234715205617249
0.0007443706272169948
0.000667964166495949
0.0005966050084680319
0.0005314310546964407
0.0004727900377474725
0.0004204429278615862
0.00037387668271549046
0.00033244938822463155
0.00029551031184382737
0.00026245584012940526
0.00023274424893315881
0.00020590766507666558
0.00018153712153434753
0.00015928219363559037
0.00013883515202905983
0.00011992895451840013
0.00010232565546175465
8.581472502555698e-05
7.02050092513673e-05
5.5323311244137585e-05
4.100873411516659e-05
2.711125671339687e-05
1.3487697287928313e-05
0.0
0.0
0.00013461403432302177
0.0002680245088413358
0.00040047249058261514
0.0005307671381160617
0.000656355288811028
0.0007732247468084097
0.0008764326921664178
0.0009607197134755552
0.0010213841451331973
0.0010553366737440228
0.0010615491773933172
0.0010416095610707998
0.0009991808328777552
0.0009395715314894915
0.0008686928194947541
0.0007922135991975665
0.0007149592274799943
0.0006404314190149307
0.0005709252436645329
0.0005075470544397831
0.0004506291588768363
0.00039992883102968335
0.00035493445466272533
0.0003150078118778765
0.0002795024192892015
0.0002478185051586479
0.00021941795421298593
0.00019383619655855
0.00017066759755834937
0.00014956521044950932
0.00013022497296333313
0.00011238375736866146
9.580776531947777e-05
8.029081072891131e-05
6.564625073224306e-05
5.1705519581446424e-05
3.831247886409983e-05
2.5321904104202986e-05
1.2595469343068544e-05
0.0
0.0
0.00012684991816058755
0.00025256347726099193
0.0003773164644371718
0.0004999613156542182
0.0006180841010063887
0.0007279157289303839
0.0008248240919783711
0.0009038895950652659
0.0009607197134755552
0.0009924324695020914
0.0009980741888284683
0.000979136093519628
0.0009390507475472987
0.0008827925776131451
0.0008159053395502269
0.0007437138701789081
0.000670759764034301
0.0006003511371091008
0.0005346662946976721
0.0004747676139231771
0.00042098667472600937
0.00037310851621441543
0.0003306595317553729
0.00029304088093340397
0.00025964187807403505
0.00022989255376160145
0.00020327969104982913
0.00017935861251316965
0.00015774044732097536
0.0001380921748932451
0.00012012198567390442
0.00010357756400480866
8.823500684229657e-05
7.389726670226082e-05
6.038630453986116e-05
4.754172550747171e-05
3.521522739902139e-05
2.326920184714254e-05
1.1572747098398395e-05
0.0
0.0
0.00011610359069891274
0.00023115570365916938
0.0003452218370512128
0.00045720807975158095
0.0005649000522680581
0.0006648870185017586
0.0007529989816248417
0.0008248240919783711
0.0008764326921664178
0.0009052529348991811
0.0009104415657930076
0.0008933428907766938
0.0008570416830480099
0.0008060082909651101
0.0007452325662598014
0.0006795220542699099
0.0006129930261522532
0.0005486649461090565
0.000488545629195869
0.0004336374986451119
0.00038427868275903165
0.000340304512064904
0.00030130718369036913
0.00026675546541810036
0.00023610021162312478
0.0002088231558445841
0.00018445419846102595
0.00016258328105323017
0.00014285027282312512
0.00012494580005295575
0.00010859830217668787
9.357281669508666e-05
7.966086559463292e-05
6.667913112323731e-05
5.446216891868971e-05
4.2861160181928426e-05
3.173872391926125e-05
2.0967552700312808e-05
1.0426704648125451e-05
0.0
0.0
0.0001028833503369242
0.0002048180322162807
0.0003057464782614261
0.0004046474350616336
0.0004995561321265996
0.0005875035421922803
0.0006648870185017586
0.0007279157289303839
0.0007732247468084097
0.0007986194686964154
0.0008033894700929523
0.0007886970997788012
0.0007571990136057138
0.0007127455901354551
0.0006596442544832826
0.0006020624423399568
0.0005435877828858793
0.0004868779215030372
0.00043372344225645065
0.00038504740223288536
0.00034119150950573385
0.0003020512231159955
0.00026729993987828493
0.00023649157083127648
0.00020915595814585686
0.00018484212341718376
0.00016313685046043247
0.00014367634139489383
0.0001261392026208341
0.00011024792183889076
9.575823787599802e-05
8.245838398579508e-05
7.016033487161621e-05
5.869876258657314e-05
4.7924520913511515e-05
3.770357579924166e-05
2.791231236187741e-05
1.8436308891978115e-05
9.166957170236856e-06
0.0
0.0
8.777100447332487e-05
0.00017471419414505363
0.00026066810823976994
0.0003447113267611712
0.00042516665416769683
0.0004995561321265996
0.0005649000522680581
0.0006180841010063887
0.000656355288811028
0.0006779257673770189
0.0006822257419116795
0.000670216977596283
0.0006440875004045665
0.0006070089875720441
0.0005625390913337469
0.0005141373258084059
0.00046480074524879456
0.00041677535045892
0.0003715975326485932
0.00033008752507157624
0.00029257830465212464
0.0002590221702121198
0.00022917607566341758
0.0002026856818702072
0.00017916788056027144
0.00015824798902031034
0.0001395785657223314
0.00012285025150049478
0.00010778787691378966
9.415236854692921e-05
8.173258538590744e-05
7.034494046820328e-05
5.982625953038223e-05
5.0032936997013167e-05
4.0835453546606004e-05
3.211745570297353e-05
2.3771684936946258e-05
1.5698951756348833e-05
7.805151653883513e-06
0.0
0.0
7.133356120903045e-05
0.00014197814743965864
0.00021171115804463625
0.0002797432243824005
0.0003447113267611712
0.0004046474350616336
0.00045720807975158095
0.0004999613156542182
0.0005307671381160617
0.000548242183867842
0.0005519530968740582
0.0005426565185189247
0.000522065267432481
0.0004926627734676003
0.0004572425386868417
0.00041853543370962143
0.00037892317050136626
0.00034021184546872973
0.0003036562411580235
0.0002699491451494396
0.00023939498350955546
0.00021198950707912445
0.00018756500503513962
0.00016585589037276804
0.00014656655548606068
0.0001294016547035426
0.00011408374120946974
0.00010036294406745583
8.801538206171244e-05
7.684529555262998e-05
6.667913112323731e-05
5.736555249313824e-05
4.876983439316973e-05
4.077329140272923e-05
3.3268854167545214e-05
2.616033816593699e-05
1.9359113139216788e-05
1.2783248166670091e-05
6.355048753903247e-06
0.0
0.0
5.405543925007805e-05
0.00010757653944892809
0.000160336508997716
0.00021171115804463625
0.00026066810823976994
0.0003057464782614261
0.0003452218370512128
0.0003773164644371718
0.00040047249058261514
0.0004136873467359692
0.0004166518629062921
0.0004099230282008648
0.00039475574158132076
0.00037296989466995
0.0003466176276560873
0.0003177146427333355
0.0002880294050555676
0.0002589169889688492
0.000231331359827891
0.00020581422722898424
0.0001826183288358152
0.0001617631787667051
0.0001431416894774884
0.00012656778562813997
0.00011182833986822516
9.870604844763875e-05
8.699436875758693e-05
7.650526094948873e-05
6.706919521093369e-05
5.853700713487342e-05
5.0776048738043755e-05
4.367029760032892e-05
3.7116322346264496e-05
3.102289338130504e-05
2.5307694158982486e-05
1.989675911318045e-05
1.4721944353368599e-05
9.720272828417365e-06
4.832040758628864e-06
0.0
0.0
3.62843056791462e-05
7.220214320113882e-05
0.00010757653944892809
0.00014197814743965864
0.00017471419414505363
0.0002048180322162807
0.00023115570365916938
0.00025256347726099193
0.0002680245088413358
0.00027688639238476753
0.00027895031962543726
0.00027458282420411706
0.00026460684603080153
0.00025021578767336905
0.00023275759303942323
0.00021356034267228097
0.00019379385048523545
0.00017436066991649568
0.00015590192924719304
0.00013878839672543108
0.00012319964298512787
0.00010915938764810562
9.660524665378034e-05
8.541972056264058e-05
7.54652064642869e-05
6.659920472884551e-05
5.8685058320406824e-05
5.159737338544801e-05
4.5222510379971936e-05
3.946005381294526e-05
3.4220440284116194e-05
2.9425167667795904e-05
2.500415939721279e-05
2.0895557099720463e-05
1.704351780063007e-05
1.3397853763308376e-05
9.912334462569561e-06
6.544237294292543e-06
3.2530665521335322e-06
0.0
0.0
1.8238513803225942e-05
3.62843056791462e-05
5.405543925007805e-05
7.133356120903045e-05
8.777100447332487e-05
0.0001028833503369242
0.00011610359069891274
0.00012684991816058755
0.00013461403432302177
0.00013907022366765887
0.0001401190966134891
0.00013794461847282946
0.00013295844837557524
0.00012575772416312248
0.000117016643343959
0.00010739921708591282
9.749075979925692e-05
8.77428101375699e-05
7.847689266782254e-05
6.987959204707295e-05
6.204221426742151e-05
5.4978248954284936e-05
4.8657959268894047e-05
4.302384331822395e-05
3.8007940020179376e-05
3.353952706675045e-05
2.9550476028816774e-05
2.5978059056797065e-05
2.27652708417736e-05
1.986161441891454e-05
1.7221987945958972e-05
1.4806795661570504e-05
1.258066731679719e-05
1.0512364497117233e-05
8.573672857892234e-06
6.739239324815571e-06
4.985703526472207e-06
3.2914820167206926e-06
1.636117644920887e-06
0.0
0.0
0.0
0.0
0.0
0.0
0.0
0.0
0.0
0.0
0.0
0.0
0.0
0.0
0.0
0.0
0.0
0.0
0.0
0.0
0.0
0.0
0.0
0.0
0.0
0.0
0.0
0.0
0.0
0.0
0.0
0.0
0.0
0.0
0.0
0.0
0.0
0.0
0.0
0.0
0.0
0.0
