2.0
1.9969173669815063
1.9876883029937744
1.972369909286499
1.9510564804077148
1.9238795042037964
1.8910064697265625
1.852640151977539
1.8090169429779053
1.7604060173034668
1.7071068286895752
1.649448037147522
1.587785243988037
1.522498607635498
1.4539904594421387
1.3826833963394165
1.3090169429779053
1.233445405960083
1.156434416770935
1.0784591436386108
1.0
0.9215409159660339
0.8435655236244202
0.7665546536445618
0.69098299741745
0.6173165440559387
0.5460094809532166
0.47750142216682434
0.4122147560119629
0.350551962852478
0.2928932309150696
0.23959402740001678
0.19098301231861115
0.14735983312129974
0.10899347811937332
0.07612046599388123
0.04894348233938217
0.02763007953763008
0.012311659753322601
0.003082666313275695
0.0
1.9969173669815063
1.9760878086090088
1.955602765083313
1.932573914527893
1.9060899019241333
1.8756192922592163
1.840961217880249
1.8020495176315308
1.7589328289031982
1.7117279767990112
1.6606154441833496
1.605819821357727
1.5476083755493164
1.486280083656311
1.4221649169921875
1.3556158542633057
1.2870080471038818
1.2167326211929321
1.1451950073242188
1.0728100538253784
1.0
0.9271899461746216
0.854805052280426
0.7832673788070679
0.7129919528961182
0.6443841457366943
0.5778350830078125
0.513719916343689
0.452391654253006
0.39418020844459534
0.339384526014328
0.28827205300331116
0.24106721580028534
0.19795043766498566
0.15903876721858978
0.12438070774078369
0.0939100980758667
0.06742607057094574
0.044397205114364624
0.02391219697892666
0.003082666313275695
1.9876883029937744
1.955602765083313
1.9258607625961304
1.896143913269043
1.8649369478225708
1.831383228302002
1.7949968576431274
1.7554997205734253
1.7127755880355835
1.6668072938919067
1.6176649332046509
1.5654776096343994
1.5104293823242188
1.4527435302734375
1.3926811218261719
1.330530047416687
1.2666040658950806
1.2012349367141724
1.1347708702087402
1.067570447921753
1.0
0.9324295520782471
0.865229070186615
0.7987650632858276
0.7333959937095642
0.6694700121879578
0.6073189377784729
0.5472564697265625
0.48957064747810364
0.4345223605632782
0.38233500719070435
0.3331926763057709
0.2872244119644165
0.2445002645254135
0.20500308275222778
0.16861672699451447
0.1350630670785904
0.10385611653327942
0.07413926720619202
0.044397205114364624
0.012311659753322601
1.972369909286499
1.932573914527893
1.896143913269043
1.8610892295837402
1.8259830474853516
1.7898249626159668
1.7519773244857788
1.7120174169540405
1.6697046756744385
1.624912977218628
1.5776190757751465
1.5278682708740234
1.475770115852356
1.4214797019958496
1.36519455909729
1.3071426153182983
1.2475807666778564
1.1867855787277222
1.1250516176223755
1.0626850128173828
1.0
0.937315046787262
0.8749483227729797
0.8132144212722778
0.7524192929267883
0.6928573846817017
0.6348055005073547
0.5785202980041504
0.5242298245429993
0.47213178873062134
0.4223809242248535
0.3750869631767273
0.3302953541278839
0.2879825532436371
0.24802266061306
0.21017509698867798
0.17401690781116486
0.13891074061393738
0.10385611653327942
0.06742607057094574
0.02763007953763008
1.9510564804077148
1.9060899019241333
1.8649369478225708
1.8259830474853516
1.7879359722137451
1.7498127222061157
1.7109133005142212
1.6707377433776855
1.6289616823196411
1.585379958152771
1.539894700050354
1.4924824237823486
1.443189263343811
1.3921101093292236
1.3393858671188354
1.2851909399032593
1.2297301292419434
1.173229455947876
1.1159344911575317
1.0581024885177612
1.0
0.9418975114822388
0.8840655088424683
0.8267704844474792
0.7702699303627014
0.714809000492096
0.6606140732765198
0.6078899502754211
0.5568106770515442
0.5075175166130066
0.4601053297519684
0.4146200716495514
0.3710382878780365
0.32926231622695923
0.2890866696834564
0.25018730759620667
0.21206405758857727
0.17401690781116486
0.1350630670785904
0.0939100980758667
0.04894348233938217
1.9238795042037964
1.8756192922592163
1.831383228302002
1.7898249626159668
1.7498127222061157
1.7104268074035645
1.6709688901901245
1.630908727645874
1.58987557888031
1.5476112365722656
1.5039639472961426
1.4588563442230225
1.4122823476791382
1.3642864227294922
1.3149609565734863
1.264432430267334
1.2128595113754272
1.1604231595993042
1.1073241233825684
1.053775429725647
1.0
0.9462245106697083
0.8926758766174316
0.839576780796051
0.7871404886245728
0.7355676293373108
0.6850391030311584
0.6357135772705078
0.587717592716217
0.5411436557769775
0.4960361123085022
0.452388733625412
0.41012442111968994
0.3690912127494812
0.3290311098098755
0.28957322239875793
0.25018730759620667
0.21017509698867798
0.16861672699451447
0.12438070774078369
0.07612046599388123
1.8910064697265625
1.840961217880249
1.7949968576431274
1.7519773244857788
1.7109133005142212
1.6709688901901245
1.6314774751663208
1.5919109582901
1.5518789291381836
1.5110936164855957
1.4693663120269775
1.4265809059143066
1.3826903104782104
1.337697982788086
1.2916553020477295
1.2446483373641968
1.1967952251434326
1.1482369899749756
1.0991342067718506
1.0496608018875122
1.0
0.950339138507843
0.9008657336235046
0.8517630696296692
0.8032047152519226
0.7553516626358032
0.7083446979522705
0.6623020768165588
0.6173097491264343
0.5734191536903381
0.5306336879730225
0.4889064133167267
0.448121041059494
0.4080890119075775
0.3685225546360016
0.3290311098098755
0.2890866696834564
0.24802266061306
0.20500308275222778
0.15903876721858978
0.10899347811937332
1.852640151977539
1.8020495176315308
1.7554997205734253
1.7120174169540405
1.6707377433776855
1.630908727645874
1.5919109582901
1.553236961364746
1.5144959688186646
1.4753879308700562
1.4357026815414429
1.3952975273132324
1.3540953397750854
1.3120677471160889
1.2692327499389648
1.225642442703247
1.1813806295394897
1.136553406715393
1.0912868976593018
1.0457196235656738
1.0
0.9542803764343262
0.9087131023406982
0.8634465336799622
0.8186193108558655
0.7743574976921082
0.7307671904563904
0.6879322528839111
0.6459046006202698
0.6047024726867676
0.5642973184585571
0.5246120691299438
0.48550400137901306
0.4467630386352539
0.4080890119075775
0.3690912127494812
0.32926231622695923
0.2879825532436371
0.2445002645254135
0.19795043766498566
0.14735983312129974
1.8090169429779053
1.7589328289031982
1.7127755880355835
1.6697046756744385
1.6289616823196411
1.58987557888031
1.5518789291381836
1.5144959688186646
1.4773485660552979
1.4401371479034424
1.402642011642456
1.3647047281265259
1.3262274265289307
1.2871582508087158
1.2474889755249023
1.2072441577911377
1.1664789915084839
1.125270128250122
1.0837135314941406
1.0419175624847412
1.0
0.958082377910614
0.9162864685058594
0.8747299313545227
0.8335210084915161
0.7927558422088623
0.7525110840797424
0.712841808795929
0.6737725138664246
0.6352952718734741
0.5973579287528992
0.5598627924919128
0.5226513743400574
0.48550400137901306
0.448121041059494
0.41012442111968994
0.3710382878780365
0.3302953541278839
0.2872244119644165
0.24106721580028534
0.19098301231861115
1.7604060173034668
1.7117279767990112
1.6668072938919067
1.624912977218628
1.585379958152771
1.5476112365722656
1.5110936164855957
1.4753879308700562
1.4401371479034424
1.405051350593567
1.369910478591919
1.334549069404602
1.2988568544387817
1.2627652883529663
1.226246953010559
1.1893048286437988
1.151970624923706
1.114296793937683
1.0763540267944336
1.0382245779037476
1.0
0.9617754220962524
0.9236460328102112
0.8857032060623169
0.848029375076294
0.810695230960846
0.7737530469894409
0.7372347116470337
0.7011431455612183
0.6654508709907532
0.6300894618034363
0.5949485898017883
0.5598627924919128
0.5246120691299438
0.4889064133167267
0.452388733625412
0.4146200716495514
0.3750869631767273
0.3331926763057709
0.28827205300331116
0.23959402740001678
1.7071068286895752
1.6606154441833496
1.6176649332046509
1.5776190757751465
1.539894700050354
1.5039639472961426
1.4693663120269775
1.4357026815414429
1.402642011642456
1.369910478591919
1.3372946977615356
1.3046292066574097
1.271797776222229
1.2387218475341797
1.2053605318069458
1.171700358390808
1.137755274772644
1.1035575866699219
1.0691572427749634
1.0346150398254395
1.0
0.9653849601745605
0.9308426976203918
0.8964424133300781
0.8622447848320007
0.8282995820045471
0.794639527797699
0.7612781524658203
0.7282022833824158
0.6953708529472351
0.6627053022384644
0.6300894618034363
0.5973579287528992
0.5642973184585571
0.5306336879730225
0.4960361123085022
0.4601053297519684
0.4223809242248535
0.38233500719070435
0.339384526014328
0.2928932309150696
1.649448037147522
1.605819821357727
1.5654776096343994
1.5278682708740234
1.4924824237823486
1.4588563442230225
1.4265809059143066
1.3952975273132324
1.3647047281265259
1.334549069404602
1.3046292066574097
1.274785041809082
1.244900107383728
1.2148910760879517
1.1847083568572998
1.1543275117874146
1.1237484216690063
1.0929882526397705
1.0620801448822021
1.031067132949829
1.0
0.9689328074455261
0.9379197955131531
0.9070116877555847
0.8762516379356384
0.8456725478172302
0.815291702747345
0.7851089835166931
0.7550999522209167
0.725214958190918
0.6953708529472351
0.6654508709907532
0.6352952718734741
0.6047024726867676
0.5734191536903381
0.5411436557769775
0.5075175166130066
0.47213178873062134
0.4345223605632782
0.39418020844459534
0.350551962852478
1.587785243988037
1.5476083755493164
1.5104293823242188
1.475770115852356
1.443189263343811
1.4122823476791382
1.3826903104782104
1.3540953397750854
1.3262274265289307
1.2988568544387817
1.271797776222229
1.244900107383728
1.2180511951446533
1.1911677122116089
1.1641958951950073
1.1371040344238281
1.1098825931549072
1.082537293434143
1.0550878047943115
1.027563452720642
1.0
0.9724366068840027
0.9449121952056885
0.9174627661705017
0.8901174068450928
0.8628959059715271
0.8358041644096375
0.8088322877883911
0.7819488048553467
0.7550999522209167
0.7282022833824158
0.7011431455612183
0.6737725138664246
0.6459046006202698
0.6173097491264343
0.587717592716217
0.5568106770515442
0.5242298245429993
0.48957064747810364
0.452391654253006
0.4122147560119629
1.522498607635498
1.486280083656311
1.4527435302734375
1.4214797019958496
1.3921101093292236
1.3642864227294922
1.337697982788086
1.3120677471160889
1.2871582508087158
1.2627652883529663
1.2387218475341797
1.2148910760879517
1.1911677122116089
1.167472004890442
1.143749713897705
1.1199657917022705
1.0961042642593384
1.0721628665924072
1.048151969909668
1.0240894556045532
1.0
0.9759105443954468
0.9518480896949768
0.927837073802948
0.9038957953453064
0.8800342679023743
0.8562502861022949
0.8325279355049133
0.8088322877883911
0.7851089835166931
0.7612781524658203
0.7372347116470337
0.712841808795929
0.6879322528839111
0.6623020768165588
0.6357135772705078
0.6078899502754211
0.5785202980041504
0.5472564697265625
0.513719916343689
0.47750142216682434
1.4539904594421387
1.4221649169921875
1.3926811218261719
1.36519455909729
1.3393858671188354
1.3149609565734863
1.2916553020477295
1.2692327499389648
1.2474889755249023
1.226246953010559
1.2053605318069458
1.1847083568572998
1.1641958951950073
1.143749713897705
1.123318076133728
1.1028656959533691
1.0823734998703003
1.0618342161178589
1.0412511825561523
1.0206345319747925
1.0
0.9793654680252075
0.9587488770484924
0.9381657242774963
0.9176264405250549
0.8971343040466309
0.876681923866272
0.8562502861022949
0.8358041644096375
0.815291702747345
0.794639527797699
0.7737530469894409
0.7525110840797424
0.7307671904563904
0.7083446979522705
0.6850391030311584
0.6606140732765198
0.6348055005073547
0.6073189377784729
0.5778350830078125
0.5460094809532166
1.3826833963394165
1.3556158542633057
1.330530047416687
1.3071426153182983
1.2851909399032593
1.264432430267334
1.2446483373641968
1.225642442703247
1.2072441577911377
1.1893048286437988
1.171700358390808
1.1543275117874146
1.1371040344238281
1.1199657917022705
1.1028656959533691
1.0857709646224976
1.0686618089675903
1.0515283346176147
1.0343695878982544
1.0171903371810913
1.0
0.9828096032142639
0.9656304121017456
0.9484716653823853
0.9313382506370544
0.9142290353775024
0.8971343040466309
0.8800342679023743
0.8628959059715271
0.8456725478172302
0.8282995820045471
0.810695230960846
0.7927558422088623
0.7743574976921082
0.7553516626358032
0.7355676293373108
0.714809000492096
0.6928573846817017
0.6694700121879578
0.6443841457366943
0.6173165440559387
1.3090169429779053
1.2870080471038818
1.2666040658950806
1.2475807666778564
1.2297301292419434
1.2128595113754272
1.1967952251434326
1.1813806295394897
1.1664789915084839
1.151970624923706
1.137755274772644
1.1237484216690063
1.1098825931549072
1.0961042642593384
1.0823734998703003
1.0686618089675903
1.0549507141113281
1.0412300825119019
1.027496576309204
1.01375150680542
1.0
0.9862484931945801
0.9725034832954407
0.9587699174880981
0.9450492858886719
0.9313382506370544
0.9176264405250549
0.9038957953453064
0.8901174068450928
0.8762516379356384
0.8622447848320007
0.848029375076294
0.8335210084915161
0.8186193108558655
0.8032047152519226
0.7871404886245728
0.7702699303627014
0.7524192929267883
0.7333959937095642
0.7129919528961182
0.69098299741745
1.233445405960083
1.2167326211929321
1.2012349367141724
1.1867855787277222
1.173229455947876
1.1604231595993042
1.1482369899749756
1.136553406715393
1.125270128250122
1.114296793937683
1.1035575866699219
1.0929882526397705
1.082537293434143
1.0721628665924072
1.0618342161178589
1.0515283346176147
1.0412300825119019
1.0309302806854248
1.0206252336502075
1.0103143453598022
1.0
0.9896856546401978
0.9793748259544373
0.9690696597099304
0.9587699174880981
0.9484716653823853
0.9381657242774963
0.927837073802948
0.9174627661705017
0.9070116877555847
0.8964424133300781
0.8857032060623169
0.8747299313545227
0.8634465336799622
0.8517630696296692
0.839576780796051
0.8267704844474792
0.8132144212722778
0.7987650632858276
0.7832673788070679
0.7665546536445618
1.156434416770935
1.1451950073242188
1.1347708702087402
1.1250516176223755
1.1159344911575317
1.1073241233825684
1.0991342067718506
1.0912868976593018
1.0837135314941406
1.0763540267944336
1.0691572427749634
1.0620801448822021
1.0550878047943115
1.048151969909668
1.0412511825561523
1.0343695878982544
1.027496576309204
1.0206252336502075
1.0137523412704468
1.0068769454956055
1.0
0.9931230545043945
0.9862476587295532
0.9793748259544373
0.9725034832954407
0.9656304121017456
0.9587488770484924
0.9518480896949768
0.9449121952056885
0.9379197955131531
0.9308426976203918
0.9236460328102112
0.9162864685058594
0.9087131023406982
0.9008657336235046
0.8926758766174316
0.8840655088424683
0.8749483227729797
0.865229070186615
0.854805052280426
0.8435655236244202
1.0784591436386108
1.0728100538253784
1.067570447921753
1.0626850128173828
1.0581024885177612
1.053775429725647
1.0496608018875122
1.0457196235656738
1.0419175624847412
1.0382245779037476
1.0346150398254395
1.031067132949829
1.027563452720642
1.0240894556045532
1.0206345319747925
1.0171903371810913
1.01375150680542
1.0103143453598022
1.0068769454956055
1.0034388303756714
1.0
0.9965612292289734
0.9931230545043945
0.9896856546401978
0.9862484931945801
0.9828096032142639
0.9793654680252075
0.9759105443954468
0.9724366068840027
0.9689328074455261
0.9653849601745605
0.9617754220962524
0.958082377910614
0.9542803764343262
0.950339138507843
0.9462245106697083
0.9418975114822388
0.937315046787262
0.9324295520782471
0.9271899461746216
0.9215409159660339
1.0
1.0
1.0
1.0
1.0
1.0
1.0
1.0
1.0
1.0
1.0
1.0
1.0
1.0
1.0
1.0
1.0
1.0
1.0
1.0
1.0
1.0
1.0
1.0
1.0
1.0
1.0
1.0
1.0
1.0
1.0
1.0
1.0
1.0
1.0
1.0
1.0
1.0
1.0
1.0
1.0
0.9215409159660339
0.9271899461746216
0.9324295520782471
0.937315046787262
0.9418975114822388
0.9462245106697083
0.950339138507843
0.9542803764343262
0.958082377910614
0.9617754220962524
0.9653849601745605
0.9689328074455261
0.9724366068840027
0.9759105443954468
0.9793654680252075
0.9828096032142639
0.9862484931945801
0.9896856546401978
0.9931230545043945
0.9965612292289734
1.0
1.0034388303756714
1.0068769454956055
1.0103143453598022
1.01375150680542
1.0171903371810913
1.0206345319747925
1.0240894556045532
1.027563452720642
1.031067132949829
1.0346150398254395
1.0382245779037476
1.0419175624847412
1.0457196235656738
1.0496608018875122
1.053775429725647
1.0581024885177612
1.0626850128173828
1.067570447921753
1.0728100538253784
1.0784591436386108
0.8435655236244202
0.854805052280426
0.865229070186615
0.8749483227729797
0.8840655088424683
0.8926758766174316
0.9008657336235046
0.9087131023406982
0.9162864685058594
0.9236460328102112
0.9308426976203918
0.9379197955131531
0.9449121952056885
0.9518480896949768
0.9587488770484924
0.9656304121017456
0.9725034832954407
0.9793748259544373
0.9862476587295532
0.9931230545043945
1.0
1.0068769454956055
1.0137523412704468
1.0206252336502075
1.027496576309204
1.0343695878982544
1.0412511825561523
1.048151969909668
1.0550878047943115
1.0620801448822021
1.0691572427749634
1.0763540267944336
1.0837135314941406
1.0912868976593018
1.0991342067718506
1.1073241233825684
1.1159344911575317
1.1250516176223755
1.1347708702087402
1.1451950073242188
1.156434416770935
0.7665546536445618
0.7832673788070679
0.7987650632858276
0.8132144212722778
0.8267704844474792
0.839576780796051
0.8517630696296692
0.8634465336799622
0.8747299313545227
0.8857032060623169
0.8964424133300781
0.9070116877555847
0.9174627661705017
0.927837073802948
0.9381657242774963
0.9484716653823853
0.9587699174880981
0.9690696597099304
0.9793748259544373
0.9896856546401978
1.0
1.0103143453598022
1.0206252336502075
1.0309302806854248
1.0412300825119019
1.0515283346176147
1.0618342161178589
1.0721628665924072
1.082537293434143
1.0929882526397705
1.1035575866699219
1.114296793937683
1.125270128250122
1.136553406715393
1.1482369899749756
1.1604231595993042
1.173229455947876
1.1867855787277222
1.2012349367141724
1.2167326211929321
1.233445405960083
0.69098299741745
0.7129919528961182
0.7333959937095642
0.7524192929267883
0.7702699303627014
0.7871404886245728
0.8032047152519226
0.8186193108558655
0.8335210084915161
0.848029375076294
0.8622447848320007
0.8762516379356384
0.8901174068450928
0.9038957953453064
0.9176264405250549
0.9313382506370544
0.9450492858886719
0.9587699174880981
0.9725034832954407
0.9862484931945801
1.0
1.01375150680542
1.027496576309204
1.0412300825119019
1.0549507141113281
1.0686618089675903
1.0823734998703003
1.0961042642593384
1.1098825931549072
1.1237484216690063
1.137755274772644
1.151970624923706
1.1664789915084839
1.1813806295394897
1.1967952251434326
1.2128595113754272
1.2297301292419434
1.2475807666778564
1.2666040658950806
1.2870080471038818
1.3090169429779053
0.6173165440559387
0.6443841457366943
0.6694700121879578
0.6928573846817017
0.714809000492096
0.7355676293373108
0.7553516626358032
0.7743574976921082
0.7927558422088623
0.810695230960846
0.8282995820045471
0.8456725478172302
0.8628959059715271
0.8800342679023743
0.8971343040466309
0.9142290353775024
0.9313382506370544
0.9484716653823853
0.9656304121017456
0.9828096032142639
1.0
1.0171903371810913
1.0343695878982544
1.0515283346176147
1.0686618089675903
1.0857709646224976
1.1028656959533691
1.1199657917022705
1.1371040344238281
1.1543275117874146
1.171700358390808
1.1893048286437988
1.2072441577911377
1.225642442703247
1.2446483373641968
1.264432430267334
1.2851909399032593
1.3071426153182983
1.330530047416687
1.3556158542633057
1.3826833963394165
0.5460094809532166
0.5778350830078125
0.6073189377784729
0.6348055005073547
0.6606140732765198
0.6850391030311584
0.7083446979522705
0.7307671904563904
0.7525110840797424
0.7737530469894409
0.794639527797699
0.815291702747345
0.8358041644096375
0.8562502861022949
0.876681923866272
0.8971343040466309
0.9176264405250549
0.9381657242774963
0.9587488770484924
0.9793654680252075
1.0
1.0206345319747925
1.0412511825561523
1.0618342161178589
1.0823734998703003
1.1028656959533691
1.123318076133728
1.143749713897705
1.1641958951950073
1.1847083568572998
1.2053605318069458
1.226246953010559
1.2474889755249023
1.2692327499389648
1.2916553020477295
1.3149609565734863
1.3393858671188354
1.36519455909729
1.3926811218261719
1.4221649169921875
1.4539904594421387
0.47750142216682434
0.513719916343689
0.5472564697265625
0.5785202980041504
0.6078899502754211
0.6357135772705078
0.6623020768165588
0.6879322528839111
0.712841808795929
0.7372347116470337
0.7612781524658203
0.7851089835166931
0.8088322877883911
0.8325279355049133
0.8562502861022949
0.8800342679023743
0.9038957953453064
0.927837073802948
0.9518480896949768
0.9759105443954468
1.0
1.0240894556045532
1.048151969909668
1.0721628665924072
1.0961042642593384
1.1199657917022705
1.143749713897705
1.167472004890442
1.1911677122116089
1.2148910760879517
1.2387218475341797
1.2627652883529663
1.2871582508087158
1.3120677471160889
1.337697982788086
1.3642864227294922
1.3921101093292236
1.4214797019958496
1.4527435302734375
1.486280083656311
1.522498607635498
0.4122147560119629
0.452391654253006
0.48957064747810364
0.5242298245429993
0.5568106770515442
0.587717592716217
0.6173097491264343
0.6459046006202698
0.6737725138664246
0.7011431455612183
0.7282022833824158
0.7550999522209167
0.7819488048553467
0.8088322877883911
0.8358041644096375
0.8628959059715271
0.8901174068450928
0.9174627661705017
0.9449121952056885
0.9724366068840027
1.0
1.027563452720642
1.0550878047943115
1.082537293434143
1.1098825931549072
1.1371040344238281
1.1641958951950073
1.1911677122116089
1.2180511951446533
1.244900107383728
1.271797776222229
1.2988568544387817
1.3262274265289307
1.3540953397750854
1.3826903104782104
1.4122823476791382
1.443189263343811
1.475770115852356
1.5104293823242188
1.5476083755493164
1.587785243988037
0.350551962852478
0.39418020844459534
0.4345223605632782
0.47213178873062134
0.5075175166130066
0.5411436557769775
0.5734191536903381
0.6047024726867676
0.6352952718734741
0.6654508709907532
0.6953708529472351
0.725214958190918
0.7550999522209167
0.7851089835166931
0.815291702747345
0.8456725478172302
0.8762516379356384
0.9070116877555847
0.9379197955131531
0.9689328074455261
1.0
1.031067132949829
1.0620801448822021
1.0929882526397705
1.1237484216690063
1.1543275117874146
1.1847083568572998
1.2148910760879517
1.244900107383728
1.274785041809082
1.3046292066574097
1.334549069404602
1.3647047281265259
1.3952975273132324
1.4265809059143066
1.4588563442230225
1.4924824237823486
1.5278682708740234
1.5654776096343994
1.605819821357727
1.649448037147522
0.2928932309150696
0.339384526014328
0.38233500719070435
0.4223809242248535
0.4601053297519684
0.4960361123085022
0.5306336879730225
0.5642973184585571
0.5973579287528992
0.6300894618034363
0.6627053022384644
0.6953708529472351
0.7282022833824158
0.7612781524658203
0.794639527797699
0.8282995820045471
0.8622447848320007
0.8964424133300781
0.9308426976203918
0.9653849601745605
1.0
1.0346150398254395
1.0691572427749634
1.1035575866699219
1.137755274772644
1.171700358390808
1.2053605318069458
1.2387218475341797
1.271797776222229
1.3046292066574097
1.3372946977615356
1.369910478591919
1.402642011642456
1.4357026815414429
1.4693663120269775
1.5039639472961426
1.539894700050354
1.5776190757751465
1.6176649332046509
1.6606154441833496
1.7071068286895752
0.23959402740001678
0.28827205300331116
0.3331926763057709
0.3750869631767273
0.4146200716495514
0.452388733625412
0.4889064133167267
0.5246120691299438
0.5598627924919128
0.5949485898017883
0.6300894618034363
0.6654508709907532
0.7011431455612183
0.7372347116470337
0.7737530469894409
0.810695230960846
0.848029375076294
0.8857032060623169
0.9236460328102112
0.9617754220962524
1.0
1.0382245779037476
1.0763540267944336
1.114296793937683
1.151970624923706
1.1893048286437988
1.226246953010559
1.2627652883529663
1.2988568544387817
1.334549069404602
1.369910478591919
1.405051350593567
1.4401371479034424
1.4753879308700562
1.5110936164855957
1.5476112365722656
1.585379958152771
1.624912977218628
1.6668072938919067
1.7117279767990112
1.7604060173034668
0.19098301231861115
0.24106721580028534
0.2872244119644165
0.3302953541278839
0.3710382878780365
0.41012442111968994
0.448121041059494
0.48550400137901306
0.5226513743400574
0.5598627924919128
0.5973579287528992
0.6352952718734741
0.6737725138664246
0.712841808795929
0.7525110840797424
0.7927558422088623
0.8335210084915161
0.8747299313545227
0.9162864685058594
0.958082377910614
1.0
1.0419175624847412
1.0837135314941406
1.125270128250122
1.1664789915084839
1.2072441577911377
1.2474889755249023
1.2871582508087158
1.3262274265289307
1.3647047281265259
1.402642011642456
1.4401371479034424
1.4773485660552979
1.5144959688186646
1.5518789291381836
1.58987557888031
1.6289616823196411
1.6697046756744385
1.7127755880355835
1.7589328289031982
1.8090169429779053
0.14735983312129974
0.19795043766498566
0.2445002645254135
0.2879825532436371
0.32926231622695923
0.3690912127494812
0.4080890119075775
0.4467630386352539
0.48550400137901306
0.5246120691299438
0.5642973184585571
0.6047024726867676
0.6459046006202698
0.6879322528839111
0.7307671904563904
0.7743574976921082
0.8186193108558655
0.8634465336799622
0.9087131023406982
0.9542803764343262
1.0
1.0457196235656738
1.0912868976593018
1.136553406715393
1.1813806295394897
1.225642442703247
1.2692327499389648
1.3120677471160889
1.3540953397750854
1.3952975273132324
1.4357026815414429
1.4753879308700562
1.5144959688186646
1.553236961364746
1.5919109582901
1.630908727645874
1.6707377433776855
1.7120174169540405
1.7554997205734253
1.8020495176315308
1.852640151977539
0.10899347811937332
0.15903876721858978
0.20500308275222778
0.24802266061306
0.2890866696834564
0.3290311098098755
0.3685225546360016
0.4080890119075775
0.448121041059494
0.4889064133167267
0.5306336879730225
0.5734191536903381
0.6173097491264343
0.6623020768165588
0.7083446979522705
0.7553516626358032
0.8032047152519226
0.8517630696296692
0.9008657336235046
0.950339138507843
1.0
1.0496608018875122
1.0991342067718506
1.1482369899749756
1.1967952251434326
1.2446483373641968
1.2916553020477295
1.337697982788086
1.3826903104782104
1.4265809059143066
1.4693663120269775
1.5110936164855957
1.5518789291381836
1.5919109582901
1.6314774751663208
1.6709688901901245
1.7109133005142212
1.7519773244857788
1.7949968576431274
1.840961217880249
1.8910064697265625
0.07612046599388123
0.12438070774078369
0.16861672699451447
0.21017509698867798
0.25018730759620667
0.28957322239875793
0.3290311098098755
0.3690912127494812
0.41012442111968994
0.452388733625412
0.4960361123085022
0.5411436557769775
0.587717592716217
0.6357135772705078
0.6850391030311584
0.7355676293373108
0.7871404886245728
0.839576780796051
0.8926758766174316
0.9462245106697083
1.0
1.053775429725647
1.1073241233825684
1.1604231595993042
1.2128595113754272
1.264432430267334
1.3149609565734863
1.3642864227294922
1.4122823476791382
1.4588563442230225
1.5039639472961426
1.5476112365722656
1.58987557888031
1.630908727645874
1.6709688901901245
1.7104268074035645
1.7498127222061157
1.7898249626159668
1.831383228302002
1.8756192922592163
1.9238795042037964
0.04894348233938217
0.0939100980758667
0.1350630670785904
0.17401690781116486
0.21206405758857727
0.25018730759620667
0.2890866696834564
0.32926231622695923
0.3710382878780365
0.4146200716495514
0.4601053297519684
0.5075175166130066
0.5568106770515442
0.6078899502754211
0.6606140732765198
0.714809000492096
0.7702699303627014
0.8267704844474792
0.8840655088424683
0.9418975114822388
1.0
1.0581024885177612
1.1159344911575317
1.173229455947876
1.2297301292419434
1.2851909399032593
1.3393858671188354
1.3921101093292236
1.443189263343811
1.4924824237823486
1.539894700050354
1.585379958152771
1.6289616823196411
1.6707377433776855
1.7109133005142212
1.7498127222061157
1.7879359722137451
1.8259830474853516
1.8649369478225708
1.9060899019241333
1.9510564804077148
0.02763007953763008
0.06742607057094574
0.10385611653327942
0.13891074061393738
0.17401690781116486
0.21017509698867798
0.24802266061306
0.2879825532436371
0.3302953541278839
0.3750869631767273
0.4223809242248535
0.47213178873062134
0.5242298245429993
0.5785202980041504
0.6348055005073547
0.6928573846817017
0.7524192929267883
0.8132144212722778
0.8749483227729797
0.937315046787262
1.0
1.0626850128173828
1.1250516176223755
1.1867855787277222
1.2475807666778564
1.3071426153182983
1.36519455909729
1.4214797019958496
1.475770115852356
1.5278682708740234
1.5776190757751465
1.624912977218628
1.6697046756744385
1.7120174169540405
1.7519773244857788
1.7898249626159668
1.8259830474853516
1.8610892295837402
1.896143913269043
1.932573914527893
1.972369909286499
0.012311659753322601
0.044397205114364624
0.07413926720619202
0.10385611653327942
0.1350630670785904
0.16861672699451447
0.20500308275222778
0.2445002645254135
0.2872244119644165
0.3331926763057709
0.38233500719070435
0.4345223605632782
0.48957064747810364
0.5472564697265625
0.6073189377784729
0.6694700121879578
0.7333959937095642
0.7987650632858276
0.865229070186615
0.9324295520782471
1.0
1.067570447921753
1.1347708702087402
1.2012349367141724
1.2666040658950806
1.330530047416687
1.3926811218261719
1.4527435302734375
1.5104293823242188
1.5654776096343994
1.6176649332046509
1.6668072938919067
1.7127755880355835
1.7554997205734253
1.7949968576431274
1.831383228302002
1.8649369478225708
1.896143913269043
1.9258607625961304
1.955602765083313
1.9876883029937744
0.003082666313275695
0.02391219697892666
0.044397205114364624
0.06742607057094574
0.0939100980758667
0.12438070774078369
0.15903876721858978
0.19795043766498566
0.24106721580028534
0.28827205300331116
0.339384526014328
0.39418020844459534
0.452391654253006
0.513719916343689
0.5778350830078125
0.6443841457366943
0.7129919528961182
0.7832673788070679
0.854805052280426
0.9271899461746216
1.0
1.0728100538253784
1.1451950073242188
1.2167326211929321
1.2870080471038818
1.3556158542633057
1.4221649169921875
1.486280083656311
1.5476083755493164
1.605819821357727
1.6606154441833496
1.7117279767990112
1.7589328289031982
1.8020495176315308
1.840961217880249
1.8756192922592163
1.9060899019241333
1.932573914527893
1.955602765083313
1.9760878086090088
1.9969173669815063
0.0
0.003082666313275695
0.012311659753322601
0.02763007953763008
0.04894348233938217
0.07612046599388123
0.10899347811937332
0.14735983312129974
0.19098301231861115
0.23959402740001678
0.2928932309150696
0.350551962852478
0.4122147560119629
0.47750142216682434
0.5460094809532166
0.6173165440559387
0.69098299741745
0.7665546536445618
0.8435655236244202
0.9215409159660339
1.0
1.0784591436386108
1.156434416770935
1.233445405960083
1.3090169429779053
1.3826833963394165
1.4539904594421387
1.522498607635498
1.587785243988037
1.649448037147522
1.7071068286895752
1.7604060173034668
1.8090169429779053
1.852640151977539
1.8910064697265625
1.9238795042037964
1.9510564804077148
1.972369909286499
1.9876883029937744
1.9969173669815063
2.0
