2.0
1.9969173669815063
1.9876883029937744
1.972369909286499
1.9510564804077148
1.9238795042037964
1.8910064697265625
1.852640151977539
1.8090169429779053
1.7604060173034668
1.7071068286895752
1.649448037147522
1.587785243988037
1.522498607635498
1.4539904594421387
1.3826833963394165
1.3090169429779053
1.233445405960083
1.156434416770935
1.0784591436386108
1.0
0.9215409159660339
0.8435655236244202
0.7665546536445618
0.69098299741745
0.6173165440559387
0.5460094809532166
0.47750142216682434
0.4122147560119629
0.350551962852478
0.2928932309150696
0.23959402740001678
0.19098301231861115
0.14735983312129974
0.10899347811937332
0.07612046599388123
0.04894348233938217
0.02763007953763008
0.012311659753322601
0.003082666313275695
0.0
1.9969173669815063
1.9760948419570923
1.9556143283843994
1.9325884580612183
1.9061064720153809
1.8756372928619385
1.8409799337387085
1.8020684719085693
1.7589515447616577
1.7117462158203125
1.6606329679489136
1.605836272239685
1.5476235151290894
1.4862937927246094
1.4221769571304321
1.355626106262207
1.2870163917541504
1.2167389392852783
1.145199179649353
1.0728121995925903
1.0
0.9271878004074097
0.8548007607460022
0.7832610607147217
0.7129836082458496
0.644373893737793
0.5778230428695679
0.5137062668800354
0.45237648487091064
0.39416375756263733
0.3393670320510864
0.2882537245750427
0.2410484105348587
0.19793148338794708
0.1590200662612915
0.1243627592921257
0.09389348328113556
0.06741151958703995
0.04438572749495506
0.023905178532004356
0.003082666313275695
1.9876883029937744
1.9556143283843994
1.9258803129196167
1.8961693048477173
1.8649663925170898
1.8314152956008911
1.7950304746627808
1.7555339336395264
1.712809681892395
1.6668405532836914
1.6176968812942505
1.5655076503753662
1.5104570388793945
1.4527685642242432
1.3927030563354492
1.3305487632751465
1.266619324684143
1.2012465000152588
1.1347787380218506
1.067574381828308
1.0
0.9324256777763367
0.8652213215827942
0.7987534403800964
0.7333807349205017
0.6694512367248535
0.607296884059906
0.5472314357757568
0.4895429313182831
0.4344923198223114
0.3823030889034271
0.3331593871116638
0.287190318107605
0.24446602165699005
0.20496948063373566
0.1685846596956253
0.13503366708755493
0.1038307175040245
0.07411963492631912
0.04438572749495506
0.012311659753322601
1.972369909286499
1.9325884580612183
1.8961693048477173
1.8611226081848145
1.8260221481323242
1.7898677587509155
1.752022624015808
1.7120636701583862
1.6697509288787842
1.6249582767486572
1.577662467956543
1.5279091596603394
1.475808024406433
1.4215139150619507
1.3652245998382568
1.3071682453155518
1.2476016283035278
1.1868014335632324
1.125062346458435
1.0626903772354126
1.0
0.9373096823692322
0.8749376535415649
0.8131985068321228
0.7523983716964722
0.6928316950798035
0.6347753405570984
0.5784860253334045
0.5241919755935669
0.47209081053733826
0.42233747243881226
0.3750417232513428
0.3302491307258606
0.2879363000392914
0.24797743558883667
0.2101321965456009
0.17397785186767578
0.13887737691402435
0.1038307175040245
0.06741151958703995
0.02763007953763008
1.9510564804077148
1.9061064720153809
1.8649663925170898
1.8260221481323242
1.7879819869995117
1.749863624572754
1.7109673023223877
1.670793056488037
1.6290172338485718
1.5854344367980957
1.5399470329284668
1.4925320148468018
1.4432350397109985
1.3921514749526978
1.3394224643707275
1.285222053527832
1.2297554016113281
1.1732487678527832
1.1159474849700928
1.0581090450286865
1.0
0.9418909549713135
0.8840525150299072
0.8267512321472168
0.7702445387840271
0.7147778868675232
0.6605775356292725
0.6078485250473022
0.5567649006843567
0.507468044757843
0.4600529372692108
0.4145655930042267
0.3709827661514282
0.3292069137096405
0.2890326976776123
0.2501363754272461
0.2120179831981659
0.17397785186767578
0.13503366708755493
0.09389348328113556
0.04894348233938217
1.9238795042037964
1.8756372928619385
1.8314152956008911
1.7898677587509155
1.749863624572754
1.7104833126068115
1.6710290908813477
1.6309707164764404
1.5899378061294556
1.5476725101470947
1.5040229558944702
1.4589121341705322
1.4123340845108032
1.3643332719802856
1.315002202987671
1.2644675970077515
1.212888240814209
1.1604450941085815
1.107338786125183
1.0537828207015991
1.0
0.9462171196937561
0.8926612138748169
0.8395549654960632
0.787111759185791
0.7355324029922485
0.6849977970123291
0.6356667280197144
0.5876659154891968
0.5410878658294678
0.4959770739078522
0.4523274898529053
0.41006216406822205
0.3690292239189148
0.32897093892097473
0.2895166575908661
0.2501363754272461
0.2101321965456009
0.1685846596956253
0.1243627592921257
0.07612046599388123
1.8910064697265625
1.8409799337387085
1.7950304746627808
1.752022624015808
1.7109673023223877
1.6710290908813477
1.6315416097640991
1.5919773578643799
1.551945686340332
1.5111594200134277
1.469429850578308
1.4266409873962402
1.3827459812164307
1.3377485275268555
1.2916998863220215
1.2446863651275635
1.1968263387680054
1.1482605934143066
1.0991501808166504
1.049668788909912
1.0
0.9503311514854431
0.9008498787879944
0.8517394661903381
0.8031737208366394
0.7553135752677917
0.7083000540733337
0.6622515320777893
0.6172540187835693
0.5733590126037598
0.5305701494216919
0.48884060978889465
0.4480542540550232
0.4080227017402649
0.3684583604335785
0.32897093892097473
0.2890326976776123
0.24797743558883667
0.20496948063373566
0.1590200662612915
0.10899347811937332
1.852640151977539
1.8020684719085693
1.7555339336395264
1.7120636701583862
1.670793056488037
1.6309707164764404
1.5919773578643799
1.5533056259155273
1.5145652294158936
1.4754563570022583
1.4357688426971436
1.3953601121902466
1.3541535139083862
1.3121205568313599
1.2692793607711792
1.225682258605957
1.181413173675537
1.1365782022476196
1.0913034677505493
1.0457279682159424
1.0
0.9542719721794128
0.9086964726448059
0.8634218573570251
0.8185868859291077
0.774317741394043
0.730720579624176
0.6878795027732849
0.6458464860916138
0.6046398878097534
0.5642312169075012
0.5245437026023865
0.48543471097946167
0.44669434428215027
0.4080227017402649
0.3690292239189148
0.3292069137096405
0.2879363000392914
0.24446602165699005
0.19793148338794708
0.14735983312129974
1.8090169429779053
1.7589515447616577
1.712809681892395
1.6697509288787842
1.6290172338485718
1.5899378061294556
1.551945686340332
1.5145652294158936
1.4774186611175537
1.4402064085006714
1.4027090072631836
1.3647682666778564
1.3262865543365479
1.2872117757797241
1.247536301612854
1.2072845697402954
1.1665120124816895
1.1252951622009277
1.0837304592132568
1.0419261455535889
1.0
0.9580738544464111
0.9162695407867432
0.8747047781944275
0.8334880471229553
0.7927153706550598
0.752463698387146
0.7127882242202759
0.6737135052680969
0.6352317929267883
0.5972909927368164
0.5597935914993286
0.5225813984870911
0.48543471097946167
0.4480542540550232
0.41006216406822205
0.3709827661514282
0.3302491307258606
0.287190318107605
0.2410484105348587
0.19098301231861115
1.7604060173034668
1.7117462158203125
1.6668405532836914
1.6249582767486572
1.5854344367980957
1.5476725101470947
1.5111594200134277
1.4754563570022583
1.4402064085006714
1.4051198959350586
1.3699768781661987
1.3346121311187744
1.2989153861999512
1.262818455696106
1.226293921470642
1.1893450021743774
1.1520034074783325
1.1143218278884888
1.0763708353042603
1.0382330417633057
1.0
0.9617669582366943
0.9236291646957397
0.885678231716156
0.8479965925216675
0.8106549978256226
0.7737060189247131
0.737181544303894
0.701084554195404
0.6653879284858704
0.630023181438446
0.5948801636695862
0.5597935914993286
0.5245437026023865
0.48884060978889465
0.4523274898529053
0.4145655930042267
0.3750417232513428
0.3331593871116638
0.2882537245750427
0.23959402740001678
1.7071068286895752
1.6606329679489136
1.6176968812942505
1.577662467956543
1.5399470329284668
1.5040229558944702
1.469429850578308
1.4357688426971436
1.4027090072631836
1.3699768781661987
1.3373589515686035
1.3046902418136597
1.2718546390533447
1.2387735843658447
1.2054061889648438
1.1717394590377808
1.137787103652954
1.1035819053649902
1.0691736936569214
1.0346232652664185
1.0
0.9653767347335815
0.9308263659477234
0.8964180946350098
0.8622128367424011
0.8282604813575745
0.7945938110351562
0.7612264752388
0.7281454205513
0.6953096985816956
0.6626410484313965
0.630023181438446
0.5972909927368164
0.5642312169075012
0.5305701494216919
0.4959770739078522
0.4600529372692108
0.42233747243881226
0.3823030889034271
0.3393670320510864
0.2928932309150696
1.649448037147522
1.605836272239685
1.5655076503753662
1.5279091596603394
1.4925320148468018
1.4589121341705322
1.4266409873962402
1.3953601121902466
1.3647682666778564
1.3346121311187744
1.3046902418136597
1.2748432159423828
1.2449541091918945
1.2149401903152466
1.1847518682479858
1.1543647050857544
1.1237788200378418
1.093011498451233
1.0620957612991333
1.0310750007629395
1.0
0.9689249992370605
0.9379041790962219
0.9069885015487671
0.8762211799621582
0.8456352949142456
0.8152481913566589
0.7850597500801086
0.7550458312034607
0.725156843662262
0.6953096985816956
0.6653879284858704
0.6352317929267883
0.6046398878097534
0.5733590126037598
0.5410878658294678
0.507468044757843
0.47209081053733826
0.4344923198223114
0.39416375756263733
0.350551962852478
1.587785243988037
1.5476235151290894
1.5104570388793945
1.475808024406433
1.4432350397109985
1.4123340845108032
1.3827459812164307
1.3541535139083862
1.3262865543365479
1.2989153861999512
1.2718546390533447
1.2449541091918945
1.2181016206741333
1.191213607788086
1.1642364263534546
1.137138843536377
1.1099109649658203
1.0825588703155518
1.0551023483276367
1.0275707244873047
1.0
0.9724292755126953
0.9448975920677185
0.9174411296844482
0.8900890350341797
0.8628612160682678
0.8357635736465454
0.8087864518165588
0.7818984389305115
0.7550458312034607
0.7281454205513
0.701084554195404
0.6737135052680969
0.6458464860916138
0.6172540187835693
0.5876659154891968
0.5567649006843567
0.5241919755935669
0.4895429313182831
0.45237648487091064
0.4122147560119629
1.522498607635498
1.4862937927246094
1.4527685642242432
1.4215139150619507
1.3921514749526978
1.3643332719802856
1.3377485275268555
1.3121205568313599
1.2872117757797241
1.262818455696106
1.2387735843658447
1.2149401903152466
1.191213607788086
1.1675137281417847
1.1437866687774658
1.1199973821640015
1.0961300134658813
1.0721826553344727
1.048165202140808
1.024096131324768
1.0
0.9759038090705872
0.9518347978591919
0.9278174042701721
0.9038699269294739
0.8800026178359985
0.856213390827179
0.8324862122535706
0.8087864518165588
0.7850597500801086
0.7612264752388
0.737181544303894
0.7127882242202759
0.6878795027732849
0.6622515320777893
0.6356667280197144
0.6078485250473022
0.5784860253334045
0.5472314357757568
0.5137062668800354
0.47750142216682434
1.4539904594421387
1.4221769571304321
1.3927030563354492
1.3652245998382568
1.3394224643707275
1.315002202987671
1.2916998863220215
1.2692793607711792
1.247536301612854
1.226293921470642
1.2054061889648438
1.1847518682479858
1.1642364263534546
1.1437866687774658
1.123350739479065
1.1028937101364136
1.0823965072631836
1.0618517398834229
1.0412628650665283
1.02064049243927
1.0
0.9793595671653748
0.9587370753288269
0.9381483197212219
0.9176035523414612
0.8971062898635864
0.8766492009162903
0.856213390827179
0.8357635736465454
0.8152481913566589
0.7945938110351562
0.7737060189247131
0.752463698387146
0.730720579624176
0.7083000540733337
0.6849977970123291
0.6605775356292725
0.6347753405570984
0.607296884059906
0.5778230428695679
0.5460094809532166
1.3826833963394165
1.355626106262207
1.3305487632751465
1.3071682453155518
1.285222053527832
1.2644675970077515
1.2446863651275635
1.225682258605957
1.2072845697402954
1.1893450021743774
1.1717394590377808
1.1543647050857544
1.137138843536377
1.1199973821640015
1.1028937101364136
1.0857949256896973
1.0686813592910767
1.0515432357788086
1.0343796014785767
1.017195463180542
1.0
0.982804536819458
0.9656203389167786
0.9484567642211914
0.9313186407089233
0.9142050743103027
0.8971062898635864
0.8800026178359985
0.8628612160682678
0.8456352949142456
0.8282604813575745
0.8106549978256226
0.7927153706550598
0.774317741394043
0.7553135752677917
0.7355324029922485
0.7147778868675232
0.6928316950798035
0.6694512367248535
0.644373893737793
0.6173165440559387
1.3090169429779053
1.2870163917541504
1.266619324684143
1.2476016283035278
1.2297554016113281
1.212888240814209
1.1968263387680054
1.181413173675537
1.1665120124816895
1.1520034074783325
1.137787103652954
1.1237788200378418
1.1099109649658203
1.0961300134658813
1.0823965072631836
1.0686813592910767
1.0549668073654175
1.041242241859436
1.027504801750183
1.0137556791305542
1.0
0.9862443208694458
0.9724952578544617
0.9587576985359192
0.9450332522392273
0.9313186407089233
0.9176035523414612
0.9038699269294739
0.8900890350341797
0.8762211799621582
0.8622128367424011
0.8479965925216675
0.8334880471229553
0.8185868859291077
0.8031737208366394
0.787111759185791
0.7702445387840271
0.7523983716964722
0.7333807349205017
0.7129836082458496
0.69098299741745
1.233445405960083
1.2167389392852783
1.2012465000152588
1.1868014335632324
1.1732487678527832
1.1604450941085815
1.1482605934143066
1.1365782022476196
1.1252951622009277
1.1143218278884888
1.1035819053649902
1.093011498451233
1.0825588703155518
1.0721826553344727
1.0618517398834229
1.0515432357788086
1.041242241859436
1.0309395790100098
1.0206314325332642
1.0103174448013306
1.0
0.9896824955940247
0.9793685078620911
0.9690603613853455
0.9587576985359192
0.9484567642211914
0.9381483197212219
0.9278174042701721
0.9174411296844482
0.9069885015487671
0.8964180946350098
0.885678231716156
0.8747047781944275
0.8634218573570251
0.8517394661903381
0.8395549654960632
0.8267512321472168
0.8131985068321228
0.7987534403800964
0.7832610607147217
0.7665546536445618
1.156434416770935
1.145199179649353
1.1347787380218506
1.125062346458435
1.1159474849700928
1.107338786125183
1.0991501808166504
1.0913034677505493
1.0837304592132568
1.0763708353042603
1.0691736936569214
1.0620957612991333
1.0551023483276367
1.048165202140808
1.0412628650665283
1.0343796014785767
1.027504801750183
1.0206314325332642
1.013756513595581
1.0068790912628174
1.0
0.9931209087371826
0.9862434267997742
0.9793685078620911
0.9724952578544617
0.9656203389167786
0.9587370753288269
0.9518347978591919
0.9448975920677185
0.9379041790962219
0.9308263659477234
0.9236291646957397
0.9162695407867432
0.9086964726448059
0.9008498787879944
0.8926612138748169
0.8840525150299072
0.8749376535415649
0.8652213215827942
0.8548007607460022
0.8435655236244202
1.0784591436386108
1.0728121995925903
1.067574381828308
1.0626903772354126
1.0581090450286865
1.0537828207015991
1.049668788909912
1.0457279682159424
1.0419261455535889
1.0382330417633057
1.0346232652664185
1.0310750007629395
1.0275707244873047
1.024096131324768
1.02064049243927
1.017195463180542
1.0137556791305542
1.0103174448013306
1.0068790912628174
1.0034399032592773
1.0
0.9965601563453674
0.9931209087371826
0.9896824955940247
0.9862443208694458
0.982804536819458
0.9793595671653748
0.9759038090705872
0.9724292755126953
0.9689249992370605
0.9653767347335815
0.9617669582366943
0.9580738544464111
0.9542719721794128
0.9503311514854431
0.9462171196937561
0.9418909549713135
0.9373096823692322
0.9324256777763367
0.9271878004074097
0.9215409159660339
1.0
1.0
1.0
1.0
1.0
1.0
1.0
1.0
1.0
1.0
1.0
1.0
1.0
1.0
1.0
1.0
1.0
1.0
1.0
1.0
1.0
1.0
1.0
1.0
1.0
1.0
1.0
1.0
1.0
1.0
1.0
1.0
1.0
1.0
1.0
1.0
1.0
1.0
1.0
1.0
1.0
0.9215409159660339
0.9271878004074097
0.9324256777763367
0.9373096823692322
0.9418909549713135
0.9462171196937561
0.9503311514854431
0.9542719721794128
0.9580738544464111
0.9617669582366943
0.9653767347335815
0.9689249992370605
0.9724292755126953
0.9759038090705872
0.9793595671653748
0.982804536819458
0.9862443208694458
0.9896824955940247
0.9931209087371826
0.9965601563453674
1.0
1.0034399032592773
1.0068790912628174
1.0103174448013306
1.0137556791305542
1.017195463180542
1.02064049243927
1.024096131324768
1.0275707244873047
1.0310750007629395
1.0346232652664185
1.0382330417633057
1.0419261455535889
1.0457279682159424
1.049668788909912
1.0537828207015991
1.0581090450286865
1.0626903772354126
1.067574381828308
1.0728121995925903
1.0784591436386108
0.8435655236244202
0.8548007607460022
0.8652213215827942
0.8749376535415649
0.8840525150299072
0.8926612138748169
0.9008498787879944
0.9086964726448059
0.9162695407867432
0.9236291646957397
0.9308263659477234
0.9379041790962219
0.9448975920677185
0.9518347978591919
0.9587370753288269
0.9656203389167786
0.9724952578544617
0.9793685078620911
0.9862434267997742
0.9931209087371826
1.0
1.0068790912628174
1.013756513595581
1.0206314325332642
1.027504801750183
1.0343796014785767
1.0412628650665283
1.048165202140808
1.0551023483276367
1.0620957612991333
1.0691736936569214
1.0763708353042603
1.0837304592132568
1.0913034677505493
1.0991501808166504
1.107338786125183
1.1159474849700928
1.125062346458435
1.1347787380218506
1.145199179649353
1.156434416770935
0.7665546536445618
0.7832610607147217
0.7987534403800964
0.8131985068321228
0.8267512321472168
0.8395549654960632
0.8517394661903381
0.8634218573570251
0.8747047781944275
0.885678231716156
0.8964180946350098
0.9069885015487671
0.9174411296844482
0.9278174042701721
0.9381483197212219
0.9484567642211914
0.9587576985359192
0.9690603613853455
0.9793685078620911
0.9896824955940247
1.0
1.0103174448013306
1.0206314325332642
1.0309395790100098
1.041242241859436
1.0515432357788086
1.0618517398834229
1.0721826553344727
1.0825588703155518
1.093011498451233
1.1035819053649902
1.1143218278884888
1.1252951622009277
1.1365782022476196
1.1482605934143066
1.1604450941085815
1.1732487678527832
1.1868014335632324
1.2012465000152588
1.2167389392852783
1.233445405960083
0.69098299741745
0.7129836082458496
0.7333807349205017
0.7523983716964722
0.7702445387840271
0.787111759185791
0.8031737208366394
0.8185868859291077
0.8334880471229553
0.8479965925216675
0.8622128367424011
0.8762211799621582
0.8900890350341797
0.9038699269294739
0.9176035523414612
0.9313186407089233
0.9450332522392273
0.9587576985359192
0.9724952578544617
0.9862443208694458
1.0
1.0137556791305542
1.027504801750183
1.041242241859436
1.0549668073654175
1.0686813592910767
1.0823965072631836
1.0961300134658813
1.1099109649658203
1.1237788200378418
1.137787103652954
1.1520034074783325
1.1665120124816895
1.181413173675537
1.1968263387680054
1.212888240814209
1.2297554016113281
1.2476016283035278
1.266619324684143
1.2870163917541504
1.3090169429779053
0.6173165440559387
0.644373893737793
0.6694512367248535
0.6928316950798035
0.7147778868675232
0.7355324029922485
0.7553135752677917
0.774317741394043
0.7927153706550598
0.8106549978256226
0.8282604813575745
0.8456352949142456
0.8628612160682678
0.8800026178359985
0.8971062898635864
0.9142050743103027
0.9313186407089233
0.9484567642211914
0.9656203389167786
0.982804536819458
1.0
1.017195463180542
1.0343796014785767
1.0515432357788086
1.0686813592910767
1.0857949256896973
1.1028937101364136
1.1199973821640015
1.137138843536377
1.1543647050857544
1.1717394590377808
1.1893450021743774
1.2072845697402954
1.225682258605957
1.2446863651275635
1.2644675970077515
1.285222053527832
1.3071682453155518
1.3305487632751465
1.355626106262207
1.3826833963394165
0.5460094809532166
0.5778230428695679
0.607296884059906
0.6347753405570984
0.6605775356292725
0.6849977970123291
0.7083000540733337
0.730720579624176
0.752463698387146
0.7737060189247131
0.7945938110351562
0.8152481913566589
0.8357635736465454
0.856213390827179
0.8766492009162903
0.8971062898635864
0.9176035523414612
0.9381483197212219
0.9587370753288269
0.9793595671653748
1.0
1.02064049243927
1.0412628650665283
1.0618517398834229
1.0823965072631836
1.1028937101364136
1.123350739479065
1.1437866687774658
1.1642364263534546
1.1847518682479858
1.2054061889648438
1.226293921470642
1.247536301612854
1.2692793607711792
1.2916998863220215
1.315002202987671
1.3394224643707275
1.3652245998382568
1.3927030563354492
1.4221769571304321
1.4539904594421387
0.47750142216682434
0.5137062668800354
0.5472314357757568
0.5784860253334045
0.6078485250473022
0.6356667280197144
0.6622515320777893
0.6878795027732849
0.7127882242202759
0.737181544303894
0.7612264752388
0.7850597500801086
0.8087864518165588
0.8324862122535706
0.856213390827179
0.8800026178359985
0.9038699269294739
0.9278174042701721
0.9518347978591919
0.9759038090705872
1.0
1.024096131324768
1.048165202140808
1.0721826553344727
1.0961300134658813
1.1199973821640015
1.1437866687774658
1.1675137281417847
1.191213607788086
1.2149401903152466
1.2387735843658447
1.262818455696106
1.2872117757797241
1.3121205568313599
1.3377485275268555
1.3643332719802856
1.3921514749526978
1.4215139150619507
1.4527685642242432
1.4862937927246094
1.522498607635498
0.4122147560119629
0.45237648487091064
0.4895429313182831
0.5241919755935669
0.5567649006843567
0.5876659154891968
0.6172540187835693
0.6458464860916138
0.6737135052680969
0.701084554195404
0.7281454205513
0.7550458312034607
0.7818984389305115
0.8087864518165588
0.8357635736465454
0.8628612160682678
0.8900890350341797
0.9174411296844482
0.9448975920677185
0.9724292755126953
1.0
1.0275707244873047
1.0551023483276367
1.0825588703155518
1.1099109649658203
1.137138843536377
1.1642364263534546
1.191213607788086
1.2181016206741333
1.2449541091918945
1.2718546390533447
1.2989153861999512
1.3262865543365479
1.3541535139083862
1.3827459812164307
1.4123340845108032
1.4432350397109985
1.475808024406433
1.5104570388793945
1.5476235151290894
1.587785243988037
0.350551962852478
0.39416375756263733
0.4344923198223114
0.47209081053733826
0.507468044757843
0.5410878658294678
0.5733590126037598
0.6046398878097534
0.6352317929267883
0.6653879284858704
0.6953096985816956
0.725156843662262
0.7550458312034607
0.7850597500801086
0.8152481913566589
0.8456352949142456
0.8762211799621582
0.9069885015487671
0.9379041790962219
0.9689249992370605
1.0
1.0310750007629395
1.0620957612991333
1.093011498451233
1.1237788200378418
1.1543647050857544
1.1847518682479858
1.2149401903152466
1.2449541091918945
1.2748432159423828
1.3046902418136597
1.3346121311187744
1.3647682666778564
1.3953601121902466
1.4266409873962402
1.4589121341705322
1.4925320148468018
1.5279091596603394
1.5655076503753662
1.605836272239685
1.649448037147522
0.2928932309150696
0.3393670320510864
0.3823030889034271
0.42233747243881226
0.4600529372692108
0.4959770739078522
0.5305701494216919
0.5642312169075012
0.5972909927368164
0.630023181438446
0.6626410484313965
0.6953096985816956
0.7281454205513
0.7612264752388
0.7945938110351562
0.8282604813575745
0.8622128367424011
0.8964180946350098
0.9308263659477234
0.9653767347335815
1.0
1.0346232652664185
1.0691736936569214
1.1035819053649902
1.137787103652954
1.1717394590377808
1.2054061889648438
1.2387735843658447
1.2718546390533447
1.3046902418136597
1.3373589515686035
1.3699768781661987
1.4027090072631836
1.4357688426971436
1.469429850578308
1.5040229558944702
1.5399470329284668
1.577662467956543
1.6176968812942505
1.6606329679489136
1.7071068286895752
0.23959402740001678
0.2882537245750427
0.3331593871116638
0.3750417232513428
0.4145655930042267
0.4523274898529053
0.48884060978889465
0.5245437026023865
0.5597935914993286
0.5948801636695862
0.630023181438446
0.6653879284858704
0.701084554195404
0.737181544303894
0.7737060189247131
0.8106549978256226
0.8479965925216675
0.885678231716156
0.9236291646957397
0.9617669582366943
1.0
1.0382330417633057
1.0763708353042603
1.1143218278884888
1.1520034074783325
1.1893450021743774
1.226293921470642
1.262818455696106
1.2989153861999512
1.3346121311187744
1.3699768781661987
1.4051198959350586
1.4402064085006714
1.4754563570022583
1.5111594200134277
1.5476725101470947
1.5854344367980957
1.6249582767486572
1.6668405532836914
1.7117462158203125
1.7604060173034668
0.19098301231861115
0.2410484105348587
0.287190318107605
0.3302491307258606
0.3709827661514282
0.41006216406822205
0.4480542540550232
0.48543471097946167
0.5225813984870911
0.5597935914993286
0.5972909927368164
0.6352317929267883
0.6737135052680969
0.7127882242202759
0.752463698387146
0.7927153706550598
0.8334880471229553
0.8747047781944275
0.9162695407867432
0.9580738544464111
1.0
1.0419261455535889
1.0837304592132568
1.1252951622009277
1.1665120124816895
1.2072845697402954
1.247536301612854
1.2872117757797241
1.3262865543365479
1.3647682666778564
1.4027090072631836
1.4402064085006714
1.4774186611175537
1.5145652294158936
1.551945686340332
1.5899378061294556
1.6290172338485718
1.6697509288787842
1.712809681892395
1.7589515447616577
1.8090169429779053
0.14735983312129974
0.19793148338794708
0.24446602165699005
0.2879363000392914
0.3292069137096405
0.3690292239189148
0.4080227017402649
0.44669434428215027
0.48543471097946167
0.5245437026023865
0.5642312169075012
0.6046398878097534
0.6458464860916138
0.6878795027732849
0.730720579624176
0.774317741394043
0.8185868859291077
0.8634218573570251
0.9086964726448059
0.9542719721794128
1.0
1.0457279682159424
1.0913034677505493
1.1365782022476196
1.181413173675537
1.225682258605957
1.2692793607711792
1.3121205568313599
1.3541535139083862
1.3953601121902466
1.4357688426971436
1.4754563570022583
1.5145652294158936
1.5533056259155273
1.5919773578643799
1.6309707164764404
1.670793056488037
1.7120636701583862
1.7555339336395264
1.8020684719085693
1.852640151977539
0.10899347811937332
0.1590200662612915
0.20496948063373566
0.24797743558883667
0.2890326976776123
0.32897093892097473
0.3684583604335785
0.4080227017402649
0.4480542540550232
0.48884060978889465
0.5305701494216919
0.5733590126037598
0.6172540187835693
0.6622515320777893
0.7083000540733337
0.7553135752677917
0.8031737208366394
0.8517394661903381
0.9008498787879944
0.9503311514854431
1.0
1.049668788909912
1.0991501808166504
1.1482605934143066
1.1968263387680054
1.2446863651275635
1.2916998863220215
1.3377485275268555
1.3827459812164307
1.4266409873962402
1.469429850578308
1.5111594200134277
1.551945686340332
1.5919773578643799
1.6315416097640991
1.6710290908813477
1.7109673023223877
1.752022624015808
1.7950304746627808
1.8409799337387085
1.8910064697265625
0.07612046599388123
0.1243627592921257
0.1685846596956253
0.2101321965456009
0.2501363754272461
0.2895166575908661
0.32897093892097473
0.3690292239189148
0.41006216406822205
0.4523274898529053
0.4959770739078522
0.5410878658294678
0.5876659154891968
0.6356667280197144
0.6849977970123291
0.7355324029922485
0.787111759185791
0.8395549654960632
0.8926612138748169
0.9462171196937561
1.0
1.0537828207015991
1.107338786125183
1.1604450941085815
1.212888240814209
1.2644675970077515
1.315002202987671
1.3643332719802856
1.4123340845108032
1.4589121341705322
1.5040229558944702
1.5476725101470947
1.5899378061294556
1.6309707164764404
1.6710290908813477
1.7104833126068115
1.749863624572754
1.7898677587509155
1.8314152956008911
1.8756372928619385
1.9238795042037964
0.04894348233938217
0.09389348328113556
0.13503366708755493
0.17397785186767578
0.2120179831981659
0.2501363754272461
0.2890326976776123
0.3292069137096405
0.3709827661514282
0.4145655930042267
0.4600529372692108
0.507468044757843
0.5567649006843567
0.6078485250473022
0.6605775356292725
0.7147778868675232
0.7702445387840271
0.8267512321472168
0.8840525150299072
0.9418909549713135
1.0
1.0581090450286865
1.1159474849700928
1.1732487678527832
1.2297554016113281
1.285222053527832
1.3394224643707275
1.3921514749526978
1.4432350397109985
1.4925320148468018
1.5399470329284668
1.5854344367980957
1.6290172338485718
1.670793056488037
1.7109673023223877
1.749863624572754
1.7879819869995117
1.8260221481323242
1.8649663925170898
1.9061064720153809
1.9510564804077148
0.02763007953763008
0.06741151958703995
0.1038307175040245
0.13887737691402435
0.17397785186767578
0.2101321965456009
0.24797743558883667
0.2879363000392914
0.3302491307258606
0.3750417232513428
0.42233747243881226
0.47209081053733826
0.5241919755935669
0.5784860253334045
0.6347753405570984
0.6928316950798035
0.7523983716964722
0.8131985068321228
0.8749376535415649
0.9373096823692322
1.0
1.0626903772354126
1.125062346458435
1.1868014335632324
1.2476016283035278
1.3071682453155518
1.3652245998382568
1.4215139150619507
1.475808024406433
1.5279091596603394
1.577662467956543
1.6249582767486572
1.6697509288787842
1.7120636701583862
1.752022624015808
1.7898677587509155
1.8260221481323242
1.8611226081848145
1.8961693048477173
1.9325884580612183
1.972369909286499
0.012311659753322601
0.04438572749495506
0.07411963492631912
0.1038307175040245
0.13503366708755493
0.1685846596956253
0.20496948063373566
0.24446602165699005
0.287190318107605
0.3331593871116638
0.3823030889034271
0.4344923198223114
0.4895429313182831
0.5472314357757568
0.607296884059906
0.6694512367248535
0.7333807349205017
0.7987534403800964
0.8652213215827942
0.9324256777763367
1.0
1.067574381828308
1.1347787380218506
1.2012465000152588
1.266619324684143
1.3305487632751465
1.3927030563354492
1.4527685642242432
1.5104570388793945
1.5655076503753662
1.6176968812942505
1.6668405532836914
1.712809681892395
1.7555339336395264
1.7950304746627808
1.8314152956008911
1.8649663925170898
1.8961693048477173
1.9258803129196167
1.9556143283843994
1.9876883029937744
0.003082666313275695
0.023905178532004356
0.04438572749495506
0.06741151958703995
0.09389348328113556
0.1243627592921257
0.1590200662612915
0.19793148338794708
0.2410484105348587
0.2882537245750427
0.3393670320510864
0.39416375756263733
0.45237648487091064
0.5137062668800354
0.5778230428695679
0.644373893737793
0.7129836082458496
0.7832610607147217
0.8548007607460022
0.9271878004074097
1.0
1.0728121995925903
1.145199179649353
1.2167389392852783
1.2870163917541504
1.355626106262207
1.4221769571304321
1.4862937927246094
1.5476235151290894
1.605836272239685
1.6606329679489136
1.7117462158203125
1.7589515447616577
1.8020684719085693
1.8409799337387085
1.8756372928619385
1.9061064720153809
1.9325884580612183
1.9556143283843994
1.9760948419570923
1.9969173669815063
0.0
0.003082666313275695
0.012311659753322601
0.02763007953763008
0.04894348233938217
0.07612046599388123
0.10899347811937332
0.14735983312129974
0.19098301231861115
0.23959402740001678
0.2928932309150696
0.350551962852478
0.4122147560119629
0.47750142216682434
0.5460094809532166
0.6173165440559387
0.69098299741745
0.7665546536445618
0.8435655236244202
0.9215409159660339
1.0
1.0784591436386108
1.156434416770935
1.233445405960083
1.3090169429779053
1.3826833963394165
1.4539904594421387
1.522498607635498
1.587785243988037
1.649448037147522
1.7071068286895752
1.7604060173034668
1.8090169429779053
1.852640151977539
1.8910064697265625
1.9238795042037964
1.9510564804077148
1.972369909286499
1.9876883029937744
1.9969173669815063
2.0
