2.0
1.9969173669815063
1.9876883029937744
1.972369909286499
1.9510564804077148
1.9238795042037964
1.8910064697265625
1.852640151977539
1.8090169429779053
1.7604060173034668
1.7071068286895752
1.649448037147522
1.587785243988037
1.522498607635498
1.4539904594421387
1.3826833963394165
1.3090169429779053
1.233445405960083
1.156434416770935
1.0784591436386108
1.0
0.9215409159660339
0.8435655236244202
0.7665546536445618
0.69098299741745
0.6173165440559387
0.5460094809532166
0.47750142216682434
0.4122147560119629
0.350551962852478
0.2928932309150696
0.23959402740001678
0.19098301231861115
0.14735983312129974
0.10899347811937332
0.07612046599388123
0.04894348233938217
0.02763007953763008
0.012311659753322601
0.003082666313275695
0.0
1.9969173669815063
1.97611665725708
1.955649971961975
1.9326337575912476
1.906158208847046
1.8756930828094482
1.8410381078720093
1.802127480506897
1.7590100765228271
1.7118033170700073
1.6606874465942383
1.6058874130249023
1.5476707220077515
1.486336350440979
1.422214388847351
1.355657935142517
1.287042260169983
1.2167586088180542
1.1452124118804932
1.0728188753128052
1.0
0.9271811246871948
0.8547875285148621
0.7832413911819458
0.7129577398300171
0.6443420648574829
0.5777856707572937
0.5136637091636658
0.45232927799224854
0.39411255717277527
0.33931252360343933
0.28819674253463745
0.24098986387252808
0.19787248969078064
0.15896189212799072
0.12430689483880997
0.09384177625179291
0.06736625730991364
0.04435000568628311
0.023883337154984474
0.003082666313275695
1.9876883029937744
1.955649971961975
1.9259414672851562
1.8962483406066895
1.8650578260421753
1.8315150737762451
1.7951351404190063
1.7556405067443848
1.7129157781600952
1.6669442653656006
1.6177961826324463
1.565601110458374
1.5105433464050293
1.4528465270996094
1.392771601676941
1.3306071758270264
1.2666667699813843
1.2012826204299927
1.1348029375076294
1.0675865411758423
1.0
0.9324134588241577
0.8651970028877258
0.7987173795700073
0.7333332300186157
0.6693928837776184
0.6072283387184143
0.5471535325050354
0.4894566833972931
0.4343988597393036
0.3822037875652313
0.3330557644367218
0.28708416223526
0.24435944855213165
0.20486485958099365
0.1684848666191101
0.13494212925434113
0.10375167429447174
0.07405854016542435
0.04435000568628311
0.012311659753322601
1.972369909286499
1.9326337575912476
1.8962483406066895
1.8612264394760132
1.8261436223983765
1.7900012731552124
1.752163290977478
1.7122076749801636
1.6698946952819824
1.6250990629196167
1.577797770500183
1.5280367136001587
1.4759258031845093
1.421620488166809
1.3653184175491333
1.3072482347488403
1.2476667165756226
1.186850905418396
1.1250956058502197
1.0627070665359497
1.0
0.9372929334640503
0.8749043345451355
0.813149094581604
0.7523332834243774
0.6927518248558044
0.6346815824508667
0.5783795714378357
0.5240741968154907
0.4719633460044861
0.4222022294998169
0.3749008774757385
0.3301052451133728
0.28779229521751404
0.24783669412136078
0.2099986970424652
0.17385631799697876
0.13877353072166443
0.10375167429447174
0.06736625730991364
0.02763007953763008
1.9510564804077148
1.906158208847046
1.8650578260421753
1.8261436223983765
1.7881253957748413
1.7500221729278564
1.7111351490020752
1.670965552330017
1.6291899681091309
1.585603952407837
1.5401102304458618
1.4926859140396118
1.4433776140213013
1.3922804594039917
1.3395360708236694
1.2853189706802368
1.2298343181610107
1.1733088493347168
1.1159878969192505
1.0581293106079102
1.0
0.9418706893920898
0.8840121030807495
0.826691210269928
0.7701656222343445
0.7146810293197632
0.6604639291763306
0.6077195405960083
0.5566224455833435
0.5073140859603882
0.45988979935646057
0.4143960773944855
0.37081000208854675
0.3290344774723053
0.2888648211956024
0.24997788667678833
0.2118745744228363
0.17385631799697876
0.13494212925434113
0.09384177625179291
0.04894348233938217
1.9238795042037964
1.8756930828094482
1.8315150737762451
1.7900012731552124
1.7500221729278564
1.710659384727478
1.6712162494659424
1.6311637163162231
1.5901316404342651
1.5478631258010864
1.5042065382003784
1.4590857028961182
1.4124948978424072
1.3644789457321167
1.3151307106018066
1.2645772695541382
1.2129775285720825
1.1605130434036255
1.1073845624923706
1.0538058280944824
1.0
0.9461941123008728
0.8926154375076294
0.8394869565963745
0.7870224118232727
0.7354227900505066
0.6848692893981934
0.6355210542678833
0.5875051021575928
0.5409142374992371
0.4957934021949768
0.45213693380355835
0.4098683297634125
0.36883631348609924
0.32878372073173523
0.2893405854701996
0.24997788667678833
0.2099986970424652
0.1684848666191101
0.12430689483880997
0.07612046599388123
1.8910064697265625
1.8410381078720093
1.7951351404190063
1.752163290977478
1.7111351490020752
1.6712162494659424
1.6317414045333862
1.5921837091445923
1.5521535873413086
1.5113641023635864
1.4696274995803833
1.4268280267715454
1.382919430732727
1.337905764579773
1.2918387651443481
1.244804859161377
1.1969228982925415
1.14833402633667
1.099199652671814
1.0496937036514282
1.0
0.950306236743927
0.900800347328186
0.8516659140586853
0.8030771017074585
0.755195140838623
0.7081612348556519
0.662094235420227
0.6170805096626282
0.5731719732284546
0.5303725004196167
0.4886358976364136
0.4478464126586914
0.4078162908554077
0.3682585656642914
0.32878372073173523
0.2888648211956024
0.24783669412136078
0.20486485958099365
0.15896189212799072
0.10899347811937332
1.852640151977539
1.802127480506897
1.7556405067443848
1.7122076749801636
1.670965552330017
1.6311637163162231
1.5921837091445923
1.553519368171692
1.514780879020691
1.475669026374817
1.4359744787216187
1.395555019378662
1.3543344736099243
1.3122845888137817
1.269424319267273
1.2258061170578003
1.1815141439437866
1.1366549730300903
1.091355323791504
1.045754075050354
1.0
0.954245924949646
0.9086447358131409
0.8633449673652649
0.8184859156608582
0.7741939425468445
0.7305756211280823
0.6877153515815735
0.6456655859947205
0.6044449806213379
0.5640255212783813
0.5243309140205383
0.4852190613746643
0.4464806020259857
0.4078162908554077
0.36883631348609924
0.3290344774723053
0.28779229521751404
0.24435944855213165
0.19787248969078064
0.14735983312129974
1.8090169429779053
1.7590100765228271
1.7129157781600952
1.6698946952819824
1.6291899681091309
1.5901316404342651
1.5521535873413086
1.514780879020691
1.4776365756988525
1.4404217004776
1.4029173851013184
1.3649659156799316
1.326470136642456
1.2873785495758057
1.2476836442947388
1.207410454750061
1.1666147708892822
1.1253734827041626
1.0837831497192383
1.0419526100158691
1.0
0.9580473899841309
0.9162168502807617
0.8746265769004822
0.8333852887153625
0.7925894856452942
0.7523163557052612
0.7126214504241943
0.673529863357544
0.6350340843200684
0.5970826148986816
0.5595782995223999
0.5223634243011475
0.4852190613746643
0.4478464126586914
0.4098683297634125
0.37081000208854675
0.3301052451133728
0.28708416223526
0.24098986387252808
0.19098301231861115
1.7604060173034668
1.7118033170700073
1.6669442653656006
1.6250990629196167
1.585603952407837
1.5478631258010864
1.5113641023635864
1.475669026374817
1.4404217004776
1.4053329229354858
1.3701832294464111
1.3348079919815063
1.2990975379943848
1.262984037399292
1.2264403104782104
1.1894700527191162
1.1521055698394775
1.1143995523452759
1.076423168182373
1.0382593870162964
1.0
0.9617405533790588
0.9235767722129822
0.8856004476547241
0.8478944301605225
0.8105299472808838
0.7735596895217896
0.7370160222053528
0.7009024024009705
0.6651919484138489
0.6298167705535889
0.5946671366691589
0.5595782995223999
0.5243309140205383
0.4886358976364136
0.45213693380355835
0.4143960773944855
0.3749008774757385
0.3330557644367218
0.28819674253463745
0.23959402740001678
1.7071068286895752
1.6606874465942383
1.6177961826324463
1.577797770500183
1.5401102304458618
1.5042065382003784
1.4696274995803833
1.4359744787216187
1.4029173851013184
1.3701832294464111
1.3375591039657593
1.3048804998397827
1.272031545639038
1.2389343976974487
1.2055484056472778
1.171861171722412
1.1378865242004395
1.103657603263855
1.0692247152328491
1.0346488952636719
1.0
0.9653510451316833
0.9307753443717957
0.896342396736145
0.8621135354042053
0.8281388282775879
0.7944515347480774
0.761065661907196
0.7279684543609619
0.6951195597648621
0.6624408960342407
0.6298167705535889
0.5970826148986816
0.5640255212783813
0.5303725004196167
0.4957934021949768
0.45988979935646057
0.4222022294998169
0.3822037875652313
0.33931252360343933
0.2928932309150696
1.649448037147522
1.6058874130249023
1.565601110458374
1.5280367136001587
1.4926859140396118
1.4590857028961182
1.4268280267715454
1.395555019378662
1.3649659156799316
1.3348079919815063
1.3048804998397827
1.2750239372253418
1.2451224327087402
1.2150932550430298
1.1848872900009155
1.1544805765151978
1.1238734722137451
1.0930836200714111
1.06214439868927
1.0310994386672974
1.0
0.9689005017280579
0.93785560131073
0.9069164395332336
0.8761265873908997
0.8455194234848022
0.8151127099990845
0.7849066853523254
0.754877507686615
0.7249760031700134
0.6951195597648621
0.6651919484138489
0.6350340843200684
0.6044449806213379
0.5731719732284546
0.5409142374992371
0.5073140859603882
0.4719633460044861
0.4343988597393036
0.39411255717277527
0.350551962852478
1.587785243988037
1.5476707220077515
1.5105433464050293
1.4759258031845093
1.4433776140213013
1.4124948978424072
1.382919430732727
1.3543344736099243
1.326470136642456
1.2990975379943848
1.272031545639038
1.2451224327087402
1.2182583808898926
1.1913561820983887
1.1643626689910889
1.13724684715271
1.1099992990493774
1.0826261043548584
1.0551477670669556
1.0275936126708984
1.0
0.9724064469337463
0.9448522925376892
0.9173738956451416
0.8900007605552673
0.86275315284729
0.8356373310089111
0.8086438179016113
0.7817416787147522
0.754877507686615
0.7279684543609619
0.7009024024009705
0.673529863357544
0.6456655859947205
0.6170805096626282
0.5875051021575928
0.5566224455833435
0.5240741968154907
0.4894566833972931
0.45232927799224854
0.4122147560119629
1.522498607635498
1.486336350440979
1.4528465270996094
1.421620488166809
1.3922804594039917
1.3644789457321167
1.337905764579773
1.3122845888137817
1.2873785495758057
1.262984037399292
1.2389343976974487
1.2150932550430298
1.1913561820983887
1.1676435470581055
1.1439015865325928
1.1200957298278809
1.0962104797363281
1.0722439289093018
1.0482064485549927
1.0241169929504395
1.0
0.9758830666542053
0.9517934918403625
0.927756130695343
0.9037895202636719
0.8799042701721191
0.8560984134674072
0.8323563933372498
0.8086438179016113
0.7849066853523254
0.761065661907196
0.7370160222053528
0.7126214504241943
0.6877153515815735
0.662094235420227
0.6355210542678833
0.6077195405960083
0.5783795714378357
0.5471535325050354
0.5136637091636658
0.47750142216682434
1.4539904594421387
1.422214388847351
1.392771601676941
1.3653184175491333
1.3395360708236694
1.3151307106018066
1.2918387651443481
1.269424319267273
1.2476836442947388
1.2264403104782104
1.2055484056472778
1.1848872900009155
1.1643626689910889
1.1439015865325928
1.1234526634216309
1.1029808521270752
1.0824676752090454
1.0619059801101685
1.04129958152771
1.0206588506698608
1.0
0.9793410897254944
0.9587004780769348
0.9380939602851868
0.9175323247909546
0.89701908826828
0.8765473961830139
0.8560984134674072
0.8356373310089111
0.8151127099990845
0.7944515347480774
0.7735596895217896
0.7523163557052612
0.7305756211280823
0.7081612348556519
0.6848692893981934
0.6604639291763306
0.6346815824508667
0.6072283387184143
0.5777856707572937
0.5460094809532166
1.3826833963394165
1.355657935142517
1.3306071758270264
1.3072482347488403
1.2853189706802368
1.2645772695541382
1.244804859161377
1.2258061170578003
1.207410454750061
1.1894700527191162
1.171861171722412
1.1544805765151978
1.13724684715271
1.1200957298278809
1.1029808521270752
1.085869550704956
1.0687423944473267
1.0515897274017334
1.034411072731018
1.0172111988067627
1.0
0.9827887415885925
0.9655889868736267
0.9484102129936218
0.9312576055526733
0.914130449295044
0.89701908826828
0.8799042701721191
0.86275315284729
0.8455194234848022
0.8281388282775879
0.8105299472808838
0.7925894856452942
0.7741939425468445
0.755195140838623
0.7354227900505066
0.7146810293197632
0.6927518248558044
0.6693928837776184
0.6443420648574829
0.6173165440559387
1.3090169429779053
1.287042260169983
1.2666667699813843
1.2476667165756226
1.2298343181610107
1.2129775285720825
1.1969228982925415
1.1815141439437866
1.1666147708892822
1.1521055698394775
1.1378865242004395
1.1238734722137451
1.1099992990493774
1.0962104797363281
1.0824676752090454
1.0687423944473267
1.0550166368484497
1.0412802696228027
1.0275304317474365
1.0137685537338257
1.0
0.9862314462661743
0.9724695682525635
0.9587196707725525
0.9449833631515503
0.9312576055526733
0.9175323247909546
0.9037895202636719
0.8900007605552673
0.8761265873908997
0.8621135354042053
0.8478944301605225
0.8333852887153625
0.8184859156608582
0.8030771017074585
0.7870224118232727
0.7701656222343445
0.7523332834243774
0.7333332300186157
0.7129577398300171
0.69098299741745
1.233445405960083
1.2167586088180542
1.2012826204299927
1.186850905418396
1.1733088493347168
1.1605130434036255
1.14833402633667
1.1366549730300903
1.1253734827041626
1.1143995523452759
1.103657603263855
1.0930836200714111
1.0826261043548584
1.0722439289093018
1.0619059801101685
1.0515897274017334
1.0412802696228027
1.0309686660766602
1.0206509828567505
1.0103273391723633
1.0
0.9896726608276367
0.9793489575386047
0.9690313935279846
0.9587196707725525
0.9484102129936218
0.9380939602851868
0.927756130695343
0.9173738956451416
0.9069164395332336
0.896342396736145
0.8856004476547241
0.8746265769004822
0.8633449673652649
0.8516659140586853
0.8394869565963745
0.826691210269928
0.813149094581604
0.7987173795700073
0.7832413911819458
0.7665546536445618
1.156434416770935
1.1452124118804932
1.1348029375076294
1.1250956058502197
1.1159878969192505
1.1073845624923706
1.099199652671814
1.091355323791504
1.0837831497192383
1.076423168182373
1.0692247152328491
1.06214439868927
1.0551477670669556
1.0482064485549927
1.04129958152771
1.034411072731018
1.0275304317474365
1.0206509828567505
1.0137697458267212
1.0068857669830322
1.0
0.9931142330169678
0.9862302541732788
0.9793489575386047
0.9724695682525635
0.9655889868736267
0.9587004780769348
0.9517934918403625
0.9448522925376892
0.93785560131073
0.9307753443717957
0.9235767722129822
0.9162168502807617
0.9086447358131409
0.900800347328186
0.8926154375076294
0.8840121030807495
0.8749043345451355
0.8651970028877258
0.8547875285148621
0.8435655236244202
1.0784591436386108
1.0728188753128052
1.0675865411758423
1.0627070665359497
1.0581293106079102
1.0538058280944824
1.0496937036514282
1.045754075050354
1.0419526100158691
1.0382593870162964
1.0346488952636719
1.0310994386672974
1.0275936126708984
1.0241169929504395
1.0206588506698608
1.0172111988067627
1.0137685537338257
1.0103273391723633
1.0068857669830322
1.0034432411193848
1.0
0.99655681848526
0.9931142330169678
0.9896726608276367
0.9862314462661743
0.9827887415885925
0.9793410897254944
0.9758830666542053
0.9724064469337463
0.9689005017280579
0.9653510451316833
0.9617405533790588
0.9580473899841309
0.954245924949646
0.950306236743927
0.9461941123008728
0.9418706893920898
0.9372929334640503
0.9324134588241577
0.9271811246871948
0.9215409159660339
1.0
1.0
1.0
1.0
1.0
1.0
1.0
1.0
1.0
1.0
1.0
1.0
1.0
1.0
1.0
1.0
1.0
1.0
1.0
1.0
1.0
1.0
1.0
1.0
1.0
1.0
1.0
1.0
1.0
1.0
1.0
1.0
1.0
1.0
1.0
1.0
1.0
1.0
1.0
1.0
1.0
0.9215409159660339
0.9271811246871948
0.9324134588241577
0.9372929334640503
0.9418706893920898
0.9461941123008728
0.950306236743927
0.954245924949646
0.9580473899841309
0.9617405533790588
0.9653510451316833
0.9689005017280579
0.9724064469337463
0.9758830666542053
0.9793410897254944
0.9827887415885925
0.9862314462661743
0.9896726608276367
0.9931142330169678
0.99655681848526
1.0
1.0034432411193848
1.0068857669830322
1.0103273391723633
1.0137685537338257
1.0172111988067627
1.0206588506698608
1.0241169929504395
1.0275936126708984
1.0310994386672974
1.0346488952636719
1.0382593870162964
1.0419526100158691
1.045754075050354
1.0496937036514282
1.0538058280944824
1.0581293106079102
1.0627070665359497
1.0675865411758423
1.0728188753128052
1.0784591436386108
0.8435655236244202
0.8547875285148621
0.8651970028877258
0.8749043345451355
0.8840121030807495
0.8926154375076294
0.900800347328186
0.9086447358131409
0.9162168502807617
0.9235767722129822
0.9307753443717957
0.93785560131073
0.9448522925376892
0.9517934918403625
0.9587004780769348
0.9655889868736267
0.9724695682525635
0.9793489575386047
0.9862302541732788
0.9931142330169678
1.0
1.0068857669830322
1.0137697458267212
1.0206509828567505
1.0275304317474365
1.034411072731018
1.04129958152771
1.0482064485549927
1.0551477670669556
1.06214439868927
1.0692247152328491
1.076423168182373
1.0837831497192383
1.091355323791504
1.099199652671814
1.1073845624923706
1.1159878969192505
1.1250956058502197
1.1348029375076294
1.1452124118804932
1.156434416770935
0.7665546536445618
0.7832413911819458
0.7987173795700073
0.813149094581604
0.826691210269928
0.8394869565963745
0.8516659140586853
0.8633449673652649
0.8746265769004822
0.8856004476547241
0.896342396736145
0.9069164395332336
0.9173738956451416
0.927756130695343
0.9380939602851868
0.9484102129936218
0.9587196707725525
0.9690313935279846
0.9793489575386047
0.9896726608276367
1.0
1.0103273391723633
1.0206509828567505
1.0309686660766602
1.0412802696228027
1.0515897274017334
1.0619059801101685
1.0722439289093018
1.0826261043548584
1.0930836200714111
1.103657603263855
1.1143995523452759
1.1253734827041626
1.1366549730300903
1.14833402633667
1.1605130434036255
1.1733088493347168
1.186850905418396
1.2012826204299927
1.2167586088180542
1.233445405960083
0.69098299741745
0.7129577398300171
0.7333332300186157
0.7523332834243774
0.7701656222343445
0.7870224118232727
0.8030771017074585
0.8184859156608582
0.8333852887153625
0.8478944301605225
0.8621135354042053
0.8761265873908997
0.8900007605552673
0.9037895202636719
0.9175323247909546
0.9312576055526733
0.9449833631515503
0.9587196707725525
0.9724695682525635
0.9862314462661743
1.0
1.0137685537338257
1.0275304317474365
1.0412802696228027
1.0550166368484497
1.0687423944473267
1.0824676752090454
1.0962104797363281
1.1099992990493774
1.1238734722137451
1.1378865242004395
1.1521055698394775
1.1666147708892822
1.1815141439437866
1.1969228982925415
1.2129775285720825
1.2298343181610107
1.2476667165756226
1.2666667699813843
1.287042260169983
1.3090169429779053
0.6173165440559387
0.6443420648574829
0.6693928837776184
0.6927518248558044
0.7146810293197632
0.7354227900505066
0.755195140838623
0.7741939425468445
0.7925894856452942
0.8105299472808838
0.8281388282775879
0.8455194234848022
0.86275315284729
0.8799042701721191
0.89701908826828
0.914130449295044
0.9312576055526733
0.9484102129936218
0.9655889868736267
0.9827887415885925
1.0
1.0172111988067627
1.034411072731018
1.0515897274017334
1.0687423944473267
1.085869550704956
1.1029808521270752
1.1200957298278809
1.13724684715271
1.1544805765151978
1.171861171722412
1.1894700527191162
1.207410454750061
1.2258061170578003
1.244804859161377
1.2645772695541382
1.2853189706802368
1.3072482347488403
1.3306071758270264
1.355657935142517
1.3826833963394165
0.5460094809532166
0.5777856707572937
0.6072283387184143
0.6346815824508667
0.6604639291763306
0.6848692893981934
0.7081612348556519
0.7305756211280823
0.7523163557052612
0.7735596895217896
0.7944515347480774
0.8151127099990845
0.8356373310089111
0.8560984134674072
0.8765473961830139
0.89701908826828
0.9175323247909546
0.9380939602851868
0.9587004780769348
0.9793410897254944
1.0
1.0206588506698608
1.04129958152771
1.0619059801101685
1.0824676752090454
1.1029808521270752
1.1234526634216309
1.1439015865325928
1.1643626689910889
1.1848872900009155
1.2055484056472778
1.2264403104782104
1.2476836442947388
1.269424319267273
1.2918387651443481
1.3151307106018066
1.3395360708236694
1.3653184175491333
1.392771601676941
1.422214388847351
1.4539904594421387
0.47750142216682434
0.5136637091636658
0.5471535325050354
0.5783795714378357
0.6077195405960083
0.6355210542678833
0.662094235420227
0.6877153515815735
0.7126214504241943
0.7370160222053528
0.761065661907196
0.7849066853523254
0.8086438179016113
0.8323563933372498
0.8560984134674072
0.8799042701721191
0.9037895202636719
0.927756130695343
0.9517934918403625
0.9758830666542053
1.0
1.0241169929504395
1.0482064485549927
1.0722439289093018
1.0962104797363281
1.1200957298278809
1.1439015865325928
1.1676435470581055
1.1913561820983887
1.2150932550430298
1.2389343976974487
1.262984037399292
1.2873785495758057
1.3122845888137817
1.337905764579773
1.3644789457321167
1.3922804594039917
1.421620488166809
1.4528465270996094
1.486336350440979
1.522498607635498
0.4122147560119629
0.45232927799224854
0.4894566833972931
0.5240741968154907
0.5566224455833435
0.5875051021575928
0.6170805096626282
0.6456655859947205
0.673529863357544
0.7009024024009705
0.7279684543609619
0.754877507686615
0.7817416787147522
0.8086438179016113
0.8356373310089111
0.86275315284729
0.8900007605552673
0.9173738956451416
0.9448522925376892
0.9724064469337463
1.0
1.0275936126708984
1.0551477670669556
1.0826261043548584
1.1099992990493774
1.13724684715271
1.1643626689910889
1.1913561820983887
1.2182583808898926
1.2451224327087402
1.272031545639038
1.2990975379943848
1.326470136642456
1.3543344736099243
1.382919430732727
1.4124948978424072
1.4433776140213013
1.4759258031845093
1.5105433464050293
1.5476707220077515
1.587785243988037
0.350551962852478
0.39411255717277527
0.4343988597393036
0.4719633460044861
0.5073140859603882
0.5409142374992371
0.5731719732284546
0.6044449806213379
0.6350340843200684
0.6651919484138489
0.6951195597648621
0.7249760031700134
0.754877507686615
0.7849066853523254
0.8151127099990845
0.8455194234848022
0.8761265873908997
0.9069164395332336
0.93785560131073
0.9689005017280579
1.0
1.0310994386672974
1.06214439868927
1.0930836200714111
1.1238734722137451
1.1544805765151978
1.1848872900009155
1.2150932550430298
1.2451224327087402
1.2750239372253418
1.3048804998397827
1.3348079919815063
1.3649659156799316
1.395555019378662
1.4268280267715454
1.4590857028961182
1.4926859140396118
1.5280367136001587
1.565601110458374
1.6058874130249023
1.649448037147522
0.2928932309150696
0.33931252360343933
0.3822037875652313
0.4222022294998169
0.45988979935646057
0.4957934021949768
0.5303725004196167
0.5640255212783813
0.5970826148986816
0.6298167705535889
0.6624408960342407
0.6951195597648621
0.7279684543609619
0.761065661907196
0.7944515347480774
0.8281388282775879
0.8621135354042053
0.896342396736145
0.9307753443717957
0.9653510451316833
1.0
1.0346488952636719
1.0692247152328491
1.103657603263855
1.1378865242004395
1.171861171722412
1.2055484056472778
1.2389343976974487
1.272031545639038
1.3048804998397827
1.3375591039657593
1.3701832294464111
1.4029173851013184
1.4359744787216187
1.4696274995803833
1.5042065382003784
1.5401102304458618
1.577797770500183
1.6177961826324463
1.6606874465942383
1.7071068286895752
0.23959402740001678
0.28819674253463745
0.3330557644367218
0.3749008774757385
0.4143960773944855
0.45213693380355835
0.4886358976364136
0.5243309140205383
0.5595782995223999
0.5946671366691589
0.6298167705535889
0.6651919484138489
0.7009024024009705
0.7370160222053528
0.7735596895217896
0.8105299472808838
0.8478944301605225
0.8856004476547241
0.9235767722129822
0.9617405533790588
1.0
1.0382593870162964
1.076423168182373
1.1143995523452759
1.1521055698394775
1.1894700527191162
1.2264403104782104
1.262984037399292
1.2990975379943848
1.3348079919815063
1.3701832294464111
1.4053329229354858
1.4404217004776
1.475669026374817
1.5113641023635864
1.5478631258010864
1.585603952407837
1.6250990629196167
1.6669442653656006
1.7118033170700073
1.7604060173034668
0.19098301231861115
0.24098986387252808
0.28708416223526
0.3301052451133728
0.37081000208854675
0.4098683297634125
0.4478464126586914
0.4852190613746643
0.5223634243011475
0.5595782995223999
0.5970826148986816
0.6350340843200684
0.673529863357544
0.7126214504241943
0.7523163557052612
0.7925894856452942
0.8333852887153625
0.8746265769004822
0.9162168502807617
0.9580473899841309
1.0
1.0419526100158691
1.0837831497192383
1.1253734827041626
1.1666147708892822
1.207410454750061
1.2476836442947388
1.2873785495758057
1.326470136642456
1.3649659156799316
1.4029173851013184
1.4404217004776
1.4776365756988525
1.514780879020691
1.5521535873413086
1.5901316404342651
1.6291899681091309
1.6698946952819824
1.7129157781600952
1.7590100765228271
1.8090169429779053
0.14735983312129974
0.19787248969078064
0.24435944855213165
0.28779229521751404
0.3290344774723053
0.36883631348609924
0.4078162908554077
0.4464806020259857
0.4852190613746643
0.5243309140205383
0.5640255212783813
0.6044449806213379
0.6456655859947205
0.6877153515815735
0.7305756211280823
0.7741939425468445
0.8184859156608582
0.8633449673652649
0.9086447358131409
0.954245924949646
1.0
1.045754075050354
1.091355323791504
1.1366549730300903
1.1815141439437866
1.2258061170578003
1.269424319267273
1.3122845888137817
1.3543344736099243
1.395555019378662
1.4359744787216187
1.475669026374817
1.514780879020691
1.553519368171692
1.5921837091445923
1.6311637163162231
1.670965552330017
1.7122076749801636
1.7556405067443848
1.802127480506897
1.852640151977539
0.10899347811937332
0.15896189212799072
0.20486485958099365
0.24783669412136078
0.2888648211956024
0.32878372073173523
0.3682585656642914
0.4078162908554077
0.4478464126586914
0.4886358976364136
0.5303725004196167
0.5731719732284546
0.6170805096626282
0.662094235420227
0.7081612348556519
0.755195140838623
0.8030771017074585
0.8516659140586853
0.900800347328186
0.950306236743927
1.0
1.0496937036514282
1.099199652671814
1.14833402633667
1.1969228982925415
1.244804859161377
1.2918387651443481
1.337905764579773
1.382919430732727
1.4268280267715454
1.4696274995803833
1.5113641023635864
1.5521535873413086
1.5921837091445923
1.6317414045333862
1.6712162494659424
1.7111351490020752
1.752163290977478
1.7951351404190063
1.8410381078720093
1.8910064697265625
0.07612046599388123
0.12430689483880997
0.1684848666191101
0.2099986970424652
0.24997788667678833
0.2893405854701996
0.32878372073173523
0.36883631348609924
0.4098683297634125
0.45213693380355835
0.4957934021949768
0.5409142374992371
0.5875051021575928
0.6355210542678833
0.6848692893981934
0.7354227900505066
0.7870224118232727
0.8394869565963745
0.8926154375076294
0.9461941123008728
1.0
1.0538058280944824
1.1073845624923706
1.1605130434036255
1.2129775285720825
1.2645772695541382
1.3151307106018066
1.3644789457321167
1.4124948978424072
1.4590857028961182
1.5042065382003784
1.5478631258010864
1.5901316404342651
1.6311637163162231
1.6712162494659424
1.710659384727478
1.7500221729278564
1.7900012731552124
1.8315150737762451
1.8756930828094482
1.9238795042037964
0.04894348233938217
0.09384177625179291
0.13494212925434113
0.17385631799697876
0.2118745744228363
0.24997788667678833
0.2888648211956024
0.3290344774723053
0.37081000208854675
0.4143960773944855
0.45988979935646057
0.5073140859603882
0.5566224455833435
0.6077195405960083
0.6604639291763306
0.7146810293197632
0.7701656222343445
0.826691210269928
0.8840121030807495
0.9418706893920898
1.0
1.0581293106079102
1.1159878969192505
1.1733088493347168
1.2298343181610107
1.2853189706802368
1.3395360708236694
1.3922804594039917
1.4433776140213013
1.4926859140396118
1.5401102304458618
1.585603952407837
1.6291899681091309
1.670965552330017
1.7111351490020752
1.7500221729278564
1.7881253957748413
1.8261436223983765
1.8650578260421753
1.906158208847046
1.9510564804077148
0.02763007953763008
0.06736625730991364
0.10375167429447174
0.13877353072166443
0.17385631799697876
0.2099986970424652
0.24783669412136078
0.28779229521751404
0.3301052451133728
0.3749008774757385
0.4222022294998169
0.4719633460044861
0.5240741968154907
0.5783795714378357
0.6346815824508667
0.6927518248558044
0.7523332834243774
0.813149094581604
0.8749043345451355
0.9372929334640503
1.0
1.0627070665359497
1.1250956058502197
1.186850905418396
1.2476667165756226
1.3072482347488403
1.3653184175491333
1.421620488166809
1.4759258031845093
1.5280367136001587
1.577797770500183
1.6250990629196167
1.6698946952819824
1.7122076749801636
1.752163290977478
1.7900012731552124
1.8261436223983765
1.8612264394760132
1.8962483406066895
1.9326337575912476
1.972369909286499
0.012311659753322601
0.04435000568628311
0.07405854016542435
0.10375167429447174
0.13494212925434113
0.1684848666191101
0.20486485958099365
0.24435944855213165
0.28708416223526
0.3330557644367218
0.3822037875652313
0.4343988597393036
0.4894566833972931
0.5471535325050354
0.6072283387184143
0.6693928837776184
0.7333332300186157
0.7987173795700073
0.8651970028877258
0.9324134588241577
1.0
1.0675865411758423
1.1348029375076294
1.2012826204299927
1.2666667699813843
1.3306071758270264
1.392771601676941
1.4528465270996094
1.5105433464050293
1.565601110458374
1.6177961826324463
1.6669442653656006
1.7129157781600952
1.7556405067443848
1.7951351404190063
1.8315150737762451
1.8650578260421753
1.8962483406066895
1.9259414672851562
1.955649971961975
1.9876883029937744
0.003082666313275695
0.023883337154984474
0.04435000568628311
0.06736625730991364
0.09384177625179291
0.12430689483880997
0.15896189212799072
0.19787248969078064
0.24098986387252808
0.28819674253463745
0.33931252360343933
0.39411255717277527
0.45232927799224854
0.5136637091636658
0.5777856707572937
0.6443420648574829
0.7129577398300171
0.7832413911819458
0.8547875285148621
0.9271811246871948
1.0
1.0728188753128052
1.1452124118804932
1.2167586088180542
1.287042260169983
1.355657935142517
1.422214388847351
1.486336350440979
1.5476707220077515
1.6058874130249023
1.6606874465942383
1.7118033170700073
1.7590100765228271
1.802127480506897
1.8410381078720093
1.8756930828094482
1.906158208847046
1.9326337575912476
1.955649971961975
1.97611665725708
1.9969173669815063
0.0
0.003082666313275695
0.012311659753322601
0.02763007953763008
0.04894348233938217
0.07612046599388123
0.10899347811937332
0.14735983312129974
0.19098301231861115
0.23959402740001678
0.2928932309150696
0.350551962852478
0.4122147560119629
0.47750142216682434
0.5460094809532166
0.6173165440559387
0.69098299741745
0.7665546536445618
0.8435655236244202
0.9215409159660339
1.0
1.0784591436386108
1.156434416770935
1.233445405960083
1.3090169429779053
1.3826833963394165
1.4539904594421387
1.522498607635498
1.587785243988037
1.649448037147522
1.7071068286895752
1.7604060173034668
1.8090169429779053
1.852640151977539
1.8910064697265625
1.9238795042037964
1.9510564804077148
1.972369909286499
1.9876883029937744
1.9969173669815063
2.0
