2.0
1.9969173669815063
1.9876883029937744
1.972369909286499
1.9510564804077148
1.9238795042037964
1.8910064697265625
1.852640151977539
1.8090169429779053
1.7604060173034668
1.7071068286895752
1.649448037147522
1.587785243988037
1.522498607635498
1.4539904594421387
1.3826833963394165
1.3090169429779053
1.233445405960083
1.156434416770935
1.0784591436386108
1.0
0.9215409159660339
0.8435655236244202
0.7665546536445618
0.69098299741745
0.6173165440559387
0.5460094809532166
0.47750142216682434
0.4122147560119629
0.350551962852478
0.2928932309150696
0.23959402740001678
0.19098301231861115
0.14735983312129974
0.10899347811937332
0.07612046599388123
0.04894348233938217
0.02763007953763008
0.012311659753322601
0.003082666313275695
0.0
1.9969173669815063
1.9760969877243042
1.955617904663086
1.9325931072235107
1.9061118364334106
1.8756428956985474
1.840985894203186
1.8020745515823364
1.7589575052261353
1.7117520570755005
1.6606385707855225
1.6058415174484253
1.5476282835006714
1.4862980842590332
1.4221807718276978
1.355629324913025
1.2870190143585205
1.2167409658432007
1.1452006101608276
1.0728129148483276
1.0
0.9271870851516724
0.8547994494438171
0.7832590937614441
0.7129809856414795
0.6443706750869751
0.577819287776947
0.5137019157409668
0.4523716866970062
0.3941585421562195
0.3393614590167999
0.2882479131221771
0.24104245007038116
0.19792547821998596
0.15901415050029755
0.12435706704854965
0.09388821572065353
0.06740691512823105
0.044382091611623764
0.023902954533696175
0.003082666313275695
1.9876883029937744
1.955617904663086
1.925886631011963
1.8961772918701172
1.8649756908416748
1.8314255475997925
1.7950412034988403
1.7555447816848755
1.7128205299377441
1.6668511629104614
1.6177070140838623
1.5655171871185303
1.5104658603668213
1.452776551246643
1.3927100896835327
1.330554723739624
1.266624093055725
1.2012501955032349
1.1347811222076416
1.0675755739212036
1.0
0.9324244260787964
0.8652188181877136
0.7987497448921204
0.7333759069442749
0.669445276260376
0.6072899103164673
0.5472235083580017
0.4895341396331787
0.4344828128814697
0.3822929859161377
0.3331488370895386
0.28717949986457825
0.24445517361164093
0.20495882630348206
0.1685744971036911
0.13502433896064758
0.10382267087697983
0.07411341369152069
0.044382091611623764
0.012311659753322601
1.972369909286499
1.9325931072235107
1.8961772918701172
1.8611332178115845
1.8260345458984375
1.7898813486099243
1.7520369291305542
1.712078332901001
1.6697654724121094
1.6249725818634033
1.5776762962341309
1.5279221534729004
1.4758200645446777
1.4215247631072998
1.3652342557907104
1.3071764707565308
1.2476083040237427
1.186806559562683
1.125065803527832
1.0626920461654663
1.0
0.9373079538345337
0.8749342560768127
0.8131935000419617
0.7523917555809021
0.692823588848114
0.6347658038139343
0.5784752368927002
0.524179995059967
0.4720778465270996
0.42232370376586914
0.3750273883342743
0.33023446798324585
0.28792163729667664
0.2479631006717682
0.2101186066865921
0.1739654839038849
0.13886679708957672
0.10382267087697983
0.06740691512823105
0.02763007953763008
1.9510564804077148
1.9061118364334106
1.8649756908416748
1.8260345458984375
1.7879966497421265
1.7498797178268433
1.7109843492507935
1.6708106994628906
1.6290348768234253
1.585451602935791
1.539963722229004
1.492547631263733
1.4432495832443237
1.3921645879745483
1.339434027671814
1.2852319478988647
1.2297635078430176
1.1732548475265503
1.115951657295227
1.0581110715866089
1.0
0.9418889284133911
0.8840484023094177
0.8267450928688049
0.7702364921569824
0.7147680521011353
0.660565972328186
0.6078353524208069
0.5567504167556763
0.5074523687362671
0.4600363075733185
0.4145483374595642
0.3709651827812195
0.32918936014175415
0.28901562094688416
0.25012025237083435
0.21200338006019592
0.1739654839038849
0.13502433896064758
0.09388821572065353
0.04894348233938217
1.9238795042037964
1.8756428956985474
1.8314255475997925
1.7898813486099243
1.7498797178268433
1.7105013132095337
1.6710481643676758
1.6309903860092163
1.589957594871521
1.5476919412612915
1.5040416717529297
1.4589297771453857
1.4123504161834717
1.36434805393219
1.3150153160095215
1.2644788026809692
1.2128973007202148
1.1604520082473755
1.1073434352874756
1.0537852048873901
1.0
0.9462147951126099
0.8926565051078796
0.8395480513572693
0.7871026396751404
0.7355212569236755
0.6849847435951233
0.6356518864631653
0.5876495838165283
0.5410702228546143
0.4959583878517151
0.4523080885410309
0.4100424349308014
0.3690095841884613
0.328951895236969
0.2894987165927887
0.25012025237083435
0.2101186066865921
0.1685744971036911
0.12435706704854965
0.07612046599388123
1.8910064697265625
1.840985894203186
1.7950412034988403
1.7520369291305542
1.7109843492507935
1.6710481643676758
1.6315619945526123
1.5919983386993408
1.551966905593872
1.5111802816390991
1.4694499969482422
1.4266600608825684
1.3827636241912842
1.3377645015716553
1.291714072227478
1.2446985244750977
1.1968361139297485
1.1482679843902588
1.0991551876068115
1.0496714115142822
1.0
0.9503286480903625
0.9008448123931885
0.8517319560050964
0.8031638860702515
0.7553015351295471
0.708285927772522
0.6622354984283447
0.617236316204071
0.5733399987220764
0.5305500626564026
0.48881977796554565
0.44803309440612793
0.4080016613006592
0.3684380054473877
0.328951895236969
0.28901562094688416
0.2479631006717682
0.20495882630348206
0.15901415050029755
0.10899347811937332
1.852640151977539
1.8020745515823364
1.7555447816848755
1.712078332901001
1.6708106994628906
1.6309903860092163
1.5919983386993408
1.5533274412155151
1.5145872831344604
1.475477933883667
1.435789704322815
1.3953800201416016
1.3541719913482666
1.312137246131897
1.2692941427230835
1.2256948947906494
1.1814234256744385
1.1365859508514404
1.091308832168579
1.045730710029602
1.0
0.9542693495750427
0.9086912274360657
0.8634139895439148
0.8185765743255615
0.7743051052093506
0.7307058572769165
0.6878628134727478
0.6458280682563782
0.6046200394630432
0.5642102360725403
0.5245220065116882
0.48541274666786194
0.44667258858680725
0.4080016613006592
0.3690095841884613
0.32918936014175415
0.28792163729667664
0.24445517361164093
0.19792547821998596
0.14735983312129974
1.8090169429779053
1.7589575052261353
1.7128205299377441
1.6697654724121094
1.6290348768234253
1.589957594871521
1.551966905593872
1.5145872831344604
1.4774408340454102
1.4402283430099487
1.4027302265167236
1.364788293838501
1.3263051509857178
1.2872287034988403
1.2475513219833374
1.207297444343567
1.1665223836898804
1.1253031492233276
1.0837358236312866
1.041928768157959
1.0
0.9580711722373962
0.9162641763687134
0.8746967911720276
0.8334775567054749
0.7927025556564331
0.7524486780166626
0.7127712368965149
0.6736947894096375
0.6352116465568542
0.5972697734832764
0.559771716594696
0.5225591659545898
0.48541274666786194
0.44803309440612793
0.4100424349308014
0.3709651827812195
0.33023446798324585
0.28717949986457825
0.24104245007038116
0.19098301231861115
1.7604060173034668
1.7117520570755005
1.6668511629104614
1.6249725818634033
1.585451602935791
1.5476919412612915
1.5111802816390991
1.475477933883667
1.4402283430099487
1.4051415920257568
1.3699978590011597
1.3346320390701294
1.298933982849121
1.2628353834152222
1.226308822631836
1.1893577575683594
1.1520137786865234
1.1143296957015991
1.07637619972229
1.0382357835769653
1.0
0.9617642760276794
0.9236238598823547
0.8856703042984009
0.8479861617088318
0.8106423020362854
0.7736911177635193
0.7371646761894226
0.7010660171508789
0.6653679609298706
0.6300021409988403
0.5948584675788879
0.559771716594696
0.5245220065116882
0.48881977796554565
0.4523080885410309
0.4145483374595642
0.3750273883342743
0.3331488370895386
0.2882479131221771
0.23959402740001678
1.7071068286895752
1.6606385707855225
1.6177070140838623
1.5776762962341309
1.539963722229004
1.5040416717529297
1.4694499969482422
1.435789704322815
1.4027302265167236
1.3699978590011597
1.3373793363571167
1.3047096729278564
1.271872639656067
1.2387899160385132
1.205420732498169
1.171751856803894
1.137797236442566
1.103589653968811
1.069178819656372
1.0346258878707886
1.0
0.9653741121292114
0.9308211207389832
0.896410346031189
0.8622027039527893
0.828248143196106
0.7945793271064758
0.7612100839614868
0.7281274199485779
0.6952903866767883
0.6626206636428833
0.6300021409988403
0.5972697734832764
0.5642102360725403
0.5305500626564026
0.4959583878517151
0.4600363075733185
0.42232370376586914
0.3822929859161377
0.3393614590167999
0.2928932309150696
1.649448037147522
1.6058415174484253
1.5655171871185303
1.5279221534729004
1.492547631263733
1.4589297771453857
1.4266600608825684
1.3953800201416016
1.364788293838501
1.3346320390701294
1.3047096729278564
1.2748615741729736
1.2449712753295898
1.2149558067321777
1.1847655773162842
1.15437650680542
1.1237884759902954
1.0930187702178955
1.0621007680892944
1.03107750415802
1.0
0.96892249584198
0.9378992319107056
0.9069811701774597
0.8762115836143494
0.8456234931945801
0.815234363079071
0.7850441932678223
0.7550287246704102
0.7251384258270264
0.6952903866767883
0.6653679609298706
0.6352116465568542
0.6046200394630432
0.5733399987220764
0.5410702228546143
0.5074523687362671
0.4720778465270996
0.4344828128814697
0.3941585421562195
0.350551962852478
1.587785243988037
1.5476282835006714
1.5104658603668213
1.4758200645446777
1.4432495832443237
1.4123504161834717
1.3827636241912842
1.3541719913482666
1.3263051509857178
1.298933982849121
1.271872639656067
1.2449712753295898
1.2181174755096436
1.1912280321121216
1.164249300956726
1.1371498107910156
1.1099200248718262
1.0825656652450562
1.0551069974899292
1.0275731086730957
1.0
0.9724269509315491
0.9448930025100708
0.9174342751502991
0.8900800347328186
0.8628501892089844
0.8357506990432739
0.8087719082832336
0.7818824648857117
0.7550287246704102
0.7281274199485779
0.7010660171508789
0.6736947894096375
0.6458280682563782
0.617236316204071
0.5876495838165283
0.5567504167556763
0.524179995059967
0.4895341396331787
0.4523716866970062
0.4122147560119629
1.522498607635498
1.4862980842590332
1.452776551246643
1.4215247631072998
1.3921645879745483
1.36434805393219
1.3377645015716553
1.312137246131897
1.2872287034988403
1.2628353834152222
1.2387899160385132
1.2149558067321777
1.1912280321121216
1.1675269603729248
1.1437983512878418
1.1200073957443237
1.0961382389068604
1.0721888542175293
1.0481693744659424
1.02409827709198
1.0
0.97590172290802
0.9518306255340576
0.9278111457824707
0.9038617610931396
0.8799926042556763
0.8562016487121582
0.8324729800224304
0.8087719082832336
0.7850441932678223
0.7612100839614868
0.7371646761894226
0.7127712368965149
0.6878628134727478
0.6622354984283447
0.6356518864631653
0.6078353524208069
0.5784752368927002
0.5472235083580017
0.5137019157409668
0.47750142216682434
1.4539904594421387
1.4221807718276978
1.3927100896835327
1.3652342557907104
1.339434027671814
1.3150153160095215
1.291714072227478
1.2692941427230835
1.2475513219833374
1.226308822631836
1.205420732498169
1.1847655773162842
1.164249300956726
1.1437983512878418
1.1233611106872559
1.1029026508331299
1.0824036598205566
1.0618572235107422
1.041266679763794
1.0206422805786133
1.0
0.9793576598167419
0.9587333798408508
0.9381427764892578
0.9175962805747986
0.8970974087715149
0.8766388297080994
0.8562016487121582
0.8357506990432739
0.815234363079071
0.7945793271064758
0.7736911177635193
0.7524486780166626
0.7307058572769165
0.708285927772522
0.6849847435951233
0.660565972328186
0.6347658038139343
0.6072899103164673
0.577819287776947
0.5460094809532166
1.3826833963394165
1.355629324913025
1.330554723739624
1.3071764707565308
1.2852319478988647
1.2644788026809692
1.2446985244750977
1.2256948947906494
1.207297444343567
1.1893577575683594
1.171751856803894
1.15437650680542
1.1371498107910156
1.1200073957443237
1.1029026508331299
1.0858025550842285
1.0686875581741333
1.0515480041503906
1.0343828201293945
1.0171970129013062
1.0
0.9828029274940491
0.9656171798706055
0.9484519958496094
0.9313123822212219
0.9141975045204163
0.8970974087715149
0.8799926042556763
0.8628501892089844
0.8456234931945801
0.828248143196106
0.8106423020362854
0.7927025556564331
0.7743051052093506
0.7553015351295471
0.7355212569236755
0.7147680521011353
0.692823588848114
0.669445276260376
0.6443706750869751
0.6173165440559387
1.3090169429779053
1.2870190143585205
1.266624093055725
1.2476083040237427
1.2297635078430176
1.2128973007202148
1.1968361139297485
1.1814234256744385
1.1665223836898804
1.1520137786865234
1.137797236442566
1.1237884759902954
1.1099200248718262
1.0961382389068604
1.0824036598205566
1.0686875581741333
1.0549718141555786
1.0412461757659912
1.0275074243545532
1.0137569904327393
1.0
0.9862430095672607
0.9724926352500916
0.9587538242340088
0.9450281858444214
0.9313123822212219
0.9175962805747986
0.9038617610931396
0.8900800347328186
0.8762115836143494
0.8622027039527893
0.8479861617088318
0.8334775567054749
0.8185765743255615
0.8031638860702515
0.7871026396751404
0.7702364921569824
0.7523917555809021
0.7333759069442749
0.7129809856414795
0.69098299741745
1.233445405960083
1.2167409658432007
1.2012501955032349
1.186806559562683
1.1732548475265503
1.1604520082473755
1.1482679843902588
1.1365859508514404
1.1253031492233276
1.1143296957015991
1.103589653968811
1.0930187702178955
1.0825656652450562
1.0721888542175293
1.0618572235107422
1.0515480041503906
1.0412461757659912
1.0309425592422485
1.0206334590911865
1.0103185176849365
1.0
0.9896814823150635
0.9793665409088135
0.9690574407577515
0.9587538242340088
0.9484519958496094
0.9381427764892578
0.9278111457824707
0.9174342751502991
0.9069811701774597
0.896410346031189
0.8856703042984009
0.8746967911720276
0.8634139895439148
0.8517319560050964
0.8395480513572693
0.8267450928688049
0.8131935000419617
0.7987497448921204
0.7832590937614441
0.7665546536445618
1.156434416770935
1.1452006101608276
1.1347811222076416
1.125065803527832
1.115951657295227
1.1073434352874756
1.0991551876068115
1.091308832168579
1.0837358236312866
1.07637619972229
1.069178819656372
1.0621007680892944
1.0551069974899292
1.0481693744659424
1.041266679763794
1.0343828201293945
1.0275074243545532
1.0206334590911865
1.0137579441070557
1.0068798065185547
1.0
0.9931201934814453
0.9862421154975891
0.9793665409088135
0.9724926352500916
0.9656171798706055
0.9587333798408508
0.9518306255340576
0.9448930025100708
0.9378992319107056
0.9308211207389832
0.9236238598823547
0.9162641763687134
0.9086912274360657
0.9008448123931885
0.8926565051078796
0.8840484023094177
0.8749342560768127
0.8652188181877136
0.8547994494438171
0.8435655236244202
1.0784591436386108
1.0728129148483276
1.0675755739212036
1.0626920461654663
1.0581110715866089
1.0537852048873901
1.0496714115142822
1.045730710029602
1.041928768157959
1.0382357835769653
1.0346258878707886
1.03107750415802
1.0275731086730957
1.02409827709198
1.0206422805786133
1.0171970129013062
1.0137569904327393
1.0103185176849365
1.0068798065185547
1.003440260887146
1.0
0.9965597987174988
0.9931201934814453
0.9896814823150635
0.9862430095672607
0.9828029274940491
0.9793576598167419
0.97590172290802
0.9724269509315491
0.96892249584198
0.9653741121292114
0.9617642760276794
0.9580711722373962
0.9542693495750427
0.9503286480903625
0.9462147951126099
0.9418889284133911
0.9373079538345337
0.9324244260787964
0.9271870851516724
0.9215409159660339
1.0
1.0
1.0
1.0
1.0
1.0
1.0
1.0
1.0
1.0
1.0
1.0
1.0
1.0
1.0
1.0
1.0
1.0
1.0
1.0
1.0
1.0
1.0
1.0
1.0
1.0
1.0
1.0
1.0
1.0
1.0
1.0
1.0
1.0
1.0
1.0
1.0
1.0
1.0
1.0
1.0
0.9215409159660339
0.9271870851516724
0.9324244260787964
0.9373079538345337
0.9418889284133911
0.9462147951126099
0.9503286480903625
0.9542693495750427
0.9580711722373962
0.9617642760276794
0.9653741121292114
0.96892249584198
0.9724269509315491
0.97590172290802
0.9793576598167419
0.9828029274940491
0.9862430095672607
0.9896814823150635
0.9931201934814453
0.9965597987174988
1.0
1.003440260887146
1.0068798065185547
1.0103185176849365
1.0137569904327393
1.0171970129013062
1.0206422805786133
1.02409827709198
1.0275731086730957
1.03107750415802
1.0346258878707886
1.0382357835769653
1.041928768157959
1.045730710029602
1.0496714115142822
1.0537852048873901
1.0581110715866089
1.0626920461654663
1.0675755739212036
1.0728129148483276
1.0784591436386108
0.8435655236244202
0.8547994494438171
0.8652188181877136
0.8749342560768127
0.8840484023094177
0.8926565051078796
0.9008448123931885
0.9086912274360657
0.9162641763687134
0.9236238598823547
0.9308211207389832
0.9378992319107056
0.9448930025100708
0.9518306255340576
0.9587333798408508
0.9656171798706055
0.9724926352500916
0.9793665409088135
0.9862421154975891
0.9931201934814453
1.0
1.0068798065185547
1.0137579441070557
1.0206334590911865
1.0275074243545532
1.0343828201293945
1.041266679763794
1.0481693744659424
1.0551069974899292
1.0621007680892944
1.069178819656372
1.07637619972229
1.0837358236312866
1.091308832168579
1.0991551876068115
1.1073434352874756
1.115951657295227
1.125065803527832
1.1347811222076416
1.1452006101608276
1.156434416770935
0.7665546536445618
0.7832590937614441
0.7987497448921204
0.8131935000419617
0.8267450928688049
0.8395480513572693
0.8517319560050964
0.8634139895439148
0.8746967911720276
0.8856703042984009
0.896410346031189
0.9069811701774597
0.9174342751502991
0.9278111457824707
0.9381427764892578
0.9484519958496094
0.9587538242340088
0.9690574407577515
0.9793665409088135
0.9896814823150635
1.0
1.0103185176849365
1.0206334590911865
1.0309425592422485
1.0412461757659912
1.0515480041503906
1.0618572235107422
1.0721888542175293
1.0825656652450562
1.0930187702178955
1.103589653968811
1.1143296957015991
1.1253031492233276
1.1365859508514404
1.1482679843902588
1.1604520082473755
1.1732548475265503
1.186806559562683
1.2012501955032349
1.2167409658432007
1.233445405960083
0.69098299741745
0.7129809856414795
0.7333759069442749
0.7523917555809021
0.7702364921569824
0.7871026396751404
0.8031638860702515
0.8185765743255615
0.8334775567054749
0.8479861617088318
0.8622027039527893
0.8762115836143494
0.8900800347328186
0.9038617610931396
0.9175962805747986
0.9313123822212219
0.9450281858444214
0.9587538242340088
0.9724926352500916
0.9862430095672607
1.0
1.0137569904327393
1.0275074243545532
1.0412461757659912
1.0549718141555786
1.0686875581741333
1.0824036598205566
1.0961382389068604
1.1099200248718262
1.1237884759902954
1.137797236442566
1.1520137786865234
1.1665223836898804
1.1814234256744385
1.1968361139297485
1.2128973007202148
1.2297635078430176
1.2476083040237427
1.266624093055725
1.2870190143585205
1.3090169429779053
0.6173165440559387
0.6443706750869751
0.669445276260376
0.692823588848114
0.7147680521011353
0.7355212569236755
0.7553015351295471
0.7743051052093506
0.7927025556564331
0.8106423020362854
0.828248143196106
0.8456234931945801
0.8628501892089844
0.8799926042556763
0.8970974087715149
0.9141975045204163
0.9313123822212219
0.9484519958496094
0.9656171798706055
0.9828029274940491
1.0
1.0171970129013062
1.0343828201293945
1.0515480041503906
1.0686875581741333
1.0858025550842285
1.1029026508331299
1.1200073957443237
1.1371498107910156
1.15437650680542
1.171751856803894
1.1893577575683594
1.207297444343567
1.2256948947906494
1.2446985244750977
1.2644788026809692
1.2852319478988647
1.3071764707565308
1.330554723739624
1.355629324913025
1.3826833963394165
0.5460094809532166
0.577819287776947
0.6072899103164673
0.6347658038139343
0.660565972328186
0.6849847435951233
0.708285927772522
0.7307058572769165
0.7524486780166626
0.7736911177635193
0.7945793271064758
0.815234363079071
0.8357506990432739
0.8562016487121582
0.8766388297080994
0.8970974087715149
0.9175962805747986
0.9381427764892578
0.9587333798408508
0.9793576598167419
1.0
1.0206422805786133
1.041266679763794
1.0618572235107422
1.0824036598205566
1.1029026508331299
1.1233611106872559
1.1437983512878418
1.164249300956726
1.1847655773162842
1.205420732498169
1.226308822631836
1.2475513219833374
1.2692941427230835
1.291714072227478
1.3150153160095215
1.339434027671814
1.3652342557907104
1.3927100896835327
1.4221807718276978
1.4539904594421387
0.47750142216682434
0.5137019157409668
0.5472235083580017
0.5784752368927002
0.6078353524208069
0.6356518864631653
0.6622354984283447
0.6878628134727478
0.7127712368965149
0.7371646761894226
0.7612100839614868
0.7850441932678223
0.8087719082832336
0.8324729800224304
0.8562016487121582
0.8799926042556763
0.9038617610931396
0.9278111457824707
0.9518306255340576
0.97590172290802
1.0
1.02409827709198
1.0481693744659424
1.0721888542175293
1.0961382389068604
1.1200073957443237
1.1437983512878418
1.1675269603729248
1.1912280321121216
1.2149558067321777
1.2387899160385132
1.2628353834152222
1.2872287034988403
1.312137246131897
1.3377645015716553
1.36434805393219
1.3921645879745483
1.4215247631072998
1.452776551246643
1.4862980842590332
1.522498607635498
0.4122147560119629
0.4523716866970062
0.4895341396331787
0.524179995059967
0.5567504167556763
0.5876495838165283
0.617236316204071
0.6458280682563782
0.6736947894096375
0.7010660171508789
0.7281274199485779
0.7550287246704102
0.7818824648857117
0.8087719082832336
0.8357506990432739
0.8628501892089844
0.8900800347328186
0.9174342751502991
0.9448930025100708
0.9724269509315491
1.0
1.0275731086730957
1.0551069974899292
1.0825656652450562
1.1099200248718262
1.1371498107910156
1.164249300956726
1.1912280321121216
1.2181174755096436
1.2449712753295898
1.271872639656067
1.298933982849121
1.3263051509857178
1.3541719913482666
1.3827636241912842
1.4123504161834717
1.4432495832443237
1.4758200645446777
1.5104658603668213
1.5476282835006714
1.587785243988037
0.350551962852478
0.3941585421562195
0.4344828128814697
0.4720778465270996
0.5074523687362671
0.5410702228546143
0.5733399987220764
0.6046200394630432
0.6352116465568542
0.6653679609298706
0.6952903866767883
0.7251384258270264
0.7550287246704102
0.7850441932678223
0.815234363079071
0.8456234931945801
0.8762115836143494
0.9069811701774597
0.9378992319107056
0.96892249584198
1.0
1.03107750415802
1.0621007680892944
1.0930187702178955
1.1237884759902954
1.15437650680542
1.1847655773162842
1.2149558067321777
1.2449712753295898
1.2748615741729736
1.3047096729278564
1.3346320390701294
1.364788293838501
1.3953800201416016
1.4266600608825684
1.4589297771453857
1.492547631263733
1.5279221534729004
1.5655171871185303
1.6058415174484253
1.649448037147522
0.2928932309150696
0.3393614590167999
0.3822929859161377
0.42232370376586914
0.4600363075733185
0.4959583878517151
0.5305500626564026
0.5642102360725403
0.5972697734832764
0.6300021409988403
0.6626206636428833
0.6952903866767883
0.7281274199485779
0.7612100839614868
0.7945793271064758
0.828248143196106
0.8622027039527893
0.896410346031189
0.9308211207389832
0.9653741121292114
1.0
1.0346258878707886
1.069178819656372
1.103589653968811
1.137797236442566
1.171751856803894
1.205420732498169
1.2387899160385132
1.271872639656067
1.3047096729278564
1.3373793363571167
1.3699978590011597
1.4027302265167236
1.435789704322815
1.4694499969482422
1.5040416717529297
1.539963722229004
1.5776762962341309
1.6177070140838623
1.6606385707855225
1.7071068286895752
0.23959402740001678
0.2882479131221771
0.3331488370895386
0.3750273883342743
0.4145483374595642
0.4523080885410309
0.48881977796554565
0.5245220065116882
0.559771716594696
0.5948584675788879
0.6300021409988403
0.6653679609298706
0.7010660171508789
0.7371646761894226
0.7736911177635193
0.8106423020362854
0.8479861617088318
0.8856703042984009
0.9236238598823547
0.9617642760276794
1.0
1.0382357835769653
1.07637619972229
1.1143296957015991
1.1520137786865234
1.1893577575683594
1.226308822631836
1.2628353834152222
1.298933982849121
1.3346320390701294
1.3699978590011597
1.4051415920257568
1.4402283430099487
1.475477933883667
1.5111802816390991
1.5476919412612915
1.585451602935791
1.6249725818634033
1.6668511629104614
1.7117520570755005
1.7604060173034668
0.19098301231861115
0.24104245007038116
0.28717949986457825
0.33023446798324585
0.3709651827812195
0.4100424349308014
0.44803309440612793
0.48541274666786194
0.5225591659545898
0.559771716594696
0.5972697734832764
0.6352116465568542
0.6736947894096375
0.7127712368965149
0.7524486780166626
0.7927025556564331
0.8334775567054749
0.8746967911720276
0.9162641763687134
0.9580711722373962
1.0
1.041928768157959
1.0837358236312866
1.1253031492233276
1.1665223836898804
1.207297444343567
1.2475513219833374
1.2872287034988403
1.3263051509857178
1.364788293838501
1.4027302265167236
1.4402283430099487
1.4774408340454102
1.5145872831344604
1.551966905593872
1.589957594871521
1.6290348768234253
1.6697654724121094
1.7128205299377441
1.7589575052261353
1.8090169429779053
0.14735983312129974
0.19792547821998596
0.24445517361164093
0.28792163729667664
0.32918936014175415
0.3690095841884613
0.4080016613006592
0.44667258858680725
0.48541274666786194
0.5245220065116882
0.5642102360725403
0.6046200394630432
0.6458280682563782
0.6878628134727478
0.7307058572769165
0.7743051052093506
0.8185765743255615
0.8634139895439148
0.9086912274360657
0.9542693495750427
1.0
1.045730710029602
1.091308832168579
1.1365859508514404
1.1814234256744385
1.2256948947906494
1.2692941427230835
1.312137246131897
1.3541719913482666
1.3953800201416016
1.435789704322815
1.475477933883667
1.5145872831344604
1.5533274412155151
1.5919983386993408
1.6309903860092163
1.6708106994628906
1.712078332901001
1.7555447816848755
1.8020745515823364
1.852640151977539
0.10899347811937332
0.15901415050029755
0.20495882630348206
0.2479631006717682
0.28901562094688416
0.328951895236969
0.3684380054473877
0.4080016613006592
0.44803309440612793
0.48881977796554565
0.5305500626564026
0.5733399987220764
0.617236316204071
0.6622354984283447
0.708285927772522
0.7553015351295471
0.8031638860702515
0.8517319560050964
0.9008448123931885
0.9503286480903625
1.0
1.0496714115142822
1.0991551876068115
1.1482679843902588
1.1968361139297485
1.2446985244750977
1.291714072227478
1.3377645015716553
1.3827636241912842
1.4266600608825684
1.4694499969482422
1.5111802816390991
1.551966905593872
1.5919983386993408
1.6315619945526123
1.6710481643676758
1.7109843492507935
1.7520369291305542
1.7950412034988403
1.840985894203186
1.8910064697265625
0.07612046599388123
0.12435706704854965
0.1685744971036911
0.2101186066865921
0.25012025237083435
0.2894987165927887
0.328951895236969
0.3690095841884613
0.4100424349308014
0.4523080885410309
0.4959583878517151
0.5410702228546143
0.5876495838165283
0.6356518864631653
0.6849847435951233
0.7355212569236755
0.7871026396751404
0.8395480513572693
0.8926565051078796
0.9462147951126099
1.0
1.0537852048873901
1.1073434352874756
1.1604520082473755
1.2128973007202148
1.2644788026809692
1.3150153160095215
1.36434805393219
1.4123504161834717
1.4589297771453857
1.5040416717529297
1.5476919412612915
1.589957594871521
1.6309903860092163
1.6710481643676758
1.7105013132095337
1.7498797178268433
1.7898813486099243
1.8314255475997925
1.8756428956985474
1.9238795042037964
0.04894348233938217
0.09388821572065353
0.13502433896064758
0.1739654839038849
0.21200338006019592
0.25012025237083435
0.28901562094688416
0.32918936014175415
0.3709651827812195
0.4145483374595642
0.4600363075733185
0.5074523687362671
0.5567504167556763
0.6078353524208069
0.660565972328186
0.7147680521011353
0.7702364921569824
0.8267450928688049
0.8840484023094177
0.9418889284133911
1.0
1.0581110715866089
1.115951657295227
1.1732548475265503
1.2297635078430176
1.2852319478988647
1.339434027671814
1.3921645879745483
1.4432495832443237
1.492547631263733
1.539963722229004
1.585451602935791
1.6290348768234253
1.6708106994628906
1.7109843492507935
1.7498797178268433
1.7879966497421265
1.8260345458984375
1.8649756908416748
1.9061118364334106
1.9510564804077148
0.02763007953763008
0.06740691512823105
0.10382267087697983
0.13886679708957672
0.1739654839038849
0.2101186066865921
0.2479631006717682
0.28792163729667664
0.33023446798324585
0.3750273883342743
0.42232370376586914
0.4720778465270996
0.524179995059967
0.5784752368927002
0.6347658038139343
0.692823588848114
0.7523917555809021
0.8131935000419617
0.8749342560768127
0.9373079538345337
1.0
1.0626920461654663
1.125065803527832
1.186806559562683
1.2476083040237427
1.3071764707565308
1.3652342557907104
1.4215247631072998
1.4758200645446777
1.5279221534729004
1.5776762962341309
1.6249725818634033
1.6697654724121094
1.712078332901001
1.7520369291305542
1.7898813486099243
1.8260345458984375
1.8611332178115845
1.8961772918701172
1.9325931072235107
1.972369909286499
0.012311659753322601
0.044382091611623764
0.07411341369152069
0.10382267087697983
0.13502433896064758
0.1685744971036911
0.20495882630348206
0.24445517361164093
0.28717949986457825
0.3331488370895386
0.3822929859161377
0.4344828128814697
0.4895341396331787
0.5472235083580017
0.6072899103164673
0.669445276260376
0.7333759069442749
0.7987497448921204
0.8652188181877136
0.9324244260787964
1.0
1.0675755739212036
1.1347811222076416
1.2012501955032349
1.266624093055725
1.330554723739624
1.3927100896835327
1.452776551246643
1.5104658603668213
1.5655171871185303
1.6177070140838623
1.6668511629104614
1.7128205299377441
1.7555447816848755
1.7950412034988403
1.8314255475997925
1.8649756908416748
1.8961772918701172
1.925886631011963
1.955617904663086
1.9876883029937744
0.003082666313275695
0.023902954533696175
0.044382091611623764
0.06740691512823105
0.09388821572065353
0.12435706704854965
0.15901415050029755
0.19792547821998596
0.24104245007038116
0.2882479131221771
0.3393614590167999
0.3941585421562195
0.4523716866970062
0.5137019157409668
0.577819287776947
0.6443706750869751
0.7129809856414795
0.7832590937614441
0.8547994494438171
0.9271870851516724
1.0
1.0728129148483276
1.1452006101608276
1.2167409658432007
1.2870190143585205
1.355629324913025
1.4221807718276978
1.4862980842590332
1.5476282835006714
1.6058415174484253
1.6606385707855225
1.7117520570755005
1.7589575052261353
1.8020745515823364
1.840985894203186
1.8756428956985474
1.9061118364334106
1.9325931072235107
1.955617904663086
1.9760969877243042
1.9969173669815063
0.0
0.003082666313275695
0.012311659753322601
0.02763007953763008
0.04894348233938217
0.07612046599388123
0.10899347811937332
0.14735983312129974
0.19098301231861115
0.23959402740001678
0.2928932309150696
0.350551962852478
0.4122147560119629
0.47750142216682434
0.5460094809532166
0.6173165440559387
0.69098299741745
0.7665546536445618
0.8435655236244202
0.9215409159660339
1.0
1.0784591436386108
1.156434416770935
1.233445405960083
1.3090169429779053
1.3826833963394165
1.4539904594421387
1.522498607635498
1.587785243988037
1.649448037147522
1.7071068286895752
1.7604060173034668
1.8090169429779053
1.852640151977539
1.8910064697265625
1.9238795042037964
1.9510564804077148
1.972369909286499
1.9876883029937744
1.9969173669815063
2.0
