2.0
1.9969173669815063
1.9876883029937744
1.972369909286499
1.9510564804077148
1.9238795042037964
1.8910064697265625
1.852640151977539
1.8090169429779053
1.7604060173034668
1.7071068286895752
1.649448037147522
1.587785243988037
1.522498607635498
1.4539904594421387
1.3826833963394165
1.3090169429779053
1.233445405960083
1.156434416770935
1.0784591436386108
1.0
0.9215409159660339
0.8435655236244202
0.7665546536445618
0.69098299741745
0.6173165440559387
0.5460094809532166
0.47750142216682434
0.4122147560119629
0.350551962852478
0.2928932309150696
0.23959402740001678
0.19098301231861115
0.14735983312129974
0.10899347811937332
0.07612046599388123
0.04894348233938217
0.02763007953763008
0.012311659753322601
0.003082666313275695
0.0
1.9969173669815063
1.9760684967041016
1.955571174621582
1.9325339794158936
1.9060442447662354
1.8755699396133423
1.8409098386764526
1.801997423171997
1.7588810920715332
1.7116775512695312
1.660567283630371
1.6057745218276978
1.5475666522979736
1.486242413520813
1.4221317768096924
1.3555877208709717
1.286985158920288
1.2167152166366577
1.1451833248138428
1.0728042125701904
1.0
0.9271957874298096
0.854816734790802
0.7832847833633423
0.7130148410797119
0.6444122791290283
0.5778681635856628
0.513757586479187
0.45243334770202637
0.39422544836997986
0.3394326865673065
0.28832241892814636
0.24111895263195038
0.19800257682800293
0.15909017622470856
0.12443006783723831
0.09395578503608704
0.06746606528759003
0.04442877322435379
0.02393149770796299
0.003082666313275695
1.9876883029937744
1.955571174621582
1.9258067607879639
1.8960740566253662
1.8648560047149658
1.831295132637024
1.7949044704437256
1.7554055452346802
1.712681770324707
1.6667157411575317
1.6175771951675415
1.5653951168060303
1.5103530883789062
1.4526747465133667
1.39262056350708
1.3304784297943115
1.2665621042251587
1.2012031078338623
1.134749412536621
1.0675595998764038
1.0
0.9324403405189514
0.8652505278587341
0.7987969517707825
0.7334379553794861
0.6695215702056885
0.6073794960975647
0.5473252534866333
0.489646852016449
0.4346049427986145
0.3824227750301361
0.33328425884246826
0.2873181998729706
0.24459445476531982
0.20509551465511322
0.16870489716529846
0.1351439505815506
0.10392595827579498
0.07419325411319733
0.04442877322435379
0.012311659753322601
1.972369909286499
1.9325339794158936
1.8960740566253662
1.8609975576400757
1.8258757591247559
1.7897069454193115
1.7518529891967773
1.7118902206420898
1.6695774793624878
1.6247886419296265
1.577499508857727
1.527755618095398
1.4756660461425781
1.421385645866394
1.3651115894317627
1.3070720434188843
1.2475231885910034
1.186741828918457
1.125022292137146
1.0626702308654785
1.0
0.9373298287391663
0.8749777674674988
0.8132581114768982
0.7524767518043518
0.6929280161857605
0.6348883509635925
0.5786144137382507
0.5243339538574219
0.4722444415092468
0.4225004315376282
0.3752114176750183
0.3304224908351898
0.28810980916023254
0.24814701080322266
0.21029305458068848
0.17412428557872772
0.1390024870634079
0.10392595827579498
0.06746606528759003
0.02763007953763008
1.9510564804077148
1.9060442447662354
1.8648560047149658
1.8258757591247559
1.7878092527389526
1.7496726512908936
1.71076500415802
1.67058527469635
1.6288090944290161
1.5852301120758057
1.539750576019287
1.4923464059829712
1.4430633783340454
1.391996145248413
1.3392854928970337
1.2851053476333618
1.2296603918075562
1.1731765270233154
1.115898847579956
1.058084487915039
1.0
0.9419154524803162
0.8841012120246887
0.8268235325813293
0.7703396677970886
0.7148946523666382
0.6607145071029663
0.6080038547515869
0.5569365620613098
0.5076535940170288
0.46024948358535767
0.41476985812187195
0.37119096517562866
0.3294146656990051
0.28923499584198
0.25032734870910645
0.21219076216220856
0.17412428557872772
0.1351439505815506
0.09395578503608704
0.04894348233938217
1.9238795042037964
1.8755699396133423
1.831295132637024
1.7897069454193115
1.7496726512908936
1.7102712392807007
1.670803427696228
1.6307382583618164
1.5897042751312256
1.54744291305542
1.5038015842437744
1.4587029218673706
1.4121402502059937
1.3641576766967773
1.3148473501205444
1.2643355131149292
1.2127805948257446
1.1603631973266602
1.1072837114334106
1.0537551641464233
1.0
0.9462448954582214
0.8927163481712341
0.8396368622779846
0.7872194051742554
0.7356644868850708
0.6851526498794556
0.6358423233032227
0.5878597497940063
0.5412970781326294
0.4961984157562256
0.45255711674690247
0.410295695066452
0.3692616820335388
0.329196572303772
0.2897287905216217
0.25032734870910645
0.21029305458068848
0.16870489716529846
0.12443006783723831
0.07612046599388123
1.8910064697265625
1.8409098386764526
1.7949044704437256
1.7518529891967773
1.71076500415802
1.670803427696228
1.631300926208496
1.5917285680770874
1.5516953468322754
1.5109126567840576
1.4691916704177856
1.4264155626296997
1.3825370073318481
1.3375589847564697
1.2915326356887817
1.2445436716079712
1.1967098712921143
1.1481720209121704
1.0990904569625854
1.0496388673782349
1.0
0.9503611922264099
0.9009094834327698
0.8518280386924744
0.8032901287078857
0.7554563879966736
0.7084673643112183
0.6624410152435303
0.6174630522727966
0.5735844373703003
0.5308083295822144
0.48908731341362
0.4483047127723694
0.4082714021205902
0.3686990737915039
0.329196572303772
0.28923499584198
0.24814701080322266
0.20509551465511322
0.15909017622470856
0.10899347811937332
1.852640151977539
1.801997423171997
1.7554055452346802
1.7118902206420898
1.67058527469635
1.6307382583618164
1.5917285680770874
1.5530481338500977
1.5143054723739624
1.4751999378204346
1.4355210065841675
1.3951252698898315
1.3539354801177979
1.3119226694107056
1.2691047191619873
1.225533127784729
1.1812914609909058
1.1364855766296387
1.0912411212921143
1.0456966161727905
1.0
0.9543033838272095
0.9087588787078857
0.8635144829750061
0.818708598613739
0.7744669318199158
0.7308952808380127
0.6880772709846497
0.6460644602775574
0.6048747301101685
0.5644790530204773
0.5248000621795654
0.48569455742836
0.44695189595222473
0.4082714021205902
0.3692616820335388
0.3294146656990051
0.28810980916023254
0.24459445476531982
0.19800257682800293
0.14735983312129974
1.8090169429779053
1.7588810920715332
1.712681770324707
1.6695774793624878
1.6288090944290161
1.5897042751312256
1.5516953468322754
1.5143054723739624
1.4771560430526733
1.4399468898773193
1.4024578332901
1.3645299673080444
1.326065182685852
1.287010908126831
1.2473586797714233
1.2071329355239868
1.1663881540298462
1.1252009868621826
1.0836669206619263
1.0418941974639893
1.0
0.9581058025360107
0.9163330793380737
0.8747990131378174
0.8336118459701538
0.792867124080658
0.7526412606239319
0.7129891514778137
0.673934817314148
0.6354699730873108
0.5975421071052551
0.5600530505180359
0.5228439569473267
0.48569455742836
0.4483047127723694
0.410295695066452
0.37119096517562866
0.3304224908351898
0.2873181998729706
0.24111895263195038
0.19098301231861115
1.7604060173034668
1.7116775512695312
1.6667157411575317
1.6247886419296265
1.5852301120758057
1.54744291305542
1.5109126567840576
1.4751999378204346
1.4399468898773193
1.4048632383346558
1.3697280883789062
1.3343759775161743
1.2986959218978882
1.2626190185546875
1.2261176109313965
1.1891942024230957
1.1518803834915161
1.1142281293869019
1.0763076543807983
1.0382013320922852
1.0
0.9617987275123596
0.9236923456192017
0.8857719302177429
0.8481196165084839
0.8108057379722595
0.7738823890686035
0.7373809218406677
0.7013040781021118
0.6656240224838257
0.630271852016449
0.595136821269989
0.5600530505180359
0.5248000621795654
0.48908731341362
0.45255711674690247
0.41476985812187195
0.3752114176750183
0.33328425884246826
0.28832241892814636
0.23959402740001678
1.7071068286895752
1.660567283630371
1.6175771951675415
1.577499508857727
1.539750576019287
1.5038015842437744
1.4691916704177856
1.4355210065841675
1.4024578332901
1.3697280883789062
1.3371177911758423
1.304461121559143
1.2716413736343384
1.2385797500610352
1.2052347660064697
1.1715929508209229
1.1376674175262451
1.1034907102584839
1.0691121816635132
1.0345923900604248
1.0
0.96540766954422
0.9308878183364868
0.8965092301368713
0.8623325228691101
0.8284071087837219
0.7947652339935303
0.7614202499389648
0.7283585667610168
0.6955388784408569
0.6628822088241577
0.630271852016449
0.5975421071052551
0.5644790530204773
0.5308083295822144
0.4961984157562256
0.46024948358535767
0.4225004315376282
0.3824227750301361
0.3394326865673065
0.2928932309150696
1.649448037147522
1.6057745218276978
1.5653951168060303
1.527755618095398
1.4923464059829712
1.4587029218673706
1.4264155626296997
1.3951252698898315
1.3645299673080444
1.3343759775161743
1.304461121559143
1.274625301361084
1.2447513341903687
1.2147557735443115
1.1845885515213013
1.1542251110076904
1.1236647367477417
1.0929245948791504
1.0620372295379639
1.0310455560684204
1.0
0.9689544439315796
0.9379627704620361
0.9070754051208496
0.8763352632522583
0.8457749485969543
0.815411388874054
0.7852442264556885
0.7552486658096313
0.725374698638916
0.6955388784408569
0.6656240224838257
0.6354699730873108
0.6048747301101685
0.5735844373703003
0.5412970781326294
0.5076535940170288
0.4722444415092468
0.4346049427986145
0.39422544836997986
0.350551962852478
1.587785243988037
1.5475666522979736
1.5103530883789062
1.4756660461425781
1.4430633783340454
1.4121402502059937
1.3825370073318481
1.3539354801177979
1.326065182685852
1.2986959218978882
1.2716413736343384
1.2447513341903687
1.2179126739501953
1.1910417079925537
1.1640843152999878
1.1370086669921875
1.109804630279541
1.0824778079986572
1.0550477504730225
1.0275431871414185
1.0
0.9724567532539368
0.9449522495269775
0.9175221920013428
0.890195369720459
0.8629913926124573
0.835915744304657
0.8089582920074463
0.7820873260498047
0.7552486658096313
0.7283585667610168
0.7013040781021118
0.673934817314148
0.6460644602775574
0.6174630522727966
0.5878597497940063
0.5569365620613098
0.5243339538574219
0.489646852016449
0.45243334770202637
0.4122147560119629
1.522498607635498
1.486242413520813
1.4526747465133667
1.421385645866394
1.391996145248413
1.3641576766967773
1.3375589847564697
1.3119226694107056
1.287010908126831
1.2626190185546875
1.2385797500610352
1.2147557735443115
1.1910417079925537
1.167357325553894
1.1436481475830078
1.1198787689208984
1.0960332155227661
1.0721087455749512
1.0481153726577759
1.0240710973739624
1.0
0.9759289026260376
0.9518845677375793
0.9278912544250488
0.9039667844772339
0.8801212310791016
0.856351912021637
0.832642674446106
0.8089582920074463
0.7852442264556885
0.7614202499389648
0.7373809218406677
0.7129891514778137
0.6880772709846497
0.6624410152435303
0.6358423233032227
0.6080038547515869
0.5786144137382507
0.5473252534866333
0.513757586479187
0.47750142216682434
1.4539904594421387
1.4221317768096924
1.39262056350708
1.3651115894317627
1.3392854928970337
1.3148473501205444
1.2915326356887817
1.2691047191619873
1.2473586797714233
1.2261176109313965
1.2052347660064697
1.1845885515213013
1.1640843152999878
1.1436481475830078
1.1232280731201172
1.1027886867523193
1.0823105573654175
1.0617862939834595
1.0412187576293945
1.020618200302124
1.0
0.9793817400932312
0.9587811827659607
0.9382137060165405
0.9176893830299377
0.8972113132476807
0.8767719268798828
0.856351912021637
0.835915744304657
0.815411388874054
0.7947652339935303
0.7738823890686035
0.7526412606239319
0.7308952808380127
0.7084673643112183
0.6851526498794556
0.6607145071029663
0.6348883509635925
0.6073794960975647
0.5778681635856628
0.5460094809532166
1.3826833963394165
1.3555877208709717
1.3304784297943115
1.3070720434188843
1.2851053476333618
1.2643355131149292
1.2445436716079712
1.225533127784729
1.2071329355239868
1.1891942024230957
1.1715929508209229
1.1542251110076904
1.1370086669921875
1.1198787689208984
1.1027886867523193
1.085705041885376
1.0686079263687134
1.0514872074127197
1.034341812133789
1.0171763896942139
1.0
0.9828235507011414
0.9656581282615662
0.9485127925872803
0.9313921332359314
0.9142950177192688
0.8972113132476807
0.8801212310791016
0.8629913926124573
0.8457749485969543
0.8284071087837219
0.8108057379722595
0.792867124080658
0.7744669318199158
0.7554563879966736
0.7356644868850708
0.7148946523666382
0.6929280161857605
0.6695215702056885
0.6444122791290283
0.6173165440559387
1.3090169429779053
1.286985158920288
1.2665621042251587
1.2475231885910034
1.2296603918075562
1.2127805948257446
1.1967098712921143
1.1812914609909058
1.1663881540298462
1.1518803834915161
1.1376674175262451
1.1236647367477417
1.109804630279541
1.0960332155227661
1.0823105573654175
1.0686079263687134
1.0549067258834839
1.0411964654922485
1.0274739265441895
1.013740062713623
1.0
0.9862598776817322
0.9725261330604553
0.9588035345077515
0.9450933337211609
0.9313921332359314
0.9176893830299377
0.9039667844772339
0.890195369720459
0.8763352632522583
0.8623325228691101
0.8481196165084839
0.8336118459701538
0.818708598613739
0.8032901287078857
0.7872194051742554
0.7703396677970886
0.7524767518043518
0.7334379553794861
0.7130148410797119
0.69098299741745
1.233445405960083
1.2167152166366577
1.2012031078338623
1.186741828918457
1.1731765270233154
1.1603631973266602
1.1481720209121704
1.1364855766296387
1.1252009868621826
1.1142281293869019
1.1034907102584839
1.0929245948791504
1.0824778079986572
1.0721087455749512
1.0617862939834595
1.0514872074127197
1.0411964654922485
1.0309046506881714
1.0206079483032227
1.010305643081665
1.0
0.989694356918335
0.9793921113014221
0.9690952897071838
0.9588035345077515
0.9485127925872803
0.9382137060165405
0.9278912544250488
0.9175221920013428
0.9070754051208496
0.8965092301368713
0.8857719302177429
0.8747990131378174
0.8635144829750061
0.8518280386924744
0.8396368622779846
0.8268235325813293
0.8132581114768982
0.7987969517707825
0.7832847833633423
0.7665546536445618
1.156434416770935
1.1451833248138428
1.134749412536621
1.125022292137146
1.115898847579956
1.1072837114334106
1.0990904569625854
1.0912411212921143
1.0836669206619263
1.0763076543807983
1.0691121816635132
1.0620372295379639
1.0550477504730225
1.0481153726577759
1.0412187576293945
1.034341812133789
1.0274739265441895
1.0206079483032227
1.0137406587600708
1.0068711042404175
1.0
0.9931288957595825
0.9862593412399292
0.9793921113014221
0.9725261330604553
0.9656581282615662
0.9587811827659607
0.9518845677375793
0.9449522495269775
0.9379627704620361
0.9308878183364868
0.9236923456192017
0.9163330793380737
0.9087588787078857
0.9009094834327698
0.8927163481712341
0.8841012120246887
0.8749777674674988
0.8652505278587341
0.854816734790802
0.8435655236244202
1.0784591436386108
1.0728042125701904
1.0675595998764038
1.0626702308654785
1.058084487915039
1.0537551641464233
1.0496388673782349
1.0456966161727905
1.0418941974639893
1.0382013320922852
1.0345923900604248
1.0310455560684204
1.0275431871414185
1.0240710973739624
1.020618200302124
1.0171763896942139
1.013740062713623
1.010305643081665
1.0068711042404175
1.0034358501434326
1.0
0.9965641498565674
0.9931288957595825
0.989694356918335
0.9862598776817322
0.9828235507011414
0.9793817400932312
0.9759289026260376
0.9724567532539368
0.9689544439315796
0.96540766954422
0.9617987275123596
0.9581058025360107
0.9543033838272095
0.9503611922264099
0.9462448954582214
0.9419154524803162
0.9373298287391663
0.9324403405189514
0.9271957874298096
0.9215409159660339
1.0
1.0
1.0
1.0
1.0
1.0
1.0
1.0
1.0
1.0
1.0
1.0
1.0
1.0
1.0
1.0
1.0
1.0
1.0
1.0
1.0
1.0
1.0
1.0
1.0
1.0
1.0
1.0
1.0
1.0
1.0
1.0
1.0
1.0
1.0
1.0
1.0
1.0
1.0
1.0
1.0
0.9215409159660339
0.9271957874298096
0.9324403405189514
0.9373298287391663
0.9419154524803162
0.9462448954582214
0.9503611922264099
0.9543033838272095
0.9581058025360107
0.9617987275123596
0.96540766954422
0.9689544439315796
0.9724567532539368
0.9759289026260376
0.9793817400932312
0.9828235507011414
0.9862598776817322
0.989694356918335
0.9931288957595825
0.9965641498565674
1.0
1.0034358501434326
1.0068711042404175
1.010305643081665
1.013740062713623
1.0171763896942139
1.020618200302124
1.0240710973739624
1.0275431871414185
1.0310455560684204
1.0345923900604248
1.0382013320922852
1.0418941974639893
1.0456966161727905
1.0496388673782349
1.0537551641464233
1.058084487915039
1.0626702308654785
1.0675595998764038
1.0728042125701904
1.0784591436386108
0.8435655236244202
0.854816734790802
0.8652505278587341
0.8749777674674988
0.8841012120246887
0.8927163481712341
0.9009094834327698
0.9087588787078857
0.9163330793380737
0.9236923456192017
0.9308878183364868
0.9379627704620361
0.9449522495269775
0.9518845677375793
0.9587811827659607
0.9656581282615662
0.9725261330604553
0.9793921113014221
0.9862593412399292
0.9931288957595825
1.0
1.0068711042404175
1.0137406587600708
1.0206079483032227
1.0274739265441895
1.034341812133789
1.0412187576293945
1.0481153726577759
1.0550477504730225
1.0620372295379639
1.0691121816635132
1.0763076543807983
1.0836669206619263
1.0912411212921143
1.0990904569625854
1.1072837114334106
1.115898847579956
1.125022292137146
1.134749412536621
1.1451833248138428
1.156434416770935
0.7665546536445618
0.7832847833633423
0.7987969517707825
0.8132581114768982
0.8268235325813293
0.8396368622779846
0.8518280386924744
0.8635144829750061
0.8747990131378174
0.8857719302177429
0.8965092301368713
0.9070754051208496
0.9175221920013428
0.9278912544250488
0.9382137060165405
0.9485127925872803
0.9588035345077515
0.9690952897071838
0.9793921113014221
0.989694356918335
1.0
1.010305643081665
1.0206079483032227
1.0309046506881714
1.0411964654922485
1.0514872074127197
1.0617862939834595
1.0721087455749512
1.0824778079986572
1.0929245948791504
1.1034907102584839
1.1142281293869019
1.1252009868621826
1.1364855766296387
1.1481720209121704
1.1603631973266602
1.1731765270233154
1.186741828918457
1.2012031078338623
1.2167152166366577
1.233445405960083
0.69098299741745
0.7130148410797119
0.7334379553794861
0.7524767518043518
0.7703396677970886
0.7872194051742554
0.8032901287078857
0.818708598613739
0.8336118459701538
0.8481196165084839
0.8623325228691101
0.8763352632522583
0.890195369720459
0.9039667844772339
0.9176893830299377
0.9313921332359314
0.9450933337211609
0.9588035345077515
0.9725261330604553
0.9862598776817322
1.0
1.013740062713623
1.0274739265441895
1.0411964654922485
1.0549067258834839
1.0686079263687134
1.0823105573654175
1.0960332155227661
1.109804630279541
1.1236647367477417
1.1376674175262451
1.1518803834915161
1.1663881540298462
1.1812914609909058
1.1967098712921143
1.2127805948257446
1.2296603918075562
1.2475231885910034
1.2665621042251587
1.286985158920288
1.3090169429779053
0.6173165440559387
0.6444122791290283
0.6695215702056885
0.6929280161857605
0.7148946523666382
0.7356644868850708
0.7554563879966736
0.7744669318199158
0.792867124080658
0.8108057379722595
0.8284071087837219
0.8457749485969543
0.8629913926124573
0.8801212310791016
0.8972113132476807
0.9142950177192688
0.9313921332359314
0.9485127925872803
0.9656581282615662
0.9828235507011414
1.0
1.0171763896942139
1.034341812133789
1.0514872074127197
1.0686079263687134
1.085705041885376
1.1027886867523193
1.1198787689208984
1.1370086669921875
1.1542251110076904
1.1715929508209229
1.1891942024230957
1.2071329355239868
1.225533127784729
1.2445436716079712
1.2643355131149292
1.2851053476333618
1.3070720434188843
1.3304784297943115
1.3555877208709717
1.3826833963394165
0.5460094809532166
0.5778681635856628
0.6073794960975647
0.6348883509635925
0.6607145071029663
0.6851526498794556
0.7084673643112183
0.7308952808380127
0.7526412606239319
0.7738823890686035
0.7947652339935303
0.815411388874054
0.835915744304657
0.856351912021637
0.8767719268798828
0.8972113132476807
0.9176893830299377
0.9382137060165405
0.9587811827659607
0.9793817400932312
1.0
1.020618200302124
1.0412187576293945
1.0617862939834595
1.0823105573654175
1.1027886867523193
1.1232280731201172
1.1436481475830078
1.1640843152999878
1.1845885515213013
1.2052347660064697
1.2261176109313965
1.2473586797714233
1.2691047191619873
1.2915326356887817
1.3148473501205444
1.3392854928970337
1.3651115894317627
1.39262056350708
1.4221317768096924
1.4539904594421387
0.47750142216682434
0.513757586479187
0.5473252534866333
0.5786144137382507
0.6080038547515869
0.6358423233032227
0.6624410152435303
0.6880772709846497
0.7129891514778137
0.7373809218406677
0.7614202499389648
0.7852442264556885
0.8089582920074463
0.832642674446106
0.856351912021637
0.8801212310791016
0.9039667844772339
0.9278912544250488
0.9518845677375793
0.9759289026260376
1.0
1.0240710973739624
1.0481153726577759
1.0721087455749512
1.0960332155227661
1.1198787689208984
1.1436481475830078
1.167357325553894
1.1910417079925537
1.2147557735443115
1.2385797500610352
1.2626190185546875
1.287010908126831
1.3119226694107056
1.3375589847564697
1.3641576766967773
1.391996145248413
1.421385645866394
1.4526747465133667
1.486242413520813
1.522498607635498
0.4122147560119629
0.45243334770202637
0.489646852016449
0.5243339538574219
0.5569365620613098
0.5878597497940063
0.6174630522727966
0.6460644602775574
0.673934817314148
0.7013040781021118
0.7283585667610168
0.7552486658096313
0.7820873260498047
0.8089582920074463
0.835915744304657
0.8629913926124573
0.890195369720459
0.9175221920013428
0.9449522495269775
0.9724567532539368
1.0
1.0275431871414185
1.0550477504730225
1.0824778079986572
1.109804630279541
1.1370086669921875
1.1640843152999878
1.1910417079925537
1.2179126739501953
1.2447513341903687
1.2716413736343384
1.2986959218978882
1.326065182685852
1.3539354801177979
1.3825370073318481
1.4121402502059937
1.4430633783340454
1.4756660461425781
1.5103530883789062
1.5475666522979736
1.587785243988037
0.350551962852478
0.39422544836997986
0.4346049427986145
0.4722444415092468
0.5076535940170288
0.5412970781326294
0.5735844373703003
0.6048747301101685
0.6354699730873108
0.6656240224838257
0.6955388784408569
0.725374698638916
0.7552486658096313
0.7852442264556885
0.815411388874054
0.8457749485969543
0.8763352632522583
0.9070754051208496
0.9379627704620361
0.9689544439315796
1.0
1.0310455560684204
1.0620372295379639
1.0929245948791504
1.1236647367477417
1.1542251110076904
1.1845885515213013
1.2147557735443115
1.2447513341903687
1.274625301361084
1.304461121559143
1.3343759775161743
1.3645299673080444
1.3951252698898315
1.4264155626296997
1.4587029218673706
1.4923464059829712
1.527755618095398
1.5653951168060303
1.6057745218276978
1.649448037147522
0.2928932309150696
0.3394326865673065
0.3824227750301361
0.4225004315376282
0.46024948358535767
0.4961984157562256
0.5308083295822144
0.5644790530204773
0.5975421071052551
0.630271852016449
0.6628822088241577
0.6955388784408569
0.7283585667610168
0.7614202499389648
0.7947652339935303
0.8284071087837219
0.8623325228691101
0.8965092301368713
0.9308878183364868
0.96540766954422
1.0
1.0345923900604248
1.0691121816635132
1.1034907102584839
1.1376674175262451
1.1715929508209229
1.2052347660064697
1.2385797500610352
1.2716413736343384
1.304461121559143
1.3371177911758423
1.3697280883789062
1.4024578332901
1.4355210065841675
1.4691916704177856
1.5038015842437744
1.539750576019287
1.577499508857727
1.6175771951675415
1.660567283630371
1.7071068286895752
0.23959402740001678
0.28832241892814636
0.33328425884246826
0.3752114176750183
0.41476985812187195
0.45255711674690247
0.48908731341362
0.5248000621795654
0.5600530505180359
0.595136821269989
0.630271852016449
0.6656240224838257
0.7013040781021118
0.7373809218406677
0.7738823890686035
0.8108057379722595
0.8481196165084839
0.8857719302177429
0.9236923456192017
0.9617987275123596
1.0
1.0382013320922852
1.0763076543807983
1.1142281293869019
1.1518803834915161
1.1891942024230957
1.2261176109313965
1.2626190185546875
1.2986959218978882
1.3343759775161743
1.3697280883789062
1.4048632383346558
1.4399468898773193
1.4751999378204346
1.5109126567840576
1.54744291305542
1.5852301120758057
1.6247886419296265
1.6667157411575317
1.7116775512695312
1.7604060173034668
0.19098301231861115
0.24111895263195038
0.2873181998729706
0.3304224908351898
0.37119096517562866
0.410295695066452
0.4483047127723694
0.48569455742836
0.5228439569473267
0.5600530505180359
0.5975421071052551
0.6354699730873108
0.673934817314148
0.7129891514778137
0.7526412606239319
0.792867124080658
0.8336118459701538
0.8747990131378174
0.9163330793380737
0.9581058025360107
1.0
1.0418941974639893
1.0836669206619263
1.1252009868621826
1.1663881540298462
1.2071329355239868
1.2473586797714233
1.287010908126831
1.326065182685852
1.3645299673080444
1.4024578332901
1.4399468898773193
1.4771560430526733
1.5143054723739624
1.5516953468322754
1.5897042751312256
1.6288090944290161
1.6695774793624878
1.712681770324707
1.7588810920715332
1.8090169429779053
0.14735983312129974
0.19800257682800293
0.24459445476531982
0.28810980916023254
0.3294146656990051
0.3692616820335388
0.4082714021205902
0.44695189595222473
0.48569455742836
0.5248000621795654
0.5644790530204773
0.6048747301101685
0.6460644602775574
0.6880772709846497
0.7308952808380127
0.7744669318199158
0.818708598613739
0.8635144829750061
0.9087588787078857
0.9543033838272095
1.0
1.0456966161727905
1.0912411212921143
1.1364855766296387
1.1812914609909058
1.225533127784729
1.2691047191619873
1.3119226694107056
1.3539354801177979
1.3951252698898315
1.4355210065841675
1.4751999378204346
1.5143054723739624
1.5530481338500977
1.5917285680770874
1.6307382583618164
1.67058527469635
1.7118902206420898
1.7554055452346802
1.801997423171997
1.852640151977539
0.10899347811937332
0.15909017622470856
0.20509551465511322
0.24814701080322266
0.28923499584198
0.329196572303772
0.3686990737915039
0.4082714021205902
0.4483047127723694
0.48908731341362
0.5308083295822144
0.5735844373703003
0.6174630522727966
0.6624410152435303
0.7084673643112183
0.7554563879966736
0.8032901287078857
0.8518280386924744
0.9009094834327698
0.9503611922264099
1.0
1.0496388673782349
1.0990904569625854
1.1481720209121704
1.1967098712921143
1.2445436716079712
1.2915326356887817
1.3375589847564697
1.3825370073318481
1.4264155626296997
1.4691916704177856
1.5109126567840576
1.5516953468322754
1.5917285680770874
1.631300926208496
1.670803427696228
1.71076500415802
1.7518529891967773
1.7949044704437256
1.8409098386764526
1.8910064697265625
0.07612046599388123
0.12443006783723831
0.16870489716529846
0.21029305458068848
0.25032734870910645
0.2897287905216217
0.329196572303772
0.3692616820335388
0.410295695066452
0.45255711674690247
0.4961984157562256
0.5412970781326294
0.5878597497940063
0.6358423233032227
0.6851526498794556
0.7356644868850708
0.7872194051742554
0.8396368622779846
0.8927163481712341
0.9462448954582214
1.0
1.0537551641464233
1.1072837114334106
1.1603631973266602
1.2127805948257446
1.2643355131149292
1.3148473501205444
1.3641576766967773
1.4121402502059937
1.4587029218673706
1.5038015842437744
1.54744291305542
1.5897042751312256
1.6307382583618164
1.670803427696228
1.7102712392807007
1.7496726512908936
1.7897069454193115
1.831295132637024
1.8755699396133423
1.9238795042037964
0.04894348233938217
0.09395578503608704
0.1351439505815506
0.17412428557872772
0.21219076216220856
0.25032734870910645
0.28923499584198
0.3294146656990051
0.37119096517562866
0.41476985812187195
0.46024948358535767
0.5076535940170288
0.5569365620613098
0.6080038547515869
0.6607145071029663
0.7148946523666382
0.7703396677970886
0.8268235325813293
0.8841012120246887
0.9419154524803162
1.0
1.058084487915039
1.115898847579956
1.1731765270233154
1.2296603918075562
1.2851053476333618
1.3392854928970337
1.391996145248413
1.4430633783340454
1.4923464059829712
1.539750576019287
1.5852301120758057
1.6288090944290161
1.67058527469635
1.71076500415802
1.7496726512908936
1.7878092527389526
1.8258757591247559
1.8648560047149658
1.9060442447662354
1.9510564804077148
0.02763007953763008
0.06746606528759003
0.10392595827579498
0.1390024870634079
0.17412428557872772
0.21029305458068848
0.24814701080322266
0.28810980916023254
0.3304224908351898
0.3752114176750183
0.4225004315376282
0.4722444415092468
0.5243339538574219
0.5786144137382507
0.6348883509635925
0.6929280161857605
0.7524767518043518
0.8132581114768982
0.8749777674674988
0.9373298287391663
1.0
1.0626702308654785
1.125022292137146
1.186741828918457
1.2475231885910034
1.3070720434188843
1.3651115894317627
1.421385645866394
1.4756660461425781
1.527755618095398
1.577499508857727
1.6247886419296265
1.6695774793624878
1.7118902206420898
1.7518529891967773
1.7897069454193115
1.8258757591247559
1.8609975576400757
1.8960740566253662
1.9325339794158936
1.972369909286499
0.012311659753322601
0.04442877322435379
0.07419325411319733
0.10392595827579498
0.1351439505815506
0.16870489716529846
0.20509551465511322
0.24459445476531982
0.2873181998729706
0.33328425884246826
0.3824227750301361
0.4346049427986145
0.489646852016449
0.5473252534866333
0.6073794960975647
0.6695215702056885
0.7334379553794861
0.7987969517707825
0.8652505278587341
0.9324403405189514
1.0
1.0675595998764038
1.134749412536621
1.2012031078338623
1.2665621042251587
1.3304784297943115
1.39262056350708
1.4526747465133667
1.5103530883789062
1.5653951168060303
1.6175771951675415
1.6667157411575317
1.712681770324707
1.7554055452346802
1.7949044704437256
1.831295132637024
1.8648560047149658
1.8960740566253662
1.9258067607879639
1.955571174621582
1.9876883029937744
0.003082666313275695
0.02393149770796299
0.04442877322435379
0.06746606528759003
0.09395578503608704
0.12443006783723831
0.15909017622470856
0.19800257682800293
0.24111895263195038
0.28832241892814636
0.3394326865673065
0.39422544836997986
0.45243334770202637
0.513757586479187
0.5778681635856628
0.6444122791290283
0.7130148410797119
0.7832847833633423
0.854816734790802
0.9271957874298096
1.0
1.0728042125701904
1.1451833248138428
1.2167152166366577
1.286985158920288
1.3555877208709717
1.4221317768096924
1.486242413520813
1.5475666522979736
1.6057745218276978
1.660567283630371
1.7116775512695312
1.7588810920715332
1.801997423171997
1.8409098386764526
1.8755699396133423
1.9060442447662354
1.9325339794158936
1.955571174621582
1.9760684967041016
1.9969173669815063
0.0
0.003082666313275695
0.012311659753322601
0.02763007953763008
0.04894348233938217
0.07612046599388123
0.10899347811937332
0.14735983312129974
0.19098301231861115
0.23959402740001678
0.2928932309150696
0.350551962852478
0.4122147560119629
0.47750142216682434
0.5460094809532166
0.6173165440559387
0.69098299741745
0.7665546536445618
0.8435655236244202
0.9215409159660339
1.0
1.0784591436386108
1.156434416770935
1.233445405960083
1.3090169429779053
1.3826833963394165
1.4539904594421387
1.522498607635498
1.587785243988037
1.649448037147522
1.7071068286895752
1.7604060173034668
1.8090169429779053
1.852640151977539
1.8910064697265625
1.9238795042037964
1.9510564804077148
1.972369909286499
1.9876883029937744
1.9969173669815063
2.0
