2.0
1.9969173669815063
1.9876883029937744
1.972369909286499
1.9510564804077148
1.9238795042037964
1.8910064697265625
1.852640151977539
1.8090169429779053
1.7604060173034668
1.7071068286895752
1.649448037147522
1.587785243988037
1.522498607635498
1.4539904594421387
1.3826833963394165
1.3090169429779053
1.233445405960083
1.156434416770935
1.0784591436386108
1.0
0.9215409159660339
0.8435655236244202
0.7665546536445618
0.69098299741745
0.6173165440559387
0.5460094809532166
0.47750142216682434
0.4122147560119629
0.350551962852478
0.2928932309150696
0.23959402740001678
0.19098301231861115
0.14735983312129974
0.10899347811937332
0.07612046599388123
0.04894348233938217
0.02763007953763008
0.012311659753322601
0.003082666313275695
0.0
1.9969173669815063
1.976049780845642
1.955540657043457
1.9324952363967896
1.906000018119812
1.875522255897522
1.84086012840271
1.801946997642517
1.7588310241699219
1.7116289138793945
1.6605206727981567
1.6057307720184326
1.5475263595581055
1.4862060546875
1.4220998287200928
1.355560541152954
1.2869631052017212
1.216698408126831
1.1451719999313354
1.072798490524292
1.0
0.927201509475708
0.8548280596733093
0.783301591873169
0.7130369544029236
0.6444395184516907
0.5779001712799072
0.5137939453125
0.4524736702442169
0.394269198179245
0.3394792675971985
0.28837111592292786
0.24116897583007812
0.19805298745632172
0.15913988649845123
0.1244777962565422
0.0939999669790268
0.06750474125146866
0.04445929825305939
0.023950161412358284
0.003082666313275695
1.9876883029937744
1.955540657043457
1.9257545471191406
1.896006464958191
1.8647778034210205
1.8312097787857056
1.7948150634765625
1.7553144693374634
1.7125911712646484
1.6666271686553955
1.6174923181533813
1.5653152465820312
1.5102794170379639
1.4526081085205078
1.392561912536621
1.3304286003112793
1.2665214538574219
1.2011722326278687
1.1347286701202393
1.067549228668213
1.0
0.9324507713317871
0.865271270275116
0.7988277673721313
0.7334785461425781
0.6695713996887207
0.6074380278587341
0.5473918318748474
0.48972055315971375
0.43468478322029114
0.3825076222419739
0.3333727717399597
0.28740888833999634
0.24468551576137543
0.2051849067211151
0.16879016160964966
0.1352221667766571
0.1039934977889061
0.07424546033143997
0.04445929825305939
0.012311659753322601
1.972369909286499
1.9324952363967896
1.896006464958191
1.8609087467193604
1.8257718086242676
1.7895928621292114
1.7517327070236206
1.7117671966552734
1.669454574584961
1.6246682405471802
1.5773839950561523
1.5276466608047485
1.4755654335021973
1.4212945699691772
1.3650314807891846
1.3070037364959717
1.2474676370620728
1.186699628829956
1.1249938011169434
1.0626559257507324
1.0
0.9373441338539124
0.8750061988830566
0.813300371170044
0.7525323629379272
0.6929963231086731
0.6349685192108154
0.578705370426178
0.5244346261024475
0.47235336899757385
0.42261600494384766
0.37533172965049744
0.33054542541503906
0.28823286294937134
0.248267263174057
0.21040713787078857
0.17422813177108765
0.13909122347831726
0.1039934977889061
0.06750474125146866
0.02763007953763008
1.9510564804077148
1.906000018119812
1.8647778034210205
1.8257718086242676
1.7876867055892944
1.7495372295379639
1.7106214761734009
1.6704379320144653
1.6286613941192627
1.5850852727890015
1.5396111011505127
1.4922147989273071
1.442941665649414
1.3918859958648682
1.3391884565353394
1.2850226163864136
1.2295929193496704
1.173125147819519
1.1158642768859863
1.0580672025680542
1.0
0.9419327974319458
0.8841357231140137
0.8268747925758362
0.7704070806503296
0.7149774432182312
0.6608116030693054
0.6081140637397766
0.5570583343505859
0.5077851414680481
0.46038883924484253
0.41491472721099854
0.3713386058807373
0.3295620083808899
0.28937846422195435
0.2504628002643585
0.21231329441070557
0.17422813177108765
0.1352221667766571
0.0939999669790268
0.04894348233938217
1.9238795042037964
1.875522255897522
1.8312097787857056
1.7895928621292114
1.7495372295379639
1.7101207971572876
1.6706434488296509
1.6305735111236572
1.5895386934280396
1.5472800731658936
1.5036447048187256
1.4585545063018799
1.4120028018951416
1.3640332221984863
1.3147375583648682
1.2642418146133423
1.2127041816711426
1.160305142402649
1.107244610786438
1.0537354946136475
1.0
0.9462645649909973
0.8927554488182068
0.8396949172019958
0.7872957587242126
0.7357581853866577
0.6852624416351318
0.6359667778015137
0.5879971981048584
0.5414454936981201
0.4963553547859192
0.45271992683410645
0.41046130657196045
0.36942651867866516
0.3293565511703491
0.2898792326450348
0.2504628002643585
0.21040713787078857
0.16879016160964966
0.1244777962565422
0.07612046599388123
1.8910064697265625
1.84086012840271
1.7948150634765625
1.7517327070236206
1.7106214761734009
1.6706434488296509
1.6311302185058594
1.5915522575378418
1.5515177249908447
1.5107377767562866
1.4690227508544922
1.426255702972412
1.382388710975647
1.337424635887146
1.2914140224456787
1.244442343711853
1.1966273784637451
1.1481091976165771
1.099048137664795
1.0496175289154053
1.0
0.9503824710845947
0.9009518027305603
0.8518908619880676
0.8033726811408997
0.7555575966835022
0.7085859775543213
0.6625754237174988
0.617611289024353
0.5737442970275879
0.530977189540863
0.48926225304603577
0.44848230481147766
0.4084477722644806
0.368869811296463
0.3293565511703491
0.28937846422195435
0.248267263174057
0.2051849067211151
0.15913988649845123
0.10899347811937332
1.852640151977539
1.801946997642517
1.7553144693374634
1.7117671966552734
1.6704379320144653
1.6305735111236572
1.5915522575378418
1.5528655052185059
1.514121174812317
1.4750181436538696
1.43534517288208
1.394958734512329
1.3537808656692505
1.3117824792861938
1.268980860710144
1.225427269935608
1.181205153465271
1.1364198923110962
1.091196894645691
1.0456743240356445
1.0
0.9543256759643555
0.9088031053543091
0.8635801672935486
0.818794846534729
0.7745726704597473
0.7310191988945007
0.6882175207138062
0.6462190747261047
0.6050412654876709
0.5646547675132751
0.5249818563461304
0.4858788251876831
0.44713452458381653
0.4084477722644806
0.36942651867866516
0.3295620083808899
0.28823286294937134
0.24468551576137543
0.19805298745632172
0.14735983312129974
1.8090169429779053
1.7588310241699219
1.7125911712646484
1.669454574584961
1.6286613941192627
1.5895386934280396
1.5515177249908447
1.514121174812317
1.476969838142395
1.4397629499435425
1.4022798538208008
1.364361047744751
1.3259083032608032
1.2868683338165283
1.2472327947616577
1.2070252895355225
1.1663004159927368
1.1251341104507446
1.083621859550476
1.0418715476989746
1.0
0.9581285119056702
0.9163780808448792
0.8748658895492554
0.8336995840072632
0.7929747104644775
0.7527672052383423
0.7131316065788269
0.6740917563438416
0.6356388926506042
0.597720205783844
0.5602370500564575
0.523030161857605
0.4858788251876831
0.44848230481147766
0.41046130657196045
0.3713386058807373
0.33054542541503906
0.28740888833999634
0.24116897583007812
0.19098301231861115
1.7604060173034668
1.7116289138793945
1.6666271686553955
1.6246682405471802
1.5850852727890015
1.5472800731658936
1.5107377767562866
1.4750181436538696
1.4397629499435425
1.4046812057495117
1.3695517778396606
1.3342084884643555
1.2985402345657349
1.2624776363372803
1.2259925603866577
1.1890873908996582
1.151793122291565
1.1141616106033325
1.0762628316879272
1.03817880153656
1.0
0.9618212580680847
0.923737108707428
0.8858383297920227
0.8482068777084351
0.8109126687049866
0.7740074396133423
0.7375223636627197
0.7014597654342651
0.6657914519309998
0.6304482221603394
0.5953188538551331
0.5602370500564575
0.5249818563461304
0.48926225304603577
0.45271992683410645
0.41491472721099854
0.37533172965049744
0.3333727717399597
0.28837111592292786
0.23959402740001678
1.7071068286895752
1.6605206727981567
1.6174923181533813
1.5773839950561523
1.5396111011505127
1.5036447048187256
1.4690227508544922
1.43534517288208
1.4022798538208008
1.3695517778396606
1.3369468450546265
1.3042986392974854
1.271490216255188
1.238442301750183
1.205113172531128
1.1714890003204346
1.137582540512085
1.1034260988235474
1.0690686702728271
1.0345704555511475
1.0
0.9654296040534973
0.9309313893318176
0.8965739011764526
0.8624173998832703
0.8285110592842102
0.7948868274688721
0.7615576386451721
0.728509783744812
0.6957013607025146
0.6630532145500183
0.6304482221603394
0.597720205783844
0.5646547675132751
0.530977189540863
0.4963553547859192
0.46038883924484253
0.42261600494384766
0.3825076222419739
0.3394792675971985
0.2928932309150696
1.649448037147522
1.6057307720184326
1.5653152465820312
1.5276466608047485
1.4922147989273071
1.4585545063018799
1.426255702972412
1.394958734512329
1.364361047744751
1.3342084884643555
1.3042986392974854
1.2744708061218262
1.2446075677871704
1.2146250009536743
1.1844727993011475
1.1541260480880737
1.1235839128494263
1.0928629636764526
1.0619957447052002
1.031024694442749
1.0
0.9689753651618958
0.9380043148994446
0.9071370363235474
0.8764161467552185
0.8458739519119263
0.8155272006988525
0.7853750586509705
0.7553924918174744
0.7255292534828186
0.6957013607025146
0.6657914519309998
0.6356388926506042
0.6050412654876709
0.5737442970275879
0.5414454936981201
0.5077851414680481
0.47235336899757385
0.43468478322029114
0.394269198179245
0.350551962852478
1.587785243988037
1.5475263595581055
1.5102794170379639
1.4755654335021973
1.442941665649414
1.4120028018951416
1.382388710975647
1.3537808656692505
1.3259083032608032
1.2985402345657349
1.271490216255188
1.2446075677871704
1.2177786827087402
1.1909198760986328
1.1639763116836548
1.1369162797927856
1.1097291707992554
1.0824203491210938
1.0550090074539185
1.0275237560272217
1.0
0.9724762439727783
0.9449909925460815
0.9175796508789062
0.8902707695960999
0.8630837202072144
0.8360236287117004
0.809080183506012
0.782221257686615
0.7553924918174744
0.728509783744812
0.7014597654342651
0.6740917563438416
0.6462190747261047
0.617611289024353
0.5879971981048584
0.5570583343505859
0.5244346261024475
0.48972055315971375
0.4524736702442169
0.4122147560119629
1.522498607635498
1.4862060546875
1.4526081085205078
1.4212945699691772
1.3918859958648682
1.3640332221984863
1.337424635887146
1.3117824792861938
1.2868683338165283
1.2624776363372803
1.238442301750183
1.2146250009536743
1.1909198760986328
1.1672464609146118
1.143549919128418
1.1197947263717651
1.0959645509719849
1.0720564126968384
1.0480800867080688
1.0240533351898193
1.0
0.9759466648101807
0.9519199132919312
0.9279435873031616
0.9040355086326599
0.8802052736282349
0.8564501404762268
0.832753598690033
0.809080183506012
0.7853750586509705
0.7615576386451721
0.7375223636627197
0.7131316065788269
0.6882175207138062
0.6625754237174988
0.6359667778015137
0.6081140637397766
0.578705370426178
0.5473918318748474
0.5137939453125
0.47750142216682434
1.4539904594421387
1.4220998287200928
1.392561912536621
1.3650314807891846
1.3391884565353394
1.3147375583648682
1.2914140224456787
1.268980860710144
1.2472327947616577
1.2259925603866577
1.205113172531128
1.1844727993011475
1.1639763116836548
1.143549919128418
1.1231410503387451
1.10271418094635
1.0822497606277466
1.0617399215698242
1.0411875247955322
1.0206024646759033
1.0
0.9793975353240967
0.9588124752044678
0.9382601380348206
0.9177502989768982
0.8972858190536499
0.8768589496612549
0.8564501404762268
0.8360236287117004
0.8155272006988525
0.7948868274688721
0.7740074396133423
0.7527672052383423
0.7310191988945007
0.7085859775543213
0.6852624416351318
0.6608116030693054
0.6349685192108154
0.6074380278587341
0.5779001712799072
0.5460094809532166
1.3826833963394165
1.355560541152954
1.3304286003112793
1.3070037364959717
1.2850226163864136
1.2642418146133423
1.244442343711853
1.225427269935608
1.2070252895355225
1.1890873908996582
1.1714890003204346
1.1541260480880737
1.1369162797927856
1.1197947263717651
1.10271418094635
1.0856412649154663
1.0685557126998901
1.0514475107192993
1.0343151092529297
1.0171629190444946
1.0
0.9828370809555054
0.9656849503517151
0.9485524892807007
0.9314442873001099
0.9143587946891785
0.8972858190536499
0.8802052736282349
0.8630837202072144
0.8458739519119263
0.8285110592842102
0.8109126687049866
0.7929747104644775
0.7745726704597473
0.7555575966835022
0.7357581853866577
0.7149774432182312
0.6929963231086731
0.6695713996887207
0.6444395184516907
0.6173165440559387
1.3090169429779053
1.2869631052017212
1.2665214538574219
1.2474676370620728
1.2295929193496704
1.2127041816711426
1.1966273784637451
1.181205153465271
1.1663004159927368
1.151793122291565
1.137582540512085
1.1235839128494263
1.1097291707992554
1.0959645509719849
1.0822497606277466
1.0685557126998901
1.0548640489578247
1.0411640405654907
1.027451992034912
1.0137290954589844
1.0
0.9862709045410156
0.9725480675697327
0.958836019039154
0.9451359510421753
0.9314442873001099
0.9177502989768982
0.9040355086326599
0.8902707695960999
0.8764161467552185
0.8624173998832703
0.8482068777084351
0.8336995840072632
0.818794846534729
0.8033726811408997
0.7872957587242126
0.7704070806503296
0.7525323629379272
0.7334785461425781
0.7130369544029236
0.69098299741745
1.233445405960083
1.216698408126831
1.2011722326278687
1.186699628829956
1.173125147819519
1.160305142402649
1.1481091976165771
1.1364198923110962
1.1251341104507446
1.1141616106033325
1.1034260988235474
1.0928629636764526
1.0824203491210938
1.0720564126968384
1.0617399215698242
1.0514475107192993
1.0411640405654907
1.0308799743652344
1.0205912590026855
1.010297179222107
1.0
0.9897027611732483
0.9794088006019592
0.9691200852394104
0.958836019039154
0.9485524892807007
0.9382601380348206
0.9279435873031616
0.9175796508789062
0.9071370363235474
0.8965739011764526
0.8858383297920227
0.8748658895492554
0.8635801672935486
0.8518908619880676
0.8396949172019958
0.8268747925758362
0.813300371170044
0.7988277673721313
0.783301591873169
0.7665546536445618
1.156434416770935
1.1451719999313354
1.1347286701202393
1.1249938011169434
1.1158642768859863
1.107244610786438
1.099048137664795
1.091196894645691
1.083621859550476
1.0762628316879272
1.0690686702728271
1.0619957447052002
1.0550090074539185
1.0480800867080688
1.0411875247955322
1.0343151092529297
1.027451992034912
1.0205912590026855
1.013729453086853
1.006865382194519
1.0
0.9931345582008362
0.9862706065177917
0.9794088006019592
0.9725480675697327
0.9656849503517151
0.9588124752044678
0.9519199132919312
0.9449909925460815
0.9380043148994446
0.9309313893318176
0.923737108707428
0.9163780808448792
0.9088031053543091
0.9009518027305603
0.8927554488182068
0.8841357231140137
0.8750061988830566
0.865271270275116
0.8548280596733093
0.8435655236244202
1.0784591436386108
1.072798490524292
1.067549228668213
1.0626559257507324
1.0580672025680542
1.0537354946136475
1.0496175289154053
1.0456743240356445
1.0418715476989746
1.03817880153656
1.0345704555511475
1.031024694442749
1.0275237560272217
1.0240533351898193
1.0206024646759033
1.0171629190444946
1.0137290954589844
1.010297179222107
1.006865382194519
1.0034329891204834
1.0
0.9965670108795166
0.9931345582008362
0.9897027611732483
0.9862709045410156
0.9828370809555054
0.9793975353240967
0.9759466648101807
0.9724762439727783
0.9689753651618958
0.9654296040534973
0.9618212580680847
0.9581285119056702
0.9543256759643555
0.9503824710845947
0.9462645649909973
0.9419327974319458
0.9373441338539124
0.9324507713317871
0.927201509475708
0.9215409159660339
1.0
1.0
1.0
1.0
1.0
1.0
1.0
1.0
1.0
1.0
1.0
1.0
1.0
1.0
1.0
1.0
1.0
1.0
1.0
1.0
1.0
1.0
1.0
1.0
1.0
1.0
1.0
1.0
1.0
1.0
1.0
1.0
1.0
1.0
1.0
1.0
1.0
1.0
1.0
1.0
1.0
0.9215409159660339
0.927201509475708
0.9324507713317871
0.9373441338539124
0.9419327974319458
0.9462645649909973
0.9503824710845947
0.9543256759643555
0.9581285119056702
0.9618212580680847
0.9654296040534973
0.9689753651618958
0.9724762439727783
0.9759466648101807
0.9793975353240967
0.9828370809555054
0.9862709045410156
0.9897027611732483
0.9931345582008362
0.9965670108795166
1.0
1.0034329891204834
1.006865382194519
1.010297179222107
1.0137290954589844
1.0171629190444946
1.0206024646759033
1.0240533351898193
1.0275237560272217
1.031024694442749
1.0345704555511475
1.03817880153656
1.0418715476989746
1.0456743240356445
1.0496175289154053
1.0537354946136475
1.0580672025680542
1.0626559257507324
1.067549228668213
1.072798490524292
1.0784591436386108
0.8435655236244202
0.8548280596733093
0.865271270275116
0.8750061988830566
0.8841357231140137
0.8927554488182068
0.9009518027305603
0.9088031053543091
0.9163780808448792
0.923737108707428
0.9309313893318176
0.9380043148994446
0.9449909925460815
0.9519199132919312
0.9588124752044678
0.9656849503517151
0.9725480675697327
0.9794088006019592
0.9862706065177917
0.9931345582008362
1.0
1.006865382194519
1.013729453086853
1.0205912590026855
1.027451992034912
1.0343151092529297
1.0411875247955322
1.0480800867080688
1.0550090074539185
1.0619957447052002
1.0690686702728271
1.0762628316879272
1.083621859550476
1.091196894645691
1.099048137664795
1.107244610786438
1.1158642768859863
1.1249938011169434
1.1347286701202393
1.1451719999313354
1.156434416770935
0.7665546536445618
0.783301591873169
0.7988277673721313
0.813300371170044
0.8268747925758362
0.8396949172019958
0.8518908619880676
0.8635801672935486
0.8748658895492554
0.8858383297920227
0.8965739011764526
0.9071370363235474
0.9175796508789062
0.9279435873031616
0.9382601380348206
0.9485524892807007
0.958836019039154
0.9691200852394104
0.9794088006019592
0.9897027611732483
1.0
1.010297179222107
1.0205912590026855
1.0308799743652344
1.0411640405654907
1.0514475107192993
1.0617399215698242
1.0720564126968384
1.0824203491210938
1.0928629636764526
1.1034260988235474
1.1141616106033325
1.1251341104507446
1.1364198923110962
1.1481091976165771
1.160305142402649
1.173125147819519
1.186699628829956
1.2011722326278687
1.216698408126831
1.233445405960083
0.69098299741745
0.7130369544029236
0.7334785461425781
0.7525323629379272
0.7704070806503296
0.7872957587242126
0.8033726811408997
0.818794846534729
0.8336995840072632
0.8482068777084351
0.8624173998832703
0.8764161467552185
0.8902707695960999
0.9040355086326599
0.9177502989768982
0.9314442873001099
0.9451359510421753
0.958836019039154
0.9725480675697327
0.9862709045410156
1.0
1.0137290954589844
1.027451992034912
1.0411640405654907
1.0548640489578247
1.0685557126998901
1.0822497606277466
1.0959645509719849
1.1097291707992554
1.1235839128494263
1.137582540512085
1.151793122291565
1.1663004159927368
1.181205153465271
1.1966273784637451
1.2127041816711426
1.2295929193496704
1.2474676370620728
1.2665214538574219
1.2869631052017212
1.3090169429779053
0.6173165440559387
0.6444395184516907
0.6695713996887207
0.6929963231086731
0.7149774432182312
0.7357581853866577
0.7555575966835022
0.7745726704597473
0.7929747104644775
0.8109126687049866
0.8285110592842102
0.8458739519119263
0.8630837202072144
0.8802052736282349
0.8972858190536499
0.9143587946891785
0.9314442873001099
0.9485524892807007
0.9656849503517151
0.9828370809555054
1.0
1.0171629190444946
1.0343151092529297
1.0514475107192993
1.0685557126998901
1.0856412649154663
1.10271418094635
1.1197947263717651
1.1369162797927856
1.1541260480880737
1.1714890003204346
1.1890873908996582
1.2070252895355225
1.225427269935608
1.244442343711853
1.2642418146133423
1.2850226163864136
1.3070037364959717
1.3304286003112793
1.355560541152954
1.3826833963394165
0.5460094809532166
0.5779001712799072
0.6074380278587341
0.6349685192108154
0.6608116030693054
0.6852624416351318
0.7085859775543213
0.7310191988945007
0.7527672052383423
0.7740074396133423
0.7948868274688721
0.8155272006988525
0.8360236287117004
0.8564501404762268
0.8768589496612549
0.8972858190536499
0.9177502989768982
0.9382601380348206
0.9588124752044678
0.9793975353240967
1.0
1.0206024646759033
1.0411875247955322
1.0617399215698242
1.0822497606277466
1.10271418094635
1.1231410503387451
1.143549919128418
1.1639763116836548
1.1844727993011475
1.205113172531128
1.2259925603866577
1.2472327947616577
1.268980860710144
1.2914140224456787
1.3147375583648682
1.3391884565353394
1.3650314807891846
1.392561912536621
1.4220998287200928
1.4539904594421387
0.47750142216682434
0.5137939453125
0.5473918318748474
0.578705370426178
0.6081140637397766
0.6359667778015137
0.6625754237174988
0.6882175207138062
0.7131316065788269
0.7375223636627197
0.7615576386451721
0.7853750586509705
0.809080183506012
0.832753598690033
0.8564501404762268
0.8802052736282349
0.9040355086326599
0.9279435873031616
0.9519199132919312
0.9759466648101807
1.0
1.0240533351898193
1.0480800867080688
1.0720564126968384
1.0959645509719849
1.1197947263717651
1.143549919128418
1.1672464609146118
1.1909198760986328
1.2146250009536743
1.238442301750183
1.2624776363372803
1.2868683338165283
1.3117824792861938
1.337424635887146
1.3640332221984863
1.3918859958648682
1.4212945699691772
1.4526081085205078
1.4862060546875
1.522498607635498
0.4122147560119629
0.4524736702442169
0.48972055315971375
0.5244346261024475
0.5570583343505859
0.5879971981048584
0.617611289024353
0.6462190747261047
0.6740917563438416
0.7014597654342651
0.728509783744812
0.7553924918174744
0.782221257686615
0.809080183506012
0.8360236287117004
0.8630837202072144
0.8902707695960999
0.9175796508789062
0.9449909925460815
0.9724762439727783
1.0
1.0275237560272217
1.0550090074539185
1.0824203491210938
1.1097291707992554
1.1369162797927856
1.1639763116836548
1.1909198760986328
1.2177786827087402
1.2446075677871704
1.271490216255188
1.2985402345657349
1.3259083032608032
1.3537808656692505
1.382388710975647
1.4120028018951416
1.442941665649414
1.4755654335021973
1.5102794170379639
1.5475263595581055
1.587785243988037
0.350551962852478
0.394269198179245
0.43468478322029114
0.47235336899757385
0.5077851414680481
0.5414454936981201
0.5737442970275879
0.6050412654876709
0.6356388926506042
0.6657914519309998
0.6957013607025146
0.7255292534828186
0.7553924918174744
0.7853750586509705
0.8155272006988525
0.8458739519119263
0.8764161467552185
0.9071370363235474
0.9380043148994446
0.9689753651618958
1.0
1.031024694442749
1.0619957447052002
1.0928629636764526
1.1235839128494263
1.1541260480880737
1.1844727993011475
1.2146250009536743
1.2446075677871704
1.2744708061218262
1.3042986392974854
1.3342084884643555
1.364361047744751
1.394958734512329
1.426255702972412
1.4585545063018799
1.4922147989273071
1.5276466608047485
1.5653152465820312
1.6057307720184326
1.649448037147522
0.2928932309150696
0.3394792675971985
0.3825076222419739
0.42261600494384766
0.46038883924484253
0.4963553547859192
0.530977189540863
0.5646547675132751
0.597720205783844
0.6304482221603394
0.6630532145500183
0.6957013607025146
0.728509783744812
0.7615576386451721
0.7948868274688721
0.8285110592842102
0.8624173998832703
0.8965739011764526
0.9309313893318176
0.9654296040534973
1.0
1.0345704555511475
1.0690686702728271
1.1034260988235474
1.137582540512085
1.1714890003204346
1.205113172531128
1.238442301750183
1.271490216255188
1.3042986392974854
1.3369468450546265
1.3695517778396606
1.4022798538208008
1.43534517288208
1.4690227508544922
1.5036447048187256
1.5396111011505127
1.5773839950561523
1.6174923181533813
1.6605206727981567
1.7071068286895752
0.23959402740001678
0.28837111592292786
0.3333727717399597
0.37533172965049744
0.41491472721099854
0.45271992683410645
0.48926225304603577
0.5249818563461304
0.5602370500564575
0.5953188538551331
0.6304482221603394
0.6657914519309998
0.7014597654342651
0.7375223636627197
0.7740074396133423
0.8109126687049866
0.8482068777084351
0.8858383297920227
0.923737108707428
0.9618212580680847
1.0
1.03817880153656
1.0762628316879272
1.1141616106033325
1.151793122291565
1.1890873908996582
1.2259925603866577
1.2624776363372803
1.2985402345657349
1.3342084884643555
1.3695517778396606
1.4046812057495117
1.4397629499435425
1.4750181436538696
1.5107377767562866
1.5472800731658936
1.5850852727890015
1.6246682405471802
1.6666271686553955
1.7116289138793945
1.7604060173034668
0.19098301231861115
0.24116897583007812
0.28740888833999634
0.33054542541503906
0.3713386058807373
0.41046130657196045
0.44848230481147766
0.4858788251876831
0.523030161857605
0.5602370500564575
0.597720205783844
0.6356388926506042
0.6740917563438416
0.7131316065788269
0.7527672052383423
0.7929747104644775
0.8336995840072632
0.8748658895492554
0.9163780808448792
0.9581285119056702
1.0
1.0418715476989746
1.083621859550476
1.1251341104507446
1.1663004159927368
1.2070252895355225
1.2472327947616577
1.2868683338165283
1.3259083032608032
1.364361047744751
1.4022798538208008
1.4397629499435425
1.476969838142395
1.514121174812317
1.5515177249908447
1.5895386934280396
1.6286613941192627
1.669454574584961
1.7125911712646484
1.7588310241699219
1.8090169429779053
0.14735983312129974
0.19805298745632172
0.24468551576137543
0.28823286294937134
0.3295620083808899
0.36942651867866516
0.4084477722644806
0.44713452458381653
0.4858788251876831
0.5249818563461304
0.5646547675132751
0.6050412654876709
0.6462190747261047
0.6882175207138062
0.7310191988945007
0.7745726704597473
0.818794846534729
0.8635801672935486
0.9088031053543091
0.9543256759643555
1.0
1.0456743240356445
1.091196894645691
1.1364198923110962
1.181205153465271
1.225427269935608
1.268980860710144
1.3117824792861938
1.3537808656692505
1.394958734512329
1.43534517288208
1.4750181436538696
1.514121174812317
1.5528655052185059
1.5915522575378418
1.6305735111236572
1.6704379320144653
1.7117671966552734
1.7553144693374634
1.801946997642517
1.852640151977539
0.10899347811937332
0.15913988649845123
0.2051849067211151
0.248267263174057
0.28937846422195435
0.3293565511703491
0.368869811296463
0.4084477722644806
0.44848230481147766
0.48926225304603577
0.530977189540863
0.5737442970275879
0.617611289024353
0.6625754237174988
0.7085859775543213
0.7555575966835022
0.8033726811408997
0.8518908619880676
0.9009518027305603
0.9503824710845947
1.0
1.0496175289154053
1.099048137664795
1.1481091976165771
1.1966273784637451
1.244442343711853
1.2914140224456787
1.337424635887146
1.382388710975647
1.426255702972412
1.4690227508544922
1.5107377767562866
1.5515177249908447
1.5915522575378418
1.6311302185058594
1.6706434488296509
1.7106214761734009
1.7517327070236206
1.7948150634765625
1.84086012840271
1.8910064697265625
0.07612046599388123
0.1244777962565422
0.16879016160964966
0.21040713787078857
0.2504628002643585
0.2898792326450348
0.3293565511703491
0.36942651867866516
0.41046130657196045
0.45271992683410645
0.4963553547859192
0.5414454936981201
0.5879971981048584
0.6359667778015137
0.6852624416351318
0.7357581853866577
0.7872957587242126
0.8396949172019958
0.8927554488182068
0.9462645649909973
1.0
1.0537354946136475
1.107244610786438
1.160305142402649
1.2127041816711426
1.2642418146133423
1.3147375583648682
1.3640332221984863
1.4120028018951416
1.4585545063018799
1.5036447048187256
1.5472800731658936
1.5895386934280396
1.6305735111236572
1.6706434488296509
1.7101207971572876
1.7495372295379639
1.7895928621292114
1.8312097787857056
1.875522255897522
1.9238795042037964
0.04894348233938217
0.0939999669790268
0.1352221667766571
0.17422813177108765
0.21231329441070557
0.2504628002643585
0.28937846422195435
0.3295620083808899
0.3713386058807373
0.41491472721099854
0.46038883924484253
0.5077851414680481
0.5570583343505859
0.6081140637397766
0.6608116030693054
0.7149774432182312
0.7704070806503296
0.8268747925758362
0.8841357231140137
0.9419327974319458
1.0
1.0580672025680542
1.1158642768859863
1.173125147819519
1.2295929193496704
1.2850226163864136
1.3391884565353394
1.3918859958648682
1.442941665649414
1.4922147989273071
1.5396111011505127
1.5850852727890015
1.6286613941192627
1.6704379320144653
1.7106214761734009
1.7495372295379639
1.7876867055892944
1.8257718086242676
1.8647778034210205
1.906000018119812
1.9510564804077148
0.02763007953763008
0.06750474125146866
0.1039934977889061
0.13909122347831726
0.17422813177108765
0.21040713787078857
0.248267263174057
0.28823286294937134
0.33054542541503906
0.37533172965049744
0.42261600494384766
0.47235336899757385
0.5244346261024475
0.578705370426178
0.6349685192108154
0.6929963231086731
0.7525323629379272
0.813300371170044
0.8750061988830566
0.9373441338539124
1.0
1.0626559257507324
1.1249938011169434
1.186699628829956
1.2474676370620728
1.3070037364959717
1.3650314807891846
1.4212945699691772
1.4755654335021973
1.5276466608047485
1.5773839950561523
1.6246682405471802
1.669454574584961
1.7117671966552734
1.7517327070236206
1.7895928621292114
1.8257718086242676
1.8609087467193604
1.896006464958191
1.9324952363967896
1.972369909286499
0.012311659753322601
0.04445929825305939
0.07424546033143997
0.1039934977889061
0.1352221667766571
0.16879016160964966
0.2051849067211151
0.24468551576137543
0.28740888833999634
0.3333727717399597
0.3825076222419739
0.43468478322029114
0.48972055315971375
0.5473918318748474
0.6074380278587341
0.6695713996887207
0.7334785461425781
0.7988277673721313
0.865271270275116
0.9324507713317871
1.0
1.067549228668213
1.1347286701202393
1.2011722326278687
1.2665214538574219
1.3304286003112793
1.392561912536621
1.4526081085205078
1.5102794170379639
1.5653152465820312
1.6174923181533813
1.6666271686553955
1.7125911712646484
1.7553144693374634
1.7948150634765625
1.8312097787857056
1.8647778034210205
1.896006464958191
1.9257545471191406
1.955540657043457
1.9876883029937744
0.003082666313275695
0.023950161412358284
0.04445929825305939
0.06750474125146866
0.0939999669790268
0.1244777962565422
0.15913988649845123
0.19805298745632172
0.24116897583007812
0.28837111592292786
0.3394792675971985
0.394269198179245
0.4524736702442169
0.5137939453125
0.5779001712799072
0.6444395184516907
0.7130369544029236
0.783301591873169
0.8548280596733093
0.927201509475708
1.0
1.072798490524292
1.1451719999313354
1.216698408126831
1.2869631052017212
1.355560541152954
1.4220998287200928
1.4862060546875
1.5475263595581055
1.6057307720184326
1.6605206727981567
1.7116289138793945
1.7588310241699219
1.801946997642517
1.84086012840271
1.875522255897522
1.906000018119812
1.9324952363967896
1.955540657043457
1.976049780845642
1.9969173669815063
0.0
0.003082666313275695
0.012311659753322601
0.02763007953763008
0.04894348233938217
0.07612046599388123
0.10899347811937332
0.14735983312129974
0.19098301231861115
0.23959402740001678
0.2928932309150696
0.350551962852478
0.4122147560119629
0.47750142216682434
0.5460094809532166
0.6173165440559387
0.69098299741745
0.7665546536445618
0.8435655236244202
0.9215409159660339
1.0
1.0784591436386108
1.156434416770935
1.233445405960083
1.3090169429779053
1.3826833963394165
1.4539904594421387
1.522498607635498
1.587785243988037
1.649448037147522
1.7071068286895752
1.7604060173034668
1.8090169429779053
1.852640151977539
1.8910064697265625
1.9238795042037964
1.9510564804077148
1.972369909286499
1.9876883029937744
1.9969173669815063
2.0
