2.0
1.9969173669815063
1.9876883029937744
1.972369909286499
1.9510564804077148
1.9238795042037964
1.8910064697265625
1.852640151977539
1.8090169429779053
1.7604060173034668
1.7071068286895752
1.649448037147522
1.587785243988037
1.522498607635498
1.4539904594421387
1.3826833963394165
1.3090169429779053
1.233445405960083
1.156434416770935
1.0784591436386108
1.0
0.9215409159660339
0.8435655236244202
0.7665546536445618
0.69098299741745
0.6173165440559387
0.5460094809532166
0.47750142216682434
0.4122147560119629
0.350551962852478
0.2928932309150696
0.23959402740001678
0.19098301231861115
0.14735983312129974
0.10899347811937332
0.07612046599388123
0.04894348233938217
0.02763007953763008
0.012311659753322601
0.003082666313275695
0.0
1.9969173669815063
1.9760608673095703
1.9555586576461792
1.9325180053710938
1.906026005744934
1.8755502700805664
1.84088933467865
1.8019766807556152
1.758860468864441
1.7116575241088867
1.6605480909347534
1.6057565212249756
1.547550082206726
1.4862275123596191
1.4221186637878418
1.355576515197754
1.2869760990142822
1.2167083024978638
1.1451786756515503
1.0728018283843994
1.0
0.9271981716156006
0.8548213839530945
0.7832916975021362
0.7130239009857178
0.6444234848022461
0.5778813362121582
0.5137725472450256
0.4524499475955963
0.394243448972702
0.3394518494606018
0.2883424460887909
0.24113953113555908
0.19802331924438477
0.1591106355190277
0.1244497001171112
0.09397396445274353
0.06748197972774506
0.044441331177949905
0.02393917553126812
0.003082666313275695
1.9876883029937744
1.9555586576461792
1.9257853031158447
1.8960462808609009
1.864823818206787
1.8312599658966064
1.794867753982544
1.7553681135177612
1.7126444578170776
1.6666793823242188
1.6175422668457031
1.5653622150421143
1.5103228092193604
1.45264732837677
1.3925963640213013
1.3304579257965088
1.2665454149246216
1.2011903524398804
1.134740948677063
1.06755530834198
1.0
0.9324446320533752
0.8652591109275818
0.7988095879554749
0.7334546446800232
0.6695420742034912
0.607403576374054
0.54735267162323
0.48967716097831726
0.43463778495788574
0.3824576735496521
0.333320677280426
0.2873555123806
0.24463191628456116
0.20513229072093964
0.16873997449874878
0.1351761370897293
0.10395374149084091
0.07421473413705826
0.044441331177949905
0.012311659753322601
1.972369909286499
1.9325180053710938
1.8960462808609009
1.8609609603881836
1.8258329629898071
1.7896599769592285
1.7518035173416138
1.7118395566940308
1.6695269346237183
1.6247390508651733
1.5774520635604858
1.5277107954025269
1.475624680519104
1.421348214149475
1.3650786876678467
1.3070439100265503
1.2475003004074097
1.1867244243621826
1.12501060962677
1.062664270401001
1.0
0.937335729598999
0.8749894499778748
0.8132755160331726
0.7524996399879456
0.6929560899734497
0.6349213719367981
0.5786518454551697
0.5243753790855408
0.47228923439979553
0.42254799604415894
0.3752609193325043
0.33047306537628174
0.28816044330596924
0.24819648265838623
0.2103399932384491
0.17416700720787048
0.13903899490833282
0.10395374149084091
0.06748197972774506
0.02763007953763008
1.9510564804077148
1.906026005744934
1.864823818206787
1.8258329629898071
1.7877588272094727
1.7496169805526733
1.7107059955596924
1.6705247163772583
1.6287482976913452
1.5851705074310303
1.5396932363510132
1.4922922849655151
1.443013310432434
1.3919508457183838
1.3392455577850342
1.2850712537765503
1.2296326160430908
1.173155426979065
1.1158846616744995
1.0580774545669556
1.0
0.9419226050376892
0.8841153979301453
0.8268446326255798
0.7703673839569092
0.7149286866188049
0.6607544422149658
0.608049213886261
0.5569866895675659
0.5077077150344849
0.4603068232536316
0.41482946276664734
0.3712517023086548
0.3294752836227417
0.28929403424263
0.25038307905197144
0.21224117279052734
0.17416700720787048
0.1351761370897293
0.09397396445274353
0.04894348233938217
1.9238795042037964
1.8755502700805664
1.8312599658966064
1.7896599769592285
1.7496169805526733
1.7102093696594238
1.670737624168396
1.6306705474853516
1.589636206626892
1.5473759174346924
1.503736972808838
1.4586418867111206
1.4120837450027466
1.36410653591156
1.3148021697998047
1.2642970085144043
1.2127491235733032
1.1603392362594604
1.1072676181793213
1.0537470579147339
1.0
0.9462529420852661
0.8927324414253235
0.8396607041358948
0.787250816822052
0.7357030510902405
0.6851978302001953
0.6358935236930847
0.5879163146018982
0.5413581132888794
0.49626296758651733
0.4526240825653076
0.4103638231754303
0.3693295121192932
0.329262375831604
0.28979068994522095
0.25038307905197144
0.2103399932384491
0.16873997449874878
0.1244497001171112
0.07612046599388123
1.8910064697265625
1.84088933467865
1.794867753982544
1.7518035173416138
1.7107059955596924
1.670737624168396
1.6312307119369507
1.5916560888290405
1.5516222715377808
1.5108407735824585
1.4691221714019775
1.4263497591018677
1.3824759721755981
1.3375036716461182
1.2914838790893555
1.2445019483566284
1.1966758966445923
1.148146152496338
1.099073052406311
1.049630045890808
1.0
0.9503699541091919
0.9009268879890442
0.8518538475036621
0.8033241033554077
0.7554980516433716
0.7085161209106445
0.6624963283538818
0.6175240278244019
0.5736502408981323
0.5308777689933777
0.4891592860221863
0.4483777582645416
0.40834397077560425
0.3687693178653717
0.329262375831604
0.28929403424263
0.24819648265838623
0.20513229072093964
0.1591106355190277
0.10899347811937332
1.852640151977539
1.8019766807556152
1.7553681135177612
1.7118395566940308
1.6705247163772583
1.6306705474853516
1.5916560888290405
1.5529729127883911
1.514229655265808
1.4751251935958862
1.4354486465454102
1.3950567245483398
1.3538719415664673
1.311864972114563
1.2690536975860596
1.225489616394043
1.1812559366226196
1.1364585161209106
1.091222882270813
1.0456874370574951
1.0
0.9543125629425049
0.9087770581245422
0.8635414838790894
0.8187440633773804
0.7745104432106018
0.7309462428092957
0.6881349682807922
0.6461280584335327
0.6049432158470154
0.5645513534545898
0.5248748660087585
0.4857703447341919
0.4470270276069641
0.40834397077560425
0.3693295121192932
0.3294752836227417
0.28816044330596924
0.24463191628456116
0.19802331924438477
0.14735983312129974
1.8090169429779053
1.758860468864441
1.7126444578170776
1.6695269346237183
1.6287482976913452
1.589636206626892
1.5516222715377808
1.514229655265808
1.4770793914794922
1.4398711919784546
1.402384638786316
1.3644604682922363
1.326000690460205
1.286952257156372
1.2473069429397583
1.207088589668274
1.1663520336151123
1.1251734495162964
1.083648443222046
1.0418848991394043
1.0
0.9581151604652405
0.9163515567779541
0.8748265504837036
0.8336479663848877
0.7929113507270813
0.7526930570602417
0.7130477428436279
0.6739993691444397
0.6355394721031189
0.5976153612136841
0.5601287484169006
0.522920548915863
0.4857703447341919
0.4483777582645416
0.4103638231754303
0.3712517023086548
0.33047306537628174
0.2873555123806
0.24113953113555908
0.19098301231861115
1.7604060173034668
1.7116575241088867
1.6666793823242188
1.6247390508651733
1.5851705074310303
1.5473759174346924
1.5108407735824585
1.4751251935958862
1.4398711919784546
1.4047882556915283
1.3696556091308594
1.334307074546814
1.2986319065093994
1.2625608444213867
1.2260662317276
1.189150333404541
1.1518445014953613
1.1142007112503052
1.0762892961502075
1.0381920337677002
1.0
0.9618079662322998
0.9237107634544373
0.88579922914505
0.8481554985046387
0.8108497262001038
0.7739338278770447
0.7374391555786133
0.7013681530952454
0.665692925453186
0.6303443908691406
0.5952116847038269
0.5601287484169006
0.5248748660087585
0.4891592860221863
0.4526240825653076
0.41482946276664734
0.3752609193325043
0.333320677280426
0.2883424460887909
0.23959402740001678
1.7071068286895752
1.6605480909347534
1.6175422668457031
1.5774520635604858
1.5396932363510132
1.503736972808838
1.4691221714019775
1.4354486465454102
1.402384638786316
1.3696556091308594
1.3370474576950073
1.304394245147705
1.2715792655944824
1.238523244857788
1.2051846981048584
1.1715501546859741
1.1376324892044067
1.103464126586914
1.0690943002700806
1.034583330154419
1.0
0.965416669845581
0.9309056997299194
0.8965358734130859
0.8623674511909485
0.8284498453140259
0.7948152422904968
0.7614767551422119
0.7284207940101624
0.6956056952476501
0.6629525423049927
0.6303443908691406
0.5976153612136841
0.5645513534545898
0.5308777689933777
0.49626296758651733
0.4603068232536316
0.42254799604415894
0.3824576735496521
0.3394518494606018
0.2928932309150696
1.649448037147522
1.6057565212249756
1.5653622150421143
1.5277107954025269
1.4922922849655151
1.4586418867111206
1.4263497591018677
1.3950567245483398
1.3644604682922363
1.334307074546814
1.304394245147705
1.2745617628097534
1.2446922063827515
1.2147020101547241
1.1845409870147705
1.154184341430664
1.123631477355957
1.092899203300476
1.062020182609558
1.0310369729995728
1.0
0.9689630270004272
0.9379798173904419
0.9071007370948792
0.876368522644043
0.8458156585693359
0.8154590129852295
0.7852980494499207
0.7553078532218933
0.7254382967948914
0.6956056952476501
0.665692925453186
0.6355394721031189
0.6049432158470154
0.5736502408981323
0.5413581132888794
0.5077077150344849
0.47228923439979553
0.43463778495788574
0.394243448972702
0.350551962852478
1.587785243988037
1.547550082206726
1.5103228092193604
1.475624680519104
1.443013310432434
1.4120837450027466
1.3824759721755981
1.3538719415664673
1.326000690460205
1.2986319065093994
1.2715792655944824
1.2446922063827515
1.2178575992584229
1.1909915208816528
1.1640398502349854
1.1369706392288208
1.1097736358642578
1.0824542045593262
1.0550317764282227
1.0275352001190186
1.0
0.9724647998809814
0.9449681639671326
0.9175458550453186
0.890226423740387
0.8630293607711792
0.8359601497650146
0.8090084195137024
0.7821424603462219
0.7553078532218933
0.7284207940101624
0.7013681530952454
0.6739993691444397
0.6461280584335327
0.6175240278244019
0.5879163146018982
0.5569866895675659
0.5243753790855408
0.48967716097831726
0.4524499475955963
0.4122147560119629
1.522498607635498
1.4862275123596191
1.45264732837677
1.421348214149475
1.3919508457183838
1.36410653591156
1.3375036716461182
1.311864972114563
1.286952257156372
1.2625608444213867
1.238523244857788
1.2147020101547241
1.1909915208816528
1.167311668395996
1.14360773563385
1.1198441982269287
1.0960049629211426
1.0720871686935425
1.0481008291244507
1.0240638256072998
1.0
0.9759361743927002
0.9518991112709045
0.9279127717018127
0.9039950370788574
0.8801558017730713
0.8563923239707947
0.8326882719993591
0.8090084195137024
0.7852980494499207
0.7614767551422119
0.7374391555786133
0.7130477428436279
0.6881349682807922
0.6624963283538818
0.6358935236930847
0.608049213886261
0.5786518454551697
0.54735267162323
0.5137725472450256
0.47750142216682434
1.4539904594421387
1.4221186637878418
1.3925963640213013
1.3650786876678467
1.3392455577850342
1.3148021697998047
1.2914838790893555
1.2690536975860596
1.2473069429397583
1.2260662317276
1.2051846981048584
1.1845409870147705
1.1640398502349854
1.14360773563385
1.123192310333252
1.1027580499649048
1.0822855234146118
1.0617672204971313
1.041205883026123
1.0206117630004883
1.0
0.9793882369995117
0.9587940573692322
0.9382328391075134
0.9177144169807434
0.8972419500350952
0.8768077492713928
0.8563923239707947
0.8359601497650146
0.8154590129852295
0.7948152422904968
0.7739338278770447
0.7526930570602417
0.7309462428092957
0.7085161209106445
0.6851978302001953
0.6607544422149658
0.6349213719367981
0.607403576374054
0.5778813362121582
0.5460094809532166
1.3826833963394165
1.355576515197754
1.3304579257965088
1.3070439100265503
1.2850712537765503
1.2642970085144043
1.2445019483566284
1.225489616394043
1.207088589668274
1.189150333404541
1.1715501546859741
1.154184341430664
1.1369706392288208
1.1198441982269287
1.1027580499649048
1.0856786966323853
1.0685864686965942
1.0514708757400513
1.0343308448791504
1.0171709060668945
1.0
0.9828290939331055
0.9656691551208496
0.9485291242599487
0.9314135909080505
0.91432124376297
0.8972419500350952
0.8801558017730713
0.8630293607711792
0.8458156585693359
0.8284498453140259
0.8108497262001038
0.7929113507270813
0.7745104432106018
0.7554980516433716
0.7357030510902405
0.7149286866188049
0.6929560899734497
0.6695420742034912
0.6444234848022461
0.6173165440559387
1.3090169429779053
1.2869760990142822
1.2665454149246216
1.2475003004074097
1.2296326160430908
1.2127491235733032
1.1966758966445923
1.1812559366226196
1.1663520336151123
1.1518445014953613
1.1376324892044067
1.123631477355957
1.1097736358642578
1.0960049629211426
1.0822855234146118
1.0685864686965942
1.0548890829086304
1.0411831140518188
1.0274648666381836
1.0137355327606201
1.0
0.9862644076347351
0.9725351333618164
0.9588168859481812
0.9451108574867249
0.9314135909080505
0.9177144169807434
0.9039950370788574
0.890226423740387
0.876368522644043
0.8623674511909485
0.8481554985046387
0.8336479663848877
0.8187440633773804
0.8033241033554077
0.787250816822052
0.7703673839569092
0.7524996399879456
0.7334546446800232
0.7130239009857178
0.69098299741745
1.233445405960083
1.2167083024978638
1.2011903524398804
1.1867244243621826
1.173155426979065
1.1603392362594604
1.148146152496338
1.1364585161209106
1.1251734495162964
1.1142007112503052
1.103464126586914
1.092899203300476
1.0824542045593262
1.0720871686935425
1.0617672204971313
1.0514708757400513
1.0411831140518188
1.0308945178985596
1.0206010341644287
1.010302186012268
1.0
0.9896978139877319
0.9793989658355713
0.9691054821014404
0.9588168859481812
0.9485291242599487
0.9382328391075134
0.9279127717018127
0.9175458550453186
0.9071007370948792
0.8965358734130859
0.88579922914505
0.8748265504837036
0.8635414838790894
0.8518538475036621
0.8396607041358948
0.8268446326255798
0.8132755160331726
0.7988095879554749
0.7832916975021362
0.7665546536445618
1.156434416770935
1.1451786756515503
1.134740948677063
1.12501060962677
1.1158846616744995
1.1072676181793213
1.099073052406311
1.091222882270813
1.083648443222046
1.0762892961502075
1.0690943002700806
1.062020182609558
1.0550317764282227
1.0481008291244507
1.041205883026123
1.0343308448791504
1.0274648666381836
1.0206010341644287
1.0137360095977783
1.0068687200546265
1.0
0.9931312203407288
0.9862639904022217
0.9793989658355713
0.9725351333618164
0.9656691551208496
0.9587940573692322
0.9518991112709045
0.9449681639671326
0.9379798173904419
0.9309056997299194
0.9237107634544373
0.9163515567779541
0.9087770581245422
0.9009268879890442
0.8927324414253235
0.8841153979301453
0.8749894499778748
0.8652591109275818
0.8548213839530945
0.8435655236244202
1.0784591436386108
1.0728018283843994
1.06755530834198
1.062664270401001
1.0580774545669556
1.0537470579147339
1.049630045890808
1.0456874370574951
1.0418848991394043
1.0381920337677002
1.034583330154419
1.0310369729995728
1.0275352001190186
1.0240638256072998
1.0206117630004883
1.0171709060668945
1.0137355327606201
1.010302186012268
1.0068687200546265
1.003434658050537
1.0
0.9965653419494629
0.9931312203407288
0.9896978139877319
0.9862644076347351
0.9828290939331055
0.9793882369995117
0.9759361743927002
0.9724647998809814
0.9689630270004272
0.965416669845581
0.9618079662322998
0.9581151604652405
0.9543125629425049
0.9503699541091919
0.9462529420852661
0.9419226050376892
0.937335729598999
0.9324446320533752
0.9271981716156006
0.9215409159660339
1.0
1.0
1.0
1.0
1.0
1.0
1.0
1.0
1.0
1.0
1.0
1.0
1.0
1.0
1.0
1.0
1.0
1.0
1.0
1.0
1.0
1.0
1.0
1.0
1.0
1.0
1.0
1.0
1.0
1.0
1.0
1.0
1.0
1.0
1.0
1.0
1.0
1.0
1.0
1.0
1.0
0.9215409159660339
0.9271981716156006
0.9324446320533752
0.937335729598999
0.9419226050376892
0.9462529420852661
0.9503699541091919
0.9543125629425049
0.9581151604652405
0.9618079662322998
0.965416669845581
0.9689630270004272
0.9724647998809814
0.9759361743927002
0.9793882369995117
0.9828290939331055
0.9862644076347351
0.9896978139877319
0.9931312203407288
0.9965653419494629
1.0
1.003434658050537
1.0068687200546265
1.010302186012268
1.0137355327606201
1.0171709060668945
1.0206117630004883
1.0240638256072998
1.0275352001190186
1.0310369729995728
1.034583330154419
1.0381920337677002
1.0418848991394043
1.0456874370574951
1.049630045890808
1.0537470579147339
1.0580774545669556
1.062664270401001
1.06755530834198
1.0728018283843994
1.0784591436386108
0.8435655236244202
0.8548213839530945
0.8652591109275818
0.8749894499778748
0.8841153979301453
0.8927324414253235
0.9009268879890442
0.9087770581245422
0.9163515567779541
0.9237107634544373
0.9309056997299194
0.9379798173904419
0.9449681639671326
0.9518991112709045
0.9587940573692322
0.9656691551208496
0.9725351333618164
0.9793989658355713
0.9862639904022217
0.9931312203407288
1.0
1.0068687200546265
1.0137360095977783
1.0206010341644287
1.0274648666381836
1.0343308448791504
1.041205883026123
1.0481008291244507
1.0550317764282227
1.062020182609558
1.0690943002700806
1.0762892961502075
1.083648443222046
1.091222882270813
1.099073052406311
1.1072676181793213
1.1158846616744995
1.12501060962677
1.134740948677063
1.1451786756515503
1.156434416770935
0.7665546536445618
0.7832916975021362
0.7988095879554749
0.8132755160331726
0.8268446326255798
0.8396607041358948
0.8518538475036621
0.8635414838790894
0.8748265504837036
0.88579922914505
0.8965358734130859
0.9071007370948792
0.9175458550453186
0.9279127717018127
0.9382328391075134
0.9485291242599487
0.9588168859481812
0.9691054821014404
0.9793989658355713
0.9896978139877319
1.0
1.010302186012268
1.0206010341644287
1.0308945178985596
1.0411831140518188
1.0514708757400513
1.0617672204971313
1.0720871686935425
1.0824542045593262
1.092899203300476
1.103464126586914
1.1142007112503052
1.1251734495162964
1.1364585161209106
1.148146152496338
1.1603392362594604
1.173155426979065
1.1867244243621826
1.2011903524398804
1.2167083024978638
1.233445405960083
0.69098299741745
0.7130239009857178
0.7334546446800232
0.7524996399879456
0.7703673839569092
0.787250816822052
0.8033241033554077
0.8187440633773804
0.8336479663848877
0.8481554985046387
0.8623674511909485
0.876368522644043
0.890226423740387
0.9039950370788574
0.9177144169807434
0.9314135909080505
0.9451108574867249
0.9588168859481812
0.9725351333618164
0.9862644076347351
1.0
1.0137355327606201
1.0274648666381836
1.0411831140518188
1.0548890829086304
1.0685864686965942
1.0822855234146118
1.0960049629211426
1.1097736358642578
1.123631477355957
1.1376324892044067
1.1518445014953613
1.1663520336151123
1.1812559366226196
1.1966758966445923
1.2127491235733032
1.2296326160430908
1.2475003004074097
1.2665454149246216
1.2869760990142822
1.3090169429779053
0.6173165440559387
0.6444234848022461
0.6695420742034912
0.6929560899734497
0.7149286866188049
0.7357030510902405
0.7554980516433716
0.7745104432106018
0.7929113507270813
0.8108497262001038
0.8284498453140259
0.8458156585693359
0.8630293607711792
0.8801558017730713
0.8972419500350952
0.91432124376297
0.9314135909080505
0.9485291242599487
0.9656691551208496
0.9828290939331055
1.0
1.0171709060668945
1.0343308448791504
1.0514708757400513
1.0685864686965942
1.0856786966323853
1.1027580499649048
1.1198441982269287
1.1369706392288208
1.154184341430664
1.1715501546859741
1.189150333404541
1.207088589668274
1.225489616394043
1.2445019483566284
1.2642970085144043
1.2850712537765503
1.3070439100265503
1.3304579257965088
1.355576515197754
1.3826833963394165
0.5460094809532166
0.5778813362121582
0.607403576374054
0.6349213719367981
0.6607544422149658
0.6851978302001953
0.7085161209106445
0.7309462428092957
0.7526930570602417
0.7739338278770447
0.7948152422904968
0.8154590129852295
0.8359601497650146
0.8563923239707947
0.8768077492713928
0.8972419500350952
0.9177144169807434
0.9382328391075134
0.9587940573692322
0.9793882369995117
1.0
1.0206117630004883
1.041205883026123
1.0617672204971313
1.0822855234146118
1.1027580499649048
1.123192310333252
1.14360773563385
1.1640398502349854
1.1845409870147705
1.2051846981048584
1.2260662317276
1.2473069429397583
1.2690536975860596
1.2914838790893555
1.3148021697998047
1.3392455577850342
1.3650786876678467
1.3925963640213013
1.4221186637878418
1.4539904594421387
0.47750142216682434
0.5137725472450256
0.54735267162323
0.5786518454551697
0.608049213886261
0.6358935236930847
0.6624963283538818
0.6881349682807922
0.7130477428436279
0.7374391555786133
0.7614767551422119
0.7852980494499207
0.8090084195137024
0.8326882719993591
0.8563923239707947
0.8801558017730713
0.9039950370788574
0.9279127717018127
0.9518991112709045
0.9759361743927002
1.0
1.0240638256072998
1.0481008291244507
1.0720871686935425
1.0960049629211426
1.1198441982269287
1.14360773563385
1.167311668395996
1.1909915208816528
1.2147020101547241
1.238523244857788
1.2625608444213867
1.286952257156372
1.311864972114563
1.3375036716461182
1.36410653591156
1.3919508457183838
1.421348214149475
1.45264732837677
1.4862275123596191
1.522498607635498
0.4122147560119629
0.4524499475955963
0.48967716097831726
0.5243753790855408
0.5569866895675659
0.5879163146018982
0.6175240278244019
0.6461280584335327
0.6739993691444397
0.7013681530952454
0.7284207940101624
0.7553078532218933
0.7821424603462219
0.8090084195137024
0.8359601497650146
0.8630293607711792
0.890226423740387
0.9175458550453186
0.9449681639671326
0.9724647998809814
1.0
1.0275352001190186
1.0550317764282227
1.0824542045593262
1.1097736358642578
1.1369706392288208
1.1640398502349854
1.1909915208816528
1.2178575992584229
1.2446922063827515
1.2715792655944824
1.2986319065093994
1.326000690460205
1.3538719415664673
1.3824759721755981
1.4120837450027466
1.443013310432434
1.475624680519104
1.5103228092193604
1.547550082206726
1.587785243988037
0.350551962852478
0.394243448972702
0.43463778495788574
0.47228923439979553
0.5077077150344849
0.5413581132888794
0.5736502408981323
0.6049432158470154
0.6355394721031189
0.665692925453186
0.6956056952476501
0.7254382967948914
0.7553078532218933
0.7852980494499207
0.8154590129852295
0.8458156585693359
0.876368522644043
0.9071007370948792
0.9379798173904419
0.9689630270004272
1.0
1.0310369729995728
1.062020182609558
1.092899203300476
1.123631477355957
1.154184341430664
1.1845409870147705
1.2147020101547241
1.2446922063827515
1.2745617628097534
1.304394245147705
1.334307074546814
1.3644604682922363
1.3950567245483398
1.4263497591018677
1.4586418867111206
1.4922922849655151
1.5277107954025269
1.5653622150421143
1.6057565212249756
1.649448037147522
0.2928932309150696
0.3394518494606018
0.3824576735496521
0.42254799604415894
0.4603068232536316
0.49626296758651733
0.5308777689933777
0.5645513534545898
0.5976153612136841
0.6303443908691406
0.6629525423049927
0.6956056952476501
0.7284207940101624
0.7614767551422119
0.7948152422904968
0.8284498453140259
0.8623674511909485
0.8965358734130859
0.9309056997299194
0.965416669845581
1.0
1.034583330154419
1.0690943002700806
1.103464126586914
1.1376324892044067
1.1715501546859741
1.2051846981048584
1.238523244857788
1.2715792655944824
1.304394245147705
1.3370474576950073
1.3696556091308594
1.402384638786316
1.4354486465454102
1.4691221714019775
1.503736972808838
1.5396932363510132
1.5774520635604858
1.6175422668457031
1.6605480909347534
1.7071068286895752
0.23959402740001678
0.2883424460887909
0.333320677280426
0.3752609193325043
0.41482946276664734
0.4526240825653076
0.4891592860221863
0.5248748660087585
0.5601287484169006
0.5952116847038269
0.6303443908691406
0.665692925453186
0.7013681530952454
0.7374391555786133
0.7739338278770447
0.8108497262001038
0.8481554985046387
0.88579922914505
0.9237107634544373
0.9618079662322998
1.0
1.0381920337677002
1.0762892961502075
1.1142007112503052
1.1518445014953613
1.189150333404541
1.2260662317276
1.2625608444213867
1.2986319065093994
1.334307074546814
1.3696556091308594
1.4047882556915283
1.4398711919784546
1.4751251935958862
1.5108407735824585
1.5473759174346924
1.5851705074310303
1.6247390508651733
1.6666793823242188
1.7116575241088867
1.7604060173034668
0.19098301231861115
0.24113953113555908
0.2873555123806
0.33047306537628174
0.3712517023086548
0.4103638231754303
0.4483777582645416
0.4857703447341919
0.522920548915863
0.5601287484169006
0.5976153612136841
0.6355394721031189
0.6739993691444397
0.7130477428436279
0.7526930570602417
0.7929113507270813
0.8336479663848877
0.8748265504837036
0.9163515567779541
0.9581151604652405
1.0
1.0418848991394043
1.083648443222046
1.1251734495162964
1.1663520336151123
1.207088589668274
1.2473069429397583
1.286952257156372
1.326000690460205
1.3644604682922363
1.402384638786316
1.4398711919784546
1.4770793914794922
1.514229655265808
1.5516222715377808
1.589636206626892
1.6287482976913452
1.6695269346237183
1.7126444578170776
1.758860468864441
1.8090169429779053
0.14735983312129974
0.19802331924438477
0.24463191628456116
0.28816044330596924
0.3294752836227417
0.3693295121192932
0.40834397077560425
0.4470270276069641
0.4857703447341919
0.5248748660087585
0.5645513534545898
0.6049432158470154
0.6461280584335327
0.6881349682807922
0.7309462428092957
0.7745104432106018
0.8187440633773804
0.8635414838790894
0.9087770581245422
0.9543125629425049
1.0
1.0456874370574951
1.091222882270813
1.1364585161209106
1.1812559366226196
1.225489616394043
1.2690536975860596
1.311864972114563
1.3538719415664673
1.3950567245483398
1.4354486465454102
1.4751251935958862
1.514229655265808
1.5529729127883911
1.5916560888290405
1.6306705474853516
1.6705247163772583
1.7118395566940308
1.7553681135177612
1.8019766807556152
1.852640151977539
0.10899347811937332
0.1591106355190277
0.20513229072093964
0.24819648265838623
0.28929403424263
0.329262375831604
0.3687693178653717
0.40834397077560425
0.4483777582645416
0.4891592860221863
0.5308777689933777
0.5736502408981323
0.6175240278244019
0.6624963283538818
0.7085161209106445
0.7554980516433716
0.8033241033554077
0.8518538475036621
0.9009268879890442
0.9503699541091919
1.0
1.049630045890808
1.099073052406311
1.148146152496338
1.1966758966445923
1.2445019483566284
1.2914838790893555
1.3375036716461182
1.3824759721755981
1.4263497591018677
1.4691221714019775
1.5108407735824585
1.5516222715377808
1.5916560888290405
1.6312307119369507
1.670737624168396
1.7107059955596924
1.7518035173416138
1.794867753982544
1.84088933467865
1.8910064697265625
0.07612046599388123
0.1244497001171112
0.16873997449874878
0.2103399932384491
0.25038307905197144
0.28979068994522095
0.329262375831604
0.3693295121192932
0.4103638231754303
0.4526240825653076
0.49626296758651733
0.5413581132888794
0.5879163146018982
0.6358935236930847
0.6851978302001953
0.7357030510902405
0.787250816822052
0.8396607041358948
0.8927324414253235
0.9462529420852661
1.0
1.0537470579147339
1.1072676181793213
1.1603392362594604
1.2127491235733032
1.2642970085144043
1.3148021697998047
1.36410653591156
1.4120837450027466
1.4586418867111206
1.503736972808838
1.5473759174346924
1.589636206626892
1.6306705474853516
1.670737624168396
1.7102093696594238
1.7496169805526733
1.7896599769592285
1.8312599658966064
1.8755502700805664
1.9238795042037964
0.04894348233938217
0.09397396445274353
0.1351761370897293
0.17416700720787048
0.21224117279052734
0.25038307905197144
0.28929403424263
0.3294752836227417
0.3712517023086548
0.41482946276664734
0.4603068232536316
0.5077077150344849
0.5569866895675659
0.608049213886261
0.6607544422149658
0.7149286866188049
0.7703673839569092
0.8268446326255798
0.8841153979301453
0.9419226050376892
1.0
1.0580774545669556
1.1158846616744995
1.173155426979065
1.2296326160430908
1.2850712537765503
1.3392455577850342
1.3919508457183838
1.443013310432434
1.4922922849655151
1.5396932363510132
1.5851705074310303
1.6287482976913452
1.6705247163772583
1.7107059955596924
1.7496169805526733
1.7877588272094727
1.8258329629898071
1.864823818206787
1.906026005744934
1.9510564804077148
0.02763007953763008
0.06748197972774506
0.10395374149084091
0.13903899490833282
0.17416700720787048
0.2103399932384491
0.24819648265838623
0.28816044330596924
0.33047306537628174
0.3752609193325043
0.42254799604415894
0.47228923439979553
0.5243753790855408
0.5786518454551697
0.6349213719367981
0.6929560899734497
0.7524996399879456
0.8132755160331726
0.8749894499778748
0.937335729598999
1.0
1.062664270401001
1.12501060962677
1.1867244243621826
1.2475003004074097
1.3070439100265503
1.3650786876678467
1.421348214149475
1.475624680519104
1.5277107954025269
1.5774520635604858
1.6247390508651733
1.6695269346237183
1.7118395566940308
1.7518035173416138
1.7896599769592285
1.8258329629898071
1.8609609603881836
1.8960462808609009
1.9325180053710938
1.972369909286499
0.012311659753322601
0.044441331177949905
0.07421473413705826
0.10395374149084091
0.1351761370897293
0.16873997449874878
0.20513229072093964
0.24463191628456116
0.2873555123806
0.333320677280426
0.3824576735496521
0.43463778495788574
0.48967716097831726
0.54735267162323
0.607403576374054
0.6695420742034912
0.7334546446800232
0.7988095879554749
0.8652591109275818
0.9324446320533752
1.0
1.06755530834198
1.134740948677063
1.2011903524398804
1.2665454149246216
1.3304579257965088
1.3925963640213013
1.45264732837677
1.5103228092193604
1.5653622150421143
1.6175422668457031
1.6666793823242188
1.7126444578170776
1.7553681135177612
1.794867753982544
1.8312599658966064
1.864823818206787
1.8960462808609009
1.9257853031158447
1.9555586576461792
1.9876883029937744
0.003082666313275695
0.02393917553126812
0.044441331177949905
0.06748197972774506
0.09397396445274353
0.1244497001171112
0.1591106355190277
0.19802331924438477
0.24113953113555908
0.2883424460887909
0.3394518494606018
0.394243448972702
0.4524499475955963
0.5137725472450256
0.5778813362121582
0.6444234848022461
0.7130239009857178
0.7832916975021362
0.8548213839530945
0.9271981716156006
1.0
1.0728018283843994
1.1451786756515503
1.2167083024978638
1.2869760990142822
1.355576515197754
1.4221186637878418
1.4862275123596191
1.547550082206726
1.6057565212249756
1.6605480909347534
1.7116575241088867
1.758860468864441
1.8019766807556152
1.84088933467865
1.8755502700805664
1.906026005744934
1.9325180053710938
1.9555586576461792
1.9760608673095703
1.9969173669815063
0.0
0.003082666313275695
0.012311659753322601
0.02763007953763008
0.04894348233938217
0.07612046599388123
0.10899347811937332
0.14735983312129974
0.19098301231861115
0.23959402740001678
0.2928932309150696
0.350551962852478
0.4122147560119629
0.47750142216682434
0.5460094809532166
0.6173165440559387
0.69098299741745
0.7665546536445618
0.8435655236244202
0.9215409159660339
1.0
1.0784591436386108
1.156434416770935
1.233445405960083
1.3090169429779053
1.3826833963394165
1.4539904594421387
1.522498607635498
1.587785243988037
1.649448037147522
1.7071068286895752
1.7604060173034668
1.8090169429779053
1.852640151977539
1.8910064697265625
1.9238795042037964
1.9510564804077148
1.972369909286499
1.9876883029937744
1.9969173669815063
2.0
