2.0
1.9969173669815063
1.9876883029937744
1.972369909286499
1.9510564804077148
1.9238795042037964
1.8910064697265625
1.852640151977539
1.8090169429779053
1.7604060173034668
1.7071068286895752
1.649448037147522
1.587785243988037
1.522498607635498
1.4539904594421387
1.3826833963394165
1.3090169429779053
1.233445405960083
1.156434416770935
1.0784591436386108
1.0
0.9215409159660339
0.8435655236244202
0.7665546536445618
0.69098299741745
0.6173165440559387
0.5460094809532166
0.47750142216682434
0.4122147560119629
0.350551962852478
0.2928932309150696
0.23959402740001678
0.19098301231861115
0.14735983312129974
0.10899347811937332
0.07612046599388123
0.04894348233938217
0.02763007953763008
0.012311659753322601
0.003082666313275695
0.0
1.9969173669815063
1.97607421875
1.955580472946167
1.9325456619262695
1.906057596206665
1.8755844831466675
1.8409249782562256
1.8020128011703491
1.7588962316513062
1.711692452430725
1.6605814695358276
1.6057878732681274
1.5475789308547974
1.4862534999847412
1.4221415519714355
1.3555959463119507
1.2869919538497925
1.2167203426361084
1.1451866626739502
1.0728058815002441
1.0
0.9271940588951111
0.854813277721405
0.7832796573638916
0.7130081057548523
0.6444039940834045
0.5778584480285645
0.5137465000152588
0.45242106914520264
0.39421212673187256
0.33941853046417236
0.2883076071739197
0.24110373854637146
0.19798724353313446
0.1590750515460968
0.12441554665565491
0.09394235163927078
0.06745430082082748
0.04441948980093002
0.023925820365548134
0.003082666313275695
1.9876883029937744
1.955580472946167
1.9258226156234741
1.896094560623169
1.864879846572876
1.8313210010528564
1.7949316501617432
1.755433201789856
1.7127094268798828
1.6667426824569702
1.617603063583374
1.565419316291809
1.5103756189346313
1.4526950120925903
1.3926383256912231
1.3304935693740845
1.2665743827819824
1.2012124061584473
1.1347557306289673
1.0675628185272217
1.0
0.9324371814727783
0.8652442693710327
0.798787534236908
0.7334256172180176
0.6695063710212708
0.6073616743087769
0.5473050475120544
0.4896244406700134
0.43458065390586853
0.38239696621894836
0.3332573175430298
0.2872906029224396
0.24456675350666046
0.20506833493709564
0.16867896914482117
0.13512016832828522
0.10390541702508926
0.07417737692594528
0.04441948980093002
0.012311659753322601
1.972369909286499
1.9325456619262695
1.896094560623169
1.8610244989395142
1.8259073495864868
1.7897416353225708
1.7518895864486694
1.7119276523590088
1.6696149110794067
1.6248252391815186
1.5775346755981445
1.527788758277893
1.4756966829299927
1.4214133024215698
1.3651360273361206
1.3070927858352661
1.2475401163101196
1.1867547035217285
1.1250308752059937
1.0626745223999023
1.0
0.9373254776000977
0.8749690651893616
0.8132452964782715
0.7524598836898804
0.6929072141647339
0.6348639726638794
0.5785866975784302
0.5243033170700073
0.4722113013267517
0.4224652945995331
0.37517479062080383
0.33038508892059326
0.2880723774433136
0.24811044335365295
0.2102583646774292
0.17409271001815796
0.13897550106048584
0.10390541702508926
0.06745430082082748
0.02763007953763008
1.9510564804077148
1.906057596206665
1.864879846572876
1.8259073495864868
1.7878464460372925
1.7497137784957886
1.7108086347579956
1.6706300973892212
1.6288539171218872
1.5852742195129395
1.5397928953170776
1.4923864603042603
1.4431004524230957
1.3920296430587769
1.3393150568008423
1.285130500793457
1.2296808958053589
1.173192024230957
1.1159093379974365
1.0580898523330688
1.0
0.9419102072715759
0.8840907216072083
0.8268079161643982
0.7703191637992859
0.7148694396018982
0.6606849431991577
0.6079703569412231
0.5568995475769043
0.5076135396957397
0.4602070748806
0.41472581028938293
0.3711460530757904
0.3293698728084564
0.2891913652420044
0.25028616189956665
0.21215349435806274
0.17409271001815796
0.13512016832828522
0.09394235163927078
0.04894348233938217
1.9238795042037964
1.8755844831466675
1.8313210010528564
1.7897416353225708
1.7497137784957886
1.7103170156478882
1.6708520650863647
1.6307884454727173
1.5897547006607056
1.5474923849105835
1.5038493871688843
1.4587479829788208
1.412182092666626
1.3641955852508545
1.3148807287216187
1.2643640041351318
1.212803840637207
1.1603808403015137
1.1072955131530762
1.0537611246109009
1.0
0.9462388753890991
0.892704427242279
0.8396191596984863
0.7871962189674377
0.7356359958648682
0.6851192712783813
0.6358044147491455
0.5878179669380188
0.5412519574165344
0.4961506724357605
0.4525075852870941
0.4102453291416168
0.3692115545272827
0.32914790511131287
0.2896830439567566
0.25028616189956665
0.2102583646774292
0.16867896914482117
0.12441554665565491
0.07612046599388123
1.8910064697265625
1.8409249782562256
1.7949316501617432
1.7518895864486694
1.7108086347579956
1.6708520650863647
1.6313527822494507
1.5917822122573853
1.551749348640442
1.5109659433364868
1.469243049621582
1.4264642000198364
1.3825820684432983
1.3375998735427856
1.2915687561035156
1.2445744276046753
1.1967350244522095
1.1481910943984985
1.099103331565857
1.0496453046798706
1.0
0.9503546953201294
0.9008966684341431
0.8518089056015015
0.8032649755477905
0.7554255723953247
0.7084312438964844
0.6624001860618591
0.6174179315567017
0.5735358595848083
0.530756950378418
0.48903411626815796
0.4482506811618805
0.40821775794029236
0.36864715814590454
0.32914790511131287
0.2891913652420044
0.24811044335365295
0.20506833493709564
0.1590750515460968
0.10899347811937332
1.852640151977539
1.8020128011703491
1.755433201789856
1.7119276523590088
1.6706300973892212
1.6307884454727173
1.5917822122573853
1.5531036853790283
1.5143615007400513
1.4752552509307861
1.4355744123458862
1.3951759338378906
1.3539825677871704
1.3119653463363647
1.2691423892974854
1.2255653142929077
1.181317687034607
1.1365054845809937
1.0912545919418335
1.045703411102295
1.0
0.9542965888977051
0.9087454080581665
0.8634945154190063
0.8186823129653931
0.7744347453117371
0.7308576107025146
0.6880345940589905
0.6460174918174744
0.6048240661621094
0.5644255876541138
0.5247447490692139
0.48563849925994873
0.44689634442329407
0.40821775794029236
0.3692115545272827
0.3293698728084564
0.2880723774433136
0.24456675350666046
0.19798724353313446
0.14735983312129974
1.8090169429779053
1.7588962316513062
1.7127094268798828
1.6696149110794067
1.6288539171218872
1.5897547006607056
1.551749348640442
1.5143615007400513
1.47721266746521
1.4400029182434082
1.4025120735168457
1.3645813465118408
1.326112985610962
1.287054181098938
1.2473970651626587
1.2071655988693237
1.1664148569107056
1.1252212524414062
1.0836806297302246
1.0419011116027832
1.0
0.9580989480018616
0.9163193702697754
0.874778687953949
0.8335851430892944
0.7928344011306763
0.7526029944419861
0.712945818901062
0.6738870739936829
0.6354185938835144
0.5974879264831543
0.5599971413612366
0.52278733253479
0.48563849925994873
0.4482506811618805
0.4102453291416168
0.3711460530757904
0.33038508892059326
0.2872906029224396
0.24110373854637146
0.19098301231861115
1.7604060173034668
1.711692452430725
1.6667426824569702
1.6248252391815186
1.5852742195129395
1.5474923849105835
1.5109659433364868
1.4752552509307861
1.4400029182434082
1.4049185514450073
1.369781732559204
1.3344268798828125
1.2987432479858398
1.2626620531082153
1.2261556386947632
1.189226746559143
1.151906967163086
1.114248275756836
1.0763212442398071
1.0382081270217896
1.0
0.9617918729782104
0.9236786961555481
0.8857517242431641
0.8480930924415588
0.8107732534408569
0.773844301700592
0.7373379468917847
0.7012567520141602
0.6655731201171875
0.6302182078361511
0.5950814485549927
0.5599971413612366
0.5247447490692139
0.48903411626815796
0.4525075852870941
0.41472581028938293
0.37517479062080383
0.3332573175430298
0.2883076071739197
0.23959402740001678
1.7071068286895752
1.6605814695358276
1.617603063583374
1.5775346755981445
1.5397928953170776
1.5038493871688843
1.469243049621582
1.4355744123458862
1.4025120735168457
1.369781732559204
1.337169885635376
1.3045105934143066
1.271687388420105
1.2386215925216675
1.2052717208862305
1.1716245412826538
1.1376932859420776
1.1035103797912598
1.0691254138946533
1.0345990657806396
1.0
0.9654009938240051
0.9308745265007019
0.8964895606040955
0.8623067140579224
0.8283754587173462
0.7947282791137695
0.7613784670829773
0.728312611579895
0.6954894661903381
0.6628301739692688
0.6302182078361511
0.5974879264831543
0.5644255876541138
0.530756950378418
0.4961506724357605
0.4602070748806
0.4224652945995331
0.38239696621894836
0.33941853046417236
0.2928932309150696
1.649448037147522
1.6057878732681274
1.565419316291809
1.527788758277893
1.4923864603042603
1.4587479829788208
1.4264642000198364
1.3951759338378906
1.3645813465118408
1.3344268798828125
1.3045105934143066
1.274672269821167
1.2447950839996338
1.2147955894470215
1.1846238374710083
1.1542551517486572
1.1236892938613892
1.0929433107376099
1.0620498657226562
1.0310518741607666
1.0
0.9689480662345886
0.9379501342773438
0.9070566892623901
0.8763106465339661
0.845744788646698
0.8153762221336365
0.7852044701576233
0.7552049160003662
0.725327730178833
0.6954894661903381
0.6655731201171875
0.6354185938835144
0.6048240661621094
0.5735358595848083
0.5412519574165344
0.5076135396957397
0.4722113013267517
0.43458065390586853
0.39421212673187256
0.350551962852478
1.587785243988037
1.5475789308547974
1.5103756189346313
1.4756966829299927
1.4431004524230957
1.412182092666626
1.3825820684432983
1.3539825677871704
1.326112985610962
1.2987432479858398
1.271687388420105
1.2447950839996338
1.2179534435272217
1.191078782081604
1.1641170978546143
1.137036681175232
1.1098275184631348
1.0824953317642212
1.055059552192688
1.027549147605896
1.0
0.9724507927894592
0.944940447807312
0.9175047278404236
0.8901724219322205
0.8629633188247681
0.8358829021453857
0.808921217918396
0.7820466160774231
0.7552049160003662
0.728312611579895
0.7012567520141602
0.6738870739936829
0.6460174918174744
0.6174179315567017
0.5878179669380188
0.5568995475769043
0.5243033170700073
0.4896244406700134
0.45242106914520264
0.4122147560119629
1.522498607635498
1.4862534999847412
1.4526950120925903
1.4214133024215698
1.3920296430587769
1.3641955852508545
1.3375998735427856
1.3119653463363647
1.287054181098938
1.2626620531082153
1.2386215925216675
1.2147955894470215
1.191078782081604
1.167391061782837
1.1436779499053955
1.1199043989181519
1.0960540771484375
1.072124719619751
1.0481261014938354
1.0240764617919922
1.0
0.975923478603363
0.9518738389015198
0.9278753399848938
0.9039459228515625
0.8800956606864929
0.8563219904899597
0.8326089382171631
0.808921217918396
0.7852044701576233
0.7613784670829773
0.7373379468917847
0.712945818901062
0.6880345940589905
0.6624001860618591
0.6358044147491455
0.6079703569412231
0.5785866975784302
0.5473050475120544
0.5137465000152588
0.47750142216682434
1.4539904594421387
1.4221415519714355
1.3926383256912231
1.3651360273361206
1.3393150568008423
1.3148807287216187
1.2915687561035156
1.2691423892974854
1.2473970651626587
1.2261556386947632
1.2052717208862305
1.1846238374710083
1.1641170978546143
1.1436779499053955
1.1232545375823975
1.102811336517334
1.0823291540145874
1.0618003606796265
1.0412282943725586
1.0206230878829956
1.0
0.9793769717216492
0.9587717056274414
0.9381996393203735
0.9176709055900574
0.897188663482666
0.8767454624176025
0.8563219904899597
0.8358829021453857
0.8153762221336365
0.7947282791137695
0.773844301700592
0.7526029944419861
0.7308576107025146
0.7084312438964844
0.6851192712783813
0.6606849431991577
0.6348639726638794
0.6073616743087769
0.5778584480285645
0.5460094809532166
1.3826833963394165
1.3555959463119507
1.3304935693740845
1.3070927858352661
1.285130500793457
1.2643640041351318
1.2445744276046753
1.2255653142929077
1.2071655988693237
1.189226746559143
1.1716245412826538
1.1542551517486572
1.137036681175232
1.1199043989181519
1.102811336517334
1.0857243537902832
1.0686237812042236
1.051499366760254
1.034350037574768
1.0171805620193481
1.0
0.9828194379806519
0.9656499624252319
0.9485006928443909
0.9313762784004211
0.914275586605072
0.897188663482666
0.8800956606864929
0.8629633188247681
0.845744788646698
0.8283754587173462
0.8107732534408569
0.7928344011306763
0.7744347453117371
0.7554255723953247
0.7356359958648682
0.7148694396018982
0.6929072141647339
0.6695063710212708
0.6444039940834045
0.6173165440559387
1.3090169429779053
1.2869919538497925
1.2665743827819824
1.2475401163101196
1.2296808958053589
1.212803840637207
1.1967350244522095
1.181317687034607
1.1664148569107056
1.151906967163086
1.1376932859420776
1.1236892938613892
1.1098275184631348
1.0960540771484375
1.0823291540145874
1.0686237812042236
1.0549196004867554
1.0412063598632812
1.0274804830551147
1.01374351978302
1.0
0.9862565398216248
0.9725194573402405
0.9587936401367188
0.9450803995132446
0.9313762784004211
0.9176709055900574
0.9039459228515625
0.8901724219322205
0.8763106465339661
0.8623067140579224
0.8480930924415588
0.8335851430892944
0.8186823129653931
0.8032649755477905
0.7871962189674377
0.7703191637992859
0.7524598836898804
0.7334256172180176
0.7130081057548523
0.69098299741745
1.233445405960083
1.2167203426361084
1.2012124061584473
1.1867547035217285
1.173192024230957
1.1603808403015137
1.1481910943984985
1.1365054845809937
1.1252212524414062
1.114248275756836
1.1035103797912598
1.0929433107376099
1.0824953317642212
1.072124719619751
1.0618003606796265
1.051499366760254
1.0412063598632812
1.0309122800827026
1.0206129550933838
1.0103081464767456
1.0
0.9896917939186096
0.9793869853019714
0.9690877795219421
0.9587936401367188
0.9485006928443909
0.9381996393203735
0.9278753399848938
0.9175047278404236
0.9070566892623901
0.8964895606040955
0.8857517242431641
0.874778687953949
0.8634945154190063
0.8518089056015015
0.8396191596984863
0.8268079161643982
0.8132452964782715
0.798787534236908
0.7832796573638916
0.7665546536445618
1.156434416770935
1.1451866626739502
1.1347557306289673
1.1250308752059937
1.1159093379974365
1.1072955131530762
1.099103331565857
1.0912545919418335
1.0836806297302246
1.0763212442398071
1.0691254138946533
1.0620498657226562
1.055059552192688
1.0481261014938354
1.0412282943725586
1.034350037574768
1.0274804830551147
1.0206129550933838
1.0137441158294678
1.0068727731704712
1.0
0.993127167224884
0.9862558841705322
0.9793869853019714
0.9725194573402405
0.9656499624252319
0.9587717056274414
0.9518738389015198
0.944940447807312
0.9379501342773438
0.9308745265007019
0.9236786961555481
0.9163193702697754
0.9087454080581665
0.9008966684341431
0.892704427242279
0.8840907216072083
0.8749690651893616
0.8652442693710327
0.854813277721405
0.8435655236244202
1.0784591436386108
1.0728058815002441
1.0675628185272217
1.0626745223999023
1.0580898523330688
1.0537611246109009
1.0496453046798706
1.045703411102295
1.0419011116027832
1.0382081270217896
1.0345990657806396
1.0310518741607666
1.027549147605896
1.0240764617919922
1.0206230878829956
1.0171805620193481
1.01374351978302
1.0103081464767456
1.0068727731704712
1.0034366846084595
1.0
0.9965633153915405
0.993127167224884
0.9896917939186096
0.9862565398216248
0.9828194379806519
0.9793769717216492
0.975923478603363
0.9724507927894592
0.9689480662345886
0.9654009938240051
0.9617918729782104
0.9580989480018616
0.9542965888977051
0.9503546953201294
0.9462388753890991
0.9419102072715759
0.9373254776000977
0.9324371814727783
0.9271940588951111
0.9215409159660339
1.0
1.0
1.0
1.0
1.0
1.0
1.0
1.0
1.0
1.0
1.0
1.0
1.0
1.0
1.0
1.0
1.0
1.0
1.0
1.0
1.0
1.0
1.0
1.0
1.0
1.0
1.0
1.0
1.0
1.0
1.0
1.0
1.0
1.0
1.0
1.0
1.0
1.0
1.0
1.0
1.0
0.9215409159660339
0.9271940588951111
0.9324371814727783
0.9373254776000977
0.9419102072715759
0.9462388753890991
0.9503546953201294
0.9542965888977051
0.9580989480018616
0.9617918729782104
0.9654009938240051
0.9689480662345886
0.9724507927894592
0.975923478603363
0.9793769717216492
0.9828194379806519
0.9862565398216248
0.9896917939186096
0.993127167224884
0.9965633153915405
1.0
1.0034366846084595
1.0068727731704712
1.0103081464767456
1.01374351978302
1.0171805620193481
1.0206230878829956
1.0240764617919922
1.027549147605896
1.0310518741607666
1.0345990657806396
1.0382081270217896
1.0419011116027832
1.045703411102295
1.0496453046798706
1.0537611246109009
1.0580898523330688
1.0626745223999023
1.0675628185272217
1.0728058815002441
1.0784591436386108
0.8435655236244202
0.854813277721405
0.8652442693710327
0.8749690651893616
0.8840907216072083
0.892704427242279
0.9008966684341431
0.9087454080581665
0.9163193702697754
0.9236786961555481
0.9308745265007019
0.9379501342773438
0.944940447807312
0.9518738389015198
0.9587717056274414
0.9656499624252319
0.9725194573402405
0.9793869853019714
0.9862558841705322
0.993127167224884
1.0
1.0068727731704712
1.0137441158294678
1.0206129550933838
1.0274804830551147
1.034350037574768
1.0412282943725586
1.0481261014938354
1.055059552192688
1.0620498657226562
1.0691254138946533
1.0763212442398071
1.0836806297302246
1.0912545919418335
1.099103331565857
1.1072955131530762
1.1159093379974365
1.1250308752059937
1.1347557306289673
1.1451866626739502
1.156434416770935
0.7665546536445618
0.7832796573638916
0.798787534236908
0.8132452964782715
0.8268079161643982
0.8396191596984863
0.8518089056015015
0.8634945154190063
0.874778687953949
0.8857517242431641
0.8964895606040955
0.9070566892623901
0.9175047278404236
0.9278753399848938
0.9381996393203735
0.9485006928443909
0.9587936401367188
0.9690877795219421
0.9793869853019714
0.9896917939186096
1.0
1.0103081464767456
1.0206129550933838
1.0309122800827026
1.0412063598632812
1.051499366760254
1.0618003606796265
1.072124719619751
1.0824953317642212
1.0929433107376099
1.1035103797912598
1.114248275756836
1.1252212524414062
1.1365054845809937
1.1481910943984985
1.1603808403015137
1.173192024230957
1.1867547035217285
1.2012124061584473
1.2167203426361084
1.233445405960083
0.69098299741745
0.7130081057548523
0.7334256172180176
0.7524598836898804
0.7703191637992859
0.7871962189674377
0.8032649755477905
0.8186823129653931
0.8335851430892944
0.8480930924415588
0.8623067140579224
0.8763106465339661
0.8901724219322205
0.9039459228515625
0.9176709055900574
0.9313762784004211
0.9450803995132446
0.9587936401367188
0.9725194573402405
0.9862565398216248
1.0
1.01374351978302
1.0274804830551147
1.0412063598632812
1.0549196004867554
1.0686237812042236
1.0823291540145874
1.0960540771484375
1.1098275184631348
1.1236892938613892
1.1376932859420776
1.151906967163086
1.1664148569107056
1.181317687034607
1.1967350244522095
1.212803840637207
1.2296808958053589
1.2475401163101196
1.2665743827819824
1.2869919538497925
1.3090169429779053
0.6173165440559387
0.6444039940834045
0.6695063710212708
0.6929072141647339
0.7148694396018982
0.7356359958648682
0.7554255723953247
0.7744347453117371
0.7928344011306763
0.8107732534408569
0.8283754587173462
0.845744788646698
0.8629633188247681
0.8800956606864929
0.897188663482666
0.914275586605072
0.9313762784004211
0.9485006928443909
0.9656499624252319
0.9828194379806519
1.0
1.0171805620193481
1.034350037574768
1.051499366760254
1.0686237812042236
1.0857243537902832
1.102811336517334
1.1199043989181519
1.137036681175232
1.1542551517486572
1.1716245412826538
1.189226746559143
1.2071655988693237
1.2255653142929077
1.2445744276046753
1.2643640041351318
1.285130500793457
1.3070927858352661
1.3304935693740845
1.3555959463119507
1.3826833963394165
0.5460094809532166
0.5778584480285645
0.6073616743087769
0.6348639726638794
0.6606849431991577
0.6851192712783813
0.7084312438964844
0.7308576107025146
0.7526029944419861
0.773844301700592
0.7947282791137695
0.8153762221336365
0.8358829021453857
0.8563219904899597
0.8767454624176025
0.897188663482666
0.9176709055900574
0.9381996393203735
0.9587717056274414
0.9793769717216492
1.0
1.0206230878829956
1.0412282943725586
1.0618003606796265
1.0823291540145874
1.102811336517334
1.1232545375823975
1.1436779499053955
1.1641170978546143
1.1846238374710083
1.2052717208862305
1.2261556386947632
1.2473970651626587
1.2691423892974854
1.2915687561035156
1.3148807287216187
1.3393150568008423
1.3651360273361206
1.3926383256912231
1.4221415519714355
1.4539904594421387
0.47750142216682434
0.5137465000152588
0.5473050475120544
0.5785866975784302
0.6079703569412231
0.6358044147491455
0.6624001860618591
0.6880345940589905
0.712945818901062
0.7373379468917847
0.7613784670829773
0.7852044701576233
0.808921217918396
0.8326089382171631
0.8563219904899597
0.8800956606864929
0.9039459228515625
0.9278753399848938
0.9518738389015198
0.975923478603363
1.0
1.0240764617919922
1.0481261014938354
1.072124719619751
1.0960540771484375
1.1199043989181519
1.1436779499053955
1.167391061782837
1.191078782081604
1.2147955894470215
1.2386215925216675
1.2626620531082153
1.287054181098938
1.3119653463363647
1.3375998735427856
1.3641955852508545
1.3920296430587769
1.4214133024215698
1.4526950120925903
1.4862534999847412
1.522498607635498
0.4122147560119629
0.45242106914520264
0.4896244406700134
0.5243033170700073
0.5568995475769043
0.5878179669380188
0.6174179315567017
0.6460174918174744
0.6738870739936829
0.7012567520141602
0.728312611579895
0.7552049160003662
0.7820466160774231
0.808921217918396
0.8358829021453857
0.8629633188247681
0.8901724219322205
0.9175047278404236
0.944940447807312
0.9724507927894592
1.0
1.027549147605896
1.055059552192688
1.0824953317642212
1.1098275184631348
1.137036681175232
1.1641170978546143
1.191078782081604
1.2179534435272217
1.2447950839996338
1.271687388420105
1.2987432479858398
1.326112985610962
1.3539825677871704
1.3825820684432983
1.412182092666626
1.4431004524230957
1.4756966829299927
1.5103756189346313
1.5475789308547974
1.587785243988037
0.350551962852478
0.39421212673187256
0.43458065390586853
0.4722113013267517
0.5076135396957397
0.5412519574165344
0.5735358595848083
0.6048240661621094
0.6354185938835144
0.6655731201171875
0.6954894661903381
0.725327730178833
0.7552049160003662
0.7852044701576233
0.8153762221336365
0.845744788646698
0.8763106465339661
0.9070566892623901
0.9379501342773438
0.9689480662345886
1.0
1.0310518741607666
1.0620498657226562
1.0929433107376099
1.1236892938613892
1.1542551517486572
1.1846238374710083
1.2147955894470215
1.2447950839996338
1.274672269821167
1.3045105934143066
1.3344268798828125
1.3645813465118408
1.3951759338378906
1.4264642000198364
1.4587479829788208
1.4923864603042603
1.527788758277893
1.565419316291809
1.6057878732681274
1.649448037147522
0.2928932309150696
0.33941853046417236
0.38239696621894836
0.4224652945995331
0.4602070748806
0.4961506724357605
0.530756950378418
0.5644255876541138
0.5974879264831543
0.6302182078361511
0.6628301739692688
0.6954894661903381
0.728312611579895
0.7613784670829773
0.7947282791137695
0.8283754587173462
0.8623067140579224
0.8964895606040955
0.9308745265007019
0.9654009938240051
1.0
1.0345990657806396
1.0691254138946533
1.1035103797912598
1.1376932859420776
1.1716245412826538
1.2052717208862305
1.2386215925216675
1.271687388420105
1.3045105934143066
1.337169885635376
1.369781732559204
1.4025120735168457
1.4355744123458862
1.469243049621582
1.5038493871688843
1.5397928953170776
1.5775346755981445
1.617603063583374
1.6605814695358276
1.7071068286895752
0.23959402740001678
0.2883076071739197
0.3332573175430298
0.37517479062080383
0.41472581028938293
0.4525075852870941
0.48903411626815796
0.5247447490692139
0.5599971413612366
0.5950814485549927
0.6302182078361511
0.6655731201171875
0.7012567520141602
0.7373379468917847
0.773844301700592
0.8107732534408569
0.8480930924415588
0.8857517242431641
0.9236786961555481
0.9617918729782104
1.0
1.0382081270217896
1.0763212442398071
1.114248275756836
1.151906967163086
1.189226746559143
1.2261556386947632
1.2626620531082153
1.2987432479858398
1.3344268798828125
1.369781732559204
1.4049185514450073
1.4400029182434082
1.4752552509307861
1.5109659433364868
1.5474923849105835
1.5852742195129395
1.6248252391815186
1.6667426824569702
1.711692452430725
1.7604060173034668
0.19098301231861115
0.24110373854637146
0.2872906029224396
0.33038508892059326
0.3711460530757904
0.4102453291416168
0.4482506811618805
0.48563849925994873
0.52278733253479
0.5599971413612366
0.5974879264831543
0.6354185938835144
0.6738870739936829
0.712945818901062
0.7526029944419861
0.7928344011306763
0.8335851430892944
0.874778687953949
0.9163193702697754
0.9580989480018616
1.0
1.0419011116027832
1.0836806297302246
1.1252212524414062
1.1664148569107056
1.2071655988693237
1.2473970651626587
1.287054181098938
1.326112985610962
1.3645813465118408
1.4025120735168457
1.4400029182434082
1.47721266746521
1.5143615007400513
1.551749348640442
1.5897547006607056
1.6288539171218872
1.6696149110794067
1.7127094268798828
1.7588962316513062
1.8090169429779053
0.14735983312129974
0.19798724353313446
0.24456675350666046
0.2880723774433136
0.3293698728084564
0.3692115545272827
0.40821775794029236
0.44689634442329407
0.48563849925994873
0.5247447490692139
0.5644255876541138
0.6048240661621094
0.6460174918174744
0.6880345940589905
0.7308576107025146
0.7744347453117371
0.8186823129653931
0.8634945154190063
0.9087454080581665
0.9542965888977051
1.0
1.045703411102295
1.0912545919418335
1.1365054845809937
1.181317687034607
1.2255653142929077
1.2691423892974854
1.3119653463363647
1.3539825677871704
1.3951759338378906
1.4355744123458862
1.4752552509307861
1.5143615007400513
1.5531036853790283
1.5917822122573853
1.6307884454727173
1.6706300973892212
1.7119276523590088
1.755433201789856
1.8020128011703491
1.852640151977539
0.10899347811937332
0.1590750515460968
0.20506833493709564
0.24811044335365295
0.2891913652420044
0.32914790511131287
0.36864715814590454
0.40821775794029236
0.4482506811618805
0.48903411626815796
0.530756950378418
0.5735358595848083
0.6174179315567017
0.6624001860618591
0.7084312438964844
0.7554255723953247
0.8032649755477905
0.8518089056015015
0.9008966684341431
0.9503546953201294
1.0
1.0496453046798706
1.099103331565857
1.1481910943984985
1.1967350244522095
1.2445744276046753
1.2915687561035156
1.3375998735427856
1.3825820684432983
1.4264642000198364
1.469243049621582
1.5109659433364868
1.551749348640442
1.5917822122573853
1.6313527822494507
1.6708520650863647
1.7108086347579956
1.7518895864486694
1.7949316501617432
1.8409249782562256
1.8910064697265625
0.07612046599388123
0.12441554665565491
0.16867896914482117
0.2102583646774292
0.25028616189956665
0.2896830439567566
0.32914790511131287
0.3692115545272827
0.4102453291416168
0.4525075852870941
0.4961506724357605
0.5412519574165344
0.5878179669380188
0.6358044147491455
0.6851192712783813
0.7356359958648682
0.7871962189674377
0.8396191596984863
0.892704427242279
0.9462388753890991
1.0
1.0537611246109009
1.1072955131530762
1.1603808403015137
1.212803840637207
1.2643640041351318
1.3148807287216187
1.3641955852508545
1.412182092666626
1.4587479829788208
1.5038493871688843
1.5474923849105835
1.5897547006607056
1.6307884454727173
1.6708520650863647
1.7103170156478882
1.7497137784957886
1.7897416353225708
1.8313210010528564
1.8755844831466675
1.9238795042037964
0.04894348233938217
0.09394235163927078
0.13512016832828522
0.17409271001815796
0.21215349435806274
0.25028616189956665
0.2891913652420044
0.3293698728084564
0.3711460530757904
0.41472581028938293
0.4602070748806
0.5076135396957397
0.5568995475769043
0.6079703569412231
0.6606849431991577
0.7148694396018982
0.7703191637992859
0.8268079161643982
0.8840907216072083
0.9419102072715759
1.0
1.0580898523330688
1.1159093379974365
1.173192024230957
1.2296808958053589
1.285130500793457
1.3393150568008423
1.3920296430587769
1.4431004524230957
1.4923864603042603
1.5397928953170776
1.5852742195129395
1.6288539171218872
1.6706300973892212
1.7108086347579956
1.7497137784957886
1.7878464460372925
1.8259073495864868
1.864879846572876
1.906057596206665
1.9510564804077148
0.02763007953763008
0.06745430082082748
0.10390541702508926
0.13897550106048584
0.17409271001815796
0.2102583646774292
0.24811044335365295
0.2880723774433136
0.33038508892059326
0.37517479062080383
0.4224652945995331
0.4722113013267517
0.5243033170700073
0.5785866975784302
0.6348639726638794
0.6929072141647339
0.7524598836898804
0.8132452964782715
0.8749690651893616
0.9373254776000977
1.0
1.0626745223999023
1.1250308752059937
1.1867547035217285
1.2475401163101196
1.3070927858352661
1.3651360273361206
1.4214133024215698
1.4756966829299927
1.527788758277893
1.5775346755981445
1.6248252391815186
1.6696149110794067
1.7119276523590088
1.7518895864486694
1.7897416353225708
1.8259073495864868
1.8610244989395142
1.896094560623169
1.9325456619262695
1.972369909286499
0.012311659753322601
0.04441948980093002
0.07417737692594528
0.10390541702508926
0.13512016832828522
0.16867896914482117
0.20506833493709564
0.24456675350666046
0.2872906029224396
0.3332573175430298
0.38239696621894836
0.43458065390586853
0.4896244406700134
0.5473050475120544
0.6073616743087769
0.6695063710212708
0.7334256172180176
0.798787534236908
0.8652442693710327
0.9324371814727783
1.0
1.0675628185272217
1.1347557306289673
1.2012124061584473
1.2665743827819824
1.3304935693740845
1.3926383256912231
1.4526950120925903
1.5103756189346313
1.565419316291809
1.617603063583374
1.6667426824569702
1.7127094268798828
1.755433201789856
1.7949316501617432
1.8313210010528564
1.864879846572876
1.896094560623169
1.9258226156234741
1.955580472946167
1.9876883029937744
0.003082666313275695
0.023925820365548134
0.04441948980093002
0.06745430082082748
0.09394235163927078
0.12441554665565491
0.1590750515460968
0.19798724353313446
0.24110373854637146
0.2883076071739197
0.33941853046417236
0.39421212673187256
0.45242106914520264
0.5137465000152588
0.5778584480285645
0.6444039940834045
0.7130081057548523
0.7832796573638916
0.854813277721405
0.9271940588951111
1.0
1.0728058815002441
1.1451866626739502
1.2167203426361084
1.2869919538497925
1.3555959463119507
1.4221415519714355
1.4862534999847412
1.5475789308547974
1.6057878732681274
1.6605814695358276
1.711692452430725
1.7588962316513062
1.8020128011703491
1.8409249782562256
1.8755844831466675
1.906057596206665
1.9325456619262695
1.955580472946167
1.97607421875
1.9969173669815063
0.0
0.003082666313275695
0.012311659753322601
0.02763007953763008
0.04894348233938217
0.07612046599388123
0.10899347811937332
0.14735983312129974
0.19098301231861115
0.23959402740001678
0.2928932309150696
0.350551962852478
0.4122147560119629
0.47750142216682434
0.5460094809532166
0.6173165440559387
0.69098299741745
0.7665546536445618
0.8435655236244202
0.9215409159660339
1.0
1.0784591436386108
1.156434416770935
1.233445405960083
1.3090169429779053
1.3826833963394165
1.4539904594421387
1.522498607635498
1.587785243988037
1.649448037147522
1.7071068286895752
1.7604060173034668
1.8090169429779053
1.852640151977539
1.8910064697265625
1.9238795042037964
1.9510564804077148
1.972369909286499
1.9876883029937744
1.9969173669815063
2.0
