2.0
1.9969173669815063
1.9876883029937744
1.972369909286499
1.9510564804077148
1.9238795042037964
1.8910064697265625
1.852640151977539
1.8090169429779053
1.7604060173034668
1.7071068286895752
1.649448037147522
1.587785243988037
1.522498607635498
1.4539904594421387
1.3826833963394165
1.3090169429779053
1.233445405960083
1.156434416770935
1.0784591436386108
1.0
0.9215409159660339
0.8435655236244202
0.7665546536445618
0.69098299741745
0.6173165440559387
0.5460094809532166
0.47750142216682434
0.4122147560119629
0.350551962852478
0.2928932309150696
0.23959402740001678
0.19098301231861115
0.14735983312129974
0.10899347811937332
0.07612046599388123
0.04894348233938217
0.02763007953763008
0.012311659753322601
0.003082666313275695
0.0
1.9969173669815063
1.976061224937439
1.9555593729019165
1.9325189590454102
1.90602707862854
1.875551462173462
1.8408905267715454
1.8019778728485107
1.7588616609573364
1.7116587162017822
1.660549283027649
1.6057575941085815
1.5475510358810425
1.486228346824646
1.422119379043579
1.3555771112442017
1.2869765758514404
1.2167086601257324
1.1451789140701294
1.072801947593689
1.0
0.9271979928016663
0.8548210859298706
0.7832912802696228
0.7130234241485596
0.6444228291511536
0.5778805613517761
0.513771653175354
0.4524489939212799
0.39424240589141846
0.33945074677467346
0.2883412837982178
0.24113833904266357
0.19802212715148926
0.1591094583272934
0.12444857507944107
0.09397292137145996
0.06748106330633163
0.044440608471632004
0.023938734084367752
0.003082666313275695
1.9876883029937744
1.9555593729019165
1.9257864952087402
1.896047830581665
1.86482572555542
1.8312619924545288
1.7948697805404663
1.7553702592849731
1.7126466035842896
1.6666814088821411
1.6175442934036255
1.565364122390747
1.5103245973587036
1.4526488780975342
1.3925977945327759
1.3304591178894043
1.266546368598938
1.2011910676956177
1.1347414255142212
1.067555546760559
1.0
0.9324443936347961
0.8652585744857788
0.7988088726997375
0.7334536910057068
0.6695408821105957
0.6074022054672241
0.547351062297821
0.4896754324436188
0.4346359074115753
0.3824556767940521
0.3333185911178589
0.28735336661338806
0.24462977051734924
0.2051301896572113
0.1687379628419876
0.13517428934574127
0.10395214706659317
0.07421349734067917
0.044440608471632004
0.012311659753322601
1.972369909286499
1.9325189590454102
1.896047830581665
1.8609631061553955
1.8258354663848877
1.7896627187728882
1.751806378364563
1.71184241771698
1.6695297956466675
1.6247419118881226
1.577454686164856
1.5277132987976074
1.475627064704895
1.421350359916687
1.3650805950164795
1.3070454597473145
1.2475016117095947
1.1867254972457886
1.1250112056732178
1.0626646280288696
1.0
0.9373353719711304
0.8749887943267822
0.8132745027542114
0.7524983286857605
0.6929544806480408
0.6349194645881653
0.5786496996879578
0.5243729948997498
0.4722866714000702
0.42254525423049927
0.37525805830955505
0.33047014474868774
0.28815752267837524
0.2481936514377594
0.210337296128273
0.1741645634174347
0.1390368938446045
0.10395214706659317
0.06748106330633163
0.02763007953763008
1.9510564804077148
1.90602707862854
1.86482572555542
1.8258354663848877
1.7877616882324219
1.7496200799942017
1.7107093334197998
1.6705281734466553
1.6287517547607422
1.5851739645004272
1.539696455001831
1.4922953844070435
1.4430161714553833
1.391953468322754
1.3392478227615356
1.2850732803344727
1.229634165763855
1.1731566190719604
1.1158853769302368
1.0580778121948242
1.0
0.9419221878051758
0.8841145634651184
0.8268434405326843
0.770365834236145
0.7149267196655273
0.6607521772384644
0.6080465912818909
0.5569837689399719
0.5077046155929565
0.46030351519584656
0.41482603549957275
0.3712482154369354
0.32947179675102234
0.2892906367778778
0.25037989020347595
0.21223828196525574
0.1741645634174347
0.13517428934574127
0.09397292137145996
0.04894348233938217
1.9238795042037964
1.875551462173462
1.8312619924545288
1.7896627187728882
1.7496200799942017
1.7102128267288208
1.6707414388656616
1.6306743621826172
1.5896401405334473
1.547379732131958
1.5037407875061035
1.4586453437805176
1.4120869636535645
1.3641093969345093
1.3148047924041748
1.2642991542816162
1.2127509117126465
1.160340666770935
1.1072684526443481
1.053747534751892
1.0
0.9462525248527527
0.8927314877510071
0.8396593332290649
0.7872490286827087
0.735700786113739
0.68519526720047
0.6358906030654907
0.5879130363464355
0.5413546562194824
0.49625927209854126
0.4526202380657196
0.4103599190711975
0.3693256080150604
0.32925862073898315
0.2897871434688568
0.25037989020347595
0.210337296128273
0.1687379628419876
0.12444857507944107
0.07612046599388123
1.8910064697265625
1.8408905267715454
1.7948697805404663
1.751806378364563
1.7107093334197998
1.6707414388656616
1.6312347650527954
1.5916601419448853
1.551626443862915
1.5108448266983032
1.4691262245178223
1.4263535737991333
1.3824794292449951
1.337506890296936
1.2914866209030151
1.2445043325424194
1.1966779232025146
1.1481475830078125
1.099074125289917
1.0496305227279663
1.0
0.9503694176673889
0.9009259343147278
0.8518524169921875
0.8033221364021301
0.7554956674575806
0.7085133790969849
0.6624931693077087
0.6175205111503601
0.5736464262008667
0.5308737754821777
0.4891551434993744
0.44837355613708496
0.40833979845046997
0.36876529455184937
0.32925862073898315
0.2892906367778778
0.2481936514377594
0.2051301896572113
0.1591094583272934
0.10899347811937332
1.852640151977539
1.8019778728485107
1.7553702592849731
1.71184241771698
1.6705281734466553
1.6306743621826172
1.5916601419448853
1.5529773235321045
1.514233946800232
1.47512948513031
1.4354528188705444
1.395060658454895
1.3538755178451538
1.3118683099746704
1.2690566778182983
1.2254921197891235
1.181257963180542
1.1364600658416748
1.091223955154419
1.0456880331039429
1.0
0.9543120265007019
0.908776044845581
0.8635399341583252
0.818742036819458
0.7745079398155212
0.7309433221817017
0.6881316900253296
0.6461244225502014
0.6049392819404602
0.5645471811294556
0.5248705744743347
0.4857660233974457
0.4470227360725403
0.40833979845046997
0.3693256080150604
0.32947179675102234
0.28815752267837524
0.24462977051734924
0.19802212715148926
0.14735983312129974
1.8090169429779053
1.7588616609573364
1.7126466035842896
1.6695297956466675
1.6287517547607422
1.5896401405334473
1.551626443862915
1.514233946800232
1.4770838022232056
1.439875602722168
1.4023888111114502
1.364464521408081
1.3260043859481812
1.2869555950164795
1.247309923171997
1.207091212272644
1.1663541793823242
1.1251749992370605
1.0836495161056519
1.0418853759765625
1.0
0.9581146240234375
0.9163505434989929
0.8748249411582947
0.8336458802223206
0.7929088473320007
0.7526900768280029
0.7130444049835205
0.6739956736564636
0.635535478591919
0.5976111888885498
0.560124397277832
0.5229161977767944
0.4857660233974457
0.44837355613708496
0.4103599190711975
0.3712482154369354
0.33047014474868774
0.28735336661338806
0.24113833904266357
0.19098301231861115
1.7604060173034668
1.7116587162017822
1.6666814088821411
1.6247419118881226
1.5851739645004272
1.547379732131958
1.5108448266983032
1.47512948513031
1.439875602722168
1.4047925472259521
1.3696597814559937
1.3343110084533691
1.298635482788086
1.2625641822814941
1.2260690927505493
1.1891528367996216
1.1518465280532837
1.1142023801803589
1.076290249824524
1.0381925106048584
1.0
0.9618074297904968
0.9237096905708313
0.8857976794242859
0.8481534123420715
0.8108472228050232
0.7739308476448059
0.7374358177185059
0.7013644576072693
0.6656889915466309
0.6303402185440063
0.5952073931694031
0.560124397277832
0.5248705744743347
0.4891551434993744
0.4526202380657196
0.41482603549957275
0.37525805830955505
0.3333185911178589
0.2883412837982178
0.23959402740001678
1.7071068286895752
1.660549283027649
1.6175442934036255
1.577454686164856
1.539696455001831
1.5037407875061035
1.4691262245178223
1.4354528188705444
1.4023888111114502
1.3696597814559937
1.337051510810852
1.3043980598449707
1.2715827226638794
1.238526463508606
1.2051875591278076
1.1715525388717651
1.137634515762329
1.1034656763076782
1.069095253944397
1.0345838069915771
1.0
0.9654161334037781
0.9309046864509583
0.8965343236923218
0.8623654246330261
0.8284474015235901
0.7948123812675476
0.761473536491394
0.7284172177314758
0.6956018805503845
0.662948489189148
0.6303402185440063
0.5976111888885498
0.5645471811294556
0.5308737754821777
0.49625927209854126
0.46030351519584656
0.42254525423049927
0.3824556767940521
0.33945074677467346
0.2928932309150696
1.649448037147522
1.6057575941085815
1.565364122390747
1.5277132987976074
1.4922953844070435
1.4586453437805176
1.4263535737991333
1.395060658454895
1.364464521408081
1.3343110084533691
1.3043980598449707
1.27456533908844
1.2446955442428589
1.214704990386963
1.1845437288284302
1.154186725616455
1.1236333847045898
1.0929006338119507
1.0620211362838745
1.031037449836731
1.0
0.968962550163269
0.9379788637161255
0.9070993065834045
0.8763666152954102
0.8458133339881897
0.8154563307762146
0.7852949500083923
0.7553044557571411
0.7254346609115601
0.6956018805503845
0.6656889915466309
0.635535478591919
0.6049392819404602
0.5736464262008667
0.5413546562194824
0.5077046155929565
0.4722866714000702
0.4346359074115753
0.39424240589141846
0.350551962852478
1.587785243988037
1.5475510358810425
1.5103245973587036
1.475627064704895
1.4430161714553833
1.4120869636535645
1.3824794292449951
1.3538755178451538
1.3260043859481812
1.298635482788086
1.2715827226638794
1.2446955442428589
1.2178606986999512
1.190994381904602
1.1640424728393555
1.1369727849960327
1.109775424003601
1.0824555158615112
1.055032730102539
1.0275356769561768
1.0
0.9724643230438232
0.9449672698974609
0.9175444841384888
0.8902246356010437
0.8630272150039673
0.8359575867652893
0.8090055584907532
0.7821393013000488
0.7553044557571411
0.7284172177314758
0.7013644576072693
0.6739956736564636
0.6461244225502014
0.6175205111503601
0.5879130363464355
0.5569837689399719
0.5243729948997498
0.4896754324436188
0.4524489939212799
0.4122147560119629
1.522498607635498
1.486228346824646
1.4526488780975342
1.421350359916687
1.391953468322754
1.3641093969345093
1.337506890296936
1.3118683099746704
1.2869555950164795
1.2625641822814941
1.238526463508606
1.214704990386963
1.190994381904602
1.1673142910003662
1.1436100006103516
1.119846224784851
1.0960065126419067
1.0720884799957275
1.0481016635894775
1.0240641832351685
1.0
0.9759357571601868
0.9518982768058777
0.9279115200042725
0.9039934277534485
0.8801538348197937
0.8563899993896484
0.832685649394989
0.8090055584907532
0.7852949500083923
0.761473536491394
0.7374358177185059
0.7130444049835205
0.6881316900253296
0.6624931693077087
0.6358906030654907
0.6080465912818909
0.5786496996879578
0.547351062297821
0.513771653175354
0.47750142216682434
1.4539904594421387
1.422119379043579
1.3925977945327759
1.3650805950164795
1.3392478227615356
1.3148047924041748
1.2914866209030151
1.2690566778182983
1.247309923171997
1.2260690927505493
1.2051875591278076
1.1845437288284302
1.1640424728393555
1.1436100006103516
1.1231943368911743
1.102759838104248
1.0822869539260864
1.0617682933807373
1.0412065982818604
1.020612120628357
1.0
0.9793878793716431
0.9587933421134949
0.9382317066192627
0.9177129864692688
0.8972402215003967
0.8768056631088257
0.8563899993896484
0.8359575867652893
0.8154563307762146
0.7948123812675476
0.7739308476448059
0.7526900768280029
0.7309433221817017
0.7085133790969849
0.68519526720047
0.6607521772384644
0.6349194645881653
0.6074022054672241
0.5778805613517761
0.5460094809532166
1.3826833963394165
1.3555771112442017
1.3304591178894043
1.3070454597473145
1.2850732803344727
1.2642991542816162
1.2445043325424194
1.2254921197891235
1.207091212272644
1.1891528367996216
1.1715525388717651
1.154186725616455
1.1369727849960327
1.119846224784851
1.102759838104248
1.0856802463531494
1.0685876607894897
1.0514718294143677
1.0343314409255981
1.0171711444854736
1.0
0.9828287959098816
0.9656684994697571
0.9485281705856323
0.9314123392105103
0.9143197536468506
0.8972402215003967
0.8801538348197937
0.8630272150039673
0.8458133339881897
0.8284474015235901
0.8108472228050232
0.7929088473320007
0.7745079398155212
0.7554956674575806
0.735700786113739
0.7149267196655273
0.6929544806480408
0.6695408821105957
0.6444228291511536
0.6173165440559387
1.3090169429779053
1.2869765758514404
1.266546368598938
1.2475016117095947
1.229634165763855
1.2127509117126465
1.1966779232025146
1.181257963180542
1.1663541793823242
1.1518465280532837
1.137634515762329
1.1236333847045898
1.109775424003601
1.0960065126419067
1.0822869539260864
1.0685876607894897
1.0548901557922363
1.0411838293075562
1.0274653434753418
1.0137358903884888
1.0
0.986264169216156
0.9725345969200134
0.9588161110877991
0.9451098442077637
0.9314123392105103
0.9177129864692688
0.9039934277534485
0.8902246356010437
0.8763666152954102
0.8623654246330261
0.8481534123420715
0.8336458802223206
0.818742036819458
0.8033221364021301
0.7872490286827087
0.770365834236145
0.7524983286857605
0.7334536910057068
0.7130234241485596
0.69098299741745
1.233445405960083
1.2167086601257324
1.2011910676956177
1.1867254972457886
1.1731566190719604
1.160340666770935
1.1481475830078125
1.1364600658416748
1.1251749992370605
1.1142023801803589
1.1034656763076782
1.0929006338119507
1.0824555158615112
1.0720884799957275
1.0617682933807373
1.0514718294143677
1.0411838293075562
1.0308951139450073
1.0206013917922974
1.0103023052215576
1.0
0.9896976351737976
0.9793985486030579
0.9691048860549927
0.9588161110877991
0.9485281705856323
0.9382317066192627
0.9279115200042725
0.9175444841384888
0.9070993065834045
0.8965343236923218
0.8857976794242859
0.8748249411582947
0.8635399341583252
0.8518524169921875
0.8396593332290649
0.8268434405326843
0.8132745027542114
0.7988088726997375
0.7832912802696228
0.7665546536445618
1.156434416770935
1.1451789140701294
1.1347414255142212
1.1250112056732178
1.1158853769302368
1.1072684526443481
1.099074125289917
1.091223955154419
1.0836495161056519
1.076290249824524
1.069095253944397
1.0620211362838745
1.055032730102539
1.0481016635894775
1.0412065982818604
1.0343314409255981
1.0274653434753418
1.0206013917922974
1.0137362480163574
1.0068689584732056
1.0
0.9931311011314392
0.9862636923789978
0.9793985486030579
0.9725345969200134
0.9656684994697571
0.9587933421134949
0.9518982768058777
0.9449672698974609
0.9379788637161255
0.9309046864509583
0.9237096905708313
0.9163505434989929
0.908776044845581
0.9009259343147278
0.8927314877510071
0.8841145634651184
0.8749887943267822
0.8652585744857788
0.8548210859298706
0.8435655236244202
1.0784591436386108
1.072801947593689
1.067555546760559
1.0626646280288696
1.0580778121948242
1.053747534751892
1.0496305227279663
1.0456880331039429
1.0418853759765625
1.0381925106048584
1.0345838069915771
1.031037449836731
1.0275356769561768
1.0240641832351685
1.020612120628357
1.0171711444854736
1.0137358903884888
1.0103023052215576
1.0068689584732056
1.0034347772598267
1.0
0.9965652823448181
0.9931311011314392
0.9896976351737976
0.986264169216156
0.9828287959098816
0.9793878793716431
0.9759357571601868
0.9724643230438232
0.968962550163269
0.9654161334037781
0.9618074297904968
0.9581146240234375
0.9543120265007019
0.9503694176673889
0.9462525248527527
0.9419221878051758
0.9373353719711304
0.9324443936347961
0.9271979928016663
0.9215409159660339
1.0
1.0
1.0
1.0
1.0
1.0
1.0
1.0
1.0
1.0
1.0
1.0
1.0
1.0
1.0
1.0
1.0
1.0
1.0
1.0
1.0
1.0
1.0
1.0
1.0
1.0
1.0
1.0
1.0
1.0
1.0
1.0
1.0
1.0
1.0
1.0
1.0
1.0
1.0
1.0
1.0
0.9215409159660339
0.9271979928016663
0.9324443936347961
0.9373353719711304
0.9419221878051758
0.9462525248527527
0.9503694176673889
0.9543120265007019
0.9581146240234375
0.9618074297904968
0.9654161334037781
0.968962550163269
0.9724643230438232
0.9759357571601868
0.9793878793716431
0.9828287959098816
0.986264169216156
0.9896976351737976
0.9931311011314392
0.9965652823448181
1.0
1.0034347772598267
1.0068689584732056
1.0103023052215576
1.0137358903884888
1.0171711444854736
1.020612120628357
1.0240641832351685
1.0275356769561768
1.031037449836731
1.0345838069915771
1.0381925106048584
1.0418853759765625
1.0456880331039429
1.0496305227279663
1.053747534751892
1.0580778121948242
1.0626646280288696
1.067555546760559
1.072801947593689
1.0784591436386108
0.8435655236244202
0.8548210859298706
0.8652585744857788
0.8749887943267822
0.8841145634651184
0.8927314877510071
0.9009259343147278
0.908776044845581
0.9163505434989929
0.9237096905708313
0.9309046864509583
0.9379788637161255
0.9449672698974609
0.9518982768058777
0.9587933421134949
0.9656684994697571
0.9725345969200134
0.9793985486030579
0.9862636923789978
0.9931311011314392
1.0
1.0068689584732056
1.0137362480163574
1.0206013917922974
1.0274653434753418
1.0343314409255981
1.0412065982818604
1.0481016635894775
1.055032730102539
1.0620211362838745
1.069095253944397
1.076290249824524
1.0836495161056519
1.091223955154419
1.099074125289917
1.1072684526443481
1.1158853769302368
1.1250112056732178
1.1347414255142212
1.1451789140701294
1.156434416770935
0.7665546536445618
0.7832912802696228
0.7988088726997375
0.8132745027542114
0.8268434405326843
0.8396593332290649
0.8518524169921875
0.8635399341583252
0.8748249411582947
0.8857976794242859
0.8965343236923218
0.9070993065834045
0.9175444841384888
0.9279115200042725
0.9382317066192627
0.9485281705856323
0.9588161110877991
0.9691048860549927
0.9793985486030579
0.9896976351737976
1.0
1.0103023052215576
1.0206013917922974
1.0308951139450073
1.0411838293075562
1.0514718294143677
1.0617682933807373
1.0720884799957275
1.0824555158615112
1.0929006338119507
1.1034656763076782
1.1142023801803589
1.1251749992370605
1.1364600658416748
1.1481475830078125
1.160340666770935
1.1731566190719604
1.1867254972457886
1.2011910676956177
1.2167086601257324
1.233445405960083
0.69098299741745
0.7130234241485596
0.7334536910057068
0.7524983286857605
0.770365834236145
0.7872490286827087
0.8033221364021301
0.818742036819458
0.8336458802223206
0.8481534123420715
0.8623654246330261
0.8763666152954102
0.8902246356010437
0.9039934277534485
0.9177129864692688
0.9314123392105103
0.9451098442077637
0.9588161110877991
0.9725345969200134
0.986264169216156
1.0
1.0137358903884888
1.0274653434753418
1.0411838293075562
1.0548901557922363
1.0685876607894897
1.0822869539260864
1.0960065126419067
1.109775424003601
1.1236333847045898
1.137634515762329
1.1518465280532837
1.1663541793823242
1.181257963180542
1.1966779232025146
1.2127509117126465
1.229634165763855
1.2475016117095947
1.266546368598938
1.2869765758514404
1.3090169429779053
0.6173165440559387
0.6444228291511536
0.6695408821105957
0.6929544806480408
0.7149267196655273
0.735700786113739
0.7554956674575806
0.7745079398155212
0.7929088473320007
0.8108472228050232
0.8284474015235901
0.8458133339881897
0.8630272150039673
0.8801538348197937
0.8972402215003967
0.9143197536468506
0.9314123392105103
0.9485281705856323
0.9656684994697571
0.9828287959098816
1.0
1.0171711444854736
1.0343314409255981
1.0514718294143677
1.0685876607894897
1.0856802463531494
1.102759838104248
1.119846224784851
1.1369727849960327
1.154186725616455
1.1715525388717651
1.1891528367996216
1.207091212272644
1.2254921197891235
1.2445043325424194
1.2642991542816162
1.2850732803344727
1.3070454597473145
1.3304591178894043
1.3555771112442017
1.3826833963394165
0.5460094809532166
0.5778805613517761
0.6074022054672241
0.6349194645881653
0.6607521772384644
0.68519526720047
0.7085133790969849
0.7309433221817017
0.7526900768280029
0.7739308476448059
0.7948123812675476
0.8154563307762146
0.8359575867652893
0.8563899993896484
0.8768056631088257
0.8972402215003967
0.9177129864692688
0.9382317066192627
0.9587933421134949
0.9793878793716431
1.0
1.020612120628357
1.0412065982818604
1.0617682933807373
1.0822869539260864
1.102759838104248
1.1231943368911743
1.1436100006103516
1.1640424728393555
1.1845437288284302
1.2051875591278076
1.2260690927505493
1.247309923171997
1.2690566778182983
1.2914866209030151
1.3148047924041748
1.3392478227615356
1.3650805950164795
1.3925977945327759
1.422119379043579
1.4539904594421387
0.47750142216682434
0.513771653175354
0.547351062297821
0.5786496996879578
0.6080465912818909
0.6358906030654907
0.6624931693077087
0.6881316900253296
0.7130444049835205
0.7374358177185059
0.761473536491394
0.7852949500083923
0.8090055584907532
0.832685649394989
0.8563899993896484
0.8801538348197937
0.9039934277534485
0.9279115200042725
0.9518982768058777
0.9759357571601868
1.0
1.0240641832351685
1.0481016635894775
1.0720884799957275
1.0960065126419067
1.119846224784851
1.1436100006103516
1.1673142910003662
1.190994381904602
1.214704990386963
1.238526463508606
1.2625641822814941
1.2869555950164795
1.3118683099746704
1.337506890296936
1.3641093969345093
1.391953468322754
1.421350359916687
1.4526488780975342
1.486228346824646
1.522498607635498
0.4122147560119629
0.4524489939212799
0.4896754324436188
0.5243729948997498
0.5569837689399719
0.5879130363464355
0.6175205111503601
0.6461244225502014
0.6739956736564636
0.7013644576072693
0.7284172177314758
0.7553044557571411
0.7821393013000488
0.8090055584907532
0.8359575867652893
0.8630272150039673
0.8902246356010437
0.9175444841384888
0.9449672698974609
0.9724643230438232
1.0
1.0275356769561768
1.055032730102539
1.0824555158615112
1.109775424003601
1.1369727849960327
1.1640424728393555
1.190994381904602
1.2178606986999512
1.2446955442428589
1.2715827226638794
1.298635482788086
1.3260043859481812
1.3538755178451538
1.3824794292449951
1.4120869636535645
1.4430161714553833
1.475627064704895
1.5103245973587036
1.5475510358810425
1.587785243988037
0.350551962852478
0.39424240589141846
0.4346359074115753
0.4722866714000702
0.5077046155929565
0.5413546562194824
0.5736464262008667
0.6049392819404602
0.635535478591919
0.6656889915466309
0.6956018805503845
0.7254346609115601
0.7553044557571411
0.7852949500083923
0.8154563307762146
0.8458133339881897
0.8763666152954102
0.9070993065834045
0.9379788637161255
0.968962550163269
1.0
1.031037449836731
1.0620211362838745
1.0929006338119507
1.1236333847045898
1.154186725616455
1.1845437288284302
1.214704990386963
1.2446955442428589
1.27456533908844
1.3043980598449707
1.3343110084533691
1.364464521408081
1.395060658454895
1.4263535737991333
1.4586453437805176
1.4922953844070435
1.5277132987976074
1.565364122390747
1.6057575941085815
1.649448037147522
0.2928932309150696
0.33945074677467346
0.3824556767940521
0.42254525423049927
0.46030351519584656
0.49625927209854126
0.5308737754821777
0.5645471811294556
0.5976111888885498
0.6303402185440063
0.662948489189148
0.6956018805503845
0.7284172177314758
0.761473536491394
0.7948123812675476
0.8284474015235901
0.8623654246330261
0.8965343236923218
0.9309046864509583
0.9654161334037781
1.0
1.0345838069915771
1.069095253944397
1.1034656763076782
1.137634515762329
1.1715525388717651
1.2051875591278076
1.238526463508606
1.2715827226638794
1.3043980598449707
1.337051510810852
1.3696597814559937
1.4023888111114502
1.4354528188705444
1.4691262245178223
1.5037407875061035
1.539696455001831
1.577454686164856
1.6175442934036255
1.660549283027649
1.7071068286895752
0.23959402740001678
0.2883412837982178
0.3333185911178589
0.37525805830955505
0.41482603549957275
0.4526202380657196
0.4891551434993744
0.5248705744743347
0.560124397277832
0.5952073931694031
0.6303402185440063
0.6656889915466309
0.7013644576072693
0.7374358177185059
0.7739308476448059
0.8108472228050232
0.8481534123420715
0.8857976794242859
0.9237096905708313
0.9618074297904968
1.0
1.0381925106048584
1.076290249824524
1.1142023801803589
1.1518465280532837
1.1891528367996216
1.2260690927505493
1.2625641822814941
1.298635482788086
1.3343110084533691
1.3696597814559937
1.4047925472259521
1.439875602722168
1.47512948513031
1.5108448266983032
1.547379732131958
1.5851739645004272
1.6247419118881226
1.6666814088821411
1.7116587162017822
1.7604060173034668
0.19098301231861115
0.24113833904266357
0.28735336661338806
0.33047014474868774
0.3712482154369354
0.4103599190711975
0.44837355613708496
0.4857660233974457
0.5229161977767944
0.560124397277832
0.5976111888885498
0.635535478591919
0.6739956736564636
0.7130444049835205
0.7526900768280029
0.7929088473320007
0.8336458802223206
0.8748249411582947
0.9163505434989929
0.9581146240234375
1.0
1.0418853759765625
1.0836495161056519
1.1251749992370605
1.1663541793823242
1.207091212272644
1.247309923171997
1.2869555950164795
1.3260043859481812
1.364464521408081
1.4023888111114502
1.439875602722168
1.4770838022232056
1.514233946800232
1.551626443862915
1.5896401405334473
1.6287517547607422
1.6695297956466675
1.7126466035842896
1.7588616609573364
1.8090169429779053
0.14735983312129974
0.19802212715148926
0.24462977051734924
0.28815752267837524
0.32947179675102234
0.3693256080150604
0.40833979845046997
0.4470227360725403
0.4857660233974457
0.5248705744743347
0.5645471811294556
0.6049392819404602
0.6461244225502014
0.6881316900253296
0.7309433221817017
0.7745079398155212
0.818742036819458
0.8635399341583252
0.908776044845581
0.9543120265007019
1.0
1.0456880331039429
1.091223955154419
1.1364600658416748
1.181257963180542
1.2254921197891235
1.2690566778182983
1.3118683099746704
1.3538755178451538
1.395060658454895
1.4354528188705444
1.47512948513031
1.514233946800232
1.5529773235321045
1.5916601419448853
1.6306743621826172
1.6705281734466553
1.71184241771698
1.7553702592849731
1.8019778728485107
1.852640151977539
0.10899347811937332
0.1591094583272934
0.2051301896572113
0.2481936514377594
0.2892906367778778
0.32925862073898315
0.36876529455184937
0.40833979845046997
0.44837355613708496
0.4891551434993744
0.5308737754821777
0.5736464262008667
0.6175205111503601
0.6624931693077087
0.7085133790969849
0.7554956674575806
0.8033221364021301
0.8518524169921875
0.9009259343147278
0.9503694176673889
1.0
1.0496305227279663
1.099074125289917
1.1481475830078125
1.1966779232025146
1.2445043325424194
1.2914866209030151
1.337506890296936
1.3824794292449951
1.4263535737991333
1.4691262245178223
1.5108448266983032
1.551626443862915
1.5916601419448853
1.6312347650527954
1.6707414388656616
1.7107093334197998
1.751806378364563
1.7948697805404663
1.8408905267715454
1.8910064697265625
0.07612046599388123
0.12444857507944107
0.1687379628419876
0.210337296128273
0.25037989020347595
0.2897871434688568
0.32925862073898315
0.3693256080150604
0.4103599190711975
0.4526202380657196
0.49625927209854126
0.5413546562194824
0.5879130363464355
0.6358906030654907
0.68519526720047
0.735700786113739
0.7872490286827087
0.8396593332290649
0.8927314877510071
0.9462525248527527
1.0
1.053747534751892
1.1072684526443481
1.160340666770935
1.2127509117126465
1.2642991542816162
1.3148047924041748
1.3641093969345093
1.4120869636535645
1.4586453437805176
1.5037407875061035
1.547379732131958
1.5896401405334473
1.6306743621826172
1.6707414388656616
1.7102128267288208
1.7496200799942017
1.7896627187728882
1.8312619924545288
1.875551462173462
1.9238795042037964
0.04894348233938217
0.09397292137145996
0.13517428934574127
0.1741645634174347
0.21223828196525574
0.25037989020347595
0.2892906367778778
0.32947179675102234
0.3712482154369354
0.41482603549957275
0.46030351519584656
0.5077046155929565
0.5569837689399719
0.6080465912818909
0.6607521772384644
0.7149267196655273
0.770365834236145
0.8268434405326843
0.8841145634651184
0.9419221878051758
1.0
1.0580778121948242
1.1158853769302368
1.1731566190719604
1.229634165763855
1.2850732803344727
1.3392478227615356
1.391953468322754
1.4430161714553833
1.4922953844070435
1.539696455001831
1.5851739645004272
1.6287517547607422
1.6705281734466553
1.7107093334197998
1.7496200799942017
1.7877616882324219
1.8258354663848877
1.86482572555542
1.90602707862854
1.9510564804077148
0.02763007953763008
0.06748106330633163
0.10395214706659317
0.1390368938446045
0.1741645634174347
0.210337296128273
0.2481936514377594
0.28815752267837524
0.33047014474868774
0.37525805830955505
0.42254525423049927
0.4722866714000702
0.5243729948997498
0.5786496996879578
0.6349194645881653
0.6929544806480408
0.7524983286857605
0.8132745027542114
0.8749887943267822
0.9373353719711304
1.0
1.0626646280288696
1.1250112056732178
1.1867254972457886
1.2475016117095947
1.3070454597473145
1.3650805950164795
1.421350359916687
1.475627064704895
1.5277132987976074
1.577454686164856
1.6247419118881226
1.6695297956466675
1.71184241771698
1.751806378364563
1.7896627187728882
1.8258354663848877
1.8609631061553955
1.896047830581665
1.9325189590454102
1.972369909286499
0.012311659753322601
0.044440608471632004
0.07421349734067917
0.10395214706659317
0.13517428934574127
0.1687379628419876
0.2051301896572113
0.24462977051734924
0.28735336661338806
0.3333185911178589
0.3824556767940521
0.4346359074115753
0.4896754324436188
0.547351062297821
0.6074022054672241
0.6695408821105957
0.7334536910057068
0.7988088726997375
0.8652585744857788
0.9324443936347961
1.0
1.067555546760559
1.1347414255142212
1.2011910676956177
1.266546368598938
1.3304591178894043
1.3925977945327759
1.4526488780975342
1.5103245973587036
1.565364122390747
1.6175442934036255
1.6666814088821411
1.7126466035842896
1.7553702592849731
1.7948697805404663
1.8312619924545288
1.86482572555542
1.896047830581665
1.9257864952087402
1.9555593729019165
1.9876883029937744
0.003082666313275695
0.023938734084367752
0.044440608471632004
0.06748106330633163
0.09397292137145996
0.12444857507944107
0.1591094583272934
0.19802212715148926
0.24113833904266357
0.2883412837982178
0.33945074677467346
0.39424240589141846
0.4524489939212799
0.513771653175354
0.5778805613517761
0.6444228291511536
0.7130234241485596
0.7832912802696228
0.8548210859298706
0.9271979928016663
1.0
1.072801947593689
1.1451789140701294
1.2167086601257324
1.2869765758514404
1.3555771112442017
1.422119379043579
1.486228346824646
1.5475510358810425
1.6057575941085815
1.660549283027649
1.7116587162017822
1.7588616609573364
1.8019778728485107
1.8408905267715454
1.875551462173462
1.90602707862854
1.9325189590454102
1.9555593729019165
1.976061224937439
1.9969173669815063
0.0
0.003082666313275695
0.012311659753322601
0.02763007953763008
0.04894348233938217
0.07612046599388123
0.10899347811937332
0.14735983312129974
0.19098301231861115
0.23959402740001678
0.2928932309150696
0.350551962852478
0.4122147560119629
0.47750142216682434
0.5460094809532166
0.6173165440559387
0.69098299741745
0.7665546536445618
0.8435655236244202
0.9215409159660339
1.0
1.0784591436386108
1.156434416770935
1.233445405960083
1.3090169429779053
1.3826833963394165
1.4539904594421387
1.522498607635498
1.587785243988037
1.649448037147522
1.7071068286895752
1.7604060173034668
1.8090169429779053
1.852640151977539
1.8910064697265625
1.9238795042037964
1.9510564804077148
1.972369909286499
1.9876883029937744
1.9969173669815063
2.0
