2.0
1.9969173669815063
1.9876883029937744
1.972369909286499
1.9510564804077148
1.9238795042037964
1.8910064697265625
1.852640151977539
1.8090169429779053
1.7604060173034668
1.7071068286895752
1.649448037147522
1.587785243988037
1.522498607635498
1.4539904594421387
1.3826833963394165
1.3090169429779053
1.233445405960083
1.156434416770935
1.0784591436386108
1.0
0.9215409159660339
0.8435655236244202
0.7665546536445618
0.69098299741745
0.6173165440559387
0.5460094809532166
0.47750142216682434
0.4122147560119629
0.350551962852478
0.2928932309150696
0.23959402740001678
0.19098301231861115
0.14735983312129974
0.10899347811937332
0.07612046599388123
0.04894348233938217
0.02763007953763008
0.012311659753322601
0.003082666313275695
0.0
1.9969173669815063
1.9760761260986328
1.9555836915969849
1.9325497150421143
1.9060622453689575
1.875589370727539
1.8409301042556763
1.8020180463790894
1.7589014768600464
1.7116974592208862
1.6605863571166992
1.6057924032211304
1.5475831031799316
1.4862573146820068
1.422144889831543
1.3555988073349
1.286994218826294
1.2167221307754517
1.1451878547668457
1.072806477546692
1.0
0.9271934628486633
0.8548120856285095
0.7832779288291931
0.713005781173706
0.6444011926651001
0.577855110168457
0.5137426853179932
0.45241689682006836
0.39420759677886963
0.33941367268562317
0.28830254077911377
0.2410985231399536
0.19798199832439423
0.15906988084316254
0.12441058456897736
0.09393775463104248
0.06745027750730515
0.044416312128305435
0.023923879489302635
0.003082666313275695
1.9876883029937744
1.9555836915969849
1.9258280992507935
1.8961015939712524
1.8648879528045654
1.8313299417495728
1.7949409484863281
1.75544273853302
1.7127188444137573
1.6667518615722656
1.6176118850708008
1.5654276609420776
1.5103832483291626
1.4527019262313843
1.3926444053649902
1.3304988145828247
1.2665786743164062
1.2012156248092651
1.1347578763961792
1.0675638914108276
1.0
0.9324361085891724
0.865242063999176
0.7987843155860901
0.7334213852882385
0.6695011854171753
0.6073555946350098
0.5472981333732605
0.4896167814731598
0.43457233905792236
0.3823881149291992
0.333248108625412
0.28728118538856506
0.24455727636814117
0.20505903661251068
0.16867008805274963
0.13511203229427338
0.10389838367700577
0.07417194545269012
0.044416312128305435
0.012311659753322601
1.972369909286499
1.9325497150421143
1.8961015939712524
1.8610336780548096
1.8259180784225464
1.7897535562515259
1.7519021034240723
1.7119404077529907
1.6696276664733887
1.6248377561569214
1.5775467157363892
1.5278000831604004
1.4757071733474731
1.4214227199554443
1.3651443719863892
1.3070998191833496
1.2475459575653076
1.186759114265442
1.1250338554382324
1.0626760721206665
1.0
0.9373239874839783
0.8749661445617676
0.8132408857345581
0.7524541020393372
0.6929001212120056
0.6348556280136108
0.5785772204399109
0.5242928266525269
0.4721999764442444
0.42245328426361084
0.375162273645401
0.33037230372428894
0.2880595922470093
0.24809792637825012
0.2102465033531189
0.17408190667629242
0.13896627724170685
0.10389838367700577
0.06745027750730515
0.02763007953763008
1.9510564804077148
1.9060622453689575
1.8648879528045654
1.8259180784225464
1.7878592014312744
1.7497279644012451
1.7108235359191895
1.6706454753875732
1.6288692951202393
1.5852892398834229
1.5398074388504028
1.4924001693725586
1.443113088607788
1.3920410871505737
1.339325189590454
1.2851392030715942
1.2296879291534424
1.1731973886489868
1.115912914276123
1.058091640472412
1.0
0.9419083595275879
0.884087085723877
0.8268026113510132
0.7703121304512024
0.7148608565330505
0.6606748700141907
0.6079589128494263
0.5568869113922119
0.5075998902320862
0.46019259095191956
0.41471073031425476
0.37113070487976074
0.32935452461242676
0.28917643427848816
0.25027206540107727
0.2121407389640808
0.17408190667629242
0.13511203229427338
0.09393775463104248
0.04894348233938217
1.9238795042037964
1.875589370727539
1.8313299417495728
1.7897535562515259
1.7497279644012451
1.7103326320648193
1.6708687543869019
1.6308056116104126
1.5897718667984009
1.5475093126296997
1.5038657188415527
1.4587634801864624
1.412196397781372
1.3642085790634155
1.3148921728134155
1.264373779296875
1.2128117084503174
1.1603869199752808
1.1072996854782104
1.0537631511688232
1.0
0.9462368488311768
0.8927003741264343
0.839613139629364
0.7871882319450378
0.735626220703125
0.6851078271865845
0.6357914805412292
0.5878036618232727
0.5412365198135376
0.49613434076309204
0.4524906277656555
0.41022810339927673
0.3691943883895874
0.32913124561309814
0.28966739773750305
0.25027206540107727
0.2102465033531189
0.16867008805274963
0.12441058456897736
0.07612046599388123
1.8910064697265625
1.8409301042556763
1.7949409484863281
1.7519021034240723
1.7108235359191895
1.6708687543869019
1.6313706636428833
1.591800570487976
1.5517678260803223
1.5109840631484985
1.469260573387146
1.426480770111084
1.3825974464416504
1.337613821029663
1.2915810346603394
1.2445849180221558
1.1967436075210571
1.1481976509094238
1.0991077423095703
1.049647569656372
1.0
0.9503524899482727
0.9008922576904297
0.851802408695221
0.8032563924789429
0.7554150223731995
0.7084189057350159
0.6623861789703369
0.6174025535583496
0.573519229888916
0.5307393670082092
0.4890159070491791
0.4482322037220001
0.40819939970970154
0.3686293959617615
0.32913124561309814
0.28917643427848816
0.24809792637825012
0.20505903661251068
0.15906988084316254
0.10899347811937332
1.852640151977539
1.8020180463790894
1.75544273853302
1.7119404077529907
1.6706454753875732
1.6308056116104126
1.591800570487976
1.553122639656067
1.514380693435669
1.4752742052078247
1.4355926513671875
1.3951932191848755
1.3539986610412598
1.3119800090789795
1.2691552639007568
1.2255762815475464
1.1813266277313232
1.1365123987197876
1.0912591218948364
1.0457056760787964
1.0
0.9542943239212036
0.9087408185005188
0.8634876608848572
0.8186733722686768
0.7744237184524536
0.7308447360992432
0.6880200505256653
0.646001398563385
0.6048067212104797
0.5644072890281677
0.5247258543968201
0.48561933636665344
0.4468773603439331
0.40819939970970154
0.3691943883895874
0.32935452461242676
0.2880595922470093
0.24455727636814117
0.19798199832439423
0.14735983312129974
1.8090169429779053
1.7589014768600464
1.7127188444137573
1.6696276664733887
1.6288692951202393
1.5897718667984009
1.5517678260803223
1.514380693435669
1.4772320985794067
1.4400219917297363
1.402530550956726
1.3645989894866943
1.3261293172836304
1.2870690822601318
1.2474101781845093
1.2071768045425415
1.166424036026001
1.1252282857894897
1.083685278892517
1.0419033765792847
1.0
0.9580965638160706
0.9163146615028381
0.874771773815155
0.833575963973999
0.7928231954574585
0.7525898814201355
0.7129309773445129
0.6738707423210144
0.6354010105133057
0.5974693894386292
0.5599779486656189
0.522767961025238
0.48561933636665344
0.4482322037220001
0.41022810339927673
0.37113070487976074
0.33037230372428894
0.28728118538856506
0.2410985231399536
0.19098301231861115
1.7604060173034668
1.7116974592208862
1.6667518615722656
1.6248377561569214
1.5852892398834229
1.5475093126296997
1.5109840631484985
1.4752742052078247
1.4400219917297363
1.404937505722046
1.369800090789795
1.334444284439087
1.2987594604492188
1.2626768350601196
1.2261686325073242
1.1892378330230713
1.1519160270690918
1.1142551898956299
1.0763258934020996
1.0382105112075806
1.0
0.9617894887924194
0.9236740469932556
0.8857448101043701
0.8480839729309082
0.8107621073722839
0.773831307888031
0.7373232245445251
0.7012405395507812
0.6655556559562683
0.6301998496055603
0.5950624942779541
0.5599779486656189
0.5247258543968201
0.4890159070491791
0.4524906277656555
0.41471073031425476
0.375162273645401
0.333248108625412
0.28830254077911377
0.23959402740001678
1.7071068286895752
1.6605863571166992
1.6176118850708008
1.5775467157363892
1.5398074388504028
1.5038657188415527
1.469260573387146
1.4355926513671875
1.402530550956726
1.369800090789795
1.337187647819519
1.3045274019241333
1.2717031240463257
1.2386358976364136
1.2052843570709229
1.171635389328003
1.1377021074295044
1.1035171747207642
1.0691299438476562
1.0346013307571411
1.0
0.9653987288475037
0.930869996547699
0.8964828848838806
0.8622978925704956
0.8283646702766418
0.7947156429290771
0.7613641619682312
0.7282968759536743
0.6954725384712219
0.662812352180481
0.6301998496055603
0.5974693894386292
0.5644072890281677
0.5307393670082092
0.49613434076309204
0.46019259095191956
0.42245328426361084
0.3823881149291992
0.33941367268562317
0.2928932309150696
1.649448037147522
1.6057924032211304
1.5654276609420776
1.5278000831604004
1.4924001693725586
1.4587634801864624
1.426480770111084
1.3951932191848755
1.3645989894866943
1.334444284439087
1.3045274019241333
1.2746883630752563
1.2448101043701172
1.2148091793060303
1.184635877609253
1.1542655229568481
1.1236977577209473
1.0929497480392456
1.06205415725708
1.031054139137268
1.0
0.9689459204673767
0.9379457831382751
0.9070502519607544
0.8763022422790527
0.8457345366477966
0.8153641819953918
0.7851908206939697
0.7551899552345276
0.7253116369247437
0.6954725384712219
0.6655556559562683
0.6354010105133057
0.6048067212104797
0.573519229888916
0.5412365198135376
0.5075998902320862
0.4721999764442444
0.43457233905792236
0.39420759677886963
0.350551962852478
1.587785243988037
1.5475831031799316
1.5103832483291626
1.4757071733474731
1.443113088607788
1.412196397781372
1.3825974464416504
1.3539986610412598
1.3261293172836304
1.2987594604492188
1.2717031240463257
1.2448101043701172
1.2179673910140991
1.1910914182662964
1.164128303527832
1.1370463371276855
1.1098353862762451
1.0825012922286987
1.0550636053085327
1.0275511741638184
1.0
0.9724487662315369
0.9449364542961121
0.9174987077713013
0.8901646137237549
0.8629537224769592
0.835871696472168
0.8089085817337036
0.7820326685905457
0.7551899552345276
0.7282968759536743
0.7012405395507812
0.6738707423210144
0.646001398563385
0.6174025535583496
0.5878036618232727
0.5568869113922119
0.5242928266525269
0.4896167814731598
0.45241689682006836
0.4122147560119629
1.522498607635498
1.4862573146820068
1.4527019262313843
1.4214227199554443
1.3920410871505737
1.3642085790634155
1.337613821029663
1.3119800090789795
1.2870690822601318
1.2626768350601196
1.2386358976364136
1.2148091793060303
1.1910914182662964
1.1674026250839233
1.1436882019042969
1.119913101196289
1.0960612297058105
1.0721300840377808
1.0481297969818115
1.024078369140625
1.0
0.975921630859375
0.9518702030181885
0.9278698563575745
0.9039387702941895
0.8800868988037109
0.8563117980957031
0.8325973749160767
0.8089085817337036
0.7851908206939697
0.7613641619682312
0.7373232245445251
0.7129309773445129
0.6880200505256653
0.6623861789703369
0.6357914805412292
0.6079589128494263
0.5785772204399109
0.5472981333732605
0.5137426853179932
0.47750142216682434
1.4539904594421387
1.422144889831543
1.3926444053649902
1.3651443719863892
1.339325189590454
1.3148921728134155
1.2915810346603394
1.2691552639007568
1.2474101781845093
1.2261686325073242
1.2052843570709229
1.184635877609253
1.164128303527832
1.1436882019042969
1.1232635974884033
1.1028190851211548
1.0823354721069336
1.061805248260498
1.0412315130233765
1.0206246376037598
1.0
0.9793753027915955
0.9587684273719788
0.9381948113441467
0.9176645278930664
0.8971809148788452
0.8767364025115967
0.8563117980957031
0.835871696472168
0.8153641819953918
0.7947156429290771
0.773831307888031
0.7525898814201355
0.7308447360992432
0.7084189057350159
0.6851078271865845
0.6606748700141907
0.6348556280136108
0.6073555946350098
0.577855110168457
0.5460094809532166
1.3826833963394165
1.3555988073349
1.3304988145828247
1.3070998191833496
1.2851392030715942
1.264373779296875
1.2445849180221558
1.2255762815475464
1.2071768045425415
1.1892378330230713
1.171635389328003
1.1542655229568481
1.1370463371276855
1.119913101196289
1.1028190851211548
1.085731029510498
1.0686291456222534
1.0515034198760986
1.0343527793884277
1.0171819925308228
1.0
0.982818067073822
0.9656472206115723
0.9484965801239014
0.9313708543777466
0.914268970489502
0.8971809148788452
0.8800868988037109
0.8629537224769592
0.8457345366477966
0.8283646702766418
0.8107621073722839
0.7928231954574585
0.7744237184524536
0.7554150223731995
0.735626220703125
0.7148608565330505
0.6929001212120056
0.6695011854171753
0.6444011926651001
0.6173165440559387
1.3090169429779053
1.286994218826294
1.2665786743164062
1.2475459575653076
1.2296879291534424
1.2128117084503174
1.1967436075210571
1.1813266277313232
1.166424036026001
1.1519160270690918
1.1377021074295044
1.1236977577209473
1.1098353862762451
1.0960612297058105
1.0823354721069336
1.0686291456222534
1.0549240112304688
1.0412096977233887
1.0274828672409058
1.013744592666626
1.0
0.986255407333374
0.972517192363739
0.9587902426719666
0.9450759291648865
0.9313708543777466
0.9176645278930664
0.9039387702941895
0.8901646137237549
0.8763022422790527
0.8622978925704956
0.8480839729309082
0.833575963973999
0.8186733722686768
0.8032563924789429
0.7871882319450378
0.7703121304512024
0.7524541020393372
0.7334213852882385
0.713005781173706
0.69098299741745
1.233445405960083
1.2167221307754517
1.2012156248092651
1.186759114265442
1.1731973886489868
1.1603869199752808
1.1481976509094238
1.1365123987197876
1.1252282857894897
1.1142551898956299
1.1035171747207642
1.0929497480392456
1.0825012922286987
1.0721300840377808
1.061805248260498
1.0515034198760986
1.0412096977233887
1.0309147834777832
1.020614743232727
1.010309100151062
1.0
0.9896909594535828
0.979385256767273
0.9690852165222168
0.9587902426719666
0.9484965801239014
0.9381948113441467
0.9278698563575745
0.9174987077713013
0.9070502519607544
0.8964828848838806
0.8857448101043701
0.874771773815155
0.8634876608848572
0.851802408695221
0.839613139629364
0.8268026113510132
0.8132408857345581
0.7987843155860901
0.7832779288291931
0.7665546536445618
1.156434416770935
1.1451878547668457
1.1347578763961792
1.1250338554382324
1.115912914276123
1.1072996854782104
1.0991077423095703
1.0912591218948364
1.083685278892517
1.0763258934020996
1.0691299438476562
1.06205415725708
1.0550636053085327
1.0481297969818115
1.0412315130233765
1.0343527793884277
1.0274828672409058
1.020614743232727
1.0137453079223633
1.006873369216919
1.0
0.9931265711784363
0.9862547516822815
0.979385256767273
0.972517192363739
0.9656472206115723
0.9587684273719788
0.9518702030181885
0.9449364542961121
0.9379457831382751
0.930869996547699
0.9236740469932556
0.9163146615028381
0.9087408185005188
0.9008922576904297
0.8927003741264343
0.884087085723877
0.8749661445617676
0.865242063999176
0.8548120856285095
0.8435655236244202
1.0784591436386108
1.072806477546692
1.0675638914108276
1.0626760721206665
1.058091640472412
1.0537631511688232
1.049647569656372
1.0457056760787964
1.0419033765792847
1.0382105112075806
1.0346013307571411
1.031054139137268
1.0275511741638184
1.024078369140625
1.0206246376037598
1.0171819925308228
1.013744592666626
1.010309100151062
1.006873369216919
1.0034370422363281
1.0
0.9965630173683167
0.9931265711784363
0.9896909594535828
0.986255407333374
0.982818067073822
0.9793753027915955
0.975921630859375
0.9724487662315369
0.9689459204673767
0.9653987288475037
0.9617894887924194
0.9580965638160706
0.9542943239212036
0.9503524899482727
0.9462368488311768
0.9419083595275879
0.9373239874839783
0.9324361085891724
0.9271934628486633
0.9215409159660339
1.0
1.0
1.0
1.0
1.0
1.0
1.0
1.0
1.0
1.0
1.0
1.0
1.0
1.0
1.0
1.0
1.0
1.0
1.0
1.0
1.0
1.0
1.0
1.0
1.0
1.0
1.0
1.0
1.0
1.0
1.0
1.0
1.0
1.0
1.0
1.0
1.0
1.0
1.0
1.0
1.0
0.9215409159660339
0.9271934628486633
0.9324361085891724
0.9373239874839783
0.9419083595275879
0.9462368488311768
0.9503524899482727
0.9542943239212036
0.9580965638160706
0.9617894887924194
0.9653987288475037
0.9689459204673767
0.9724487662315369
0.975921630859375
0.9793753027915955
0.982818067073822
0.986255407333374
0.9896909594535828
0.9931265711784363
0.9965630173683167
1.0
1.0034370422363281
1.006873369216919
1.010309100151062
1.013744592666626
1.0171819925308228
1.0206246376037598
1.024078369140625
1.0275511741638184
1.031054139137268
1.0346013307571411
1.0382105112075806
1.0419033765792847
1.0457056760787964
1.049647569656372
1.0537631511688232
1.058091640472412
1.0626760721206665
1.0675638914108276
1.072806477546692
1.0784591436386108
0.8435655236244202
0.8548120856285095
0.865242063999176
0.8749661445617676
0.884087085723877
0.8927003741264343
0.9008922576904297
0.9087408185005188
0.9163146615028381
0.9236740469932556
0.930869996547699
0.9379457831382751
0.9449364542961121
0.9518702030181885
0.9587684273719788
0.9656472206115723
0.972517192363739
0.979385256767273
0.9862547516822815
0.9931265711784363
1.0
1.006873369216919
1.0137453079223633
1.020614743232727
1.0274828672409058
1.0343527793884277
1.0412315130233765
1.0481297969818115
1.0550636053085327
1.06205415725708
1.0691299438476562
1.0763258934020996
1.083685278892517
1.0912591218948364
1.0991077423095703
1.1072996854782104
1.115912914276123
1.1250338554382324
1.1347578763961792
1.1451878547668457
1.156434416770935
0.7665546536445618
0.7832779288291931
0.7987843155860901
0.8132408857345581
0.8268026113510132
0.839613139629364
0.851802408695221
0.8634876608848572
0.874771773815155
0.8857448101043701
0.8964828848838806
0.9070502519607544
0.9174987077713013
0.9278698563575745
0.9381948113441467
0.9484965801239014
0.9587902426719666
0.9690852165222168
0.979385256767273
0.9896909594535828
1.0
1.010309100151062
1.020614743232727
1.0309147834777832
1.0412096977233887
1.0515034198760986
1.061805248260498
1.0721300840377808
1.0825012922286987
1.0929497480392456
1.1035171747207642
1.1142551898956299
1.1252282857894897
1.1365123987197876
1.1481976509094238
1.1603869199752808
1.1731973886489868
1.186759114265442
1.2012156248092651
1.2167221307754517
1.233445405960083
0.69098299741745
0.713005781173706
0.7334213852882385
0.7524541020393372
0.7703121304512024
0.7871882319450378
0.8032563924789429
0.8186733722686768
0.833575963973999
0.8480839729309082
0.8622978925704956
0.8763022422790527
0.8901646137237549
0.9039387702941895
0.9176645278930664
0.9313708543777466
0.9450759291648865
0.9587902426719666
0.972517192363739
0.986255407333374
1.0
1.013744592666626
1.0274828672409058
1.0412096977233887
1.0549240112304688
1.0686291456222534
1.0823354721069336
1.0960612297058105
1.1098353862762451
1.1236977577209473
1.1377021074295044
1.1519160270690918
1.166424036026001
1.1813266277313232
1.1967436075210571
1.2128117084503174
1.2296879291534424
1.2475459575653076
1.2665786743164062
1.286994218826294
1.3090169429779053
0.6173165440559387
0.6444011926651001
0.6695011854171753
0.6929001212120056
0.7148608565330505
0.735626220703125
0.7554150223731995
0.7744237184524536
0.7928231954574585
0.8107621073722839
0.8283646702766418
0.8457345366477966
0.8629537224769592
0.8800868988037109
0.8971809148788452
0.914268970489502
0.9313708543777466
0.9484965801239014
0.9656472206115723
0.982818067073822
1.0
1.0171819925308228
1.0343527793884277
1.0515034198760986
1.0686291456222534
1.085731029510498
1.1028190851211548
1.119913101196289
1.1370463371276855
1.1542655229568481
1.171635389328003
1.1892378330230713
1.2071768045425415
1.2255762815475464
1.2445849180221558
1.264373779296875
1.2851392030715942
1.3070998191833496
1.3304988145828247
1.3555988073349
1.3826833963394165
0.5460094809532166
0.577855110168457
0.6073555946350098
0.6348556280136108
0.6606748700141907
0.6851078271865845
0.7084189057350159
0.7308447360992432
0.7525898814201355
0.773831307888031
0.7947156429290771
0.8153641819953918
0.835871696472168
0.8563117980957031
0.8767364025115967
0.8971809148788452
0.9176645278930664
0.9381948113441467
0.9587684273719788
0.9793753027915955
1.0
1.0206246376037598
1.0412315130233765
1.061805248260498
1.0823354721069336
1.1028190851211548
1.1232635974884033
1.1436882019042969
1.164128303527832
1.184635877609253
1.2052843570709229
1.2261686325073242
1.2474101781845093
1.2691552639007568
1.2915810346603394
1.3148921728134155
1.339325189590454
1.3651443719863892
1.3926444053649902
1.422144889831543
1.4539904594421387
0.47750142216682434
0.5137426853179932
0.5472981333732605
0.5785772204399109
0.6079589128494263
0.6357914805412292
0.6623861789703369
0.6880200505256653
0.7129309773445129
0.7373232245445251
0.7613641619682312
0.7851908206939697
0.8089085817337036
0.8325973749160767
0.8563117980957031
0.8800868988037109
0.9039387702941895
0.9278698563575745
0.9518702030181885
0.975921630859375
1.0
1.024078369140625
1.0481297969818115
1.0721300840377808
1.0960612297058105
1.119913101196289
1.1436882019042969
1.1674026250839233
1.1910914182662964
1.2148091793060303
1.2386358976364136
1.2626768350601196
1.2870690822601318
1.3119800090789795
1.337613821029663
1.3642085790634155
1.3920410871505737
1.4214227199554443
1.4527019262313843
1.4862573146820068
1.522498607635498
0.4122147560119629
0.45241689682006836
0.4896167814731598
0.5242928266525269
0.5568869113922119
0.5878036618232727
0.6174025535583496
0.646001398563385
0.6738707423210144
0.7012405395507812
0.7282968759536743
0.7551899552345276
0.7820326685905457
0.8089085817337036
0.835871696472168
0.8629537224769592
0.8901646137237549
0.9174987077713013
0.9449364542961121
0.9724487662315369
1.0
1.0275511741638184
1.0550636053085327
1.0825012922286987
1.1098353862762451
1.1370463371276855
1.164128303527832
1.1910914182662964
1.2179673910140991
1.2448101043701172
1.2717031240463257
1.2987594604492188
1.3261293172836304
1.3539986610412598
1.3825974464416504
1.412196397781372
1.443113088607788
1.4757071733474731
1.5103832483291626
1.5475831031799316
1.587785243988037
0.350551962852478
0.39420759677886963
0.43457233905792236
0.4721999764442444
0.5075998902320862
0.5412365198135376
0.573519229888916
0.6048067212104797
0.6354010105133057
0.6655556559562683
0.6954725384712219
0.7253116369247437
0.7551899552345276
0.7851908206939697
0.8153641819953918
0.8457345366477966
0.8763022422790527
0.9070502519607544
0.9379457831382751
0.9689459204673767
1.0
1.031054139137268
1.06205415725708
1.0929497480392456
1.1236977577209473
1.1542655229568481
1.184635877609253
1.2148091793060303
1.2448101043701172
1.2746883630752563
1.3045274019241333
1.334444284439087
1.3645989894866943
1.3951932191848755
1.426480770111084
1.4587634801864624
1.4924001693725586
1.5278000831604004
1.5654276609420776
1.6057924032211304
1.649448037147522
0.2928932309150696
0.33941367268562317
0.3823881149291992
0.42245328426361084
0.46019259095191956
0.49613434076309204
0.5307393670082092
0.5644072890281677
0.5974693894386292
0.6301998496055603
0.662812352180481
0.6954725384712219
0.7282968759536743
0.7613641619682312
0.7947156429290771
0.8283646702766418
0.8622978925704956
0.8964828848838806
0.930869996547699
0.9653987288475037
1.0
1.0346013307571411
1.0691299438476562
1.1035171747207642
1.1377021074295044
1.171635389328003
1.2052843570709229
1.2386358976364136
1.2717031240463257
1.3045274019241333
1.337187647819519
1.369800090789795
1.402530550956726
1.4355926513671875
1.469260573387146
1.5038657188415527
1.5398074388504028
1.5775467157363892
1.6176118850708008
1.6605863571166992
1.7071068286895752
0.23959402740001678
0.28830254077911377
0.333248108625412
0.375162273645401
0.41471073031425476
0.4524906277656555
0.4890159070491791
0.5247258543968201
0.5599779486656189
0.5950624942779541
0.6301998496055603
0.6655556559562683
0.7012405395507812
0.7373232245445251
0.773831307888031
0.8107621073722839
0.8480839729309082
0.8857448101043701
0.9236740469932556
0.9617894887924194
1.0
1.0382105112075806
1.0763258934020996
1.1142551898956299
1.1519160270690918
1.1892378330230713
1.2261686325073242
1.2626768350601196
1.2987594604492188
1.334444284439087
1.369800090789795
1.404937505722046
1.4400219917297363
1.4752742052078247
1.5109840631484985
1.5475093126296997
1.5852892398834229
1.6248377561569214
1.6667518615722656
1.7116974592208862
1.7604060173034668
0.19098301231861115
0.2410985231399536
0.28728118538856506
0.33037230372428894
0.37113070487976074
0.41022810339927673
0.4482322037220001
0.48561933636665344
0.522767961025238
0.5599779486656189
0.5974693894386292
0.6354010105133057
0.6738707423210144
0.7129309773445129
0.7525898814201355
0.7928231954574585
0.833575963973999
0.874771773815155
0.9163146615028381
0.9580965638160706
1.0
1.0419033765792847
1.083685278892517
1.1252282857894897
1.166424036026001
1.2071768045425415
1.2474101781845093
1.2870690822601318
1.3261293172836304
1.3645989894866943
1.402530550956726
1.4400219917297363
1.4772320985794067
1.514380693435669
1.5517678260803223
1.5897718667984009
1.6288692951202393
1.6696276664733887
1.7127188444137573
1.7589014768600464
1.8090169429779053
0.14735983312129974
0.19798199832439423
0.24455727636814117
0.2880595922470093
0.32935452461242676
0.3691943883895874
0.40819939970970154
0.4468773603439331
0.48561933636665344
0.5247258543968201
0.5644072890281677
0.6048067212104797
0.646001398563385
0.6880200505256653
0.7308447360992432
0.7744237184524536
0.8186733722686768
0.8634876608848572
0.9087408185005188
0.9542943239212036
1.0
1.0457056760787964
1.0912591218948364
1.1365123987197876
1.1813266277313232
1.2255762815475464
1.2691552639007568
1.3119800090789795
1.3539986610412598
1.3951932191848755
1.4355926513671875
1.4752742052078247
1.514380693435669
1.553122639656067
1.591800570487976
1.6308056116104126
1.6706454753875732
1.7119404077529907
1.75544273853302
1.8020180463790894
1.852640151977539
0.10899347811937332
0.15906988084316254
0.20505903661251068
0.24809792637825012
0.28917643427848816
0.32913124561309814
0.3686293959617615
0.40819939970970154
0.4482322037220001
0.4890159070491791
0.5307393670082092
0.573519229888916
0.6174025535583496
0.6623861789703369
0.7084189057350159
0.7554150223731995
0.8032563924789429
0.851802408695221
0.9008922576904297
0.9503524899482727
1.0
1.049647569656372
1.0991077423095703
1.1481976509094238
1.1967436075210571
1.2445849180221558
1.2915810346603394
1.337613821029663
1.3825974464416504
1.426480770111084
1.469260573387146
1.5109840631484985
1.5517678260803223
1.591800570487976
1.6313706636428833
1.6708687543869019
1.7108235359191895
1.7519021034240723
1.7949409484863281
1.8409301042556763
1.8910064697265625
0.07612046599388123
0.12441058456897736
0.16867008805274963
0.2102465033531189
0.25027206540107727
0.28966739773750305
0.32913124561309814
0.3691943883895874
0.41022810339927673
0.4524906277656555
0.49613434076309204
0.5412365198135376
0.5878036618232727
0.6357914805412292
0.6851078271865845
0.735626220703125
0.7871882319450378
0.839613139629364
0.8927003741264343
0.9462368488311768
1.0
1.0537631511688232
1.1072996854782104
1.1603869199752808
1.2128117084503174
1.264373779296875
1.3148921728134155
1.3642085790634155
1.412196397781372
1.4587634801864624
1.5038657188415527
1.5475093126296997
1.5897718667984009
1.6308056116104126
1.6708687543869019
1.7103326320648193
1.7497279644012451
1.7897535562515259
1.8313299417495728
1.875589370727539
1.9238795042037964
0.04894348233938217
0.09393775463104248
0.13511203229427338
0.17408190667629242
0.2121407389640808
0.25027206540107727
0.28917643427848816
0.32935452461242676
0.37113070487976074
0.41471073031425476
0.46019259095191956
0.5075998902320862
0.5568869113922119
0.6079589128494263
0.6606748700141907
0.7148608565330505
0.7703121304512024
0.8268026113510132
0.884087085723877
0.9419083595275879
1.0
1.058091640472412
1.115912914276123
1.1731973886489868
1.2296879291534424
1.2851392030715942
1.339325189590454
1.3920410871505737
1.443113088607788
1.4924001693725586
1.5398074388504028
1.5852892398834229
1.6288692951202393
1.6706454753875732
1.7108235359191895
1.7497279644012451
1.7878592014312744
1.8259180784225464
1.8648879528045654
1.9060622453689575
1.9510564804077148
0.02763007953763008
0.06745027750730515
0.10389838367700577
0.13896627724170685
0.17408190667629242
0.2102465033531189
0.24809792637825012
0.2880595922470093
0.33037230372428894
0.375162273645401
0.42245328426361084
0.4721999764442444
0.5242928266525269
0.5785772204399109
0.6348556280136108
0.6929001212120056
0.7524541020393372
0.8132408857345581
0.8749661445617676
0.9373239874839783
1.0
1.0626760721206665
1.1250338554382324
1.186759114265442
1.2475459575653076
1.3070998191833496
1.3651443719863892
1.4214227199554443
1.4757071733474731
1.5278000831604004
1.5775467157363892
1.6248377561569214
1.6696276664733887
1.7119404077529907
1.7519021034240723
1.7897535562515259
1.8259180784225464
1.8610336780548096
1.8961015939712524
1.9325497150421143
1.972369909286499
0.012311659753322601
0.044416312128305435
0.07417194545269012
0.10389838367700577
0.13511203229427338
0.16867008805274963
0.20505903661251068
0.24455727636814117
0.28728118538856506
0.333248108625412
0.3823881149291992
0.43457233905792236
0.4896167814731598
0.5472981333732605
0.6073555946350098
0.6695011854171753
0.7334213852882385
0.7987843155860901
0.865242063999176
0.9324361085891724
1.0
1.0675638914108276
1.1347578763961792
1.2012156248092651
1.2665786743164062
1.3304988145828247
1.3926444053649902
1.4527019262313843
1.5103832483291626
1.5654276609420776
1.6176118850708008
1.6667518615722656
1.7127188444137573
1.75544273853302
1.7949409484863281
1.8313299417495728
1.8648879528045654
1.8961015939712524
1.9258280992507935
1.9555836915969849
1.9876883029937744
0.003082666313275695
0.023923879489302635
0.044416312128305435
0.06745027750730515
0.09393775463104248
0.12441058456897736
0.15906988084316254
0.19798199832439423
0.2410985231399536
0.28830254077911377
0.33941367268562317
0.39420759677886963
0.45241689682006836
0.5137426853179932
0.577855110168457
0.6444011926651001
0.713005781173706
0.7832779288291931
0.8548120856285095
0.9271934628486633
1.0
1.072806477546692
1.1451878547668457
1.2167221307754517
1.286994218826294
1.3555988073349
1.422144889831543
1.4862573146820068
1.5475831031799316
1.6057924032211304
1.6605863571166992
1.7116974592208862
1.7589014768600464
1.8020180463790894
1.8409301042556763
1.875589370727539
1.9060622453689575
1.9325497150421143
1.9555836915969849
1.9760761260986328
1.9969173669815063
0.0
0.003082666313275695
0.012311659753322601
0.02763007953763008
0.04894348233938217
0.07612046599388123
0.10899347811937332
0.14735983312129974
0.19098301231861115
0.23959402740001678
0.2928932309150696
0.350551962852478
0.4122147560119629
0.47750142216682434
0.5460094809532166
0.6173165440559387
0.69098299741745
0.7665546536445618
0.8435655236244202
0.9215409159660339
1.0
1.0784591436386108
1.156434416770935
1.233445405960083
1.3090169429779053
1.3826833963394165
1.4539904594421387
1.522498607635498
1.587785243988037
1.649448037147522
1.7071068286895752
1.7604060173034668
1.8090169429779053
1.852640151977539
1.8910064697265625
1.9238795042037964
1.9510564804077148
1.972369909286499
1.9876883029937744
1.9969173669815063
2.0
