2.0
1.9969173669815063
1.9876883029937744
1.972369909286499
1.9510564804077148
1.9238795042037964
1.8910064697265625
1.852640151977539
1.8090169429779053
1.7604060173034668
1.7071068286895752
1.649448037147522
1.587785243988037
1.522498607635498
1.4539904594421387
1.3826833963394165
1.3090169429779053
1.233445405960083
1.156434416770935
1.0784591436386108
1.0
0.9215409159660339
0.8435655236244202
0.7665546536445618
0.69098299741745
0.6173165440559387
0.5460094809532166
0.47750142216682434
0.4122147560119629
0.350551962852478
0.2928932309150696
0.23959402740001678
0.19098301231861115
0.14735983312129974
0.10899347811937332
0.07612046599388123
0.04894348233938217
0.02763007953763008
0.012311659753322601
0.003082666313275695
0.0
1.9969173669815063
1.9760723114013672
1.9555773735046387
1.9325417280197144
1.906053066253662
1.875579595565796
1.840919852256775
1.8020075559616089
1.7588911056518555
1.711687445640564
1.6605767011642456
1.6057833433151245
1.547574758529663
1.4862498044967651
1.4221382141113281
1.355593204498291
1.286989688873291
1.2167185544967651
1.1451855897903442
1.0728052854537964
1.0
0.9271946549415588
0.8548144698143005
0.7832813858985901
0.7130103707313538
0.644406795501709
0.5778617262840271
0.5137502551078796
0.4524252116680145
0.3942166268825531
0.3394233286380768
0.2883125841617584
0.24110886454582214
0.19799241423606873
0.1590801626443863
0.12442044913768768
0.09394688904285431
0.06745827198028564
0.04442262277007103
0.023927737027406693
0.003082666313275695
1.9876883029937744
1.9555773735046387
1.9258172512054443
1.896087646484375
1.864871859550476
1.8313122987747192
1.7949224710464478
1.755423903465271
1.7127001285552979
1.6667336225509644
1.6175943613052368
1.5654112100601196
1.5103679895401
1.4526880979537964
1.3926323652267456
1.3304884433746338
1.2665702104568481
1.201209306716919
1.1347535848617554
1.0675617456436157
1.0
0.9324382543563843
0.8652463555335999
0.798790693283081
0.7334297895431519
0.6695114970207214
0.6073676943778992
0.5473118424415588
0.4896320104598999
0.43458884954452515
0.38240566849708557
0.33326640725135803
0.2872999310493469
0.244576096534729
0.20507751405239105
0.16868771612644196
0.1351282000541687
0.103912353515625
0.07418273389339447
0.04442262277007103
0.012311659753322601
1.972369909286499
1.9325417280197144
1.896087646484375
1.8610154390335083
1.8258966207504272
1.7897299528121948
1.7518771886825562
1.7119150161743164
1.6696022748947144
1.6248128414154053
1.577522873878479
1.5277775526046753
1.4756863117218018
1.4214040040969849
1.3651278018951416
1.3070857524871826
1.2475343942642212
1.1867504119873047
1.1250280141830444
1.0626730918884277
1.0
0.937326967716217
0.8749719858169556
0.8132495880126953
0.752465546131134
0.6929142475128174
0.6348721981048584
0.5785960555076599
0.5243136882781982
0.4722224771976471
0.4224771559238434
0.3751871585845947
0.33039772510528564
0.288085013628006
0.24812278151512146
0.21027007699012756
0.17410336434841156
0.13898462057113647
0.103912353515625
0.06745827198028564
0.02763007953763008
1.9510564804077148
1.906053066253662
1.864871859550476
1.8258966207504272
1.7878339290618896
1.7496999502182007
1.7107938528060913
1.6706149578094482
1.6288387775421143
1.5852593183517456
1.5397785902023315
1.4923728704452515
1.4430879354476929
1.3920183181762695
1.33930504322052
1.285122036933899
1.229673981666565
1.1731867790222168
1.11590576171875
1.0580880641937256
1.0
0.9419119358062744
0.88409423828125
0.8268132209777832
0.7703260779380798
0.7148779630661011
0.66069495677948
0.6079816818237305
0.5569120645523071
0.5076270699501038
0.46022137999534607
0.4147406816482544
0.37116122245788574
0.329384982585907
0.2892061173915863
0.2503000795841217
0.21216608583927155
0.17410336434841156
0.1351282000541687
0.09394688904285431
0.04894348233938217
1.9238795042037964
1.875579595565796
1.8313122987747192
1.7897299528121948
1.7496999502182007
1.7103015184402466
1.6708356142044067
1.630771517753601
1.5897376537322998
1.5474756956100464
1.5038331747055054
1.4587328433990479
1.4121679067611694
1.3641828298568726
1.3148695230484009
1.2643543481826782
1.2127959728240967
1.1603748798370361
1.107291579246521
1.0537590980529785
1.0
0.9462409019470215
0.8927084803581238
0.8396251201629639
0.7872040271759033
0.735645592212677
0.6851305365562439
0.6358172297477722
0.5878320336341858
0.5412672162055969
0.49616679549217224
0.4525243043899536
0.4102623164653778
0.3692284822463989
0.3291643261909485
0.2896984815597534
0.2503000795841217
0.21027007699012756
0.16868771612644196
0.12442044913768768
0.07612046599388123
1.8910064697265625
1.840919852256775
1.7949224710464478
1.7518771886825562
1.7107938528060913
1.6708356142044067
1.6313352584838867
1.5917640924453735
1.5517311096191406
1.5109479427337646
1.4692257642745972
1.4264477491378784
1.3825668096542358
1.3375860452651978
1.2915565967559814
1.2445640563964844
1.1967265605926514
1.1481846570968628
1.099099040031433
1.0496431589126587
1.0
0.9503569006919861
0.9009010195732117
0.851815402507782
0.8032734990119934
0.7554360032081604
0.7084434628486633
0.6624139547348022
0.6174331903457642
0.5735522508621216
0.5307742953300476
0.48905205726623535
0.44826892018318176
0.4082358777523041
0.3686646819114685
0.3291643261909485
0.2892061173915863
0.24812278151512146
0.20507751405239105
0.1590801626443863
0.10899347811937332
1.852640151977539
1.8020075559616089
1.755423903465271
1.7119150161743164
1.6706149578094482
1.630771517753601
1.5917640924453735
1.5530848503112793
1.5143425464630127
1.4752365350723267
1.435556411743164
1.3951588869094849
1.3539667129516602
1.311950922012329
1.2691296339035034
1.2255544662475586
1.1813088655471802
1.1364988088607788
1.0912500619888306
1.0457011461257935
1.0
0.9542989134788513
0.9087499976158142
0.863501250743866
0.8186911940574646
0.7744455933570862
0.7308703660964966
0.6880490183830261
0.6460333466529846
0.6048411726951599
0.5644436478614807
0.5247634053230286
0.4856574237346649
0.4469151198863983
0.4082358777523041
0.3692284822463989
0.329384982585907
0.288085013628006
0.244576096534729
0.19799241423606873
0.14735983312129974
1.8090169429779053
1.7588911056518555
1.7127001285552979
1.6696022748947144
1.6288387775421143
1.5897376537322998
1.5517311096191406
1.5143425464630127
1.4771935939788818
1.4399839639663696
1.4024937152862549
1.364564061164856
1.326096773147583
1.2870395183563232
1.2473840713500977
1.2071545124053955
1.1664059162139893
1.1252144575119019
1.0836759805679321
1.0418987274169922
1.0
0.9581012725830078
0.9163239598274231
0.8747855424880981
0.8335941433906555
0.7928454279899597
0.7526159286499023
0.712960422039032
0.6739031672477722
0.635435938835144
0.5975062251091003
0.5600160360336304
0.5228064656257629
0.4856574237346649
0.44826892018318176
0.4102623164653778
0.37116122245788574
0.33039772510528564
0.2872999310493469
0.24110886454582214
0.19098301231861115
1.7604060173034668
1.711687445640564
1.6667336225509644
1.6248128414154053
1.5852593183517456
1.5474756956100464
1.5109479427337646
1.4752365350723267
1.4399839639663696
1.4048998355865479
1.3697636127471924
1.3344097137451172
1.29872727394104
1.2626475095748901
1.2261428833007812
1.1892157793045044
1.1518980264663696
1.1142414808273315
1.0763167142868042
1.038205862045288
1.0
0.9617941975593567
0.9236832857131958
0.8857585191726685
0.8481020331382751
0.8107842206954956
0.7738571763038635
0.7373524308204651
0.70127272605896
0.6655902862548828
0.6302363276481628
0.5951001644134521
0.5600160360336304
0.5247634053230286
0.48905205726623535
0.4525243043899536
0.4147406816482544
0.3751871585845947
0.33326640725135803
0.2883125841617584
0.23959402740001678
1.7071068286895752
1.6605767011642456
1.6175943613052368
1.577522873878479
1.5397785902023315
1.5038331747055054
1.4692257642745972
1.435556411743164
1.4024937152862549
1.3697636127471924
1.3371522426605225
1.3044939041137695
1.2716718912124634
1.238607406616211
1.2052592039108276
1.1716138124465942
1.1376845836639404
1.1035038232803345
1.06912100315094
1.0345968008041382
1.0
0.9654032588005066
0.9308789968490601
0.8964962363243103
0.8623154163360596
0.828386127948761
0.7947407364845276
0.7613925337791443
0.7283281683921814
0.6955061554908752
0.6628477573394775
0.6302363276481628
0.5975062251091003
0.5644436478614807
0.5307742953300476
0.49616679549217224
0.46022137999534607
0.4224771559238434
0.38240566849708557
0.3394233286380768
0.2928932309150696
1.649448037147522
1.6057833433151245
1.5654112100601196
1.5277775526046753
1.4923728704452515
1.4587328433990479
1.4264477491378784
1.3951588869094849
1.364564061164856
1.3344097137451172
1.3044939041137695
1.2746564149856567
1.2447803020477295
1.2147821187973022
1.1846119165420532
1.1542450189590454
1.1236810684204102
1.0929369926452637
1.0620455741882324
1.0310497283935547
1.0
0.9689502120018005
0.9379543662071228
0.9070630073547363
0.8763189911842346
0.8457549810409546
0.8153880834579468
0.7852178812026978
0.7552196979522705
0.7253435850143433
0.6955061554908752
0.6655902862548828
0.635435938835144
0.6048411726951599
0.5735522508621216
0.5412672162055969
0.5076270699501038
0.4722224771976471
0.43458884954452515
0.3942166268825531
0.350551962852478
1.587785243988037
1.547574758529663
1.5103679895401
1.4756863117218018
1.4430879354476929
1.4121679067611694
1.3825668096542358
1.3539667129516602
1.326096773147583
1.29872727394104
1.2716718912124634
1.2447803020477295
1.2179396152496338
1.1910662651062012
1.164106011390686
1.1370272636413574
1.109819769859314
1.0824893712997437
1.0550556182861328
1.0275471210479736
1.0
0.9724528193473816
0.944944441318512
0.9175106287002563
0.8901801705360413
0.8629727959632874
0.835893988609314
0.8089337348937988
0.7820603251457214
0.7552196979522705
0.7283281683921814
0.70127272605896
0.6739031672477722
0.6460333466529846
0.6174331903457642
0.5878320336341858
0.5569120645523071
0.5243136882781982
0.4896320104598999
0.4524252116680145
0.4122147560119629
1.522498607635498
1.4862498044967651
1.4526880979537964
1.4214040040969849
1.3920183181762695
1.3641828298568726
1.3375860452651978
1.311950922012329
1.2870395183563232
1.2626475095748901
1.238607406616211
1.2147821187973022
1.1910662651062012
1.1673797369003296
1.1436679363250732
1.1198956966400146
1.096047043800354
1.0721193552017212
1.048122525215149
1.024074673652649
1.0
0.9759253263473511
0.9518774747848511
0.9278807044029236
0.903952956199646
0.8801042437553406
0.8563321232795715
0.8326203227043152
0.8089337348937988
0.7852178812026978
0.7613925337791443
0.7373524308204651
0.712960422039032
0.6880490183830261
0.6624139547348022
0.6358172297477722
0.6079816818237305
0.5785960555076599
0.5473118424415588
0.5137502551078796
0.47750142216682434
1.4539904594421387
1.4221382141113281
1.3926323652267456
1.3651278018951416
1.33930504322052
1.3148695230484009
1.2915565967559814
1.2691296339035034
1.2473840713500977
1.2261428833007812
1.2052592039108276
1.1846119165420532
1.164106011390686
1.1436679363250732
1.1232455968856812
1.1028037071228027
1.0823228359222412
1.0617955923080444
1.0412250757217407
1.020621418952942
1.0
0.9793785810470581
0.9587749242782593
0.9382044076919556
0.917677104473114
0.8971962928771973
0.8767544031143188
0.8563321232795715
0.835893988609314
0.8153880834579468
0.7947407364845276
0.7738571763038635
0.7526159286499023
0.7308703660964966
0.7084434628486633
0.6851305365562439
0.66069495677948
0.6348721981048584
0.6073676943778992
0.5778617262840271
0.5460094809532166
1.3826833963394165
1.355593204498291
1.3304884433746338
1.3070857524871826
1.285122036933899
1.2643543481826782
1.2445640563964844
1.2255544662475586
1.2071545124053955
1.1892157793045044
1.1716138124465942
1.1542450189590454
1.1370272636413574
1.1198956966400146
1.1028037071228027
1.085717797279358
1.0686184167861938
1.0514951944351196
1.0343472957611084
1.0171791315078735
1.0
0.9828208684921265
0.9656527638435364
0.9485047459602356
0.9313816428184509
0.9142821431159973
0.8971962928771973
0.8801042437553406
0.8629727959632874
0.8457549810409546
0.828386127948761
0.8107842206954956
0.7928454279899597
0.7744455933570862
0.7554360032081604
0.735645592212677
0.7148779630661011
0.6929142475128174
0.6695114970207214
0.644406795501709
0.6173165440559387
1.3090169429779053
1.286989688873291
1.2665702104568481
1.2475343942642212
1.229673981666565
1.2127959728240967
1.1967265605926514
1.1813088655471802
1.1664059162139893
1.1518980264663696
1.1376845836639404
1.1236810684204102
1.109819769859314
1.096047043800354
1.0823228359222412
1.0686184167861938
1.0549153089523315
1.0412030220031738
1.0274783372879028
1.0137423276901245
1.0
0.9862576723098755
0.9725217223167419
0.9587969779968262
0.9450847506523132
0.9313816428184509
0.917677104473114
0.903952956199646
0.8901801705360413
0.8763189911842346
0.8623154163360596
0.8481020331382751
0.8335941433906555
0.8186911940574646
0.8032734990119934
0.7872040271759033
0.7703260779380798
0.752465546131134
0.7334297895431519
0.7130103707313538
0.69098299741745
1.233445405960083
1.2167185544967651
1.201209306716919
1.1867504119873047
1.1731867790222168
1.1603748798370361
1.1481846570968628
1.1364988088607788
1.1252144575119019
1.1142414808273315
1.1035038232803345
1.0929369926452637
1.0824893712997437
1.0721193552017212
1.0617955923080444
1.0514951944351196
1.0412030220031738
1.0309096574783325
1.02061128616333
1.0103073120117188
1.0
0.9896926879882812
0.9793887138366699
0.9690902829170227
0.9587969779968262
0.9485047459602356
0.9382044076919556
0.9278807044029236
0.9175106287002563
0.9070630073547363
0.8964962363243103
0.8857585191726685
0.8747855424880981
0.863501250743866
0.851815402507782
0.8396251201629639
0.8268132209777832
0.8132495880126953
0.798790693283081
0.7832813858985901
0.7665546536445618
1.156434416770935
1.1451855897903442
1.1347535848617554
1.1250280141830444
1.11590576171875
1.107291579246521
1.099099040031433
1.0912500619888306
1.0836759805679321
1.0763167142868042
1.06912100315094
1.0620455741882324
1.0550556182861328
1.048122525215149
1.0412250757217407
1.0343472957611084
1.0274783372879028
1.02061128616333
1.0137429237365723
1.006872296333313
1.0
0.9931277632713318
0.9862570762634277
0.9793887138366699
0.9725217223167419
0.9656527638435364
0.9587749242782593
0.9518774747848511
0.944944441318512
0.9379543662071228
0.9308789968490601
0.9236832857131958
0.9163239598274231
0.9087499976158142
0.9009010195732117
0.8927084803581238
0.88409423828125
0.8749719858169556
0.8652463555335999
0.8548144698143005
0.8435655236244202
1.0784591436386108
1.0728052854537964
1.0675617456436157
1.0626730918884277
1.0580880641937256
1.0537590980529785
1.0496431589126587
1.0457011461257935
1.0418987274169922
1.038205862045288
1.0345968008041382
1.0310497283935547
1.0275471210479736
1.024074673652649
1.020621418952942
1.0171791315078735
1.0137423276901245
1.0103073120117188
1.006872296333313
1.0034364461898804
1.0
0.9965636134147644
0.9931277632713318
0.9896926879882812
0.9862576723098755
0.9828208684921265
0.9793785810470581
0.9759253263473511
0.9724528193473816
0.9689502120018005
0.9654032588005066
0.9617941975593567
0.9581012725830078
0.9542989134788513
0.9503569006919861
0.9462409019470215
0.9419119358062744
0.937326967716217
0.9324382543563843
0.9271946549415588
0.9215409159660339
1.0
1.0
1.0
1.0
1.0
1.0
1.0
1.0
1.0
1.0
1.0
1.0
1.0
1.0
1.0
1.0
1.0
1.0
1.0
1.0
1.0
1.0
1.0
1.0
1.0
1.0
1.0
1.0
1.0
1.0
1.0
1.0
1.0
1.0
1.0
1.0
1.0
1.0
1.0
1.0
1.0
0.9215409159660339
0.9271946549415588
0.9324382543563843
0.937326967716217
0.9419119358062744
0.9462409019470215
0.9503569006919861
0.9542989134788513
0.9581012725830078
0.9617941975593567
0.9654032588005066
0.9689502120018005
0.9724528193473816
0.9759253263473511
0.9793785810470581
0.9828208684921265
0.9862576723098755
0.9896926879882812
0.9931277632713318
0.9965636134147644
1.0
1.0034364461898804
1.006872296333313
1.0103073120117188
1.0137423276901245
1.0171791315078735
1.020621418952942
1.024074673652649
1.0275471210479736
1.0310497283935547
1.0345968008041382
1.038205862045288
1.0418987274169922
1.0457011461257935
1.0496431589126587
1.0537590980529785
1.0580880641937256
1.0626730918884277
1.0675617456436157
1.0728052854537964
1.0784591436386108
0.8435655236244202
0.8548144698143005
0.8652463555335999
0.8749719858169556
0.88409423828125
0.8927084803581238
0.9009010195732117
0.9087499976158142
0.9163239598274231
0.9236832857131958
0.9308789968490601
0.9379543662071228
0.944944441318512
0.9518774747848511
0.9587749242782593
0.9656527638435364
0.9725217223167419
0.9793887138366699
0.9862570762634277
0.9931277632713318
1.0
1.006872296333313
1.0137429237365723
1.02061128616333
1.0274783372879028
1.0343472957611084
1.0412250757217407
1.048122525215149
1.0550556182861328
1.0620455741882324
1.06912100315094
1.0763167142868042
1.0836759805679321
1.0912500619888306
1.099099040031433
1.107291579246521
1.11590576171875
1.1250280141830444
1.1347535848617554
1.1451855897903442
1.156434416770935
0.7665546536445618
0.7832813858985901
0.798790693283081
0.8132495880126953
0.8268132209777832
0.8396251201629639
0.851815402507782
0.863501250743866
0.8747855424880981
0.8857585191726685
0.8964962363243103
0.9070630073547363
0.9175106287002563
0.9278807044029236
0.9382044076919556
0.9485047459602356
0.9587969779968262
0.9690902829170227
0.9793887138366699
0.9896926879882812
1.0
1.0103073120117188
1.02061128616333
1.0309096574783325
1.0412030220031738
1.0514951944351196
1.0617955923080444
1.0721193552017212
1.0824893712997437
1.0929369926452637
1.1035038232803345
1.1142414808273315
1.1252144575119019
1.1364988088607788
1.1481846570968628
1.1603748798370361
1.1731867790222168
1.1867504119873047
1.201209306716919
1.2167185544967651
1.233445405960083
0.69098299741745
0.7130103707313538
0.7334297895431519
0.752465546131134
0.7703260779380798
0.7872040271759033
0.8032734990119934
0.8186911940574646
0.8335941433906555
0.8481020331382751
0.8623154163360596
0.8763189911842346
0.8901801705360413
0.903952956199646
0.917677104473114
0.9313816428184509
0.9450847506523132
0.9587969779968262
0.9725217223167419
0.9862576723098755
1.0
1.0137423276901245
1.0274783372879028
1.0412030220031738
1.0549153089523315
1.0686184167861938
1.0823228359222412
1.096047043800354
1.109819769859314
1.1236810684204102
1.1376845836639404
1.1518980264663696
1.1664059162139893
1.1813088655471802
1.1967265605926514
1.2127959728240967
1.229673981666565
1.2475343942642212
1.2665702104568481
1.286989688873291
1.3090169429779053
0.6173165440559387
0.644406795501709
0.6695114970207214
0.6929142475128174
0.7148779630661011
0.735645592212677
0.7554360032081604
0.7744455933570862
0.7928454279899597
0.8107842206954956
0.828386127948761
0.8457549810409546
0.8629727959632874
0.8801042437553406
0.8971962928771973
0.9142821431159973
0.9313816428184509
0.9485047459602356
0.9656527638435364
0.9828208684921265
1.0
1.0171791315078735
1.0343472957611084
1.0514951944351196
1.0686184167861938
1.085717797279358
1.1028037071228027
1.1198956966400146
1.1370272636413574
1.1542450189590454
1.1716138124465942
1.1892157793045044
1.2071545124053955
1.2255544662475586
1.2445640563964844
1.2643543481826782
1.285122036933899
1.3070857524871826
1.3304884433746338
1.355593204498291
1.3826833963394165
0.5460094809532166
0.5778617262840271
0.6073676943778992
0.6348721981048584
0.66069495677948
0.6851305365562439
0.7084434628486633
0.7308703660964966
0.7526159286499023
0.7738571763038635
0.7947407364845276
0.8153880834579468
0.835893988609314
0.8563321232795715
0.8767544031143188
0.8971962928771973
0.917677104473114
0.9382044076919556
0.9587749242782593
0.9793785810470581
1.0
1.020621418952942
1.0412250757217407
1.0617955923080444
1.0823228359222412
1.1028037071228027
1.1232455968856812
1.1436679363250732
1.164106011390686
1.1846119165420532
1.2052592039108276
1.2261428833007812
1.2473840713500977
1.2691296339035034
1.2915565967559814
1.3148695230484009
1.33930504322052
1.3651278018951416
1.3926323652267456
1.4221382141113281
1.4539904594421387
0.47750142216682434
0.5137502551078796
0.5473118424415588
0.5785960555076599
0.6079816818237305
0.6358172297477722
0.6624139547348022
0.6880490183830261
0.712960422039032
0.7373524308204651
0.7613925337791443
0.7852178812026978
0.8089337348937988
0.8326203227043152
0.8563321232795715
0.8801042437553406
0.903952956199646
0.9278807044029236
0.9518774747848511
0.9759253263473511
1.0
1.024074673652649
1.048122525215149
1.0721193552017212
1.096047043800354
1.1198956966400146
1.1436679363250732
1.1673797369003296
1.1910662651062012
1.2147821187973022
1.238607406616211
1.2626475095748901
1.2870395183563232
1.311950922012329
1.3375860452651978
1.3641828298568726
1.3920183181762695
1.4214040040969849
1.4526880979537964
1.4862498044967651
1.522498607635498
0.4122147560119629
0.4524252116680145
0.4896320104598999
0.5243136882781982
0.5569120645523071
0.5878320336341858
0.6174331903457642
0.6460333466529846
0.6739031672477722
0.70127272605896
0.7283281683921814
0.7552196979522705
0.7820603251457214
0.8089337348937988
0.835893988609314
0.8629727959632874
0.8901801705360413
0.9175106287002563
0.944944441318512
0.9724528193473816
1.0
1.0275471210479736
1.0550556182861328
1.0824893712997437
1.109819769859314
1.1370272636413574
1.164106011390686
1.1910662651062012
1.2179396152496338
1.2447803020477295
1.2716718912124634
1.29872727394104
1.326096773147583
1.3539667129516602
1.3825668096542358
1.4121679067611694
1.4430879354476929
1.4756863117218018
1.5103679895401
1.547574758529663
1.587785243988037
0.350551962852478
0.3942166268825531
0.43458884954452515
0.4722224771976471
0.5076270699501038
0.5412672162055969
0.5735522508621216
0.6048411726951599
0.635435938835144
0.6655902862548828
0.6955061554908752
0.7253435850143433
0.7552196979522705
0.7852178812026978
0.8153880834579468
0.8457549810409546
0.8763189911842346
0.9070630073547363
0.9379543662071228
0.9689502120018005
1.0
1.0310497283935547
1.0620455741882324
1.0929369926452637
1.1236810684204102
1.1542450189590454
1.1846119165420532
1.2147821187973022
1.2447803020477295
1.2746564149856567
1.3044939041137695
1.3344097137451172
1.364564061164856
1.3951588869094849
1.4264477491378784
1.4587328433990479
1.4923728704452515
1.5277775526046753
1.5654112100601196
1.6057833433151245
1.649448037147522
0.2928932309150696
0.3394233286380768
0.38240566849708557
0.4224771559238434
0.46022137999534607
0.49616679549217224
0.5307742953300476
0.5644436478614807
0.5975062251091003
0.6302363276481628
0.6628477573394775
0.6955061554908752
0.7283281683921814
0.7613925337791443
0.7947407364845276
0.828386127948761
0.8623154163360596
0.8964962363243103
0.9308789968490601
0.9654032588005066
1.0
1.0345968008041382
1.06912100315094
1.1035038232803345
1.1376845836639404
1.1716138124465942
1.2052592039108276
1.238607406616211
1.2716718912124634
1.3044939041137695
1.3371522426605225
1.3697636127471924
1.4024937152862549
1.435556411743164
1.4692257642745972
1.5038331747055054
1.5397785902023315
1.577522873878479
1.6175943613052368
1.6605767011642456
1.7071068286895752
0.23959402740001678
0.2883125841617584
0.33326640725135803
0.3751871585845947
0.4147406816482544
0.4525243043899536
0.48905205726623535
0.5247634053230286
0.5600160360336304
0.5951001644134521
0.6302363276481628
0.6655902862548828
0.70127272605896
0.7373524308204651
0.7738571763038635
0.8107842206954956
0.8481020331382751
0.8857585191726685
0.9236832857131958
0.9617941975593567
1.0
1.038205862045288
1.0763167142868042
1.1142414808273315
1.1518980264663696
1.1892157793045044
1.2261428833007812
1.2626475095748901
1.29872727394104
1.3344097137451172
1.3697636127471924
1.4048998355865479
1.4399839639663696
1.4752365350723267
1.5109479427337646
1.5474756956100464
1.5852593183517456
1.6248128414154053
1.6667336225509644
1.711687445640564
1.7604060173034668
0.19098301231861115
0.24110886454582214
0.2872999310493469
0.33039772510528564
0.37116122245788574
0.4102623164653778
0.44826892018318176
0.4856574237346649
0.5228064656257629
0.5600160360336304
0.5975062251091003
0.635435938835144
0.6739031672477722
0.712960422039032
0.7526159286499023
0.7928454279899597
0.8335941433906555
0.8747855424880981
0.9163239598274231
0.9581012725830078
1.0
1.0418987274169922
1.0836759805679321
1.1252144575119019
1.1664059162139893
1.2071545124053955
1.2473840713500977
1.2870395183563232
1.326096773147583
1.364564061164856
1.4024937152862549
1.4399839639663696
1.4771935939788818
1.5143425464630127
1.5517311096191406
1.5897376537322998
1.6288387775421143
1.6696022748947144
1.7127001285552979
1.7588911056518555
1.8090169429779053
0.14735983312129974
0.19799241423606873
0.244576096534729
0.288085013628006
0.329384982585907
0.3692284822463989
0.4082358777523041
0.4469151198863983
0.4856574237346649
0.5247634053230286
0.5644436478614807
0.6048411726951599
0.6460333466529846
0.6880490183830261
0.7308703660964966
0.7744455933570862
0.8186911940574646
0.863501250743866
0.9087499976158142
0.9542989134788513
1.0
1.0457011461257935
1.0912500619888306
1.1364988088607788
1.1813088655471802
1.2255544662475586
1.2691296339035034
1.311950922012329
1.3539667129516602
1.3951588869094849
1.435556411743164
1.4752365350723267
1.5143425464630127
1.5530848503112793
1.5917640924453735
1.630771517753601
1.6706149578094482
1.7119150161743164
1.755423903465271
1.8020075559616089
1.852640151977539
0.10899347811937332
0.1590801626443863
0.20507751405239105
0.24812278151512146
0.2892061173915863
0.3291643261909485
0.3686646819114685
0.4082358777523041
0.44826892018318176
0.48905205726623535
0.5307742953300476
0.5735522508621216
0.6174331903457642
0.6624139547348022
0.7084434628486633
0.7554360032081604
0.8032734990119934
0.851815402507782
0.9009010195732117
0.9503569006919861
1.0
1.0496431589126587
1.099099040031433
1.1481846570968628
1.1967265605926514
1.2445640563964844
1.2915565967559814
1.3375860452651978
1.3825668096542358
1.4264477491378784
1.4692257642745972
1.5109479427337646
1.5517311096191406
1.5917640924453735
1.6313352584838867
1.6708356142044067
1.7107938528060913
1.7518771886825562
1.7949224710464478
1.840919852256775
1.8910064697265625
0.07612046599388123
0.12442044913768768
0.16868771612644196
0.21027007699012756
0.2503000795841217
0.2896984815597534
0.3291643261909485
0.3692284822463989
0.4102623164653778
0.4525243043899536
0.49616679549217224
0.5412672162055969
0.5878320336341858
0.6358172297477722
0.6851305365562439
0.735645592212677
0.7872040271759033
0.8396251201629639
0.8927084803581238
0.9462409019470215
1.0
1.0537590980529785
1.107291579246521
1.1603748798370361
1.2127959728240967
1.2643543481826782
1.3148695230484009
1.3641828298568726
1.4121679067611694
1.4587328433990479
1.5038331747055054
1.5474756956100464
1.5897376537322998
1.630771517753601
1.6708356142044067
1.7103015184402466
1.7496999502182007
1.7897299528121948
1.8313122987747192
1.875579595565796
1.9238795042037964
0.04894348233938217
0.09394688904285431
0.1351282000541687
0.17410336434841156
0.21216608583927155
0.2503000795841217
0.2892061173915863
0.329384982585907
0.37116122245788574
0.4147406816482544
0.46022137999534607
0.5076270699501038
0.5569120645523071
0.6079816818237305
0.66069495677948
0.7148779630661011
0.7703260779380798
0.8268132209777832
0.88409423828125
0.9419119358062744
1.0
1.0580880641937256
1.11590576171875
1.1731867790222168
1.229673981666565
1.285122036933899
1.33930504322052
1.3920183181762695
1.4430879354476929
1.4923728704452515
1.5397785902023315
1.5852593183517456
1.6288387775421143
1.6706149578094482
1.7107938528060913
1.7496999502182007
1.7878339290618896
1.8258966207504272
1.864871859550476
1.906053066253662
1.9510564804077148
0.02763007953763008
0.06745827198028564
0.103912353515625
0.13898462057113647
0.17410336434841156
0.21027007699012756
0.24812278151512146
0.288085013628006
0.33039772510528564
0.3751871585845947
0.4224771559238434
0.4722224771976471
0.5243136882781982
0.5785960555076599
0.6348721981048584
0.6929142475128174
0.752465546131134
0.8132495880126953
0.8749719858169556
0.937326967716217
1.0
1.0626730918884277
1.1250280141830444
1.1867504119873047
1.2475343942642212
1.3070857524871826
1.3651278018951416
1.4214040040969849
1.4756863117218018
1.5277775526046753
1.577522873878479
1.6248128414154053
1.6696022748947144
1.7119150161743164
1.7518771886825562
1.7897299528121948
1.8258966207504272
1.8610154390335083
1.896087646484375
1.9325417280197144
1.972369909286499
0.012311659753322601
0.04442262277007103
0.07418273389339447
0.103912353515625
0.1351282000541687
0.16868771612644196
0.20507751405239105
0.244576096534729
0.2872999310493469
0.33326640725135803
0.38240566849708557
0.43458884954452515
0.4896320104598999
0.5473118424415588
0.6073676943778992
0.6695114970207214
0.7334297895431519
0.798790693283081
0.8652463555335999
0.9324382543563843
1.0
1.0675617456436157
1.1347535848617554
1.201209306716919
1.2665702104568481
1.3304884433746338
1.3926323652267456
1.4526880979537964
1.5103679895401
1.5654112100601196
1.6175943613052368
1.6667336225509644
1.7127001285552979
1.755423903465271
1.7949224710464478
1.8313122987747192
1.864871859550476
1.896087646484375
1.9258172512054443
1.9555773735046387
1.9876883029937744
0.003082666313275695
0.023927737027406693
0.04442262277007103
0.06745827198028564
0.09394688904285431
0.12442044913768768
0.1590801626443863
0.19799241423606873
0.24110886454582214
0.2883125841617584
0.3394233286380768
0.3942166268825531
0.4524252116680145
0.5137502551078796
0.5778617262840271
0.644406795501709
0.7130103707313538
0.7832813858985901
0.8548144698143005
0.9271946549415588
1.0
1.0728052854537964
1.1451855897903442
1.2167185544967651
1.286989688873291
1.355593204498291
1.4221382141113281
1.4862498044967651
1.547574758529663
1.6057833433151245
1.6605767011642456
1.711687445640564
1.7588911056518555
1.8020075559616089
1.840919852256775
1.875579595565796
1.906053066253662
1.9325417280197144
1.9555773735046387
1.9760723114013672
1.9969173669815063
0.0
0.003082666313275695
0.012311659753322601
0.02763007953763008
0.04894348233938217
0.07612046599388123
0.10899347811937332
0.14735983312129974
0.19098301231861115
0.23959402740001678
0.2928932309150696
0.350551962852478
0.4122147560119629
0.47750142216682434
0.5460094809532166
0.6173165440559387
0.69098299741745
0.7665546536445618
0.8435655236244202
0.9215409159660339
1.0
1.0784591436386108
1.156434416770935
1.233445405960083
1.3090169429779053
1.3826833963394165
1.4539904594421387
1.522498607635498
1.587785243988037
1.649448037147522
1.7071068286895752
1.7604060173034668
1.8090169429779053
1.852640151977539
1.8910064697265625
1.9238795042037964
1.9510564804077148
1.972369909286499
1.9876883029937744
1.9969173669815063
2.0
