2.0
1.9969173669815063
1.9876883029937744
1.972369909286499
1.9510564804077148
1.9238795042037964
1.8910064697265625
1.852640151977539
1.8090169429779053
1.7604060173034668
1.7071068286895752
1.649448037147522
1.587785243988037
1.522498607635498
1.4539904594421387
1.3826833963394165
1.3090169429779053
1.233445405960083
1.156434416770935
1.0784591436386108
1.0
0.9215409159660339
0.8435655236244202
0.7665546536445618
0.69098299741745
0.6173165440559387
0.5460094809532166
0.47750142216682434
0.4122147560119629
0.350551962852478
0.2928932309150696
0.23959402740001678
0.19098301231861115
0.14735983312129974
0.10899347811937332
0.07612046599388123
0.04894348233938217
0.02763007953763008
0.012311659753322601
0.003082666313275695
0.0
1.9969173669815063
1.9760522842407227
1.9555447101593018
1.9325003623962402
1.906005859375
1.8755284547805786
1.8408666849136353
1.801953673362732
1.7588375806808472
1.7116353511810303
1.6605268716812134
1.6057366132736206
1.5475316047668457
1.486210823059082
1.4221041202545166
1.3555641174316406
1.2869659662246704
1.2167006731033325
1.14517343044281
1.0727992057800293
1.0
0.9272007346153259
0.8548265695571899
0.7832993865013123
0.7130340337753296
0.6444359421730042
0.5778959393501282
0.5137891173362732
0.4524683654308319
0.39426344633102417
0.3394731283187866
0.2883647084236145
0.24116237461566925
0.19804634153842926
0.15913334488868713
0.124471515417099
0.0939941480755806
0.06749965250492096
0.04445527493953705
0.0239477027207613
0.003082666313275695
1.9876883029937744
1.9555447101593018
1.9257614612579346
1.8960154056549072
1.8647881746292114
1.831221103668213
1.794826865196228
1.755326509475708
1.7126030921936035
1.6666388511657715
1.6175035238265991
1.5653257369995117
1.510289192199707
1.4526169300079346
1.392569661140442
1.3304351568222046
1.2665268182754517
1.2011762857437134
1.134731411933899
1.067550539970398
1.0
0.9324494004249573
0.8652685880661011
0.7988237142562866
0.7334731817245483
0.6695648431777954
0.6074303388595581
0.5473830699920654
0.48971083760261536
0.4346742630004883
0.3824964463710785
0.33336111903190613
0.28739693760871887
0.24467352032661438
0.20517313480377197
0.1687789410352707
0.13521187007427216
0.10398459434509277
0.07423858344554901
0.04445527493953705
0.012311659753322601
1.972369909286499
1.9325003623962402
1.8960154056549072
1.8609204292297363
1.825785517692566
1.7896078824996948
1.7517485618591309
1.7117834091186523
1.6694707870483398
1.6246840953826904
1.5773992538452148
1.5276609659194946
1.4755786657333374
1.4213066101074219
1.3650420904159546
1.307012677192688
1.2474749088287354
1.1867051124572754
1.124997615814209
1.0626577138900757
1.0
0.9373422265052795
0.8750024437904358
0.8132948279380798
0.7525250315666199
0.692987322807312
0.6349579691886902
0.5786933898925781
0.5244213342666626
0.472339004278183
0.42260080575942993
0.3753158748149872
0.33052921295166016
0.28821665048599243
0.24825142323970795
0.21039210259914398
0.1742144525051117
0.1390795260667801
0.10398459434509277
0.06749965250492096
0.02763007953763008
1.9510564804077148
1.906005859375
1.8647881746292114
1.825785517692566
1.7877027988433838
1.749554991722107
1.7106404304504395
1.670457363128662
1.6286808252334595
1.5851043462753296
1.5396294593811035
1.4922322034835815
1.4429577589035034
1.3919004201889038
1.3392012119293213
1.2850334644317627
1.2296017408370972
1.1731319427490234
1.1158688068389893
1.0580694675445557
1.0
0.9419305324554443
0.8841311931610107
0.8268680572509766
0.7703981995582581
0.7149665355682373
0.6607987880706787
0.6080995202064514
0.5570423007011414
0.5077678561210632
0.4603704810142517
0.414895623922348
0.37131914496421814
0.3295426070690155
0.28935956954956055
0.2504449486732483
0.21229715645313263
0.1742144525051117
0.13521187007427216
0.0939941480755806
0.04894348233938217
1.9238795042037964
1.8755284547805786
1.831221103668213
1.7896078824996948
1.749554991722107
1.710140585899353
1.6706645488739014
1.6305952072143555
1.5895605087280273
1.5473015308380127
1.5036653280258179
1.4585740566253662
1.4120209217071533
1.3640495538711548
1.3147519826889038
1.2642542123794556
1.2127143144607544
1.1603127717971802
1.1072497367858887
1.053737998008728
1.0
0.9462619423866272
0.8927502632141113
0.8396872878074646
0.7872856855392456
0.7357458472251892
0.6852480173110962
0.6359503865242004
0.5879790782928467
0.5414259433746338
0.49633467197418213
0.4526984691619873
0.41043949127197266
0.3694048225879669
0.329335480928421
0.289859414100647
0.2504449486732483
0.21039210259914398
0.1687789410352707
0.124471515417099
0.07612046599388123
1.8910064697265625
1.8408666849136353
1.794826865196228
1.7517485618591309
1.7106404304504395
1.6706645488739014
1.6311527490615845
1.5915755033493042
1.5515410900115967
1.51076078414917
1.4690450429916382
1.4262768030166626
1.3824082612991333
1.3374422788619995
1.2914296388626099
1.2444556951522827
1.1966382265090942
1.1481174230575562
1.0990537405014038
1.0496203899383545
1.0
0.9503796696662903
0.9009462594985962
0.8518825769424438
0.8033617734909058
0.7555443048477173
0.7085703611373901
0.6625577211380005
0.6175917387008667
0.5737232565879822
0.5309549570083618
0.4892392158508301
0.4484589099884033
0.4084245562553406
0.3688473105430603
0.329335480928421
0.28935956954956055
0.24825142323970795
0.20517313480377197
0.15913334488868713
0.10899347811937332
1.852640151977539
1.801953673362732
1.755326509475708
1.7117834091186523
1.670457363128662
1.6305952072143555
1.5915755033493042
1.5528894662857056
1.5141454935073853
1.4750421047210693
1.4353684186935425
1.3949806690216064
1.3538012504577637
1.3118009567260742
1.2689971923828125
1.2254412174224854
1.1812164783477783
1.1364284753799438
1.091202735900879
1.0456773042678833
1.0
0.9543226957321167
0.9087973237037659
0.8635715246200562
0.8187835216522217
0.7745587825775146
0.7310028672218323
0.6881990432739258
0.6461986899375916
0.6050193309783936
0.5646316409111023
0.5249578952789307
0.48585453629493713
0.44711047410964966
0.4084245562553406
0.3694048225879669
0.3295426070690155
0.28821665048599243
0.24467352032661438
0.19804634153842926
0.14735983312129974
1.8090169429779053
1.7588375806808472
1.7126030921936035
1.6694707870483398
1.6286808252334595
1.5895605087280273
1.5515410900115967
1.5141454935073853
1.4769943952560425
1.4397871494293213
1.4023032188415527
1.364383339881897
1.3259289264678955
1.2868871688842773
1.2472493648529053
1.207039475440979
1.1663119792938232
1.1251429319381714
1.0836278200149536
1.0418745279312134
1.0
0.9581255316734314
0.9163721799850464
0.8748570680618286
0.8336880207061768
0.792960524559021
0.7527506351470947
0.7131128311157227
0.6740710735321045
0.635616660118103
0.5976967215538025
0.5602128505706787
0.5230056643486023
0.48585453629493713
0.4484589099884033
0.41043949127197266
0.37131914496421814
0.33052921295166016
0.28739693760871887
0.24116237461566925
0.19098301231861115
1.7604060173034668
1.7116353511810303
1.6666388511657715
1.6246840953826904
1.5851043462753296
1.5473015308380127
1.51076078414917
1.4750421047210693
1.4397871494293213
1.4047051668167114
1.369575023651123
1.3342305421829224
1.2985607385635376
1.2624962329864502
1.2260090112686157
1.1891014575958252
1.1518046855926514
1.1141704320907593
1.0762687921524048
1.0381817817687988
1.0
0.961818277835846
0.9237312078475952
0.8858296275138855
0.8481953740119934
0.8108985424041748
0.7739909291267395
0.7375037670135498
0.7014392614364624
0.6657693982124329
0.630424976348877
0.5952948331832886
0.5602128505706787
0.5249578952789307
0.4892392158508301
0.4526984691619873
0.414895623922348
0.3753158748149872
0.33336111903190613
0.2883647084236145
0.23959402740001678
1.7071068286895752
1.6605268716812134
1.6175035238265991
1.5773992538452148
1.5396294593811035
1.5036653280258179
1.4690450429916382
1.4353684186935425
1.4023032188415527
1.369575023651123
1.3369693756103516
1.304319977760315
1.271510124206543
1.2384604215621948
1.2051291465759277
1.1715025901794434
1.1375937461853027
1.1034345626831055
1.0690743923187256
1.0345733165740967
1.0
0.9654266834259033
0.9309256076812744
0.8965653777122498
0.8624062538146973
0.8284973502159119
0.7948707938194275
0.7615395784378052
0.728489875793457
0.6956799626350403
0.6630306839942932
0.630424976348877
0.5976967215538025
0.5646316409111023
0.5309549570083618
0.49633467197418213
0.4603704810142517
0.42260080575942993
0.3824964463710785
0.3394731283187866
0.2928932309150696
1.649448037147522
1.6057366132736206
1.5653257369995117
1.5276609659194946
1.4922322034835815
1.4585740566253662
1.4262768030166626
1.3949806690216064
1.364383339881897
1.3342305421829224
1.304319977760315
1.2744910717010498
1.2446264028549194
1.2146421670913696
1.18448805809021
1.1541390419006348
1.1235945224761963
1.092871069908142
1.0620012283325195
1.0310274362564087
1.0
0.9689726233482361
0.9379988312721252
0.9071289300918579
0.8764054775238037
0.8458608984947205
0.81551194190979
0.7853578329086304
0.7553735375404358
0.7255088686943054
0.6956799626350403
0.6657693982124329
0.635616660118103
0.6050193309783936
0.5737232565879822
0.5414259433746338
0.5077678561210632
0.472339004278183
0.4346742630004883
0.39426344633102417
0.350551962852478
1.587785243988037
1.5475316047668457
1.510289192199707
1.4755786657333374
1.4429577589035034
1.4120209217071533
1.3824082612991333
1.3538012504577637
1.3259289264678955
1.2985607385635376
1.271510124206543
1.2446264028549194
1.2177963256835938
1.1909358501434326
1.1639906167984009
1.1369284391403198
1.1097391843795776
1.0824278593063354
1.0550141334533691
1.0275262594223022
1.0
0.972473680973053
0.9449858665466309
0.9175720810890198
0.8902608752250671
0.8630715608596802
0.8360094428062439
0.8090641498565674
0.7822036147117615
0.7553735375404358
0.728489875793457
0.7014392614364624
0.6740710735321045
0.6461986899375916
0.6175917387008667
0.5879790782928467
0.5570423007011414
0.5244213342666626
0.48971083760261536
0.4524683654308319
0.4122147560119629
1.522498607635498
1.486210823059082
1.4526169300079346
1.4213066101074219
1.3919004201889038
1.3640495538711548
1.3374422788619995
1.3118009567260742
1.2868871688842773
1.2624962329864502
1.2384604215621948
1.2146421670913696
1.1909358501434326
1.167261004447937
1.1435627937316895
1.1198058128356934
1.0959734916687012
1.0720633268356323
1.0480847358703613
1.0240557193756104
1.0
0.9759443402290344
0.9519152641296387
0.9279366731643677
0.904026448726654
0.8801941871643066
0.8564372062683105
0.8327389359474182
0.8090641498565674
0.7853578329086304
0.7615395784378052
0.7375037670135498
0.7131128311157227
0.6881990432739258
0.6625577211380005
0.6359503865242004
0.6080995202064514
0.5786933898925781
0.5473830699920654
0.5137891173362732
0.47750142216682434
1.4539904594421387
1.4221041202545166
1.392569661140442
1.3650420904159546
1.3392012119293213
1.3147519826889038
1.2914296388626099
1.2689971923828125
1.2472493648529053
1.2260090112686157
1.2051291465759277
1.18448805809021
1.1639906167984009
1.1435627937316895
1.123152494430542
1.1027239561080933
1.0822577476501465
1.0617460012435913
1.041191577911377
1.0206046104431152
1.0
0.9793954491615295
0.9588083624839783
0.9382539987564087
0.9177422523498535
0.897275984287262
0.876847505569458
0.8564372062683105
0.8360094428062439
0.81551194190979
0.7948707938194275
0.7739909291267395
0.7527506351470947
0.7310028672218323
0.7085703611373901
0.6852480173110962
0.6607987880706787
0.6349579691886902
0.6074303388595581
0.5778959393501282
0.5460094809532166
1.3826833963394165
1.3555641174316406
1.3304351568222046
1.307012677192688
1.2850334644317627
1.2642542123794556
1.2444556951522827
1.2254412174224854
1.207039475440979
1.1891014575958252
1.1715025901794434
1.1541390419006348
1.1369284391403198
1.1198058128356934
1.1027239561080933
1.0856496095657349
1.068562626838684
1.0514527559280396
1.0343185663223267
1.017164707183838
1.0
0.9828352928161621
0.9656813740730286
0.9485473036766052
0.9314373731613159
0.9143503904342651
0.897275984287262
0.8801941871643066
0.8630715608596802
0.8458608984947205
0.8284973502159119
0.8108985424041748
0.792960524559021
0.7745587825775146
0.7555443048477173
0.7357458472251892
0.7149665355682373
0.692987322807312
0.6695648431777954
0.6444359421730042
0.6173165440559387
1.3090169429779053
1.2869659662246704
1.2665268182754517
1.2474749088287354
1.2296017408370972
1.2127143144607544
1.1966382265090942
1.1812164783477783
1.1663119792938232
1.1518046855926514
1.1375937461853027
1.1235945224761963
1.1097391843795776
1.0959734916687012
1.0822577476501465
1.068562626838684
1.0548696517944336
1.041168212890625
1.0274548530578613
1.013730525970459
1.0
0.986269474029541
0.9725451469421387
0.9588317275047302
0.9451303482055664
0.9314373731613159
0.9177422523498535
0.904026448726654
0.8902608752250671
0.8764054775238037
0.8624062538146973
0.8481953740119934
0.8336880207061768
0.8187835216522217
0.8033617734909058
0.7872856855392456
0.7703981995582581
0.7525250315666199
0.7334731817245483
0.7130340337753296
0.69098299741745
1.233445405960083
1.2167006731033325
1.2011762857437134
1.1867051124572754
1.1731319427490234
1.1603127717971802
1.1481174230575562
1.1364284753799438
1.1251429319381714
1.1141704320907593
1.1034345626831055
1.092871069908142
1.0824278593063354
1.0720633268356323
1.0617460012435913
1.0514527559280396
1.041168212890625
1.0308831930160522
1.0205934047698975
1.0102983713150024
1.0
0.9897016882896423
0.9794065952301025
0.9691168069839478
0.9588317275047302
0.9485473036766052
0.9382539987564087
0.9279366731643677
0.9175720810890198
0.9071289300918579
0.8965653777122498
0.8858296275138855
0.8748570680618286
0.8635715246200562
0.8518825769424438
0.8396872878074646
0.8268680572509766
0.8132948279380798
0.7988237142562866
0.7832993865013123
0.7665546536445618
1.156434416770935
1.14517343044281
1.134731411933899
1.124997615814209
1.1158688068389893
1.1072497367858887
1.0990537405014038
1.091202735900879
1.0836278200149536
1.0762687921524048
1.0690743923187256
1.0620012283325195
1.0550141334533691
1.0480847358703613
1.041191577911377
1.0343185663223267
1.0274548530578613
1.0205934047698975
1.0137308835983276
1.006866216659546
1.0
0.9931338429450989
0.9862691164016724
0.9794065952301025
0.9725451469421387
0.9656813740730286
0.9588083624839783
0.9519152641296387
0.9449858665466309
0.9379988312721252
0.9309256076812744
0.9237312078475952
0.9163721799850464
0.9087973237037659
0.9009462594985962
0.8927502632141113
0.8841311931610107
0.8750024437904358
0.8652685880661011
0.8548265695571899
0.8435655236244202
1.0784591436386108
1.0727992057800293
1.067550539970398
1.0626577138900757
1.0580694675445557
1.053737998008728
1.0496203899383545
1.0456773042678833
1.0418745279312134
1.0381817817687988
1.0345733165740967
1.0310274362564087
1.0275262594223022
1.0240557193756104
1.0206046104431152
1.017164707183838
1.013730525970459
1.0102983713150024
1.006866216659546
1.003433346748352
1.0
0.996566653251648
0.9931338429450989
0.9897016882896423
0.986269474029541
0.9828352928161621
0.9793954491615295
0.9759443402290344
0.972473680973053
0.9689726233482361
0.9654266834259033
0.961818277835846
0.9581255316734314
0.9543226957321167
0.9503796696662903
0.9462619423866272
0.9419305324554443
0.9373422265052795
0.9324494004249573
0.9272007346153259
0.9215409159660339
1.0
1.0
1.0
1.0
1.0
1.0
1.0
1.0
1.0
1.0
1.0
1.0
1.0
1.0
1.0
1.0
1.0
1.0
1.0
1.0
1.0
1.0
1.0
1.0
1.0
1.0
1.0
1.0
1.0
1.0
1.0
1.0
1.0
1.0
1.0
1.0
1.0
1.0
1.0
1.0
1.0
0.9215409159660339
0.9272007346153259
0.9324494004249573
0.9373422265052795
0.9419305324554443
0.9462619423866272
0.9503796696662903
0.9543226957321167
0.9581255316734314
0.961818277835846
0.9654266834259033
0.9689726233482361
0.972473680973053
0.9759443402290344
0.9793954491615295
0.9828352928161621
0.986269474029541
0.9897016882896423
0.9931338429450989
0.996566653251648
1.0
1.003433346748352
1.006866216659546
1.0102983713150024
1.013730525970459
1.017164707183838
1.0206046104431152
1.0240557193756104
1.0275262594223022
1.0310274362564087
1.0345733165740967
1.0381817817687988
1.0418745279312134
1.0456773042678833
1.0496203899383545
1.053737998008728
1.0580694675445557
1.0626577138900757
1.067550539970398
1.0727992057800293
1.0784591436386108
0.8435655236244202
0.8548265695571899
0.8652685880661011
0.8750024437904358
0.8841311931610107
0.8927502632141113
0.9009462594985962
0.9087973237037659
0.9163721799850464
0.9237312078475952
0.9309256076812744
0.9379988312721252
0.9449858665466309
0.9519152641296387
0.9588083624839783
0.9656813740730286
0.9725451469421387
0.9794065952301025
0.9862691164016724
0.9931338429450989
1.0
1.006866216659546
1.0137308835983276
1.0205934047698975
1.0274548530578613
1.0343185663223267
1.041191577911377
1.0480847358703613
1.0550141334533691
1.0620012283325195
1.0690743923187256
1.0762687921524048
1.0836278200149536
1.091202735900879
1.0990537405014038
1.1072497367858887
1.1158688068389893
1.124997615814209
1.134731411933899
1.14517343044281
1.156434416770935
0.7665546536445618
0.7832993865013123
0.7988237142562866
0.8132948279380798
0.8268680572509766
0.8396872878074646
0.8518825769424438
0.8635715246200562
0.8748570680618286
0.8858296275138855
0.8965653777122498
0.9071289300918579
0.9175720810890198
0.9279366731643677
0.9382539987564087
0.9485473036766052
0.9588317275047302
0.9691168069839478
0.9794065952301025
0.9897016882896423
1.0
1.0102983713150024
1.0205934047698975
1.0308831930160522
1.041168212890625
1.0514527559280396
1.0617460012435913
1.0720633268356323
1.0824278593063354
1.092871069908142
1.1034345626831055
1.1141704320907593
1.1251429319381714
1.1364284753799438
1.1481174230575562
1.1603127717971802
1.1731319427490234
1.1867051124572754
1.2011762857437134
1.2167006731033325
1.233445405960083
0.69098299741745
0.7130340337753296
0.7334731817245483
0.7525250315666199
0.7703981995582581
0.7872856855392456
0.8033617734909058
0.8187835216522217
0.8336880207061768
0.8481953740119934
0.8624062538146973
0.8764054775238037
0.8902608752250671
0.904026448726654
0.9177422523498535
0.9314373731613159
0.9451303482055664
0.9588317275047302
0.9725451469421387
0.986269474029541
1.0
1.013730525970459
1.0274548530578613
1.041168212890625
1.0548696517944336
1.068562626838684
1.0822577476501465
1.0959734916687012
1.1097391843795776
1.1235945224761963
1.1375937461853027
1.1518046855926514
1.1663119792938232
1.1812164783477783
1.1966382265090942
1.2127143144607544
1.2296017408370972
1.2474749088287354
1.2665268182754517
1.2869659662246704
1.3090169429779053
0.6173165440559387
0.6444359421730042
0.6695648431777954
0.692987322807312
0.7149665355682373
0.7357458472251892
0.7555443048477173
0.7745587825775146
0.792960524559021
0.8108985424041748
0.8284973502159119
0.8458608984947205
0.8630715608596802
0.8801941871643066
0.897275984287262
0.9143503904342651
0.9314373731613159
0.9485473036766052
0.9656813740730286
0.9828352928161621
1.0
1.017164707183838
1.0343185663223267
1.0514527559280396
1.068562626838684
1.0856496095657349
1.1027239561080933
1.1198058128356934
1.1369284391403198
1.1541390419006348
1.1715025901794434
1.1891014575958252
1.207039475440979
1.2254412174224854
1.2444556951522827
1.2642542123794556
1.2850334644317627
1.307012677192688
1.3304351568222046
1.3555641174316406
1.3826833963394165
0.5460094809532166
0.5778959393501282
0.6074303388595581
0.6349579691886902
0.6607987880706787
0.6852480173110962
0.7085703611373901
0.7310028672218323
0.7527506351470947
0.7739909291267395
0.7948707938194275
0.81551194190979
0.8360094428062439
0.8564372062683105
0.876847505569458
0.897275984287262
0.9177422523498535
0.9382539987564087
0.9588083624839783
0.9793954491615295
1.0
1.0206046104431152
1.041191577911377
1.0617460012435913
1.0822577476501465
1.1027239561080933
1.123152494430542
1.1435627937316895
1.1639906167984009
1.18448805809021
1.2051291465759277
1.2260090112686157
1.2472493648529053
1.2689971923828125
1.2914296388626099
1.3147519826889038
1.3392012119293213
1.3650420904159546
1.392569661140442
1.4221041202545166
1.4539904594421387
0.47750142216682434
0.5137891173362732
0.5473830699920654
0.5786933898925781
0.6080995202064514
0.6359503865242004
0.6625577211380005
0.6881990432739258
0.7131128311157227
0.7375037670135498
0.7615395784378052
0.7853578329086304
0.8090641498565674
0.8327389359474182
0.8564372062683105
0.8801941871643066
0.904026448726654
0.9279366731643677
0.9519152641296387
0.9759443402290344
1.0
1.0240557193756104
1.0480847358703613
1.0720633268356323
1.0959734916687012
1.1198058128356934
1.1435627937316895
1.167261004447937
1.1909358501434326
1.2146421670913696
1.2384604215621948
1.2624962329864502
1.2868871688842773
1.3118009567260742
1.3374422788619995
1.3640495538711548
1.3919004201889038
1.4213066101074219
1.4526169300079346
1.486210823059082
1.522498607635498
0.4122147560119629
0.4524683654308319
0.48971083760261536
0.5244213342666626
0.5570423007011414
0.5879790782928467
0.6175917387008667
0.6461986899375916
0.6740710735321045
0.7014392614364624
0.728489875793457
0.7553735375404358
0.7822036147117615
0.8090641498565674
0.8360094428062439
0.8630715608596802
0.8902608752250671
0.9175720810890198
0.9449858665466309
0.972473680973053
1.0
1.0275262594223022
1.0550141334533691
1.0824278593063354
1.1097391843795776
1.1369284391403198
1.1639906167984009
1.1909358501434326
1.2177963256835938
1.2446264028549194
1.271510124206543
1.2985607385635376
1.3259289264678955
1.3538012504577637
1.3824082612991333
1.4120209217071533
1.4429577589035034
1.4755786657333374
1.510289192199707
1.5475316047668457
1.587785243988037
0.350551962852478
0.39426344633102417
0.4346742630004883
0.472339004278183
0.5077678561210632
0.5414259433746338
0.5737232565879822
0.6050193309783936
0.635616660118103
0.6657693982124329
0.6956799626350403
0.7255088686943054
0.7553735375404358
0.7853578329086304
0.81551194190979
0.8458608984947205
0.8764054775238037
0.9071289300918579
0.9379988312721252
0.9689726233482361
1.0
1.0310274362564087
1.0620012283325195
1.092871069908142
1.1235945224761963
1.1541390419006348
1.18448805809021
1.2146421670913696
1.2446264028549194
1.2744910717010498
1.304319977760315
1.3342305421829224
1.364383339881897
1.3949806690216064
1.4262768030166626
1.4585740566253662
1.4922322034835815
1.5276609659194946
1.5653257369995117
1.6057366132736206
1.649448037147522
0.2928932309150696
0.3394731283187866
0.3824964463710785
0.42260080575942993
0.4603704810142517
0.49633467197418213
0.5309549570083618
0.5646316409111023
0.5976967215538025
0.630424976348877
0.6630306839942932
0.6956799626350403
0.728489875793457
0.7615395784378052
0.7948707938194275
0.8284973502159119
0.8624062538146973
0.8965653777122498
0.9309256076812744
0.9654266834259033
1.0
1.0345733165740967
1.0690743923187256
1.1034345626831055
1.1375937461853027
1.1715025901794434
1.2051291465759277
1.2384604215621948
1.271510124206543
1.304319977760315
1.3369693756103516
1.369575023651123
1.4023032188415527
1.4353684186935425
1.4690450429916382
1.5036653280258179
1.5396294593811035
1.5773992538452148
1.6175035238265991
1.6605268716812134
1.7071068286895752
0.23959402740001678
0.2883647084236145
0.33336111903190613
0.3753158748149872
0.414895623922348
0.4526984691619873
0.4892392158508301
0.5249578952789307
0.5602128505706787
0.5952948331832886
0.630424976348877
0.6657693982124329
0.7014392614364624
0.7375037670135498
0.7739909291267395
0.8108985424041748
0.8481953740119934
0.8858296275138855
0.9237312078475952
0.961818277835846
1.0
1.0381817817687988
1.0762687921524048
1.1141704320907593
1.1518046855926514
1.1891014575958252
1.2260090112686157
1.2624962329864502
1.2985607385635376
1.3342305421829224
1.369575023651123
1.4047051668167114
1.4397871494293213
1.4750421047210693
1.51076078414917
1.5473015308380127
1.5851043462753296
1.6246840953826904
1.6666388511657715
1.7116353511810303
1.7604060173034668
0.19098301231861115
0.24116237461566925
0.28739693760871887
0.33052921295166016
0.37131914496421814
0.41043949127197266
0.4484589099884033
0.48585453629493713
0.5230056643486023
0.5602128505706787
0.5976967215538025
0.635616660118103
0.6740710735321045
0.7131128311157227
0.7527506351470947
0.792960524559021
0.8336880207061768
0.8748570680618286
0.9163721799850464
0.9581255316734314
1.0
1.0418745279312134
1.0836278200149536
1.1251429319381714
1.1663119792938232
1.207039475440979
1.2472493648529053
1.2868871688842773
1.3259289264678955
1.364383339881897
1.4023032188415527
1.4397871494293213
1.4769943952560425
1.5141454935073853
1.5515410900115967
1.5895605087280273
1.6286808252334595
1.6694707870483398
1.7126030921936035
1.7588375806808472
1.8090169429779053
0.14735983312129974
0.19804634153842926
0.24467352032661438
0.28821665048599243
0.3295426070690155
0.3694048225879669
0.4084245562553406
0.44711047410964966
0.48585453629493713
0.5249578952789307
0.5646316409111023
0.6050193309783936
0.6461986899375916
0.6881990432739258
0.7310028672218323
0.7745587825775146
0.8187835216522217
0.8635715246200562
0.9087973237037659
0.9543226957321167
1.0
1.0456773042678833
1.091202735900879
1.1364284753799438
1.1812164783477783
1.2254412174224854
1.2689971923828125
1.3118009567260742
1.3538012504577637
1.3949806690216064
1.4353684186935425
1.4750421047210693
1.5141454935073853
1.5528894662857056
1.5915755033493042
1.6305952072143555
1.670457363128662
1.7117834091186523
1.755326509475708
1.801953673362732
1.852640151977539
0.10899347811937332
0.15913334488868713
0.20517313480377197
0.24825142323970795
0.28935956954956055
0.329335480928421
0.3688473105430603
0.4084245562553406
0.4484589099884033
0.4892392158508301
0.5309549570083618
0.5737232565879822
0.6175917387008667
0.6625577211380005
0.7085703611373901
0.7555443048477173
0.8033617734909058
0.8518825769424438
0.9009462594985962
0.9503796696662903
1.0
1.0496203899383545
1.0990537405014038
1.1481174230575562
1.1966382265090942
1.2444556951522827
1.2914296388626099
1.3374422788619995
1.3824082612991333
1.4262768030166626
1.4690450429916382
1.51076078414917
1.5515410900115967
1.5915755033493042
1.6311527490615845
1.6706645488739014
1.7106404304504395
1.7517485618591309
1.794826865196228
1.8408666849136353
1.8910064697265625
0.07612046599388123
0.124471515417099
0.1687789410352707
0.21039210259914398
0.2504449486732483
0.289859414100647
0.329335480928421
0.3694048225879669
0.41043949127197266
0.4526984691619873
0.49633467197418213
0.5414259433746338
0.5879790782928467
0.6359503865242004
0.6852480173110962
0.7357458472251892
0.7872856855392456
0.8396872878074646
0.8927502632141113
0.9462619423866272
1.0
1.053737998008728
1.1072497367858887
1.1603127717971802
1.2127143144607544
1.2642542123794556
1.3147519826889038
1.3640495538711548
1.4120209217071533
1.4585740566253662
1.5036653280258179
1.5473015308380127
1.5895605087280273
1.6305952072143555
1.6706645488739014
1.710140585899353
1.749554991722107
1.7896078824996948
1.831221103668213
1.8755284547805786
1.9238795042037964
0.04894348233938217
0.0939941480755806
0.13521187007427216
0.1742144525051117
0.21229715645313263
0.2504449486732483
0.28935956954956055
0.3295426070690155
0.37131914496421814
0.414895623922348
0.4603704810142517
0.5077678561210632
0.5570423007011414
0.6080995202064514
0.6607987880706787
0.7149665355682373
0.7703981995582581
0.8268680572509766
0.8841311931610107
0.9419305324554443
1.0
1.0580694675445557
1.1158688068389893
1.1731319427490234
1.2296017408370972
1.2850334644317627
1.3392012119293213
1.3919004201889038
1.4429577589035034
1.4922322034835815
1.5396294593811035
1.5851043462753296
1.6286808252334595
1.670457363128662
1.7106404304504395
1.749554991722107
1.7877027988433838
1.825785517692566
1.8647881746292114
1.906005859375
1.9510564804077148
0.02763007953763008
0.06749965250492096
0.10398459434509277
0.1390795260667801
0.1742144525051117
0.21039210259914398
0.24825142323970795
0.28821665048599243
0.33052921295166016
0.3753158748149872
0.42260080575942993
0.472339004278183
0.5244213342666626
0.5786933898925781
0.6349579691886902
0.692987322807312
0.7525250315666199
0.8132948279380798
0.8750024437904358
0.9373422265052795
1.0
1.0626577138900757
1.124997615814209
1.1867051124572754
1.2474749088287354
1.307012677192688
1.3650420904159546
1.4213066101074219
1.4755786657333374
1.5276609659194946
1.5773992538452148
1.6246840953826904
1.6694707870483398
1.7117834091186523
1.7517485618591309
1.7896078824996948
1.825785517692566
1.8609204292297363
1.8960154056549072
1.9325003623962402
1.972369909286499
0.012311659753322601
0.04445527493953705
0.07423858344554901
0.10398459434509277
0.13521187007427216
0.1687789410352707
0.20517313480377197
0.24467352032661438
0.28739693760871887
0.33336111903190613
0.3824964463710785
0.4346742630004883
0.48971083760261536
0.5473830699920654
0.6074303388595581
0.6695648431777954
0.7334731817245483
0.7988237142562866
0.8652685880661011
0.9324494004249573
1.0
1.067550539970398
1.134731411933899
1.2011762857437134
1.2665268182754517
1.3304351568222046
1.392569661140442
1.4526169300079346
1.510289192199707
1.5653257369995117
1.6175035238265991
1.6666388511657715
1.7126030921936035
1.755326509475708
1.794826865196228
1.831221103668213
1.8647881746292114
1.8960154056549072
1.9257614612579346
1.9555447101593018
1.9876883029937744
0.003082666313275695
0.0239477027207613
0.04445527493953705
0.06749965250492096
0.0939941480755806
0.124471515417099
0.15913334488868713
0.19804634153842926
0.24116237461566925
0.2883647084236145
0.3394731283187866
0.39426344633102417
0.4524683654308319
0.5137891173362732
0.5778959393501282
0.6444359421730042
0.7130340337753296
0.7832993865013123
0.8548265695571899
0.9272007346153259
1.0
1.0727992057800293
1.14517343044281
1.2167006731033325
1.2869659662246704
1.3555641174316406
1.4221041202545166
1.486210823059082
1.5475316047668457
1.6057366132736206
1.6605268716812134
1.7116353511810303
1.7588375806808472
1.801953673362732
1.8408666849136353
1.8755284547805786
1.906005859375
1.9325003623962402
1.9555447101593018
1.9760522842407227
1.9969173669815063
0.0
0.003082666313275695
0.012311659753322601
0.02763007953763008
0.04894348233938217
0.07612046599388123
0.10899347811937332
0.14735983312129974
0.19098301231861115
0.23959402740001678
0.2928932309150696
0.350551962852478
0.4122147560119629
0.47750142216682434
0.5460094809532166
0.6173165440559387
0.69098299741745
0.7665546536445618
0.8435655236244202
0.9215409159660339
1.0
1.0784591436386108
1.156434416770935
1.233445405960083
1.3090169429779053
1.3826833963394165
1.4539904594421387
1.522498607635498
1.587785243988037
1.649448037147522
1.7071068286895752
1.7604060173034668
1.8090169429779053
1.852640151977539
1.8910064697265625
1.9238795042037964
1.9510564804077148
1.972369909286499
1.9876883029937744
1.9969173669815063
2.0
