2.0
1.9969173669815063
1.9876883029937744
1.972369909286499
1.9510564804077148
1.9238795042037964
1.8910064697265625
1.852640151977539
1.8090169429779053
1.7604060173034668
1.7071068286895752
1.649448037147522
1.587785243988037
1.522498607635498
1.4539904594421387
1.3826833963394165
1.3090169429779053
1.233445405960083
1.156434416770935
1.0784591436386108
1.0
0.9215409159660339
0.8435655236244202
0.7665546536445618
0.69098299741745
0.6173165440559387
0.5460094809532166
0.47750142216682434
0.4122147560119629
0.350551962852478
0.2928932309150696
0.23959402740001678
0.19098301231861115
0.14735983312129974
0.10899347811937332
0.07612046599388123
0.04894348233938217
0.02763007953763008
0.012311659753322601
0.003082666313275695
0.0
1.9969173669815063
1.976067066192627
1.9555689096450806
1.9325311183929443
1.906040906906128
1.8755663633346558
1.8409061431884766
1.801993727684021
1.7588773965835571
1.7116739749908447
1.6605638265609741
1.6057713031768799
1.5475636720657349
1.4862397909164429
1.422129511833191
1.3555856943130493
1.2869834899902344
1.2167140245437622
1.145182490348816
1.0728037357330322
1.0
0.927196204662323
0.8548175692558289
0.7832860350608826
0.7130164504051208
0.6444143056869507
0.5778705477714539
0.5137602686882019
0.45243632793426514
0.3942286968231201
0.3394361436367035
0.2883260250091553
0.24112266302108765
0.19800631701946259
0.15909387171268463
0.12443360686302185
0.09395906329154968
0.06746893376111984
0.044431038200855255
0.02393288165330887
0.003082666313275695
1.9876883029937744
1.9555689096450806
1.9258028268814087
1.896069049835205
1.8648502826690674
1.8312888145446777
1.7948977947235107
1.7553987503051758
1.7126750946044922
1.6667091846466064
1.6175708770751953
1.5653891563415527
1.5103477239608765
1.4526697397232056
1.3926161527633667
1.3304747343063354
1.2665590047836304
1.2012008428573608
1.134747862815857
1.0675588846206665
1.0
0.9324411153793335
0.8652520775794983
0.7987992167472839
0.7334409356117249
0.6695252656936646
0.6073838472366333
0.5473302006721497
0.4896523356437683
0.43461087346076965
0.3824290633201599
0.33329081535339355
0.2873249351978302
0.24460120499134064
0.20510216057300568
0.16871123015880585
0.1351497620344162
0.10393097251653671
0.07419712841510773
0.044431038200855255
0.012311659753322601
1.972369909286499
1.9325311183929443
1.896069049835205
1.8609908819198608
1.825868010520935
1.7896984815597534
1.751844048500061
1.7118810415267944
1.669568419456482
1.6247797012329102
1.5774909257888794
1.5277475118637085
1.4756585359573364
1.4213788509368896
1.3651056289672852
1.3070669174194336
1.2475191354751587
1.1867387294769287
1.125020146369934
1.0626691579818726
1.0
0.9373309016227722
0.8749798536300659
0.8132612705230713
0.7524809241294861
0.6929330825805664
0.6348943114280701
0.5786211490631104
0.5243414044380188
0.4722525179386139
0.42250901460647583
0.37522032856941223
0.33043161034584045
0.2881189286708832
0.24815593659877777
0.21030153334140778
0.17413198947906494
0.13900907337665558
0.10393097251653671
0.06746893376111984
0.02763007953763008
1.9510564804077148
1.906040906906128
1.8648502826690674
1.825868010520935
1.7878001928329468
1.7496626377105713
1.71075439453125
1.670574426651001
1.6287981271743774
1.585219383239746
1.5397402048110962
1.492336630821228
1.443054437637329
1.391987919807434
1.3392783403396606
1.2850992679595947
1.229655385017395
1.1731727123260498
1.115896224975586
1.0580832958221436
1.0
0.9419167637825012
0.8841037750244141
0.826827347278595
0.7703446745872498
0.71490079164505
0.6607217192649841
0.6080120205879211
0.5569456219673157
0.507663369178772
0.4602598249912262
0.4147806167602539
0.37120190262794495
0.3294256031513214
0.2892456650733948
0.2503374218940735
0.2121998518705368
0.17413198947906494
0.1351497620344162
0.09395906329154968
0.04894348233938217
1.9238795042037964
1.8755663633346558
1.8312888145446777
1.7896984815597534
1.7496626377105713
1.710260033607483
1.670791506767273
1.6307260990142822
1.5896919965744019
1.5474307537078857
1.5037899017333984
1.4586918354034424
1.4121299982070923
1.364148497581482
1.314839243888855
1.2643285989761353
1.2127748727798462
1.1603589057922363
1.1072807312011719
1.0537536144256592
1.0
0.946246325969696
0.8927192091941833
0.8396411538124084
0.787225067615509
0.7356714606285095
0.6851608157157898
0.6358515620231628
0.5878699421882629
0.5413081049919128
0.4962100386619568
0.4525691866874695
0.41030797362327576
0.36927393078804016
0.3292084336280823
0.2897399663925171
0.2503374218940735
0.21030153334140778
0.16871123015880585
0.12443360686302185
0.07612046599388123
1.8910064697265625
1.8409061431884766
1.7948977947235107
1.751844048500061
1.71075439453125
1.670791506767273
1.6312882900238037
1.5917154550552368
1.5516821146011353
1.5108996629714966
1.4691791534423828
1.4264036417007446
1.38252592086792
1.3375489711761475
1.291523814201355
1.2445361614227295
1.1967037916183472
1.1481672525405884
1.0990873575210571
1.0496371984481812
1.0
0.9503627419471741
0.9009126424789429
0.8518326878547668
0.8032962679862976
0.7554638981819153
0.7084761261940002
0.6624510288238525
0.6174740195274353
0.5735962986946106
0.5308208465576172
0.48910030722618103
0.44831788539886475
0.4082844853401184
0.3687117397785187
0.3292084336280823
0.2892456650733948
0.24815593659877777
0.20510216057300568
0.15909387171268463
0.10899347811937332
1.852640151977539
1.801993727684021
1.7553987503051758
1.7118810415267944
1.670574426651001
1.6307260990142822
1.5917154550552368
1.5530345439910889
1.514291763305664
1.4751864671707153
1.435507893562317
1.3951128721237183
1.353924036026001
1.3119122982025146
1.269095540046692
1.2255252599716187
1.18128502368927
1.136480689048767
1.0912377834320068
1.0456949472427368
1.0
0.9543050527572632
0.9087621569633484
0.8635193705558777
0.81871497631073
0.7744747400283813
0.7309045195579529
0.6880877017974854
0.646075963973999
0.604887068271637
0.5644921064376831
0.5248135328292847
0.48570823669433594
0.44696545600891113
0.4082844853401184
0.36927393078804016
0.3294256031513214
0.2881189286708832
0.24460120499134064
0.19800631701946259
0.14735983312129974
1.8090169429779053
1.7588773965835571
1.7126750946044922
1.669568419456482
1.6287981271743774
1.5896919965744019
1.5516821146011353
1.514291763305664
1.4771422147750854
1.4399333000183105
1.4024447202682495
1.3645174503326416
1.326053500175476
1.287000298500061
1.2473493814468384
1.207124948501587
1.1663817167282104
1.1251959800720215
1.0836635828018188
1.0418925285339355
1.0
0.9581075310707092
0.9163364171981812
0.8748040199279785
0.8336183428764343
0.7928751111030579
0.7526506185531616
0.712999701499939
0.6739464402198792
0.6354825496673584
0.5975553393363953
0.5600666999816895
0.5228577852249146
0.48570823669433594
0.44831788539886475
0.41030797362327576
0.37120190262794495
0.33043161034584045
0.2873249351978302
0.24112266302108765
0.19098301231861115
1.7604060173034668
1.7116739749908447
1.6667091846466064
1.6247797012329102
1.585219383239746
1.5474307537078857
1.5108996629714966
1.4751864671707153
1.4399333000183105
1.404849648475647
1.3697150945663452
1.334363579750061
1.2986843585968018
1.262608528137207
1.2261083126068115
1.1891863346099854
1.1518739461898804
1.1142231225967407
1.076304316520691
1.0381996631622314
1.0
0.9618003964424133
0.9236956834793091
0.8857768177986145
0.8481260538101196
0.8108136653900146
0.7738916277885437
0.737391471862793
0.7013156414031982
0.6656364798545837
0.6302849650382996
0.595150351524353
0.5600666999816895
0.5248135328292847
0.48910030722618103
0.4525691866874695
0.4147806167602539
0.37522032856941223
0.33329081535339355
0.2883260250091553
0.23959402740001678
1.7071068286895752
1.6605638265609741
1.6175708770751953
1.5774909257888794
1.5397402048110962
1.5037899017333984
1.4691791534423828
1.435507893562317
1.4024447202682495
1.3697150945663452
1.33710515499115
1.3044490814208984
1.2716301679611206
1.2385694980621338
1.2052257061004639
1.171585202217102
1.1376612186431885
1.1034859418869019
1.0691089630126953
1.034590721130371
1.0
0.9654092788696289
0.9308910369873047
0.8965140581130981
0.8623388409614563
0.828414797782898
0.7947742938995361
0.7614304423332214
0.7283698320388794
0.6955509185791016
0.6628949046134949
0.6302849650382996
0.5975553393363953
0.5644921064376831
0.5308208465576172
0.4962100386619568
0.4602598249912262
0.42250901460647583
0.3824290633201599
0.3394361436367035
0.2928932309150696
1.649448037147522
1.6057713031768799
1.5653891563415527
1.5277475118637085
1.492336630821228
1.4586918354034424
1.4264036417007446
1.3951128721237183
1.3645174503326416
1.334363579750061
1.3044490814208984
1.274613857269287
1.2447407245635986
1.214746117591858
1.1845799684524536
1.1542177200317383
1.1236587762832642
1.0929200649261475
1.0620341300964355
1.0310440063476562
1.0
0.9689559936523438
0.9379658102989197
0.9070799946784973
0.8763412833213806
0.8457822799682617
0.8154199719429016
0.7852539420127869
0.7552593350410461
0.7253862023353577
0.6955509185791016
0.6656364798545837
0.6354825496673584
0.604887068271637
0.5735962986946106
0.5413081049919128
0.507663369178772
0.4722525179386139
0.43461087346076965
0.3942286968231201
0.350551962852478
1.587785243988037
1.5475636720657349
1.5103477239608765
1.4756585359573364
1.443054437637329
1.4121299982070923
1.38252592086792
1.353924036026001
1.326053500175476
1.2986843585968018
1.2716301679611206
1.2447407245635986
1.2179027795791626
1.1910326480865479
1.1640762090682983
1.1370017528533936
1.1097990274429321
1.0824735164642334
1.0550448894500732
1.0275417566299438
1.0
0.9724581837654114
0.9449551105499268
0.9175264835357666
0.8902009725570679
0.8629982471466064
0.8359237313270569
0.8089673519134521
0.7820972800254822
0.7552593350410461
0.7283698320388794
0.7013156414031982
0.6739464402198792
0.646075963973999
0.6174740195274353
0.5878699421882629
0.5569456219673157
0.5243414044380188
0.4896523356437683
0.45243632793426514
0.4122147560119629
1.522498607635498
1.4862397909164429
1.4526697397232056
1.4213788509368896
1.391987919807434
1.364148497581482
1.3375489711761475
1.3119122982025146
1.287000298500061
1.262608528137207
1.2385694980621338
1.214746117591858
1.1910326480865479
1.167349100112915
1.1436407566070557
1.1198725700378418
1.0960280895233154
1.0721049308776855
1.0481127500534058
1.0240697860717773
1.0
0.9759302139282227
0.9518871903419495
0.9278951287269592
0.9039719104766846
0.8801274299621582
0.8563591837882996
0.832650899887085
0.8089673519134521
0.7852539420127869
0.7614304423332214
0.737391471862793
0.712999701499939
0.6880877017974854
0.6624510288238525
0.6358515620231628
0.6080120205879211
0.5786211490631104
0.5473302006721497
0.5137602686882019
0.47750142216682434
1.4539904594421387
1.422129511833191
1.3926161527633667
1.3651056289672852
1.3392783403396606
1.314839243888855
1.291523814201355
1.269095540046692
1.2473493814468384
1.2261083126068115
1.2052257061004639
1.1845799684524536
1.1640762090682983
1.1436407566070557
1.1232216358184814
1.102783203125
1.0823060274124146
1.0617828369140625
1.041216492652893
1.020617127418518
1.0
0.9793829321861267
0.9587835073471069
0.9382171630859375
0.9176939129829407
0.8972168564796448
0.8767783641815186
0.8563591837882996
0.8359237313270569
0.8154199719429016
0.7947742938995361
0.7738916277885437
0.7526506185531616
0.7309045195579529
0.7084761261940002
0.6851608157157898
0.6607217192649841
0.6348943114280701
0.6073838472366333
0.5778705477714539
0.5460094809532166
1.3826833963394165
1.3555856943130493
1.3304747343063354
1.3070669174194336
1.2850992679595947
1.2643285989761353
1.2445361614227295
1.2255252599716187
1.207124948501587
1.1891863346099854
1.171585202217102
1.1542177200317383
1.1370017528533936
1.1198725700378418
1.102783203125
1.085700273513794
1.0686039924621582
1.051484227180481
1.0343399047851562
1.0171754360198975
1.0
0.9828245639801025
0.9656600952148438
0.9485157132148743
0.9313960075378418
0.914299726486206
0.8972168564796448
0.8801274299621582
0.8629982471466064
0.8457822799682617
0.828414797782898
0.8108136653900146
0.7928751111030579
0.7744747400283813
0.7554638981819153
0.7356714606285095
0.71490079164505
0.6929330825805664
0.6695252656936646
0.6444143056869507
0.6173165440559387
1.3090169429779053
1.2869834899902344
1.2665590047836304
1.2475191354751587
1.229655385017395
1.2127748727798462
1.1967037916183472
1.18128502368927
1.1663817167282104
1.1518739461898804
1.1376612186431885
1.1236587762832642
1.1097990274429321
1.0960280895233154
1.0823060274124146
1.0686039924621582
1.054903507232666
1.0411940813064575
1.0274722576141357
1.0137393474578857
1.0
0.986260712146759
0.9725277423858643
0.9588059186935425
0.945096492767334
0.9313960075378418
0.9176939129829407
0.9039719104766846
0.8902009725570679
0.8763412833213806
0.8623388409614563
0.8481260538101196
0.8336183428764343
0.81871497631073
0.8032962679862976
0.787225067615509
0.7703446745872498
0.7524809241294861
0.7334409356117249
0.7130164504051208
0.69098299741745
1.233445405960083
1.2167140245437622
1.2012008428573608
1.1867387294769287
1.1731727123260498
1.1603589057922363
1.1481672525405884
1.136480689048767
1.1251959800720215
1.1142231225967407
1.1034859418869019
1.0929200649261475
1.0824735164642334
1.0721049308776855
1.0617828369140625
1.051484227180481
1.0411940813064575
1.0309028625488281
1.0206066370010376
1.0103050470352173
1.0
0.9896950125694275
0.9793933033943176
0.9690971374511719
0.9588059186935425
0.9485157132148743
0.9382171630859375
0.9278951287269592
0.9175264835357666
0.9070799946784973
0.8965140581130981
0.8857768177986145
0.8748040199279785
0.8635193705558777
0.8518326878547668
0.8396411538124084
0.826827347278595
0.8132612705230713
0.7987992167472839
0.7832860350608826
0.7665546536445618
1.156434416770935
1.145182490348816
1.134747862815857
1.125020146369934
1.115896224975586
1.1072807312011719
1.0990873575210571
1.0912377834320068
1.0836635828018188
1.076304316520691
1.0691089630126953
1.0620341300964355
1.0550448894500732
1.0481127500534058
1.041216492652893
1.0343399047851562
1.0274722576141357
1.0206066370010376
1.013739824295044
1.0068706274032593
1.0
0.993129312992096
0.986260175704956
0.9793933033943176
0.9725277423858643
0.9656600952148438
0.9587835073471069
0.9518871903419495
0.9449551105499268
0.9379658102989197
0.9308910369873047
0.9236956834793091
0.9163364171981812
0.9087621569633484
0.9009126424789429
0.8927192091941833
0.8841037750244141
0.8749798536300659
0.8652520775794983
0.8548175692558289
0.8435655236244202
1.0784591436386108
1.0728037357330322
1.0675588846206665
1.0626691579818726
1.0580832958221436
1.0537536144256592
1.0496371984481812
1.0456949472427368
1.0418925285339355
1.0381996631622314
1.034590721130371
1.0310440063476562
1.0275417566299438
1.0240697860717773
1.020617127418518
1.0171754360198975
1.0137393474578857
1.0103050470352173
1.0068706274032593
1.0034356117248535
1.0
0.9965643882751465
0.993129312992096
0.9896950125694275
0.986260712146759
0.9828245639801025
0.9793829321861267
0.9759302139282227
0.9724581837654114
0.9689559936523438
0.9654092788696289
0.9618003964424133
0.9581075310707092
0.9543050527572632
0.9503627419471741
0.946246325969696
0.9419167637825012
0.9373309016227722
0.9324411153793335
0.927196204662323
0.9215409159660339
1.0
1.0
1.0
1.0
1.0
1.0
1.0
1.0
1.0
1.0
1.0
1.0
1.0
1.0
1.0
1.0
1.0
1.0
1.0
1.0
1.0
1.0
1.0
1.0
1.0
1.0
1.0
1.0
1.0
1.0
1.0
1.0
1.0
1.0
1.0
1.0
1.0
1.0
1.0
1.0
1.0
0.9215409159660339
0.927196204662323
0.9324411153793335
0.9373309016227722
0.9419167637825012
0.946246325969696
0.9503627419471741
0.9543050527572632
0.9581075310707092
0.9618003964424133
0.9654092788696289
0.9689559936523438
0.9724581837654114
0.9759302139282227
0.9793829321861267
0.9828245639801025
0.986260712146759
0.9896950125694275
0.993129312992096
0.9965643882751465
1.0
1.0034356117248535
1.0068706274032593
1.0103050470352173
1.0137393474578857
1.0171754360198975
1.020617127418518
1.0240697860717773
1.0275417566299438
1.0310440063476562
1.034590721130371
1.0381996631622314
1.0418925285339355
1.0456949472427368
1.0496371984481812
1.0537536144256592
1.0580832958221436
1.0626691579818726
1.0675588846206665
1.0728037357330322
1.0784591436386108
0.8435655236244202
0.8548175692558289
0.8652520775794983
0.8749798536300659
0.8841037750244141
0.8927192091941833
0.9009126424789429
0.9087621569633484
0.9163364171981812
0.9236956834793091
0.9308910369873047
0.9379658102989197
0.9449551105499268
0.9518871903419495
0.9587835073471069
0.9656600952148438
0.9725277423858643
0.9793933033943176
0.986260175704956
0.993129312992096
1.0
1.0068706274032593
1.013739824295044
1.0206066370010376
1.0274722576141357
1.0343399047851562
1.041216492652893
1.0481127500534058
1.0550448894500732
1.0620341300964355
1.0691089630126953
1.076304316520691
1.0836635828018188
1.0912377834320068
1.0990873575210571
1.1072807312011719
1.115896224975586
1.125020146369934
1.134747862815857
1.145182490348816
1.156434416770935
0.7665546536445618
0.7832860350608826
0.7987992167472839
0.8132612705230713
0.826827347278595
0.8396411538124084
0.8518326878547668
0.8635193705558777
0.8748040199279785
0.8857768177986145
0.8965140581130981
0.9070799946784973
0.9175264835357666
0.9278951287269592
0.9382171630859375
0.9485157132148743
0.9588059186935425
0.9690971374511719
0.9793933033943176
0.9896950125694275
1.0
1.0103050470352173
1.0206066370010376
1.0309028625488281
1.0411940813064575
1.051484227180481
1.0617828369140625
1.0721049308776855
1.0824735164642334
1.0929200649261475
1.1034859418869019
1.1142231225967407
1.1251959800720215
1.136480689048767
1.1481672525405884
1.1603589057922363
1.1731727123260498
1.1867387294769287
1.2012008428573608
1.2167140245437622
1.233445405960083
0.69098299741745
0.7130164504051208
0.7334409356117249
0.7524809241294861
0.7703446745872498
0.787225067615509
0.8032962679862976
0.81871497631073
0.8336183428764343
0.8481260538101196
0.8623388409614563
0.8763412833213806
0.8902009725570679
0.9039719104766846
0.9176939129829407
0.9313960075378418
0.945096492767334
0.9588059186935425
0.9725277423858643
0.986260712146759
1.0
1.0137393474578857
1.0274722576141357
1.0411940813064575
1.054903507232666
1.0686039924621582
1.0823060274124146
1.0960280895233154
1.1097990274429321
1.1236587762832642
1.1376612186431885
1.1518739461898804
1.1663817167282104
1.18128502368927
1.1967037916183472
1.2127748727798462
1.229655385017395
1.2475191354751587
1.2665590047836304
1.2869834899902344
1.3090169429779053
0.6173165440559387
0.6444143056869507
0.6695252656936646
0.6929330825805664
0.71490079164505
0.7356714606285095
0.7554638981819153
0.7744747400283813
0.7928751111030579
0.8108136653900146
0.828414797782898
0.8457822799682617
0.8629982471466064
0.8801274299621582
0.8972168564796448
0.914299726486206
0.9313960075378418
0.9485157132148743
0.9656600952148438
0.9828245639801025
1.0
1.0171754360198975
1.0343399047851562
1.051484227180481
1.0686039924621582
1.085700273513794
1.102783203125
1.1198725700378418
1.1370017528533936
1.1542177200317383
1.171585202217102
1.1891863346099854
1.207124948501587
1.2255252599716187
1.2445361614227295
1.2643285989761353
1.2850992679595947
1.3070669174194336
1.3304747343063354
1.3555856943130493
1.3826833963394165
0.5460094809532166
0.5778705477714539
0.6073838472366333
0.6348943114280701
0.6607217192649841
0.6851608157157898
0.7084761261940002
0.7309045195579529
0.7526506185531616
0.7738916277885437
0.7947742938995361
0.8154199719429016
0.8359237313270569
0.8563591837882996
0.8767783641815186
0.8972168564796448
0.9176939129829407
0.9382171630859375
0.9587835073471069
0.9793829321861267
1.0
1.020617127418518
1.041216492652893
1.0617828369140625
1.0823060274124146
1.102783203125
1.1232216358184814
1.1436407566070557
1.1640762090682983
1.1845799684524536
1.2052257061004639
1.2261083126068115
1.2473493814468384
1.269095540046692
1.291523814201355
1.314839243888855
1.3392783403396606
1.3651056289672852
1.3926161527633667
1.422129511833191
1.4539904594421387
0.47750142216682434
0.5137602686882019
0.5473302006721497
0.5786211490631104
0.6080120205879211
0.6358515620231628
0.6624510288238525
0.6880877017974854
0.712999701499939
0.737391471862793
0.7614304423332214
0.7852539420127869
0.8089673519134521
0.832650899887085
0.8563591837882996
0.8801274299621582
0.9039719104766846
0.9278951287269592
0.9518871903419495
0.9759302139282227
1.0
1.0240697860717773
1.0481127500534058
1.0721049308776855
1.0960280895233154
1.1198725700378418
1.1436407566070557
1.167349100112915
1.1910326480865479
1.214746117591858
1.2385694980621338
1.262608528137207
1.287000298500061
1.3119122982025146
1.3375489711761475
1.364148497581482
1.391987919807434
1.4213788509368896
1.4526697397232056
1.4862397909164429
1.522498607635498
0.4122147560119629
0.45243632793426514
0.4896523356437683
0.5243414044380188
0.5569456219673157
0.5878699421882629
0.6174740195274353
0.646075963973999
0.6739464402198792
0.7013156414031982
0.7283698320388794
0.7552593350410461
0.7820972800254822
0.8089673519134521
0.8359237313270569
0.8629982471466064
0.8902009725570679
0.9175264835357666
0.9449551105499268
0.9724581837654114
1.0
1.0275417566299438
1.0550448894500732
1.0824735164642334
1.1097990274429321
1.1370017528533936
1.1640762090682983
1.1910326480865479
1.2179027795791626
1.2447407245635986
1.2716301679611206
1.2986843585968018
1.326053500175476
1.353924036026001
1.38252592086792
1.4121299982070923
1.443054437637329
1.4756585359573364
1.5103477239608765
1.5475636720657349
1.587785243988037
0.350551962852478
0.3942286968231201
0.43461087346076965
0.4722525179386139
0.507663369178772
0.5413081049919128
0.5735962986946106
0.604887068271637
0.6354825496673584
0.6656364798545837
0.6955509185791016
0.7253862023353577
0.7552593350410461
0.7852539420127869
0.8154199719429016
0.8457822799682617
0.8763412833213806
0.9070799946784973
0.9379658102989197
0.9689559936523438
1.0
1.0310440063476562
1.0620341300964355
1.0929200649261475
1.1236587762832642
1.1542177200317383
1.1845799684524536
1.214746117591858
1.2447407245635986
1.274613857269287
1.3044490814208984
1.334363579750061
1.3645174503326416
1.3951128721237183
1.4264036417007446
1.4586918354034424
1.492336630821228
1.5277475118637085
1.5653891563415527
1.6057713031768799
1.649448037147522
0.2928932309150696
0.3394361436367035
0.3824290633201599
0.42250901460647583
0.4602598249912262
0.4962100386619568
0.5308208465576172
0.5644921064376831
0.5975553393363953
0.6302849650382996
0.6628949046134949
0.6955509185791016
0.7283698320388794
0.7614304423332214
0.7947742938995361
0.828414797782898
0.8623388409614563
0.8965140581130981
0.9308910369873047
0.9654092788696289
1.0
1.034590721130371
1.0691089630126953
1.1034859418869019
1.1376612186431885
1.171585202217102
1.2052257061004639
1.2385694980621338
1.2716301679611206
1.3044490814208984
1.33710515499115
1.3697150945663452
1.4024447202682495
1.435507893562317
1.4691791534423828
1.5037899017333984
1.5397402048110962
1.5774909257888794
1.6175708770751953
1.6605638265609741
1.7071068286895752
0.23959402740001678
0.2883260250091553
0.33329081535339355
0.37522032856941223
0.4147806167602539
0.4525691866874695
0.48910030722618103
0.5248135328292847
0.5600666999816895
0.595150351524353
0.6302849650382996
0.6656364798545837
0.7013156414031982
0.737391471862793
0.7738916277885437
0.8108136653900146
0.8481260538101196
0.8857768177986145
0.9236956834793091
0.9618003964424133
1.0
1.0381996631622314
1.076304316520691
1.1142231225967407
1.1518739461898804
1.1891863346099854
1.2261083126068115
1.262608528137207
1.2986843585968018
1.334363579750061
1.3697150945663452
1.404849648475647
1.4399333000183105
1.4751864671707153
1.5108996629714966
1.5474307537078857
1.585219383239746
1.6247797012329102
1.6667091846466064
1.7116739749908447
1.7604060173034668
0.19098301231861115
0.24112266302108765
0.2873249351978302
0.33043161034584045
0.37120190262794495
0.41030797362327576
0.44831788539886475
0.48570823669433594
0.5228577852249146
0.5600666999816895
0.5975553393363953
0.6354825496673584
0.6739464402198792
0.712999701499939
0.7526506185531616
0.7928751111030579
0.8336183428764343
0.8748040199279785
0.9163364171981812
0.9581075310707092
1.0
1.0418925285339355
1.0836635828018188
1.1251959800720215
1.1663817167282104
1.207124948501587
1.2473493814468384
1.287000298500061
1.326053500175476
1.3645174503326416
1.4024447202682495
1.4399333000183105
1.4771422147750854
1.514291763305664
1.5516821146011353
1.5896919965744019
1.6287981271743774
1.669568419456482
1.7126750946044922
1.7588773965835571
1.8090169429779053
0.14735983312129974
0.19800631701946259
0.24460120499134064
0.2881189286708832
0.3294256031513214
0.36927393078804016
0.4082844853401184
0.44696545600891113
0.48570823669433594
0.5248135328292847
0.5644921064376831
0.604887068271637
0.646075963973999
0.6880877017974854
0.7309045195579529
0.7744747400283813
0.81871497631073
0.8635193705558777
0.9087621569633484
0.9543050527572632
1.0
1.0456949472427368
1.0912377834320068
1.136480689048767
1.18128502368927
1.2255252599716187
1.269095540046692
1.3119122982025146
1.353924036026001
1.3951128721237183
1.435507893562317
1.4751864671707153
1.514291763305664
1.5530345439910889
1.5917154550552368
1.6307260990142822
1.670574426651001
1.7118810415267944
1.7553987503051758
1.801993727684021
1.852640151977539
0.10899347811937332
0.15909387171268463
0.20510216057300568
0.24815593659877777
0.2892456650733948
0.3292084336280823
0.3687117397785187
0.4082844853401184
0.44831788539886475
0.48910030722618103
0.5308208465576172
0.5735962986946106
0.6174740195274353
0.6624510288238525
0.7084761261940002
0.7554638981819153
0.8032962679862976
0.8518326878547668
0.9009126424789429
0.9503627419471741
1.0
1.0496371984481812
1.0990873575210571
1.1481672525405884
1.1967037916183472
1.2445361614227295
1.291523814201355
1.3375489711761475
1.38252592086792
1.4264036417007446
1.4691791534423828
1.5108996629714966
1.5516821146011353
1.5917154550552368
1.6312882900238037
1.670791506767273
1.71075439453125
1.751844048500061
1.7948977947235107
1.8409061431884766
1.8910064697265625
0.07612046599388123
0.12443360686302185
0.16871123015880585
0.21030153334140778
0.2503374218940735
0.2897399663925171
0.3292084336280823
0.36927393078804016
0.41030797362327576
0.4525691866874695
0.4962100386619568
0.5413081049919128
0.5878699421882629
0.6358515620231628
0.6851608157157898
0.7356714606285095
0.787225067615509
0.8396411538124084
0.8927192091941833
0.946246325969696
1.0
1.0537536144256592
1.1072807312011719
1.1603589057922363
1.2127748727798462
1.2643285989761353
1.314839243888855
1.364148497581482
1.4121299982070923
1.4586918354034424
1.5037899017333984
1.5474307537078857
1.5896919965744019
1.6307260990142822
1.670791506767273
1.710260033607483
1.7496626377105713
1.7896984815597534
1.8312888145446777
1.8755663633346558
1.9238795042037964
0.04894348233938217
0.09395906329154968
0.1351497620344162
0.17413198947906494
0.2121998518705368
0.2503374218940735
0.2892456650733948
0.3294256031513214
0.37120190262794495
0.4147806167602539
0.4602598249912262
0.507663369178772
0.5569456219673157
0.6080120205879211
0.6607217192649841
0.71490079164505
0.7703446745872498
0.826827347278595
0.8841037750244141
0.9419167637825012
1.0
1.0580832958221436
1.115896224975586
1.1731727123260498
1.229655385017395
1.2850992679595947
1.3392783403396606
1.391987919807434
1.443054437637329
1.492336630821228
1.5397402048110962
1.585219383239746
1.6287981271743774
1.670574426651001
1.71075439453125
1.7496626377105713
1.7878001928329468
1.825868010520935
1.8648502826690674
1.906040906906128
1.9510564804077148
0.02763007953763008
0.06746893376111984
0.10393097251653671
0.13900907337665558
0.17413198947906494
0.21030153334140778
0.24815593659877777
0.2881189286708832
0.33043161034584045
0.37522032856941223
0.42250901460647583
0.4722525179386139
0.5243414044380188
0.5786211490631104
0.6348943114280701
0.6929330825805664
0.7524809241294861
0.8132612705230713
0.8749798536300659
0.9373309016227722
1.0
1.0626691579818726
1.125020146369934
1.1867387294769287
1.2475191354751587
1.3070669174194336
1.3651056289672852
1.4213788509368896
1.4756585359573364
1.5277475118637085
1.5774909257888794
1.6247797012329102
1.669568419456482
1.7118810415267944
1.751844048500061
1.7896984815597534
1.825868010520935
1.8609908819198608
1.896069049835205
1.9325311183929443
1.972369909286499
0.012311659753322601
0.044431038200855255
0.07419712841510773
0.10393097251653671
0.1351497620344162
0.16871123015880585
0.20510216057300568
0.24460120499134064
0.2873249351978302
0.33329081535339355
0.3824290633201599
0.43461087346076965
0.4896523356437683
0.5473302006721497
0.6073838472366333
0.6695252656936646
0.7334409356117249
0.7987992167472839
0.8652520775794983
0.9324411153793335
1.0
1.0675588846206665
1.134747862815857
1.2012008428573608
1.2665590047836304
1.3304747343063354
1.3926161527633667
1.4526697397232056
1.5103477239608765
1.5653891563415527
1.6175708770751953
1.6667091846466064
1.7126750946044922
1.7553987503051758
1.7948977947235107
1.8312888145446777
1.8648502826690674
1.896069049835205
1.9258028268814087
1.9555689096450806
1.9876883029937744
0.003082666313275695
0.02393288165330887
0.044431038200855255
0.06746893376111984
0.09395906329154968
0.12443360686302185
0.15909387171268463
0.19800631701946259
0.24112266302108765
0.2883260250091553
0.3394361436367035
0.3942286968231201
0.45243632793426514
0.5137602686882019
0.5778705477714539
0.6444143056869507
0.7130164504051208
0.7832860350608826
0.8548175692558289
0.927196204662323
1.0
1.0728037357330322
1.145182490348816
1.2167140245437622
1.2869834899902344
1.3555856943130493
1.422129511833191
1.4862397909164429
1.5475636720657349
1.6057713031768799
1.6605638265609741
1.7116739749908447
1.7588773965835571
1.801993727684021
1.8409061431884766
1.8755663633346558
1.906040906906128
1.9325311183929443
1.9555689096450806
1.976067066192627
1.9969173669815063
0.0
0.003082666313275695
0.012311659753322601
0.02763007953763008
0.04894348233938217
0.07612046599388123
0.10899347811937332
0.14735983312129974
0.19098301231861115
0.23959402740001678
0.2928932309150696
0.350551962852478
0.4122147560119629
0.47750142216682434
0.5460094809532166
0.6173165440559387
0.69098299741745
0.7665546536445618
0.8435655236244202
0.9215409159660339
1.0
1.0784591436386108
1.156434416770935
1.233445405960083
1.3090169429779053
1.3826833963394165
1.4539904594421387
1.522498607635498
1.587785243988037
1.649448037147522
1.7071068286895752
1.7604060173034668
1.8090169429779053
1.852640151977539
1.8910064697265625
1.9238795042037964
1.9510564804077148
1.972369909286499
1.9876883029937744
1.9969173669815063
2.0
