2.0
1.9969173669815063
1.9876883029937744
1.972369909286499
1.9510564804077148
1.9238795042037964
1.8910064697265625
1.852640151977539
1.8090169429779053
1.7604060173034668
1.7071068286895752
1.649448037147522
1.587785243988037
1.522498607635498
1.4539904594421387
1.3826833963394165
1.3090169429779053
1.233445405960083
1.156434416770935
1.0784591436386108
1.0
0.9215409159660339
0.8435655236244202
0.7665546536445618
0.69098299741745
0.6173165440559387
0.5460094809532166
0.47750142216682434
0.4122147560119629
0.350551962852478
0.2928932309150696
0.23959402740001678
0.19098301231861115
0.14735983312129974
0.10899347811937332
0.07612046599388123
0.04894348233938217
0.02763007953763008
0.012311659753322601
0.003082666313275695
0.0
1.9969173669815063
1.9760254621505737
1.955500841140747
1.93244469165802
1.9059423208236694
1.8754597902297974
1.8407951593399048
1.801881194114685
1.758765697479248
1.7115652561187744
1.6604598760604858
1.6056736707687378
1.547473669052124
1.4861584901809692
1.42205810546875
1.3555248975753784
1.2869341373443604
1.2166764736175537
1.1451572179794312
1.0727910995483398
1.0
0.9272089004516602
0.8548427820205688
0.7833235859870911
0.7130658626556396
0.6444750428199768
0.5779419541358948
0.513841450214386
0.45252636075019836
0.3943263590335846
0.33954012393951416
0.2884347438812256
0.24123433232307434
0.19811886548995972
0.1592048555612564
0.12454017251729965
0.09405770152807236
0.06755528599023819
0.04449918121099472
0.023974547162652016
0.003082666313275695
1.9876883029937744
1.955500841140747
1.9256863594055176
1.8959182500839233
1.8646756410598755
1.8310984373092651
1.7946982383728027
1.7551954984664917
1.7124725580215454
1.6665115356445312
1.6173814535140991
1.5652108192443848
1.5101830959320068
1.4525212049484253
1.3924853801727295
1.330363392829895
1.2664684057235718
1.2011319398880005
1.1347016096115112
1.0675355195999146
1.0
0.9324644207954407
0.8652983903884888
0.7988680601119995
0.7335315346717834
0.669636607170105
0.6075145602226257
0.5474787950515747
0.4898168742656708
0.43478912115097046
0.3826185166835785
0.33348846435546875
0.2875273823738098
0.2448045164346695
0.2053017020225525
0.16890157759189606
0.1353243589401245
0.10408174246549606
0.0743136778473854
0.04449918121099472
0.012311659753322601
1.972369909286499
1.93244469165802
1.8959182500839233
1.860792875289917
1.8256361484527588
1.789443850517273
1.7515755891799927
1.7116063833236694
1.669293999671936
1.6245110034942627
1.5772329568862915
1.527504324913025
1.4754338264465332
1.4211757183074951
1.3649266958236694
1.3069144487380981
1.2473949193954468
1.186644434928894
1.1249566078186035
1.062637209892273
1.0
0.937362790107727
0.8750433325767517
0.8133556246757507
0.7526050209999084
0.6930855512619019
0.6350732445716858
0.5788242816925049
0.5245661735534668
0.4724957048892975
0.4227670133113861
0.3754889667034149
0.33070605993270874
0.28839364647865295
0.24842441082000732
0.21055619418621063
0.17436382174491882
0.1392071545124054
0.10408174246549606
0.06755528599023819
0.02763007953763008
1.9510564804077148
1.9059423208236694
1.8646756410598755
1.8256361484527588
1.7875266075134277
1.749360203742981
1.710434079170227
1.6702455282211304
1.6284685134887695
1.5848959684371948
1.5394290685653687
1.492042899131775
1.4427826404571533
1.3917419910430908
1.3390614986419678
1.2849143743515015
1.2295048236846924
1.1730581521987915
1.1158192157745361
1.0580445528030396
1.0
0.9419555068016052
0.8841808438301086
0.8269418478012085
0.7704952359199524
0.7150856256484985
0.6609385013580322
0.6082580089569092
0.5572174191474915
0.5079571008682251
0.46057096123695374
0.4151039719581604
0.37153151631355286
0.3297545313835144
0.28956592082977295
0.25063976645469666
0.21247339248657227
0.17436382174491882
0.1353243589401245
0.09405770152807236
0.04894348233938217
1.9238795042037964
1.8754597902297974
1.8310984373092651
1.789443850517273
1.749360203742981
1.7099242210388184
1.6704343557357788
1.630358099937439
1.5893223285675049
1.5470672845840454
1.5034395456314087
1.4583606719970703
1.4118232727050781
1.3638705015182495
1.314594030380249
1.2641193866729736
1.2126045227050781
1.160229206085205
1.1071934700012207
1.0537097454071045
1.0
0.9462902545928955
0.8928065299987793
0.8397707939147949
0.7873955368995667
0.7358805537223816
0.685405969619751
0.6361294388771057
0.5881767868995667
0.5416393280029297
0.4965604245662689
0.4529326856136322
0.4106777012348175
0.3696419298648834
0.3295656144618988
0.29007580876350403
0.25063976645469666
0.21055619418621063
0.16890157759189606
0.12454017251729965
0.07612046599388123
1.8910064697265625
1.8407951593399048
1.7946982383728027
1.7515755891799927
1.710434079170227
1.6704343557357788
1.6309071779251099
1.5913218259811401
1.5512856245040894
1.5105091333389282
1.4688020944595337
1.4260468482971191
1.382194995880127
1.3372490406036377
1.2912590503692627
1.2443101406097412
1.1965194940567017
1.1480270624160767
1.098992943763733
1.04958975315094
1.0
0.9504102468490601
0.9010071158409119
0.8519729375839233
0.8034805655479431
0.7556899189949036
0.7087409496307373
0.6627510190010071
0.6178049445152283
0.5739531517028809
0.5311978459358215
0.4894908368587494
0.44871434569358826
0.40867823362350464
0.3690928518772125
0.3295656144618988
0.28956592082977295
0.24842441082000732
0.2053017020225525
0.1592048555612564
0.10899347811937332
1.852640151977539
1.801881194114685
1.7551954984664917
1.7116063833236694
1.6702455282211304
1.630358099937439
1.5913218259811401
1.5526268482208252
1.5138803720474243
1.474780559539795
1.4351155757904053
1.394741177558899
1.3535789251327515
1.3115992546081543
1.268818974494934
1.2252891063690186
1.181092381477356
1.1363340616226196
1.0911390781402588
1.0456452369689941
1.0
0.9543547034263611
0.9088609218597412
0.8636659979820251
0.818907618522644
0.7747109532356262
0.7311810255050659
0.6884008049964905
0.6464210748672485
0.6052588820457458
0.5648844242095947
0.5252194404602051
0.4861195981502533
0.4473731815814972
0.40867823362350464
0.3696419298648834
0.3297545313835144
0.28839364647865295
0.2448045164346695
0.19811886548995972
0.14735983312129974
1.8090169429779053
1.758765697479248
1.7124725580215454
1.669293999671936
1.6284685134887695
1.5893223285675049
1.5512856245040894
1.5138803720474243
1.4767265319824219
1.4395225048065186
1.4020471572875977
1.3641403913497925
1.3257032632827759
1.2866822481155396
1.2470682859420776
1.206884741783142
1.166185736656189
1.125046730041504
1.0835630893707275
1.0418418645858765
1.0
0.9581580758094788
0.9164369106292725
0.8749532103538513
0.8338143229484558
0.7931152582168579
0.7529317140579224
0.7133178114891052
0.6742967963218689
0.6358596086502075
0.5979528427124023
0.5604774951934814
0.5232734680175781
0.4861195981502533
0.44871434569358826
0.4106777012348175
0.37153151631355286
0.33070605993270874
0.2875273823738098
0.24123433232307434
0.19098301231861115
1.7604060173034668
1.7115652561187744
1.6665115356445312
1.6245110034942627
1.5848959684371948
1.5470672845840454
1.5105091333389282
1.474780559539795
1.4395225048065186
1.404443383216858
1.369321346282959
1.3339897394180298
1.2983368635177612
1.2622928619384766
1.2258292436599731
1.1889476776123047
1.1516791582107544
1.1140748262405396
1.0762044191360474
1.038149356842041
1.0
0.9618507027626038
0.9237956404685974
0.8859251737594604
0.8483208417892456
0.8110523223876953
0.7741708159446716
0.7377071380615234
0.7016631364822388
0.6660102605819702
0.630678653717041
0.5955566763877869
0.5604774951934814
0.5252194404602051
0.4894908368587494
0.4529326856136322
0.4151039719581604
0.3754889667034149
0.33348846435546875
0.2884347438812256
0.23959402740001678
1.7071068286895752
1.6604598760604858
1.6173814535140991
1.5772329568862915
1.5394290685653687
1.5034395456314087
1.4688020944595337
1.4351155757904053
1.4020471572875977
1.369321346282959
1.3367233276367188
1.3040863275527954
1.2712926864624023
1.2382627725601196
1.2049543857574463
1.1713531017303467
1.1374716758728027
1.1033415794372559
1.0690116882324219
1.0345417261123657
1.0
0.9654582142829895
0.9309883117675781
0.8966583609580994
0.8625283241271973
0.8286468982696533
0.7950456738471985
0.7617372274398804
0.7287073135375977
0.6959137320518494
0.6632766723632812
0.630678653717041
0.5979528427124023
0.5648844242095947
0.5311978459358215
0.4965604245662689
0.46057096123695374
0.4227670133113861
0.3826185166835785
0.33954012393951416
0.2928932309150696
1.649448037147522
1.6056736707687378
1.5652108192443848
1.527504324913025
1.492042899131775
1.4583606719970703
1.4260468482971191
1.394741177558899
1.3641403913497925
1.3339897394180298
1.3040863275527954
1.2742688655853271
1.2444195747375488
1.2144540548324585
1.1843215227127075
1.1539967060089111
1.1234781742095947
1.0927824974060059
1.061941385269165
1.0309972763061523
1.0
0.9690026640892029
0.9380585551261902
0.9072175621986389
0.8765218257904053
0.8460033535957336
0.8156784176826477
0.7855459451675415
0.7555804252624512
0.7257311344146729
0.6959137320518494
0.6660102605819702
0.6358596086502075
0.6052588820457458
0.5739531517028809
0.5416393280029297
0.5079571008682251
0.4724957048892975
0.43478912115097046
0.3943263590335846
0.350551962852478
1.587785243988037
1.547473669052124
1.5101830959320068
1.4754338264465332
1.4427826404571533
1.4118232727050781
1.382194995880127
1.3535789251327515
1.3257032632827759
1.2983368635177612
1.2712926864624023
1.2444195747375488
1.2176036834716797
1.190760612487793
1.1638354063034058
1.1367956399917603
1.1096307039260864
1.0823452472686768
1.0549583435058594
1.0274982452392578
1.0
0.9725017547607422
0.9450415968894958
0.9176547527313232
0.8903693556785583
0.8632043600082397
0.8361645936965942
0.8092394471168518
0.7823963165283203
0.7555804252624512
0.7287073135375977
0.7016631364822388
0.6742967963218689
0.6464210748672485
0.6178049445152283
0.5881767868995667
0.5572174191474915
0.5245661735534668
0.4898168742656708
0.45252636075019836
0.4122147560119629
1.522498607635498
1.4861584901809692
1.4525212049484253
1.4211757183074951
1.3917419910430908
1.3638705015182495
1.3372490406036377
1.3115992546081543
1.2866822481155396
1.2622928619384766
1.2382627725601196
1.2144540548324585
1.190760612487793
1.167101502418518
1.1434215307235718
1.1196848154067993
1.0958747863769531
1.0719879865646362
1.0480339527130127
1.024030089378357
1.0
0.9759699106216431
0.9519660472869873
0.9280120134353638
0.9041252732276917
0.8803151249885559
0.8565784692764282
0.8328984975814819
0.8092394471168518
0.7855459451675415
0.7617372274398804
0.7377071380615234
0.7133178114891052
0.6884008049964905
0.6627510190010071
0.6361294388771057
0.6082580089569092
0.5788242816925049
0.5474787950515747
0.513841450214386
0.47750142216682434
1.4539904594421387
1.42205810546875
1.3924853801727295
1.3649266958236694
1.3390614986419678
1.314594030380249
1.2912590503692627
1.268818974494934
1.2470682859420776
1.2258292436599731
1.2049543857574463
1.1843215227127075
1.1638354063034058
1.1434215307235718
1.1230273246765137
1.1026169061660767
1.0821701288223267
1.0616792440414429
1.0411466360092163
1.0205819606781006
1.0
0.9794180989265442
0.9588533639907837
0.9383207559585571
0.9178298115730286
0.8973831534385681
0.8769726753234863
0.8565784692764282
0.8361645936965942
0.8156784176826477
0.7950456738471985
0.7741708159446716
0.7529317140579224
0.7311810255050659
0.7087409496307373
0.685405969619751
0.6609385013580322
0.6350732445716858
0.6075145602226257
0.5779419541358948
0.5460094809532166
1.3826833963394165
1.3555248975753784
1.330363392829895
1.3069144487380981
1.2849143743515015
1.2641193866729736
1.2443101406097412
1.2252891063690186
1.206884741783142
1.1889476776123047
1.1713531017303467
1.1539967060089111
1.1367956399917603
1.1196848154067993
1.1026169061660767
1.0855579376220703
1.0684876441955566
1.0513955354690552
1.0342800617218018
1.0171452760696411
1.0
0.9828546643257141
0.9657199382781982
0.9486044645309448
0.9315123558044434
0.9144421219825745
0.8973831534385681
0.8803151249885559
0.8632043600082397
0.8460033535957336
0.8286468982696533
0.8110523223876953
0.7931152582168579
0.7747109532356262
0.7556899189949036
0.7358805537223816
0.7150856256484985
0.6930855512619019
0.669636607170105
0.6444750428199768
0.6173165440559387
1.3090169429779053
1.2869341373443604
1.2664684057235718
1.2473949193954468
1.2295048236846924
1.2126045227050781
1.1965194940567017
1.181092381477356
1.166185736656189
1.1516791582107544
1.1374716758728027
1.1234781742095947
1.1096307039260864
1.0958747863769531
1.0821701288223267
1.0684876441955566
1.0548083782196045
1.041121482849121
1.02742338180542
1.0137146711349487
1.0
0.9862853288650513
0.9725766777992249
0.9588784575462341
0.9451916217803955
0.9315123558044434
0.9178298115730286
0.9041252732276917
0.8903693556785583
0.8765218257904053
0.8625283241271973
0.8483208417892456
0.8338143229484558
0.818907618522644
0.8034805655479431
0.7873955368995667
0.7704952359199524
0.7526050209999084
0.7335315346717834
0.7130658626556396
0.69098299741745
1.233445405960083
1.2166764736175537
1.2011319398880005
1.186644434928894
1.1730581521987915
1.160229206085205
1.1480270624160767
1.1363340616226196
1.125046730041504
1.1140748262405396
1.1033415794372559
1.0927824974060059
1.0823452472686768
1.0719879865646362
1.0616792440414429
1.0513955354690552
1.041121482849121
1.0308475494384766
1.0205693244934082
1.0102862119674683
1.0
0.9897137880325317
0.979430615901947
0.9691524505615234
0.9588784575462341
0.9486044645309448
0.9383207559585571
0.9280120134353638
0.9176547527313232
0.9072175621986389
0.8966583609580994
0.8859251737594604
0.8749532103538513
0.8636659979820251
0.8519729375839233
0.8397707939147949
0.8269418478012085
0.8133556246757507
0.7988680601119995
0.7833235859870911
0.7665546536445618
1.156434416770935
1.1451572179794312
1.1347016096115112
1.1249566078186035
1.1158192157745361
1.1071934700012207
1.098992943763733
1.0911390781402588
1.0835630893707275
1.0762044191360474
1.0690116882324219
1.061941385269165
1.0549583435058594
1.0480339527130127
1.0411466360092163
1.0342800617218018
1.02742338180542
1.0205693244934082
1.0137146711349487
1.006857991218567
1.0
0.9931420087814331
0.9862853288650513
0.979430615901947
0.9725766777992249
0.9657199382781982
0.9588533639907837
0.9519660472869873
0.9450415968894958
0.9380585551261902
0.9309883117675781
0.9237956404685974
0.9164369106292725
0.9088609218597412
0.9010071158409119
0.8928065299987793
0.8841808438301086
0.8750433325767517
0.8652983903884888
0.8548427820205688
0.8435655236244202
1.0784591436386108
1.0727910995483398
1.0675355195999146
1.062637209892273
1.0580445528030396
1.0537097454071045
1.04958975315094
1.0456452369689941
1.0418418645858765
1.038149356842041
1.0345417261123657
1.0309972763061523
1.0274982452392578
1.024030089378357
1.0205819606781006
1.0171452760696411
1.0137146711349487
1.0102862119674683
1.006857991218567
1.0034292936325073
1.0
0.9965707659721375
0.9931420087814331
0.9897137880325317
0.9862853288650513
0.9828546643257141
0.9794180989265442
0.9759699106216431
0.9725017547607422
0.9690026640892029
0.9654582142829895
0.9618507027626038
0.9581580758094788
0.9543547034263611
0.9504102468490601
0.9462902545928955
0.9419555068016052
0.937362790107727
0.9324644207954407
0.9272089004516602
0.9215409159660339
1.0
1.0
1.0
1.0
1.0
1.0
1.0
1.0
1.0
1.0
1.0
1.0
1.0
1.0
1.0
1.0
1.0
1.0
1.0
1.0
1.0
1.0
1.0
1.0
1.0
1.0
1.0
1.0
1.0
1.0
1.0
1.0
1.0
1.0
1.0
1.0
1.0
1.0
1.0
1.0
1.0
0.9215409159660339
0.9272089004516602
0.9324644207954407
0.937362790107727
0.9419555068016052
0.9462902545928955
0.9504102468490601
0.9543547034263611
0.9581580758094788
0.9618507027626038
0.9654582142829895
0.9690026640892029
0.9725017547607422
0.9759699106216431
0.9794180989265442
0.9828546643257141
0.9862853288650513
0.9897137880325317
0.9931420087814331
0.9965707659721375
1.0
1.0034292936325073
1.006857991218567
1.0102862119674683
1.0137146711349487
1.0171452760696411
1.0205819606781006
1.024030089378357
1.0274982452392578
1.0309972763061523
1.0345417261123657
1.038149356842041
1.0418418645858765
1.0456452369689941
1.04958975315094
1.0537097454071045
1.0580445528030396
1.062637209892273
1.0675355195999146
1.0727910995483398
1.0784591436386108
0.8435655236244202
0.8548427820205688
0.8652983903884888
0.8750433325767517
0.8841808438301086
0.8928065299987793
0.9010071158409119
0.9088609218597412
0.9164369106292725
0.9237956404685974
0.9309883117675781
0.9380585551261902
0.9450415968894958
0.9519660472869873
0.9588533639907837
0.9657199382781982
0.9725766777992249
0.979430615901947
0.9862853288650513
0.9931420087814331
1.0
1.006857991218567
1.0137146711349487
1.0205693244934082
1.02742338180542
1.0342800617218018
1.0411466360092163
1.0480339527130127
1.0549583435058594
1.061941385269165
1.0690116882324219
1.0762044191360474
1.0835630893707275
1.0911390781402588
1.098992943763733
1.1071934700012207
1.1158192157745361
1.1249566078186035
1.1347016096115112
1.1451572179794312
1.156434416770935
0.7665546536445618
0.7833235859870911
0.7988680601119995
0.8133556246757507
0.8269418478012085
0.8397707939147949
0.8519729375839233
0.8636659979820251
0.8749532103538513
0.8859251737594604
0.8966583609580994
0.9072175621986389
0.9176547527313232
0.9280120134353638
0.9383207559585571
0.9486044645309448
0.9588784575462341
0.9691524505615234
0.979430615901947
0.9897137880325317
1.0
1.0102862119674683
1.0205693244934082
1.0308475494384766
1.041121482849121
1.0513955354690552
1.0616792440414429
1.0719879865646362
1.0823452472686768
1.0927824974060059
1.1033415794372559
1.1140748262405396
1.125046730041504
1.1363340616226196
1.1480270624160767
1.160229206085205
1.1730581521987915
1.186644434928894
1.2011319398880005
1.2166764736175537
1.233445405960083
0.69098299741745
0.7130658626556396
0.7335315346717834
0.7526050209999084
0.7704952359199524
0.7873955368995667
0.8034805655479431
0.818907618522644
0.8338143229484558
0.8483208417892456
0.8625283241271973
0.8765218257904053
0.8903693556785583
0.9041252732276917
0.9178298115730286
0.9315123558044434
0.9451916217803955
0.9588784575462341
0.9725766777992249
0.9862853288650513
1.0
1.0137146711349487
1.02742338180542
1.041121482849121
1.0548083782196045
1.0684876441955566
1.0821701288223267
1.0958747863769531
1.1096307039260864
1.1234781742095947
1.1374716758728027
1.1516791582107544
1.166185736656189
1.181092381477356
1.1965194940567017
1.2126045227050781
1.2295048236846924
1.2473949193954468
1.2664684057235718
1.2869341373443604
1.3090169429779053
0.6173165440559387
0.6444750428199768
0.669636607170105
0.6930855512619019
0.7150856256484985
0.7358805537223816
0.7556899189949036
0.7747109532356262
0.7931152582168579
0.8110523223876953
0.8286468982696533
0.8460033535957336
0.8632043600082397
0.8803151249885559
0.8973831534385681
0.9144421219825745
0.9315123558044434
0.9486044645309448
0.9657199382781982
0.9828546643257141
1.0
1.0171452760696411
1.0342800617218018
1.0513955354690552
1.0684876441955566
1.0855579376220703
1.1026169061660767
1.1196848154067993
1.1367956399917603
1.1539967060089111
1.1713531017303467
1.1889476776123047
1.206884741783142
1.2252891063690186
1.2443101406097412
1.2641193866729736
1.2849143743515015
1.3069144487380981
1.330363392829895
1.3555248975753784
1.3826833963394165
0.5460094809532166
0.5779419541358948
0.6075145602226257
0.6350732445716858
0.6609385013580322
0.685405969619751
0.7087409496307373
0.7311810255050659
0.7529317140579224
0.7741708159446716
0.7950456738471985
0.8156784176826477
0.8361645936965942
0.8565784692764282
0.8769726753234863
0.8973831534385681
0.9178298115730286
0.9383207559585571
0.9588533639907837
0.9794180989265442
1.0
1.0205819606781006
1.0411466360092163
1.0616792440414429
1.0821701288223267
1.1026169061660767
1.1230273246765137
1.1434215307235718
1.1638354063034058
1.1843215227127075
1.2049543857574463
1.2258292436599731
1.2470682859420776
1.268818974494934
1.2912590503692627
1.314594030380249
1.3390614986419678
1.3649266958236694
1.3924853801727295
1.42205810546875
1.4539904594421387
0.47750142216682434
0.513841450214386
0.5474787950515747
0.5788242816925049
0.6082580089569092
0.6361294388771057
0.6627510190010071
0.6884008049964905
0.7133178114891052
0.7377071380615234
0.7617372274398804
0.7855459451675415
0.8092394471168518
0.8328984975814819
0.8565784692764282
0.8803151249885559
0.9041252732276917
0.9280120134353638
0.9519660472869873
0.9759699106216431
1.0
1.024030089378357
1.0480339527130127
1.0719879865646362
1.0958747863769531
1.1196848154067993
1.1434215307235718
1.167101502418518
1.190760612487793
1.2144540548324585
1.2382627725601196
1.2622928619384766
1.2866822481155396
1.3115992546081543
1.3372490406036377
1.3638705015182495
1.3917419910430908
1.4211757183074951
1.4525212049484253
1.4861584901809692
1.522498607635498
0.4122147560119629
0.45252636075019836
0.4898168742656708
0.5245661735534668
0.5572174191474915
0.5881767868995667
0.6178049445152283
0.6464210748672485
0.6742967963218689
0.7016631364822388
0.7287073135375977
0.7555804252624512
0.7823963165283203
0.8092394471168518
0.8361645936965942
0.8632043600082397
0.8903693556785583
0.9176547527313232
0.9450415968894958
0.9725017547607422
1.0
1.0274982452392578
1.0549583435058594
1.0823452472686768
1.1096307039260864
1.1367956399917603
1.1638354063034058
1.190760612487793
1.2176036834716797
1.2444195747375488
1.2712926864624023
1.2983368635177612
1.3257032632827759
1.3535789251327515
1.382194995880127
1.4118232727050781
1.4427826404571533
1.4754338264465332
1.5101830959320068
1.547473669052124
1.587785243988037
0.350551962852478
0.3943263590335846
0.43478912115097046
0.4724957048892975
0.5079571008682251
0.5416393280029297
0.5739531517028809
0.6052588820457458
0.6358596086502075
0.6660102605819702
0.6959137320518494
0.7257311344146729
0.7555804252624512
0.7855459451675415
0.8156784176826477
0.8460033535957336
0.8765218257904053
0.9072175621986389
0.9380585551261902
0.9690026640892029
1.0
1.0309972763061523
1.061941385269165
1.0927824974060059
1.1234781742095947
1.1539967060089111
1.1843215227127075
1.2144540548324585
1.2444195747375488
1.2742688655853271
1.3040863275527954
1.3339897394180298
1.3641403913497925
1.394741177558899
1.4260468482971191
1.4583606719970703
1.492042899131775
1.527504324913025
1.5652108192443848
1.6056736707687378
1.649448037147522
0.2928932309150696
0.33954012393951416
0.3826185166835785
0.4227670133113861
0.46057096123695374
0.4965604245662689
0.5311978459358215
0.5648844242095947
0.5979528427124023
0.630678653717041
0.6632766723632812
0.6959137320518494
0.7287073135375977
0.7617372274398804
0.7950456738471985
0.8286468982696533
0.8625283241271973
0.8966583609580994
0.9309883117675781
0.9654582142829895
1.0
1.0345417261123657
1.0690116882324219
1.1033415794372559
1.1374716758728027
1.1713531017303467
1.2049543857574463
1.2382627725601196
1.2712926864624023
1.3040863275527954
1.3367233276367188
1.369321346282959
1.4020471572875977
1.4351155757904053
1.4688020944595337
1.5034395456314087
1.5394290685653687
1.5772329568862915
1.6173814535140991
1.6604598760604858
1.7071068286895752
0.23959402740001678
0.2884347438812256
0.33348846435546875
0.3754889667034149
0.4151039719581604
0.4529326856136322
0.4894908368587494
0.5252194404602051
0.5604774951934814
0.5955566763877869
0.630678653717041
0.6660102605819702
0.7016631364822388
0.7377071380615234
0.7741708159446716
0.8110523223876953
0.8483208417892456
0.8859251737594604
0.9237956404685974
0.9618507027626038
1.0
1.038149356842041
1.0762044191360474
1.1140748262405396
1.1516791582107544
1.1889476776123047
1.2258292436599731
1.2622928619384766
1.2983368635177612
1.3339897394180298
1.369321346282959
1.404443383216858
1.4395225048065186
1.474780559539795
1.5105091333389282
1.5470672845840454
1.5848959684371948
1.6245110034942627
1.6665115356445312
1.7115652561187744
1.7604060173034668
0.19098301231861115
0.24123433232307434
0.2875273823738098
0.33070605993270874
0.37153151631355286
0.4106777012348175
0.44871434569358826
0.4861195981502533
0.5232734680175781
0.5604774951934814
0.5979528427124023
0.6358596086502075
0.6742967963218689
0.7133178114891052
0.7529317140579224
0.7931152582168579
0.8338143229484558
0.8749532103538513
0.9164369106292725
0.9581580758094788
1.0
1.0418418645858765
1.0835630893707275
1.125046730041504
1.166185736656189
1.206884741783142
1.2470682859420776
1.2866822481155396
1.3257032632827759
1.3641403913497925
1.4020471572875977
1.4395225048065186
1.4767265319824219
1.5138803720474243
1.5512856245040894
1.5893223285675049
1.6284685134887695
1.669293999671936
1.7124725580215454
1.758765697479248
1.8090169429779053
0.14735983312129974
0.19811886548995972
0.2448045164346695
0.28839364647865295
0.3297545313835144
0.3696419298648834
0.40867823362350464
0.4473731815814972
0.4861195981502533
0.5252194404602051
0.5648844242095947
0.6052588820457458
0.6464210748672485
0.6884008049964905
0.7311810255050659
0.7747109532356262
0.818907618522644
0.8636659979820251
0.9088609218597412
0.9543547034263611
1.0
1.0456452369689941
1.0911390781402588
1.1363340616226196
1.181092381477356
1.2252891063690186
1.268818974494934
1.3115992546081543
1.3535789251327515
1.394741177558899
1.4351155757904053
1.474780559539795
1.5138803720474243
1.5526268482208252
1.5913218259811401
1.630358099937439
1.6702455282211304
1.7116063833236694
1.7551954984664917
1.801881194114685
1.852640151977539
0.10899347811937332
0.1592048555612564
0.2053017020225525
0.24842441082000732
0.28956592082977295
0.3295656144618988
0.3690928518772125
0.40867823362350464
0.44871434569358826
0.4894908368587494
0.5311978459358215
0.5739531517028809
0.6178049445152283
0.6627510190010071
0.7087409496307373
0.7556899189949036
0.8034805655479431
0.8519729375839233
0.9010071158409119
0.9504102468490601
1.0
1.04958975315094
1.098992943763733
1.1480270624160767
1.1965194940567017
1.2443101406097412
1.2912590503692627
1.3372490406036377
1.382194995880127
1.4260468482971191
1.4688020944595337
1.5105091333389282
1.5512856245040894
1.5913218259811401
1.6309071779251099
1.6704343557357788
1.710434079170227
1.7515755891799927
1.7946982383728027
1.8407951593399048
1.8910064697265625
0.07612046599388123
0.12454017251729965
0.16890157759189606
0.21055619418621063
0.25063976645469666
0.29007580876350403
0.3295656144618988
0.3696419298648834
0.4106777012348175
0.4529326856136322
0.4965604245662689
0.5416393280029297
0.5881767868995667
0.6361294388771057
0.685405969619751
0.7358805537223816
0.7873955368995667
0.8397707939147949
0.8928065299987793
0.9462902545928955
1.0
1.0537097454071045
1.1071934700012207
1.160229206085205
1.2126045227050781
1.2641193866729736
1.314594030380249
1.3638705015182495
1.4118232727050781
1.4583606719970703
1.5034395456314087
1.5470672845840454
1.5893223285675049
1.630358099937439
1.6704343557357788
1.7099242210388184
1.749360203742981
1.789443850517273
1.8310984373092651
1.8754597902297974
1.9238795042037964
0.04894348233938217
0.09405770152807236
0.1353243589401245
0.17436382174491882
0.21247339248657227
0.25063976645469666
0.28956592082977295
0.3297545313835144
0.37153151631355286
0.4151039719581604
0.46057096123695374
0.5079571008682251
0.5572174191474915
0.6082580089569092
0.6609385013580322
0.7150856256484985
0.7704952359199524
0.8269418478012085
0.8841808438301086
0.9419555068016052
1.0
1.0580445528030396
1.1158192157745361
1.1730581521987915
1.2295048236846924
1.2849143743515015
1.3390614986419678
1.3917419910430908
1.4427826404571533
1.492042899131775
1.5394290685653687
1.5848959684371948
1.6284685134887695
1.6702455282211304
1.710434079170227
1.749360203742981
1.7875266075134277
1.8256361484527588
1.8646756410598755
1.9059423208236694
1.9510564804077148
0.02763007953763008
0.06755528599023819
0.10408174246549606
0.1392071545124054
0.17436382174491882
0.21055619418621063
0.24842441082000732
0.28839364647865295
0.33070605993270874
0.3754889667034149
0.4227670133113861
0.4724957048892975
0.5245661735534668
0.5788242816925049
0.6350732445716858
0.6930855512619019
0.7526050209999084
0.8133556246757507
0.8750433325767517
0.937362790107727
1.0
1.062637209892273
1.1249566078186035
1.186644434928894
1.2473949193954468
1.3069144487380981
1.3649266958236694
1.4211757183074951
1.4754338264465332
1.527504324913025
1.5772329568862915
1.6245110034942627
1.669293999671936
1.7116063833236694
1.7515755891799927
1.789443850517273
1.8256361484527588
1.860792875289917
1.8959182500839233
1.93244469165802
1.972369909286499
0.012311659753322601
0.04449918121099472
0.0743136778473854
0.10408174246549606
0.1353243589401245
0.16890157759189606
0.2053017020225525
0.2448045164346695
0.2875273823738098
0.33348846435546875
0.3826185166835785
0.43478912115097046
0.4898168742656708
0.5474787950515747
0.6075145602226257
0.669636607170105
0.7335315346717834
0.7988680601119995
0.8652983903884888
0.9324644207954407
1.0
1.0675355195999146
1.1347016096115112
1.2011319398880005
1.2664684057235718
1.330363392829895
1.3924853801727295
1.4525212049484253
1.5101830959320068
1.5652108192443848
1.6173814535140991
1.6665115356445312
1.7124725580215454
1.7551954984664917
1.7946982383728027
1.8310984373092651
1.8646756410598755
1.8959182500839233
1.9256863594055176
1.955500841140747
1.9876883029937744
0.003082666313275695
0.023974547162652016
0.04449918121099472
0.06755528599023819
0.09405770152807236
0.12454017251729965
0.1592048555612564
0.19811886548995972
0.24123433232307434
0.2884347438812256
0.33954012393951416
0.3943263590335846
0.45252636075019836
0.513841450214386
0.5779419541358948
0.6444750428199768
0.7130658626556396
0.7833235859870911
0.8548427820205688
0.9272089004516602
1.0
1.0727910995483398
1.1451572179794312
1.2166764736175537
1.2869341373443604
1.3555248975753784
1.42205810546875
1.4861584901809692
1.547473669052124
1.6056736707687378
1.6604598760604858
1.7115652561187744
1.758765697479248
1.801881194114685
1.8407951593399048
1.8754597902297974
1.9059423208236694
1.93244469165802
1.955500841140747
1.9760254621505737
1.9969173669815063
0.0
0.003082666313275695
0.012311659753322601
0.02763007953763008
0.04894348233938217
0.07612046599388123
0.10899347811937332
0.14735983312129974
0.19098301231861115
0.23959402740001678
0.2928932309150696
0.350551962852478
0.4122147560119629
0.47750142216682434
0.5460094809532166
0.6173165440559387
0.69098299741745
0.7665546536445618
0.8435655236244202
0.9215409159660339
1.0
1.0784591436386108
1.156434416770935
1.233445405960083
1.3090169429779053
1.3826833963394165
1.4539904594421387
1.522498607635498
1.587785243988037
1.649448037147522
1.7071068286895752
1.7604060173034668
1.8090169429779053
1.852640151977539
1.8910064697265625
1.9238795042037964
1.9510564804077148
1.972369909286499
1.9876883029937744
1.9969173669815063
2.0
