0.0
0.0
0.0
0.0
0.0
0.0
0.0
0.0
0.0
0.0
0.0
0.0
0.0
0.0
0.0
0.0
0.0
0.0
0.0
0.0
0.0
0.0
0.0
0.0
0.0
0.0
0.0
0.0
0.0
0.0
0.0
0.0
0.0
0.0
0.0
0.0
0.0
0.0
0.0
0.0
0.0
0.0
1.2382229215290863e-06
2.4619389478175435e-06
3.6569151689036516e-06
4.8095362217281945e-06
5.906982551096007e-06
6.937604211998405e-06
7.890987944847438e-06
8.758319381740876e-06
9.53232120082248e-06
1.020756462821737e-05
1.0780286174849607e-05
1.1248605915170629e-05
1.1612240996328183e-05
1.1872614777530544e-05
1.2032509403070435e-05
1.2096060345356818e-05
1.2068402611475904e-05
1.1955572517763358e-05
1.1764188457163982e-05
1.1501304470584728e-05
1.1174158316862304e-05
1.0790001397253945e-05
1.0355945050832815e-05
9.87879502645228e-06
9.364981451653875e-06
8.820425136946142e-06
8.25054394226754e-06
7.660143637622241e-06
7.053482477203943e-06
6.434200713556493e-06
5.805409273307305e-06
5.169651558389887e-06
4.529008492681896e-06
3.885083060595207e-06
3.2391051263402915e-06
2.591938027762808e-06
1.944175210155663e-06
1.2961625088792061e-06
6.48084153453965e-07
0.0
0.0
2.491011855454417e-06
4.952715244144201e-06
7.356356945820153e-06
9.674433385953307e-06
1.1881053978868295e-05
1.395270101056667e-05
1.586835969646927e-05
1.7610262148082256e-05
1.916375731525477e-05
2.0517949451459572e-05
2.1665318854502402e-05
2.2602167518925853e-05
2.3328035240410827e-05
2.3845923351473175e-05
2.416157440165989e-05
2.4283472157549113e-05
2.422210127406288e-05
2.398976357653737e-05
2.359991594858002e-05
2.3066872017807327e-05
2.2405294657801278e-05
2.1629852199112065e-05
2.075490374409128e-05
1.979416992980987e-05
1.8760596503852867e-05
1.7666079656919464e-05
1.652148785069585e-05
1.5336448996094987e-05
1.4119473235041369e-05
1.2877821063739248e-05
1.1617685231612995e-05
1.0344113434257451e-05
9.061220225703437e-06
7.772160643071402e-06
6.4793416640895884e-06
5.184433575777803e-06
3.8885650610609446e-06
2.592371629361878e-06
1.2961625088792061e-06
0.0
0.0
3.773208163693198e-06
7.501709660573397e-06
1.1141649338242132e-05
1.4651084711658768e-05
1.799054371076636e-05
2.1124193153809756e-05
2.4020042474148795e-05
2.6651081498130225e-05
2.8995096727157943e-05
3.103563722106628e-05
3.27614470734261e-05
3.416714025661349e-05
3.525230204104446e-05
3.6021810956299305e-05
3.648475103545934e-05
3.66543754353188e-05
3.6546975024975836e-05
3.618156915763393e-05
3.5578905226429924e-05
3.476097481325269e-05
3.375024243723601e-05
3.2569128961768e-05
3.123951319139451e-05
2.978225347760599e-05
2.82169712590985e-05
2.65616545220837e-05
2.4832685085129924e-05
2.3044531189952977e-05
2.120995122822933e-05
1.9339780919835903e-05
1.7443231627112255e-05
1.5527773939538747e-05
1.3599465091829188e-05
1.1662905308185145e-05
9.721571586851496e-06
7.777826795063447e-06
5.833222076034872e-06
3.8885650610609446e-06
1.944175210155663e-06
0.0
0.0
5.100293492432684e-06
1.0139569894818123e-05
1.5057978089316748e-05
1.9798288121819496e-05
2.430666791042313e-05
2.853427577065304e-05
3.2437565096188337e-05
3.597983959480189e-05
3.9131024095695466e-05
4.186898877378553e-05
4.417876698425971e-05
4.60534829471726e-05
4.749311847263016e-05
4.8504924052394927e-05
4.910190182272345e-05
4.930273280479014e-05
4.913022348773666e-05
4.8610825615469366e-05
4.777326466864906e-05
4.664785592467524e-05
4.5265456719789654e-05
4.365673157735728e-05
4.1851508285617456e-05
3.987809031968936e-05
3.776303492486477e-05
3.553057467797771e-05
3.320269752293825e-05
3.0798735679127276e-05
2.833567123161629e-05
2.582784327387344e-05
2.3287386284209788e-05
2.0724059140775353e-05
1.814571805880405e-05
1.5558251106995158e-05
1.2966038411832415e-05
1.037196307152044e-05
7.777826795063447e-06
5.184433575777803e-06
2.591938027762808e-06
0.0
0.0
6.488603503385093e-06
1.2898628483526409e-05
1.9153003449901007e-05
2.5178054784191772e-05
3.0904498999007046e-05
3.626954276114702e-05
4.12172703363467e-05
4.5700693590333685e-05
4.9681446398608387e-05
5.313154179020785e-05
5.6032360589597374e-05
5.8375822845846415e-05
6.016279075993225e-05
6.140357436379418e-05
6.21159269940108e-05
6.232489249669015e-05
6.206076795933768e-05
6.13584415987134e-05
6.0255577409407124e-05
5.8791698393179104e-05
5.700685869669542e-05
5.494064316735603e-05
5.263138154987246e-05
5.011527537135407e-05
4.742611417896114e-05
4.459457704797387e-05
4.164837082498707e-05
3.861171717289835e-05
3.550575638655573e-05
3.2348241802537814e-05
2.9154069125070237e-05
2.593511453596875e-05
2.2700822228216566e-05
1.9458158931229264e-05
1.6212172340601683e-05
1.2966038411832415e-05
9.721571586851496e-06
6.4793416640895884e-06
3.2391051263402915e-06
0.0
0.0
7.955815817695111e-06
1.5813873687875457e-05
2.3478298317058943e-05
3.0857452657073736e-05
3.786520392168313e-05
4.442355202627368e-05
5.0463135266909376e-05
5.592586239799857e-05
6.0764530644519255e-05
6.494505942100659e-05
6.844522431492805e-05
7.125615229597315e-05
7.338025170611218e-05
7.483181252609938e-05
7.563445251435041e-05
7.582085527246818e-05
7.54301217966713e-05
7.450687553500757e-05
7.309900684049353e-05
7.125641423044726e-05
6.902936729602516e-05
6.646724796155468e-05
6.361759005812928e-05
6.052500975783914e-05
5.723092908738181e-05
5.3772695537190884e-05
5.018384035793133e-05
4.649346010410227e-05
4.2726787796709687e-05
3.890482184942812e-05
3.504501364659518e-05
3.116111474810168e-05
2.726389175222721e-05
2.3361095372820273e-05
1.9458158931229264e-05
1.5558251106995158e-05
1.1662905308185145e-05
7.772160643071402e-06
3.885083060595207e-06
0.0
0.0
9.521118954580743e-06
1.8923286916106008e-05
2.8089838451705873e-05
3.69092813343741e-05
4.527684723143466e-05
5.3097734053153545e-05
6.0287788073765114e-05
6.67767453705892e-05
7.250784983625636e-05
7.744062168058008e-05
8.1549325841479e-05
8.482480916427448e-05
8.727189560886472e-05
8.891010656952858e-05
8.977037941804156e-05
8.989465277409181e-05
8.933255594456568e-05
8.814017928671092e-05
8.637723658466712e-05
8.410546433879063e-05
8.138664998114109e-05
7.828100206097588e-05
7.484615343855694e-05
7.113573519745842e-05
6.719922384945676e-05
6.308087904471904e-05
5.8820143749471754e-05
5.4450956668006256e-05
5.000249439035542e-05
4.549876757664606e-05
4.095952681382187e-05
3.6400058888830245e-05
3.183212174917571e-05
2.726389175222721e-05
2.2700822228216566e-05
1.814571805880405e-05
1.3599465091829188e-05
9.061220225703437e-06
4.529008492681896e-06
0.0
0.0
1.1205865121155512e-05
2.2269130568020046e-05
3.304992424091324e-05
4.341456951806322e-05
5.323744335328229e-05
6.240495713427663e-05
7.081642979755998e-05
7.83880750532262e-05
8.505265577696264e-05
9.076290007214993e-05
9.548966045258567e-05
9.922417666530237e-05
0.00010197487426921725
0.00010376807040302083
0.00010464394290465862
0.00010465581726748496
0.00010386604844825342
0.00010234434739686549
0.00010016429587267339
9.740128734847531e-05
9.413019142812118e-05
9.042332385433838e-05
8.634937694296241e-05
8.19717170088552e-05
7.734831888228655e-05
7.253057265188545e-05
6.756388756912202e-05
6.248691352084279e-05
5.733255602535792e-05
5.212752876104787e-05
4.68935068056453e-05
4.1646911995485425e-05
3.6400058888830245e-05
3.116111474810168e-05
2.593511453596875e-05
2.0724059140775353e-05
1.5527773939538747e-05
1.0344113434257451e-05
5.169651558389887e-06
0.0
0.0
1.3033695722697303e-05
2.5898218154907227e-05
3.8427595427492633e-05
5.0463135266909376e-05
6.185567326610908e-05
7.247036410262808e-05
8.218779839808121e-05
9.090898674912751e-05
9.855498501565307e-05
0.00010507120896363631
0.00011042525147786364
0.00011460962559795007
0.00011763779912143946
0.00011954500223509967
0.00012038309796480462
0.00012021953443763778
0.00011913218622794375
0.00011720709153451025
0.0001145342321251519
0.00011120488488813862
0.00010730884969234467
0.00010293206287315115
9.815536759560928e-05
9.305260027758777e-05
8.769069972913712e-05
8.212835382437333e-05
7.641689444426447e-05
7.059946801746264e-05
6.471238884842023e-05
5.878463343833573e-05
5.2839321142528206e-05
4.68935068056453e-05
4.095952681382187e-05
3.504501364659518e-05
2.9154069125070237e-05
2.3287386284209788e-05
1.7443231627112255e-05
1.1617685231612995e-05
5.805409273307305e-06
0.0
0.0
1.50313808262581e-05
2.986358776979614e-05
4.430113040143624e-05
5.815694385091774e-05
7.125503907445818e-05
8.343623630935326e-05
9.455966937821358e-05
0.00010450893023516983
0.0001131917888415046
0.00012054565013386309
0.0001265349710593
0.00013115468027535826
0.00013442523777484894
0.00013639347162097692
0.00013712613144889474
0.0001367082877550274
0.00013523688539862633
0.00013281773135531694
0.00012956034333910793
0.00012557448644656688
0.0001209671754622832
0.0001158395825768821
0.00011028593144146726
0.00010439129255246371
9.823196160141379e-05
9.187396062770858e-05
8.53743840707466e-05
7.878054020693526e-05
7.213162461994216e-05
6.545834912685677e-05
5.878463343833573e-05
5.212752876104787e-05
4.549876757664606e-05
3.890482184942812e-05
3.2348241802537814e-05
2.582784327387344e-05
1.9339780919835903e-05
1.2877821063739248e-05
6.434200713556493e-06
0.0
0.0
1.7228883734787814e-05
3.4224649425596e-05
5.0758335419232026e-05
6.661053339485079e-05
8.157446427503601e-05
9.54628485487774e-05
0.00010810987441800535
0.00011937884846702218
0.00012916218838654459
0.000137388298753649
0.00014401866064872593
0.00014905203715898097
0.00015251840522978455
0.00015447971236426383
0.00015502171299885958
0.0001542516256449744
0.00015228998381644487
0.0001492666342528537
0.00014531439228449017
0.00014056480722501874
0.00013514456804841757
0.00012917198182549328
0.0001227559259859845
0.00011599339632084593
0.00010897029278567061
0.0001017599061015062
9.442471491638571e-05
8.701561455382034e-05
7.957403431646526e-05
7.213162461994216e-05
6.471238884842023e-05
5.733255602535792e-05
5.000249439035542e-05
4.2726787796709687e-05
3.550575638655573e-05
2.833567123161629e-05
2.120995122822933e-05
1.4119473235041369e-05
7.053482477203943e-06
0.0
0.0
1.9660339603433385e-05
3.9049180486472324e-05
5.78996077820193e-05
7.595523493364453e-05
9.297375072492287e-05
0.00010873504652408883
0.0001230439229402691
0.0001357395958621055
0.00014669631491415203
0.00015583206550218165
0.00016310546197928488
0.00016852092812769115
0.000172121319337748
0.00017398825730197132
0.00017423198733013123
0.00017298769671469927
0.0001704053138382733
0.00016664405120536685
0.00016186472203116864
0.00015622435603290796
0.00014987228496465832
0.00014294590801000595
0.00013557002239394933
0.00012785405851900578
0.00011989360791631043
0.00011176881525898352
0.00010354694677516818
9.528162627248093e-05
8.701561455382034e-05
7.878054020693526e-05
7.059946801746264e-05
6.248691352084279e-05
5.4450956668006256e-05
4.649346010410227e-05
3.861171717289835e-05
3.0798735679127276e-05
2.3044531189952977e-05
1.5336448996094987e-05
7.660143637622241e-06
0.0
0.0
2.2363965399563313e-05
4.441317651071586e-05
6.58378194202669e-05
8.63392124301754e-05
0.00010563383693806827
0.0001234628725796938
0.00013959596981294453
0.00015384319704025984
0.00016605672135483474
0.0001761421444825828
0.00018405512673780322
0.00018980818276759237
0.00019346129556652158
0.0001951220037881285
0.0001949321012943983
0.0001930623548105359
0.00018969950906466693
0.00018503874889574945
0.00017927460430655628
0.00017259398009628057
0.00016517208132427186
0.00015716739289928228
0.0001487217377871275
0.00013995726476423442
0.00013097896589897573
0.00012187308311695233
0.00011271068069618195
0.00010354694677516818
9.442471491638571e-05
8.53743840707466e-05
7.641689444426447e-05
6.756388756912202e-05
5.8820143749471754e-05
5.018384035793133e-05
4.164837082498707e-05
3.320269752293825e-05
2.4832685085129924e-05
1.652148785069585e-05
8.25054394226754e-06
0.0
0.0
2.5382902094861493e-05
5.040264659328386e-05
7.470128912245855e-05
9.793188655748963e-05
0.00011976296082139015
0.0001398895401507616
0.00015803852875251323
0.00017398396448697895
0.0001875504240160808
0.00019862802582792938
0.00020716931612696499
0.0002131978835677728
0.00021679673227481544
0.00021810740872751921
0.00021731287415605038
0.00021462944278027862
0.0002102902071783319
0.0002045347064267844
0.00019759798306040466
0.00018970189557876438
0.00018105092749465257
0.0001718266139505431
0.00016218853124883026
0.00015227135736495256
0.00014218859723769128
0.00013203141861595213
0.00012187308311695233
0.00011176881525898352
0.0001017599061015062
9.187396062770858e-05
8.212835382437333e-05
7.253057265188545e-05
6.308087904471904e-05
5.3772695537190884e-05
4.459457704797387e-05
3.553057467797771e-05
2.65616545220837e-05
1.7666079656919464e-05
8.820425136946142e-06
0.0
0.0
2.8764621674781665e-05
5.7112487411359325e-05
8.463230915367603e-05
0.00011092238128185272
0.0001355952408630401
0.0001582903933012858
0.0001786819484550506
0.0001964984112419188
0.00021152899716980755
0.0002236438449472189
0.00023279170272871852
0.00023901117674540728
0.00024241599021479487
0.00024319285876117647
0.00024157855659723282
0.0002378480858169496
0.0002322931686649099
0.0002252080594189465
0.00021687656408175826
0.00020756105368491262
0.0001974989427253604
0.00018689627177082002
0.00017593060329090804
0.0001647481694817543
0.00015346948930528015
0.00014218859723769128
0.00013097896589897573
0.00011989360791631043
0.00010897029278567061
9.823196160141379e-05
8.769069972913712e-05
7.734831888228655e-05
6.719922384945676e-05
5.723092908738181e-05
4.742611417896114e-05
3.776303492486477e-05
2.82169712590985e-05
1.8760596503852867e-05
9.364981451653875e-06
0.0
0.0
3.256068521295674e-05
6.464611942647025e-05
9.578720346326008e-05
0.00012552065891213715
0.0001533936447231099
0.00017897813813760877
0.00020188200869597495
0.0002217749715782702
0.00023839966161176562
0.00025159952929243445
0.00026131808408536017
0.0002676140866242349
0.0002706425148062408
0.00027065022732131183
0.000267944997176528
0.0002628779038786888
0.00025581513182260096
0.00024711861624382436
0.0002371305163251236
0.00022615994384977967
0.0002144804602721706
0.00020232348470017314
0.00018988372175954282
0.00017731696425471455
0.0001647481694817543
0.00015227135736495256
0.00013995726476423442
0.00012785405851900578
0.00011599339632084593
0.00010439129255246371
9.305260027758777e-05
8.19717170088552e-05
7.113573519745842e-05
6.052500975783914e-05
5.011527537135407e-05
3.987809031968936e-05
2.978225347760599e-05
1.979416992980987e-05
9.87879502645228e-06
0.0
0.0
3.682461101561785e-05
7.311138324439526e-05
0.00010833042324520648
0.00014195023686625063
0.00017344173102173954
0.0002022940752794966
0.00022803095635026693
0.00025024497881531715
0.0002686163643375039
0.00028295195079408586
0.00029318753513507545
0.000299408653518185
0.0003018256393261254
0.00030076573602855206
0.0002966307511087507
0.00028987060068175197
0.0002809462312143296
0.00027030304772779346
0.0002583529567345977
0.0002454580389894545
0.00023193078231997788
0.00021802750416100025
0.00020395783940330148
0.00018988372175954282
0.00017593060329090804
0.00016218853124883026
0.0001487217377871275
0.00013557002239394933
0.0001227559259859845
0.00011028593144146726
9.815536759560928e-05
8.634937694296241e-05
7.484615343855694e-05
6.361759005812928e-05
5.263138154987246e-05
4.1851508285617456e-05
3.123951319139451e-05
2.075490374409128e-05
1.0355945050832815e-05
0.0
0.0
4.160784374107607e-05
8.261243056040257e-05
0.00012242326920386404
0.00016043483628891408
0.00019602941756602377
0.00022859405726194382
0.00025754436501301825
0.0002823706017807126
0.0003026683407370001
0.00031819354626350105
0.00032887005363591015
0.0003348188183736056
0.0003363244468346238
0.0003338217793498188
0.00032783704227767885
0.00031894893618300557
0.00030773886828683317
0.0002947548928204924
0.00028049133834429085
0.00026536945370025933
0.0002497419773135334
0.0002338878985028714
0.00021802750416100025
0.00020232348470017314
0.00018689627177082002
0.0001718266139505431
0.00015716739289928228
0.00014294590801000595
0.00012917198182549328
0.0001158395825768821
0.00010293206287315115
9.042332385433838e-05
7.828100206097588e-05
6.646724796155468e-05
5.494064316735603e-05
4.365673157735728e-05
3.2569128961768e-05
2.1629852199112065e-05
1.0790001397253945e-05
0.0
0.0
4.695389361586422e-05
9.323818085249513e-05
0.0001382065674988553
0.00018117546278517693
0.00022142488160170615
0.00025821561575867236
0.00029082424589432776
0.0003186050453223288
0.0003410386270843446
0.0003578101459424943
0.000368825247278437
0.00037425116170197725
0.00037447153590619564
0.000370064313756302
0.00036171989631839097
0.0003501835453789681
0.000336189114023
0.000320410035783425
0.00030343691469170153
0.0002857554645743221
0.0002677582378964871
0.0002497419773135334
0.00023193078231997788
0.0002144804602721706
0.0001974989427253604
0.00018105092749465257
0.00016517208132427186
0.00014987228496465832
0.00013514456804841757
0.0001209671754622832
0.00010730884969234467
9.413019142812118e-05
8.138664998114109e-05
6.902936729602516e-05
5.700685869669542e-05
4.5265456719789654e-05
3.375024243723601e-05
2.2405294657801278e-05
1.1174158316862304e-05
0.0
0.0
5.288526153890416e-05
0.00010503582598175853
0.00015576135774608701
0.00020429900905583054
0.0002498120884411037
0.0002914060023613274
0.0003281792742200196
0.00035930678131990135
0.00038411442073993385
0.00040218999492935836
0.0004134120827075094
0.00041800763574428856
0.0004164905985817313
0.0004096273041795939
0.00039832203765399754
0.00038353336276486516
0.00036618614103645086
0.00034710479667410254
0.00032699087751097977
0.00030639811302535236
0.0002857554645743221
0.00026536945370025933
0.0002454580389894545
0.00022615994384977967
0.00020756105368491262
0.00018970189557876438
0.00017259398009628057
0.00015622435603290796
0.00014056480722501874
0.00012557448644656688
0.00011120488488813862
9.740128734847531e-05
8.410546433879063e-05
7.125641423044726e-05
5.8791698393179104e-05
4.664785592467524e-05
3.476097481325269e-05
2.3066872017807327e-05
1.1501304470584728e-05
0.0
0.0
5.939175025559962e-05
0.00011798744526458904
0.00017507285519968718
0.00022980873472988605
0.0002812270831782371
0.0003282443212810904
0.000369734043488279
0.000404638412874192
0.0004320793959777802
0.0004515140026342124
0.0004627818416338414
0.00046618565102107823
0.0004624075081665069
0.00045245676301419735
0.000437511334894225
0.0004187981830909848
0.00039747709524817765
0.0003745518042705953
0.00035084880073554814
0.00032699087751097977
0.00030343691469170153
0.00028049133834429085
0.0002583529567345977
0.0002371305163251236
0.00021687656408175826
0.00019759798306040466
0.00017927460430655628
0.00016186472203116864
0.00014531439228449017
0.00012956034333910793
0.0001145342321251519
0.00010016429587267339
8.637723658466712e-05
7.309900684049353e-05
6.0255577409407124e-05
4.777326466864906e-05
3.5578905226429924e-05
2.359991594858002e-05
1.1764188457163982e-05
0.0
0.0
6.640424544457346e-05
0.00013195713108871132
0.00019594980403780937
0.0002574742247816175
0.0003154178848490119
0.0003684718976728618
0.00041523270192556083
0.0004543490649666637
0.0004846820665989071
0.0005055189831182361
0.00051664630882442
0.0005184600013308227
0.0005118532571941614
0.0004981397651135921
0.00047883790102787316
0.0004555032937787473
0.0004295778344385326
0.00040227273711934686
0.0003745518042705953
0.00034710479667410254
0.000320410035783425
0.0002947548928204924
0.00027030304772779346
0.00024711861624382436
0.0002252080594189465
0.0002045347064267844
0.00018503874889574945
0.00016664405120536685
0.0001492666342528537
0.00013281773135531694
0.00011720709153451025
0.00010234434739686549
8.814017928671092e-05
7.450687553500757e-05
6.13584415987134e-05
4.8610825615469366e-05
3.618156915763393e-05
2.398976357653737e-05
1.1955572517763358e-05
0.0
0.0
7.378154987236485e-05
0.00014666425704490393
0.00021798224770464003
0.00028677115915343165
0.0003517637960612774
0.0004113902396056801
0.00046391651267185807
0.0005076347151771188
0.0005410850862972438
0.0005633438122458756
0.0005741282366216183
0.0005739458720199764
0.0005639448645524681
0.0005458070081658661
0.0005214589764364064
0.0004928458365611732
0.0004617373924702406
0.0004295778344385326
0.00039747709524817765
0.00036618614103645086
0.000336189114023
0.00030773886828683317
0.0002809462312143296
0.00025581513182260096
0.0002322931686649099
0.0002102902071783319
0.00018969950906466693
0.0001704053138382733
0.00015228998381644487
0.00013523688539862633
0.00011913218622794375
0.00010386604844825342
8.933255594456568e-05
7.54301217966713e-05
6.206076795933768e-05
4.913022348773666e-05
3.6546975024975836e-05
2.422210127406288e-05
1.2068402611475904e-05
0.0
0.0
8.128032641252503e-05
0.00016162365500349551
0.00024044819292612374
0.00031674993806518614
0.0003891020023729652
0.0004556442145258188
0.0005142660811543465
0.0005628467770293355
0.0005995516548864543
0.0006232078303582966
0.0006334487115964293
0.0006309088203124702
0.0006170303095132113
0.0005939188413321972
0.0005639689625240862
0.000529566197656095
0.0004928458365611732
0.0004555032937787473
0.0004187981830909848
0.00038353336276486516
0.0003501835453789681
0.00031894893618300557
0.00028987060068175197
0.0002628779038786888
0.0002378480858169496
0.00021462944278027862
0.0001930623548105359
0.00017298769671469927
0.0001542516256449744
0.0001367082877550274
0.00012021953443763778
0.00010465581726748496
8.989465277409181e-05
7.582085527246818e-05
6.232489249669015e-05
4.930273280479014e-05
3.66543754353188e-05
2.4283472157549113e-05
1.2096060345356818e-05
0.0
0.0
8.855884516378865e-05
0.0001761522435117513
0.000262322137132287
0.0003460437001194805
0.0004257327236700803
0.0004992224276065826
0.0005639961455017328
0.0006174817099235952
0.000657431548461318
0.0006823965231887996
0.0006919146399013698
0.000686757848598063
0.0006686882697977126
0.0006402733852155507
0.0006044142064638436
0.0005639689625240862
0.0005214589764364064
0.00047883790102787316
0.000437511334894225
0.00039832203765399754
0.00036171989631839097
0.00032783704227767885
0.0002966307511087507
0.000267944997176528
0.00024157855659723282
0.00021731287415605038
0.0001949321012943983
0.00017423198733013123
0.00015502171299885958
0.00013712613144889474
0.00012038309796480462
0.00010464394290465862
8.977037941804156e-05
7.563445251435041e-05
6.21159269940108e-05
4.910190182272345e-05
3.648475103545934e-05
2.416157440165989e-05
1.2032509403070435e-05
0.0
0.0
9.51741385506466e-05
0.00018936469859909266
0.0002822656824719161
0.00037284992868080735
0.00045938778202980757
0.0005394098116084933
0.0006099915481172502
0.0006681023514829576
0.0007110729347914457
0.0007371703395619988
0.0007458328036591411
0.0007379706366918981
0.0007156705833040178
0.0006819675327278674
0.0006402733852155507
0.0005939188413321972
0.0005458070081658661
0.0004981397651135921
0.00045245676301419735
0.0004096273041795939
0.000370064313756302
0.0003338217793498188
0.00030076573602855206
0.00027065022732131183
0.00024319285876117647
0.00021810740872751921
0.0001951220037881285
0.00017398825730197132
0.00015447971236426383
0.00013639347162097692
0.00011954500223509967
0.00010376807040302083
8.891010656952858e-05
7.483181252609938e-05
6.140357436379418e-05
4.8504924052394927e-05
3.6021810956299305e-05
2.3845923351473175e-05
1.1872614777530544e-05
0.0
0.0
0.00010062369256047532
0.00020025591948069632
0.0002987533516716212
0.00039510190254077315
0.00048744899686425924
0.0005730523844249547
0.0006486139027401805
0.0007106788107194006
0.0007561856182292104
0.0007831361726857722
0.0007908745901659131
0.0007804385386407375
0.0007542148232460022
0.0007156705833040178
0.0006686882697977126
0.0006170303095132113
0.0005639448645524681
0.0005118532571941614
0.0004624075081665069
0.0004164905985817313
0.00037447153590619564
0.0003363244468346238
0.0003018256393261254
0.0002706425148062408
0.00024241599021479487
0.00021679673227481544
0.00019346129556652158
0.000172121319337748
0.00015251840522978455
0.00013442523777484894
0.00011763779912143946
0.00010197487426921725
8.727189560886472e-05
7.338025170611218e-05
6.016279075993225e-05
4.749311847263016e-05
3.525230204104446e-05
2.3328035240410827e-05
1.1612240996328183e-05
0.0
0.0
0.00010439725883770734
0.00020780581689905375
0.0003102320188190788
0.0004106854903511703
0.0005072239437140524
0.0005968903424218297
0.0006760868709534407
0.0007410155958496034
0.0007882958743721247
0.0008157131960615516
0.0008225337951444089
0.0008098987163975835
0.0007804385386407375
0.0007379706366918981
0.000686757848598063
0.0006309088203124702
0.0005739458720199764
0.0005184600013308227
0.00046618565102107823
0.00041800763574428856
0.00037425116170197725
0.0003348188183736056
0.000299408653518185
0.0002676140866242349
0.00023901117674540728
0.0002131978835677728
0.00018980818276759237
0.00016852092812769115
0.00014905203715898097
0.00013115468027535826
0.00011460962559795007
9.922417666530237e-05
8.482480916427448e-05
7.125615229597315e-05
5.8375822845846415e-05
4.60534829471726e-05
3.416714025661349e-05
2.2602167518925853e-05
1.1248605915170629e-05
0.0
0.0
0.00010604290582705289
0.00021111115347594023
0.0003153244324494153
0.00041772116674110293
0.0005163121968507767
0.0006080095772631466
0.0006890272488817573
0.0007553481264039874
0.000803386268671602
0.000830787408631295
0.0008367673144675791
0.0008225337951444089
0.0007908745901659131
0.0007458328036591411
0.0006919146399013698
0.0006334487115964293
0.0005741282366216183
0.00051664630882442
0.0004627818416338414
0.0004134120827075094
0.000368825247278437
0.00032887005363591015
0.00029318753513507545
0.00026131808408536017
0.00023279170272871852
0.00020716931612696499
0.00018405512673780322
0.00016310546197928488
0.00014401866064872593
0.0001265349710593
0.00011042525147786364
9.548966045258567e-05
8.1549325841479e-05
6.844522431492805e-05
5.6032360589597374e-05
4.417876698425971e-05
3.27614470734261e-05
2.1665318854502402e-05
1.0780286174849607e-05
0.0
0.0
0.00010524912067921832
0.00020954915089532733
0.00031308087636716664
0.0004149127344135195
0.0005130579811520875
0.0006043996545486152
0.0006851004436612129
0.0007510784198530018
0.0007986846612766385
0.0008255209540948272
0.000830787408631295
0.0008157131960615516
0.0007831361726857722
0.0007371703395619988
0.0006823965231887996
0.0006232078303582966
0.0005633438122458756
0.0005055189831182361
0.0004515140026342124
0.00040218999492935836
0.0003578101459424943
0.00031819354626350105
0.00028295195079408586
0.00025159952929243445
0.0002236438449472189
0.00019862802582792938
0.0001761421444825828
0.00015583206550218165
0.000137388298753649
0.00012054565013386309
0.00010507120896363631
9.076290007214993e-05
7.744062168058008e-05
6.494505942100659e-05
5.313154179020785e-05
4.186898877378553e-05
3.103563722106628e-05
2.0517949451459572e-05
1.020756462821737e-05
0.0
0.0
0.00010187664884142578
0.00020284243510104716
0.0003030798106919974
0.00040168751729652286
0.00049673329340294
0.0005851807654835284
0.000663289160002023
0.0007270780042745173
0.0007729891804046929
0.0007986846612766385
0.000803386268671602
0.0007882958743721247
0.0007561856182292104
0.0007110729347914457
0.000657431548461318
0.0005995516548864543
0.0005410850862972438
0.0004846820665989071
0.0004320793959777802
0.00038411442073993385
0.0003410386270843446
0.0003026683407370001
0.0002686163643375039
0.00023839966161176562
0.00021152899716980755
0.0001875504240160808
0.00016605672135483474
0.00014669631491415203
0.00012916218838654459
0.0001131917888415046
9.855498501565307e-05
8.505265577696264e-05
7.250784983625636e-05
6.0764530644519255e-05
4.9681446398608387e-05
3.9131024095695466e-05
2.8995096727157943e-05
1.916375731525477e-05
9.53232120082248e-06
0.0
0.0
9.600072371540591e-05
0.00019114144379273057
0.0002855552011169493
0.0003783735155593604
0.00046776951057836413
0.0005508906906470656
0.0006242314702831209
0.0006840686546638608
0.0007270780042745173
0.0007510784198530018
0.0007553481264039874
0.0007410155958496034
0.0007106788107194006
0.0006681023514829576
0.0006174817099235952
0.0005628467770293355
0.0005076347151771188
0.0004543490649666637
0.000404638412874192
0.00035930678131990135
0.0003186050453223288
0.0002823706017807126
0.00025024497881531715
0.0002217749715782702
0.0001964984112419188
0.00017398396448697895
0.00015384319704025984
0.0001357395958621055
0.00011937884846702218
0.00010450893023516983
9.090898674912751e-05
7.83880750532262e-05
6.67767453705892e-05
5.592586239799857e-05
4.5700693590333685e-05
3.597983959480189e-05
2.6651081498130225e-05
1.7610262148082256e-05
8.758319381740876e-06
0.0
0.0
8.786784019321203e-05
0.00017493990890216082
0.0002612658136058599
0.00034601762308739126
0.000427519524237141
0.0005031902110204101
0.0005698738386854529
0.0006242314702831209
0.000663289160002023
0.0006851004436612129
0.0006890272488817573
0.0006760868709534407
0.0006486139027401805
0.0006099915481172502
0.0005639961455017328
0.0005142660811543465
0.00046391651267185807
0.00041523270192556083
0.000369734043488279
0.0003281792742200196
0.00029082424589432776
0.00025754436501301825
0.00022803095635026693
0.00020188200869597495
0.0001786819484550506
0.00015803852875251323
0.00013959596981294453
0.0001230439229402691
0.00010810987441800535
9.455966937821358e-05
8.218779839808121e-05
7.081642979755998e-05
6.0287788073765114e-05
5.0463135266909376e-05
4.12172703363467e-05
3.2437565096188337e-05
2.4020042474148795e-05
1.586835969646927e-05
7.890987944847438e-06
0.0
0.0
7.786269270582125e-05
0.00015500742301810533
0.00023139062977861613
0.00030623943894170225
0.0003780668484978378
0.0004446259408723563
0.0005031902110204101
0.0005508906906470656
0.0005851807654835284
0.0006043996545486152
0.0006080095772631466
0.0005968903424218297
0.0005730523844249547
0.0005394098116084933
0.0004992224276065826
0.0004556442145258188
0.0004113902396056801
0.0003684718976728618
0.0003282443212810904
0.0002914060023613274
0.00025821561575867236
0.00022859405726194382
0.0002022940752794966
0.00017897813813760877
0.0001582903933012858
0.0001398895401507616
0.0001234628725796938
0.00010873504652408883
9.54628485487774e-05
8.343623630935326e-05
7.247036410262808e-05
6.240495713427663e-05
5.3097734053153545e-05
4.442355202627368e-05
3.626954276114702e-05
2.853427577065304e-05
2.1124193153809756e-05
1.395270101056667e-05
6.937604211998405e-06
0.0
0.0
6.642557855229825e-05
0.00013222466805018485
0.0001972750760614872
0.0002608794311527163
0.0003217684861738235
0.0003780668484978378
0.000427519524237141
0.00046776951057836413
0.00049673329340294
0.0005130579811520875
0.0005163121968507767
0.0005072239437140524
0.00048744899686425924
0.00045938778202980757
0.0004257327236700803
0.0003891020023729652
0.0003517637960612774
0.0003154178848490119
0.0002812270831782371
0.0002498120884411037
0.00022142488160170615
0.00019602941756602377
0.00017344173102173954
0.0001533936447231099
0.0001355952408630401
0.00011976296082139015
0.00010563383693806827
9.297375072492287e-05
8.157446427503601e-05
7.125503907445818e-05
6.185567326610908e-05
5.323744335328229e-05
4.527684723143466e-05
3.786520392168313e-05
3.0904498999007046e-05
2.430666791042313e-05
1.799054371076636e-05
1.1881053978868295e-05
5.906982551096007e-06
0.0
0.0
5.3985637350706384e-05
0.00010744985047494993
0.00016022418276406825
0.0002117112308042124
0.0002608794311527163
0.00030623943894170225
0.00034601762308739126
0.0003783735155593604
0.00040168751729652286
0.0004149127344135195
0.00041772116674110293
0.0004106854903511703
0.00039510190254077315
0.00037284992868080735
0.0003460437001194805
0.00031674993806518614
0.00028677115915343165
0.0002574742247816175
0.00022980873472988605
0.00020429900905583054
0.00018117546278517693
0.00016043483628891408
0.00014195023686625063
0.00012552065891213715
0.00011092238128185272
9.793188655748963e-05
8.63392124301754e-05
7.595523493364453e-05
6.661053339485079e-05
5.815694385091774e-05
5.0463135266909376e-05
4.341456951806322e-05
3.69092813343741e-05
3.0857452657073736e-05
2.5178054784191772e-05
1.9798288121819496e-05
1.4651084711658768e-05
9.674433385953307e-06
4.8095362217281945e-06
0.0
0.0
4.0909457311499864e-05
8.141452417476103e-05
0.0001213435607496649
0.00016022418276406825
0.0001972750760614872
0.00023139062977861613
0.0002612658136058599
0.0002855552011169493
0.0003030798106919974
0.00031308087636716664
0.0003153244324494153
0.0003102320188190788
0.0002987533516716212
0.0002822656824719161
0.000262322137132287
0.00024044819292612374
0.00021798224770464003
0.00019594980403780937
0.00017507285519968718
0.00015576135774608701
0.0001382065674988553
0.00012242326920386404
0.00010833042324520648
9.578720346326008e-05
8.463230915367603e-05
7.470128912245855e-05
6.58378194202669e-05
5.78996077820193e-05
5.0758335419232026e-05
4.430113040143624e-05
3.8427595427492633e-05
3.304992424091324e-05
2.8089838451705873e-05
2.3478298317058943e-05
1.9153003449901007e-05
1.5057978089316748e-05
1.1141649338242132e-05
7.356356945820153e-06
3.6569151689036516e-06
0.0
0.0
2.7460164346848615e-05
5.464298010338098e-05
8.141452417476103e-05
0.00010744985047494993
0.00013222466805018485
0.00015500742301810533
0.00017493990890216082
0.00019114144379273057
0.00020284243510104716
0.00020954915089532733
0.00021111115347594023
0.00020780581689905375
0.00020025591948069632
0.00018936469859909266
0.0001761522435117513
0.00016162365500349551
0.00014666425704490393
0.00013195713108871132
0.00011798744526458904
0.00010503582598175853
9.323818085249513e-05
8.261243056040257e-05
7.311138324439526e-05
6.464611942647025e-05
5.7112487411359325e-05
5.040264659328386e-05
4.441317651071586e-05
3.9049180486472324e-05
3.4224649425596e-05
2.986358776979614e-05
2.5898218154907227e-05
2.2269130568020046e-05
1.8923286916106008e-05
1.5813873687875457e-05
1.2898628483526409e-05
1.0139569894818123e-05
7.501709660573397e-06
4.952715244144201e-06
2.4619389478175435e-06
0.0
0.0
1.3803009096591268e-05
2.7460164346848615e-05
4.0909457311499864e-05
5.3985637350706384e-05
6.642557855229825e-05
7.786269270582125e-05
8.786784019321203e-05
9.600072371540591e-05
0.00010187664884142578
0.00010524912067921832
0.00010604290582705289
0.00010439725883770734
0.00010062369256047532
9.51741385506466e-05
8.855884516378865e-05
8.128032641252503e-05
7.378154987236485e-05
6.640424544457346e-05
5.939175025559962e-05
5.288526153890416e-05
4.695389361586422e-05
4.160784374107607e-05
3.682461101561785e-05
3.256068521295674e-05
2.8764621674781665e-05
2.5382902094861493e-05
2.2363965399563313e-05
1.9660339603433385e-05
1.7228883734787814e-05
1.50313808262581e-05
1.3033695722697303e-05
1.1205865121155512e-05
9.521118954580743e-06
7.955815817695111e-06
6.488603503385093e-06
5.100293492432684e-06
3.773208163693198e-06
2.491011855454417e-06
1.2382229215290863e-06
0.0
0.0
0.0
0.0
0.0
0.0
0.0
0.0
0.0
0.0
0.0
0.0
0.0
0.0
0.0
0.0
0.0
0.0
0.0
0.0
0.0
0.0
0.0
0.0
0.0
0.0
0.0
0.0
0.0
0.0
0.0
0.0
0.0
0.0
0.0
0.0
0.0
0.0
0.0
0.0
0.0
0.0
