2.0
1.9969173669815063
1.9876883029937744
1.972369909286499
1.9510564804077148
1.9238795042037964
1.8910064697265625
1.852640151977539
1.8090169429779053
1.7604060173034668
1.7071068286895752
1.649448037147522
1.587785243988037
1.522498607635498
1.4539904594421387
1.3826833963394165
1.3090169429779053
1.233445405960083
1.156434416770935
1.0784591436386108
1.0
0.9215409159660339
0.8435655236244202
0.7665546536445618
0.69098299741745
0.6173165440559387
0.5460094809532166
0.47750142216682434
0.4122147560119629
0.350551962852478
0.2928932309150696
0.23959402740001678
0.19098301231861115
0.14735983312129974
0.10899347811937332
0.07612046599388123
0.04894348233938217
0.02763007953763008
0.012311659753322601
0.003082666313275695
0.0
1.9969173669815063
1.976028561592102
1.9555058479309082
1.9324510097503662
1.905949592590332
1.8754676580429077
1.8408032655715942
1.801889419555664
1.758773922920227
1.7115732431411743
1.660467505455017
1.6056808233261108
1.5474802255630493
1.4861644506454468
1.4220633506774902
1.3555294275283813
1.2869377136230469
1.2166792154312134
1.1451590061187744
1.0727920532226562
1.0
0.9272080063819885
0.8548409342765808
0.7833207845687866
0.7130622267723083
0.6444705724716187
0.5779367089271545
0.5138354897499084
0.4525197446346283
0.39431917667388916
0.3395324945449829
0.2884267568588257
0.24122612178325653
0.19811058044433594
0.15919668972492218
0.12453233450651169
0.09405044466257095
0.06754893064498901
0.04449417069554329
0.02397148311138153
0.003082666313275695
1.9876883029937744
1.9555058479309082
1.9256949424743652
1.8959293365478516
1.864688515663147
1.8311123847961426
1.794713020324707
1.7552103996276855
1.7124874591827393
1.6665260791778564
1.6173954010009766
1.5652239322662354
1.510195255279541
1.452532172203064
1.392495036125183
1.330371618270874
1.2664750814437866
1.2011370658874512
1.1347049474716187
1.0675373077392578
1.0
0.9324626922607422
0.8652949929237366
0.7988629937171936
0.7335249185562134
0.669628381729126
0.6075049638748169
0.5474678874015808
0.48980477452278137
0.43477603793144226
0.38260459899902344
0.33347395062446594
0.28751251101493835
0.24478957056999207
0.20528702437877655
0.16888758540153503
0.1353115290403366
0.10407065600156784
0.07430510222911835
0.04449417069554329
0.012311659753322601
1.972369909286499
1.9324510097503662
1.8959293365478516
1.8608074188232422
1.8256531953811646
1.7894625663757324
1.751595377922058
1.7116265296936035
1.6693141460418701
1.6245307922363281
1.57725191116333
1.5275222063064575
1.4754503965377808
1.421190619468689
1.3649399280548096
1.306925654411316
1.2474040985107422
1.186651349067688
1.1249613761901855
1.062639594078064
1.0
0.9373604655265808
0.8750386834144592
0.8133487105369568
0.7525959014892578
0.6930743455886841
0.6350600719451904
0.578809380531311
0.5245496034622192
0.47247782349586487
0.42274805903434753
0.3754692077636719
0.3306858539581299
0.2883734405040741
0.24840466678142548
0.21053746342658997
0.17434677481651306
0.139192596077919
0.10407065600156784
0.06754893064498901
0.02763007953763008
1.9510564804077148
1.905949592590332
1.864688515663147
1.8256531953811646
1.7875467538833618
1.749382495880127
1.710457682609558
1.6702696084976196
1.6284927129745483
1.584919810295105
1.5394519567489624
1.4920644760131836
1.4428025484085083
1.3917601108551025
1.3390774726867676
1.2849279642105103
1.2295159101486206
1.1730666160583496
1.115824818611145
1.0580472946166992
1.0
0.941952645778656
0.884175181388855
0.8269333839416504
0.7704841494560242
0.7150720357894897
0.6609225273132324
0.6082398891448975
0.5571974515914917
0.5079354643821716
0.4605481028556824
0.4150802195072174
0.3715072572231293
0.3297303318977356
0.28954237699508667
0.25061753392219543
0.21245327591896057
0.17434677481651306
0.1353115290403366
0.09405044466257095
0.04894348233938217
1.9238795042037964
1.8754676580429077
1.8311123847961426
1.7894625663757324
1.749382495880127
1.7099488973617554
1.6704607009887695
1.630385160446167
1.5893495082855225
1.5470939874649048
1.5034652948379517
1.4583849906921387
1.4118458032608032
1.3638910055160522
1.3146120309829712
1.2641347646713257
1.212617039680481
1.1602387428283691
1.1071999073028564
1.0537129640579224
1.0
0.9462870359420776
0.8928000926971436
0.8397612571716309
0.7873830199241638
0.7358651757240295
0.685387909412384
0.6361089944839478
0.5881541967391968
0.5416149497032166
0.49653467535972595
0.45290595293045044
0.4106505215167999
0.3696148693561554
0.32953935861587524
0.29005110263824463
0.25061753392219543
0.21053746342658997
0.16888758540153503
0.12453233450651169
0.07612046599388123
1.8910064697265625
1.8408032655715942
1.794713020324707
1.751595377922058
1.710457682609558
1.6704607009887695
1.6309351921081543
1.5913506746292114
1.5513148307800293
1.51053786277771
1.468829870223999
1.4260730743408203
1.3822193145751953
1.3372710943222046
1.2912784814834595
1.2443267107009888
1.196532964706421
1.1480374336242676
1.0989998579025269
1.049593210220337
1.0
0.9504067897796631
0.9010001420974731
0.8519626259803772
0.8034669756889343
0.7556732892990112
0.7087215185165405
0.6627289652824402
0.6177806258201599
0.5739269256591797
0.531170129776001
0.48946210741996765
0.4486851990222931
0.4086492657661438
0.3690648376941681
0.32953935861587524
0.28954237699508667
0.24840466678142548
0.20528702437877655
0.15919668972492218
0.10899347811937332
1.852640151977539
1.801889419555664
1.7552103996276855
1.7116265296936035
1.6702696084976196
1.630385160446167
1.5913506746292114
1.5526567697525024
1.5139106512069702
1.4748104810714722
1.4351444244384766
1.394768476486206
1.3536043167114258
1.3116222620010376
1.2688392400741577
1.2253063917160034
1.1811065673828125
1.1363447904586792
1.0911463499069214
1.0456489324569702
1.0
0.9543510675430298
0.9088537096977234
0.8636552095413208
0.8188934326171875
0.7746935486793518
0.7311607003211975
0.6883777976036072
0.6463956832885742
0.605231523513794
0.5648555755615234
0.5251895785331726
0.4860893487930298
0.44734320044517517
0.4086492657661438
0.3696148693561554
0.3297303318977356
0.2883734405040741
0.24478957056999207
0.19811058044433594
0.14735983312129974
1.8090169429779053
1.758773922920227
1.7124874591827393
1.6693141460418701
1.6284927129745483
1.5893495082855225
1.5513148307800293
1.5139106512069702
1.4767570495605469
1.4395527839660645
1.4020763635635376
1.3641680479049683
1.3257290124893188
1.2867056131362915
1.24708890914917
1.2069023847579956
1.166200041770935
1.1250578165054321
1.0835704803466797
1.041845679283142
1.0
0.9581543803215027
0.9164295196533203
0.8749422430992126
0.8337998986244202
0.7930976152420044
0.7529110312461853
0.7132943868637085
0.6742710471153259
0.635831892490387
0.5979236364364624
0.5604472756385803
0.5232429504394531
0.4860893487930298
0.4486851990222931
0.4106505215167999
0.3715072572231293
0.3306858539581299
0.28751251101493835
0.24122612178325653
0.19098301231861115
1.7604060173034668
1.7115732431411743
1.6665260791778564
1.6245307922363281
1.584919810295105
1.5470939874649048
1.51053786277771
1.4748104810714722
1.4395527839660645
1.4044731855392456
1.3693503141403198
1.334017276763916
1.298362374305725
1.262316107749939
1.2258497476577759
1.1889652013778687
1.1516934633255005
1.1140856742858887
1.07621169090271
1.038153052330017
1.0
0.9618470072746277
0.9237882494926453
0.8859142661094666
0.8483065366744995
0.8110347390174866
0.7741502523422241
0.7376839518547058
0.7016376256942749
0.6659827828407288
0.6306496858596802
0.5955267548561096
0.5604472756385803
0.5251895785331726
0.48946210741996765
0.45290595293045044
0.4150802195072174
0.3754692077636719
0.33347395062446594
0.2884267568588257
0.23959402740001678
1.7071068286895752
1.660467505455017
1.6173954010009766
1.57725191116333
1.5394519567489624
1.5034652948379517
1.468829870223999
1.4351444244384766
1.4020763635635376
1.3693503141403198
1.3367514610290527
1.3041130304336548
1.271317481994629
1.2382853031158447
1.2049742937088013
1.1713701486587524
1.1374856233596802
1.1033521890640259
1.069018840789795
1.0345453023910522
1.0
0.965454638004303
0.9309811592102051
0.8966477513313293
0.8625143766403198
0.8286297917366028
0.7950257062911987
0.7617146968841553
0.7286825180053711
0.69588702917099
0.663248598575592
0.6306496858596802
0.5979236364364624
0.5648555755615234
0.531170129776001
0.49653467535972595
0.4605481028556824
0.42274805903434753
0.38260459899902344
0.3395324945449829
0.2928932309150696
1.649448037147522
1.6056808233261108
1.5652239322662354
1.5275222063064575
1.4920644760131836
1.4583849906921387
1.4260730743408203
1.394768476486206
1.3641680479049683
1.334017276763916
1.3041130304336548
1.2742942571640015
1.2444431781768799
1.2144755125045776
1.1843405961990356
1.15401291847229
1.1234915256500244
1.0927926301956177
1.061948299407959
1.0310007333755493
1.0
0.9689992666244507
0.9380517601966858
0.9072074294090271
0.8765085339546204
0.84598708152771
0.8156594038009644
0.7855244874954224
0.7555568218231201
0.7257057428359985
0.69588702917099
0.6659827828407288
0.635831892490387
0.605231523513794
0.5739269256591797
0.5416149497032166
0.5079354643821716
0.47247782349586487
0.43477603793144226
0.39431917667388916
0.350551962852478
1.587785243988037
1.5474802255630493
1.510195255279541
1.4754503965377808
1.4428025484085083
1.4118458032608032
1.3822193145751953
1.3536043167114258
1.3257290124893188
1.298362374305725
1.271317481994629
1.2444431781768799
1.217625617980957
1.190780520439148
1.1638530492782593
1.1368107795715332
1.1096429824829102
1.0823546648025513
1.0549647808074951
1.0275014638900757
1.0
0.9724985361099243
0.9450352787971497
0.9176453351974487
0.8903569579124451
0.863189160823822
0.836146891117096
0.8092194199562073
0.7823743224143982
0.7555568218231201
0.7286825180053711
0.7016376256942749
0.6742710471153259
0.6463956832885742
0.6177806258201599
0.5881541967391968
0.5571974515914917
0.5245496034622192
0.48980477452278137
0.4525197446346283
0.4122147560119629
1.522498607635498
1.4861644506454468
1.452532172203064
1.421190619468689
1.3917601108551025
1.3638910055160522
1.3372710943222046
1.3116222620010376
1.2867056131362915
1.262316107749939
1.2382853031158447
1.2144755125045776
1.190780520439148
1.1671197414398193
1.1434376239776611
1.1196986436843872
1.095885992050171
1.0719965696334839
1.0480397939682007
1.0240330696105957
1.0
0.9759669899940491
0.9519602060317993
0.9280034303665161
0.9041140079498291
0.8803013563156128
0.8565623760223389
0.8328803181648254
0.8092194199562073
0.7855244874954224
0.7617146968841553
0.7376839518547058
0.7132943868637085
0.6883777976036072
0.6627289652824402
0.6361089944839478
0.6082398891448975
0.578809380531311
0.5474678874015808
0.5138354897499084
0.47750142216682434
1.4539904594421387
1.4220633506774902
1.392495036125183
1.3649399280548096
1.3390774726867676
1.3146120309829712
1.2912784814834595
1.2688392400741577
1.24708890914917
1.2258497476577759
1.2049742937088013
1.1843405961990356
1.1638530492782593
1.1434376239776611
1.1230416297912598
1.1026290655136108
1.082180142402649
1.0616868734359741
1.041151762008667
1.0205844640731812
1.0
0.9794154763221741
0.958848237991333
0.9383131265640259
0.9178197979927063
0.8973709344863892
0.8769583702087402
0.8565623760223389
0.836146891117096
0.8156594038009644
0.7950257062911987
0.7741502523422241
0.7529110312461853
0.7311607003211975
0.7087215185165405
0.685387909412384
0.6609225273132324
0.6350600719451904
0.6075049638748169
0.5779367089271545
0.5460094809532166
1.3826833963394165
1.3555294275283813
1.330371618270874
1.306925654411316
1.2849279642105103
1.2641347646713257
1.2443267107009888
1.2253063917160034
1.2069023847579956
1.1889652013778687
1.1713701486587524
1.15401291847229
1.1368107795715332
1.1196986436843872
1.1026290655136108
1.0855683088302612
1.0684962272644043
1.0514020919799805
1.0342844724655151
1.0171475410461426
1.0
0.9828524589538574
0.9657155275344849
0.9485979080200195
0.9315038323402405
0.914431631565094
0.8973709344863892
0.8803013563156128
0.863189160823822
0.84598708152771
0.8286297917366028
0.8110347390174866
0.7930976152420044
0.7746935486793518
0.7556732892990112
0.7358651757240295
0.7150720357894897
0.6930743455886841
0.669628381729126
0.6444705724716187
0.6173165440559387
1.3090169429779053
1.2869377136230469
1.2664750814437866
1.2474040985107422
1.2295159101486206
1.212617039680481
1.196532964706421
1.1811065673828125
1.166200041770935
1.1516934633255005
1.1374856233596802
1.1234915256500244
1.1096429824829102
1.095885992050171
1.082180142402649
1.0684962272644043
1.054815411567688
1.0411268472671509
1.0274269580841064
1.013716459274292
1.0
0.986283540725708
0.9725730419158936
0.9588731527328491
0.9451846480369568
0.9315038323402405
0.9178197979927063
0.9041140079498291
0.8903569579124451
0.8765085339546204
0.8625143766403198
0.8483065366744995
0.8337998986244202
0.8188934326171875
0.8034669756889343
0.7873830199241638
0.7704841494560242
0.7525959014892578
0.7335249185562134
0.7130622267723083
0.69098299741745
1.233445405960083
1.2166792154312134
1.2011370658874512
1.186651349067688
1.1730666160583496
1.1602387428283691
1.1480374336242676
1.1363447904586792
1.1250578165054321
1.1140856742858887
1.1033521890640259
1.0927926301956177
1.0823546648025513
1.0719965696334839
1.0616868734359741
1.0514020919799805
1.0411268472671509
1.0308516025543213
1.0205720663070679
1.0102876424789429
1.0
0.9897124171257019
0.9794278740882874
0.9691483974456787
0.9588731527328491
0.9485979080200195
0.9383131265640259
0.9280034303665161
0.9176453351974487
0.9072074294090271
0.8966477513313293
0.8859142661094666
0.8749422430992126
0.8636552095413208
0.8519626259803772
0.8397612571716309
0.8269333839416504
0.8133487105369568
0.7988629937171936
0.7833207845687866
0.7665546536445618
1.156434416770935
1.1451590061187744
1.1347049474716187
1.1249613761901855
1.115824818611145
1.1071999073028564
1.0989998579025269
1.0911463499069214
1.0835704803466797
1.07621169090271
1.069018840789795
1.061948299407959
1.0549647808074951
1.0480397939682007
1.041151762008667
1.0342844724655151
1.0274269580841064
1.0205720663070679
1.0137165784835815
1.0068589448928833
1.0
0.9931410551071167
0.9862834811210632
0.9794278740882874
0.9725730419158936
0.9657155275344849
0.958848237991333
0.9519602060317993
0.9450352787971497
0.9380517601966858
0.9309811592102051
0.9237882494926453
0.9164295196533203
0.9088537096977234
0.9010001420974731
0.8928000926971436
0.884175181388855
0.8750386834144592
0.8652949929237366
0.8548409342765808
0.8435655236244202
1.0784591436386108
1.0727920532226562
1.0675373077392578
1.062639594078064
1.0580472946166992
1.0537129640579224
1.049593210220337
1.0456489324569702
1.041845679283142
1.038153052330017
1.0345453023910522
1.0310007333755493
1.0275014638900757
1.0240330696105957
1.0205844640731812
1.0171475410461426
1.013716459274292
1.0102876424789429
1.0068589448928833
1.0034297704696655
1.0
0.9965702891349792
0.9931410551071167
0.9897124171257019
0.986283540725708
0.9828524589538574
0.9794154763221741
0.9759669899940491
0.9724985361099243
0.9689992666244507
0.965454638004303
0.9618470072746277
0.9581543803215027
0.9543510675430298
0.9504067897796631
0.9462870359420776
0.941952645778656
0.9373604655265808
0.9324626922607422
0.9272080063819885
0.9215409159660339
1.0
1.0
1.0
1.0
1.0
1.0
1.0
1.0
1.0
1.0
1.0
1.0
1.0
1.0
1.0
1.0
1.0
1.0
1.0
1.0
1.0
1.0
1.0
1.0
1.0
1.0
1.0
1.0
1.0
1.0
1.0
1.0
1.0
1.0
1.0
1.0
1.0
1.0
1.0
1.0
1.0
0.9215409159660339
0.9272080063819885
0.9324626922607422
0.9373604655265808
0.941952645778656
0.9462870359420776
0.9504067897796631
0.9543510675430298
0.9581543803215027
0.9618470072746277
0.965454638004303
0.9689992666244507
0.9724985361099243
0.9759669899940491
0.9794154763221741
0.9828524589538574
0.986283540725708
0.9897124171257019
0.9931410551071167
0.9965702891349792
1.0
1.0034297704696655
1.0068589448928833
1.0102876424789429
1.013716459274292
1.0171475410461426
1.0205844640731812
1.0240330696105957
1.0275014638900757
1.0310007333755493
1.0345453023910522
1.038153052330017
1.041845679283142
1.0456489324569702
1.049593210220337
1.0537129640579224
1.0580472946166992
1.062639594078064
1.0675373077392578
1.0727920532226562
1.0784591436386108
0.8435655236244202
0.8548409342765808
0.8652949929237366
0.8750386834144592
0.884175181388855
0.8928000926971436
0.9010001420974731
0.9088537096977234
0.9164295196533203
0.9237882494926453
0.9309811592102051
0.9380517601966858
0.9450352787971497
0.9519602060317993
0.958848237991333
0.9657155275344849
0.9725730419158936
0.9794278740882874
0.9862834811210632
0.9931410551071167
1.0
1.0068589448928833
1.0137165784835815
1.0205720663070679
1.0274269580841064
1.0342844724655151
1.041151762008667
1.0480397939682007
1.0549647808074951
1.061948299407959
1.069018840789795
1.07621169090271
1.0835704803466797
1.0911463499069214
1.0989998579025269
1.1071999073028564
1.115824818611145
1.1249613761901855
1.1347049474716187
1.1451590061187744
1.156434416770935
0.7665546536445618
0.7833207845687866
0.7988629937171936
0.8133487105369568
0.8269333839416504
0.8397612571716309
0.8519626259803772
0.8636552095413208
0.8749422430992126
0.8859142661094666
0.8966477513313293
0.9072074294090271
0.9176453351974487
0.9280034303665161
0.9383131265640259
0.9485979080200195
0.9588731527328491
0.9691483974456787
0.9794278740882874
0.9897124171257019
1.0
1.0102876424789429
1.0205720663070679
1.0308516025543213
1.0411268472671509
1.0514020919799805
1.0616868734359741
1.0719965696334839
1.0823546648025513
1.0927926301956177
1.1033521890640259
1.1140856742858887
1.1250578165054321
1.1363447904586792
1.1480374336242676
1.1602387428283691
1.1730666160583496
1.186651349067688
1.2011370658874512
1.2166792154312134
1.233445405960083
0.69098299741745
0.7130622267723083
0.7335249185562134
0.7525959014892578
0.7704841494560242
0.7873830199241638
0.8034669756889343
0.8188934326171875
0.8337998986244202
0.8483065366744995
0.8625143766403198
0.8765085339546204
0.8903569579124451
0.9041140079498291
0.9178197979927063
0.9315038323402405
0.9451846480369568
0.9588731527328491
0.9725730419158936
0.986283540725708
1.0
1.013716459274292
1.0274269580841064
1.0411268472671509
1.054815411567688
1.0684962272644043
1.082180142402649
1.095885992050171
1.1096429824829102
1.1234915256500244
1.1374856233596802
1.1516934633255005
1.166200041770935
1.1811065673828125
1.196532964706421
1.212617039680481
1.2295159101486206
1.2474040985107422
1.2664750814437866
1.2869377136230469
1.3090169429779053
0.6173165440559387
0.6444705724716187
0.669628381729126
0.6930743455886841
0.7150720357894897
0.7358651757240295
0.7556732892990112
0.7746935486793518
0.7930976152420044
0.8110347390174866
0.8286297917366028
0.84598708152771
0.863189160823822
0.8803013563156128
0.8973709344863892
0.914431631565094
0.9315038323402405
0.9485979080200195
0.9657155275344849
0.9828524589538574
1.0
1.0171475410461426
1.0342844724655151
1.0514020919799805
1.0684962272644043
1.0855683088302612
1.1026290655136108
1.1196986436843872
1.1368107795715332
1.15401291847229
1.1713701486587524
1.1889652013778687
1.2069023847579956
1.2253063917160034
1.2443267107009888
1.2641347646713257
1.2849279642105103
1.306925654411316
1.330371618270874
1.3555294275283813
1.3826833963394165
0.5460094809532166
0.5779367089271545
0.6075049638748169
0.6350600719451904
0.6609225273132324
0.685387909412384
0.7087215185165405
0.7311607003211975
0.7529110312461853
0.7741502523422241
0.7950257062911987
0.8156594038009644
0.836146891117096
0.8565623760223389
0.8769583702087402
0.8973709344863892
0.9178197979927063
0.9383131265640259
0.958848237991333
0.9794154763221741
1.0
1.0205844640731812
1.041151762008667
1.0616868734359741
1.082180142402649
1.1026290655136108
1.1230416297912598
1.1434376239776611
1.1638530492782593
1.1843405961990356
1.2049742937088013
1.2258497476577759
1.24708890914917
1.2688392400741577
1.2912784814834595
1.3146120309829712
1.3390774726867676
1.3649399280548096
1.392495036125183
1.4220633506774902
1.4539904594421387
0.47750142216682434
0.5138354897499084
0.5474678874015808
0.578809380531311
0.6082398891448975
0.6361089944839478
0.6627289652824402
0.6883777976036072
0.7132943868637085
0.7376839518547058
0.7617146968841553
0.7855244874954224
0.8092194199562073
0.8328803181648254
0.8565623760223389
0.8803013563156128
0.9041140079498291
0.9280034303665161
0.9519602060317993
0.9759669899940491
1.0
1.0240330696105957
1.0480397939682007
1.0719965696334839
1.095885992050171
1.1196986436843872
1.1434376239776611
1.1671197414398193
1.190780520439148
1.2144755125045776
1.2382853031158447
1.262316107749939
1.2867056131362915
1.3116222620010376
1.3372710943222046
1.3638910055160522
1.3917601108551025
1.421190619468689
1.452532172203064
1.4861644506454468
1.522498607635498
0.4122147560119629
0.4525197446346283
0.48980477452278137
0.5245496034622192
0.5571974515914917
0.5881541967391968
0.6177806258201599
0.6463956832885742
0.6742710471153259
0.7016376256942749
0.7286825180053711
0.7555568218231201
0.7823743224143982
0.8092194199562073
0.836146891117096
0.863189160823822
0.8903569579124451
0.9176453351974487
0.9450352787971497
0.9724985361099243
1.0
1.0275014638900757
1.0549647808074951
1.0823546648025513
1.1096429824829102
1.1368107795715332
1.1638530492782593
1.190780520439148
1.217625617980957
1.2444431781768799
1.271317481994629
1.298362374305725
1.3257290124893188
1.3536043167114258
1.3822193145751953
1.4118458032608032
1.4428025484085083
1.4754503965377808
1.510195255279541
1.5474802255630493
1.587785243988037
0.350551962852478
0.39431917667388916
0.43477603793144226
0.47247782349586487
0.5079354643821716
0.5416149497032166
0.5739269256591797
0.605231523513794
0.635831892490387
0.6659827828407288
0.69588702917099
0.7257057428359985
0.7555568218231201
0.7855244874954224
0.8156594038009644
0.84598708152771
0.8765085339546204
0.9072074294090271
0.9380517601966858
0.9689992666244507
1.0
1.0310007333755493
1.061948299407959
1.0927926301956177
1.1234915256500244
1.15401291847229
1.1843405961990356
1.2144755125045776
1.2444431781768799
1.2742942571640015
1.3041130304336548
1.334017276763916
1.3641680479049683
1.394768476486206
1.4260730743408203
1.4583849906921387
1.4920644760131836
1.5275222063064575
1.5652239322662354
1.6056808233261108
1.649448037147522
0.2928932309150696
0.3395324945449829
0.38260459899902344
0.42274805903434753
0.4605481028556824
0.49653467535972595
0.531170129776001
0.5648555755615234
0.5979236364364624
0.6306496858596802
0.663248598575592
0.69588702917099
0.7286825180053711
0.7617146968841553
0.7950257062911987
0.8286297917366028
0.8625143766403198
0.8966477513313293
0.9309811592102051
0.965454638004303
1.0
1.0345453023910522
1.069018840789795
1.1033521890640259
1.1374856233596802
1.1713701486587524
1.2049742937088013
1.2382853031158447
1.271317481994629
1.3041130304336548
1.3367514610290527
1.3693503141403198
1.4020763635635376
1.4351444244384766
1.468829870223999
1.5034652948379517
1.5394519567489624
1.57725191116333
1.6173954010009766
1.660467505455017
1.7071068286895752
0.23959402740001678
0.2884267568588257
0.33347395062446594
0.3754692077636719
0.4150802195072174
0.45290595293045044
0.48946210741996765
0.5251895785331726
0.5604472756385803
0.5955267548561096
0.6306496858596802
0.6659827828407288
0.7016376256942749
0.7376839518547058
0.7741502523422241
0.8110347390174866
0.8483065366744995
0.8859142661094666
0.9237882494926453
0.9618470072746277
1.0
1.038153052330017
1.07621169090271
1.1140856742858887
1.1516934633255005
1.1889652013778687
1.2258497476577759
1.262316107749939
1.298362374305725
1.334017276763916
1.3693503141403198
1.4044731855392456
1.4395527839660645
1.4748104810714722
1.51053786277771
1.5470939874649048
1.584919810295105
1.6245307922363281
1.6665260791778564
1.7115732431411743
1.7604060173034668
0.19098301231861115
0.24122612178325653
0.28751251101493835
0.3306858539581299
0.3715072572231293
0.4106505215167999
0.4486851990222931
0.4860893487930298
0.5232429504394531
0.5604472756385803
0.5979236364364624
0.635831892490387
0.6742710471153259
0.7132943868637085
0.7529110312461853
0.7930976152420044
0.8337998986244202
0.8749422430992126
0.9164295196533203
0.9581543803215027
1.0
1.041845679283142
1.0835704803466797
1.1250578165054321
1.166200041770935
1.2069023847579956
1.24708890914917
1.2867056131362915
1.3257290124893188
1.3641680479049683
1.4020763635635376
1.4395527839660645
1.4767570495605469
1.5139106512069702
1.5513148307800293
1.5893495082855225
1.6284927129745483
1.6693141460418701
1.7124874591827393
1.758773922920227
1.8090169429779053
0.14735983312129974
0.19811058044433594
0.24478957056999207
0.2883734405040741
0.3297303318977356
0.3696148693561554
0.4086492657661438
0.44734320044517517
0.4860893487930298
0.5251895785331726
0.5648555755615234
0.605231523513794
0.6463956832885742
0.6883777976036072
0.7311607003211975
0.7746935486793518
0.8188934326171875
0.8636552095413208
0.9088537096977234
0.9543510675430298
1.0
1.0456489324569702
1.0911463499069214
1.1363447904586792
1.1811065673828125
1.2253063917160034
1.2688392400741577
1.3116222620010376
1.3536043167114258
1.394768476486206
1.4351444244384766
1.4748104810714722
1.5139106512069702
1.5526567697525024
1.5913506746292114
1.630385160446167
1.6702696084976196
1.7116265296936035
1.7552103996276855
1.801889419555664
1.852640151977539
0.10899347811937332
0.15919668972492218
0.20528702437877655
0.24840466678142548
0.28954237699508667
0.32953935861587524
0.3690648376941681
0.4086492657661438
0.4486851990222931
0.48946210741996765
0.531170129776001
0.5739269256591797
0.6177806258201599
0.6627289652824402
0.7087215185165405
0.7556732892990112
0.8034669756889343
0.8519626259803772
0.9010001420974731
0.9504067897796631
1.0
1.049593210220337
1.0989998579025269
1.1480374336242676
1.196532964706421
1.2443267107009888
1.2912784814834595
1.3372710943222046
1.3822193145751953
1.4260730743408203
1.468829870223999
1.51053786277771
1.5513148307800293
1.5913506746292114
1.6309351921081543
1.6704607009887695
1.710457682609558
1.751595377922058
1.794713020324707
1.8408032655715942
1.8910064697265625
0.07612046599388123
0.12453233450651169
0.16888758540153503
0.21053746342658997
0.25061753392219543
0.29005110263824463
0.32953935861587524
0.3696148693561554
0.4106505215167999
0.45290595293045044
0.49653467535972595
0.5416149497032166
0.5881541967391968
0.6361089944839478
0.685387909412384
0.7358651757240295
0.7873830199241638
0.8397612571716309
0.8928000926971436
0.9462870359420776
1.0
1.0537129640579224
1.1071999073028564
1.1602387428283691
1.212617039680481
1.2641347646713257
1.3146120309829712
1.3638910055160522
1.4118458032608032
1.4583849906921387
1.5034652948379517
1.5470939874649048
1.5893495082855225
1.630385160446167
1.6704607009887695
1.7099488973617554
1.749382495880127
1.7894625663757324
1.8311123847961426
1.8754676580429077
1.9238795042037964
0.04894348233938217
0.09405044466257095
0.1353115290403366
0.17434677481651306
0.21245327591896057
0.25061753392219543
0.28954237699508667
0.3297303318977356
0.3715072572231293
0.4150802195072174
0.4605481028556824
0.5079354643821716
0.5571974515914917
0.6082398891448975
0.6609225273132324
0.7150720357894897
0.7704841494560242
0.8269333839416504
0.884175181388855
0.941952645778656
1.0
1.0580472946166992
1.115824818611145
1.1730666160583496
1.2295159101486206
1.2849279642105103
1.3390774726867676
1.3917601108551025
1.4428025484085083
1.4920644760131836
1.5394519567489624
1.584919810295105
1.6284927129745483
1.6702696084976196
1.710457682609558
1.749382495880127
1.7875467538833618
1.8256531953811646
1.864688515663147
1.905949592590332
1.9510564804077148
0.02763007953763008
0.06754893064498901
0.10407065600156784
0.139192596077919
0.17434677481651306
0.21053746342658997
0.24840466678142548
0.2883734405040741
0.3306858539581299
0.3754692077636719
0.42274805903434753
0.47247782349586487
0.5245496034622192
0.578809380531311
0.6350600719451904
0.6930743455886841
0.7525959014892578
0.8133487105369568
0.8750386834144592
0.9373604655265808
1.0
1.062639594078064
1.1249613761901855
1.186651349067688
1.2474040985107422
1.306925654411316
1.3649399280548096
1.421190619468689
1.4754503965377808
1.5275222063064575
1.57725191116333
1.6245307922363281
1.6693141460418701
1.7116265296936035
1.751595377922058
1.7894625663757324
1.8256531953811646
1.8608074188232422
1.8959293365478516
1.9324510097503662
1.972369909286499
0.012311659753322601
0.04449417069554329
0.07430510222911835
0.10407065600156784
0.1353115290403366
0.16888758540153503
0.20528702437877655
0.24478957056999207
0.28751251101493835
0.33347395062446594
0.38260459899902344
0.43477603793144226
0.48980477452278137
0.5474678874015808
0.6075049638748169
0.669628381729126
0.7335249185562134
0.7988629937171936
0.8652949929237366
0.9324626922607422
1.0
1.0675373077392578
1.1347049474716187
1.2011370658874512
1.2664750814437866
1.330371618270874
1.392495036125183
1.452532172203064
1.510195255279541
1.5652239322662354
1.6173954010009766
1.6665260791778564
1.7124874591827393
1.7552103996276855
1.794713020324707
1.8311123847961426
1.864688515663147
1.8959293365478516
1.9256949424743652
1.9555058479309082
1.9876883029937744
0.003082666313275695
0.02397148311138153
0.04449417069554329
0.06754893064498901
0.09405044466257095
0.12453233450651169
0.15919668972492218
0.19811058044433594
0.24122612178325653
0.2884267568588257
0.3395324945449829
0.39431917667388916
0.4525197446346283
0.5138354897499084
0.5779367089271545
0.6444705724716187
0.7130622267723083
0.7833207845687866
0.8548409342765808
0.9272080063819885
1.0
1.0727920532226562
1.1451590061187744
1.2166792154312134
1.2869377136230469
1.3555294275283813
1.4220633506774902
1.4861644506454468
1.5474802255630493
1.6056808233261108
1.660467505455017
1.7115732431411743
1.758773922920227
1.801889419555664
1.8408032655715942
1.8754676580429077
1.905949592590332
1.9324510097503662
1.9555058479309082
1.976028561592102
1.9969173669815063
0.0
0.003082666313275695
0.012311659753322601
0.02763007953763008
0.04894348233938217
0.07612046599388123
0.10899347811937332
0.14735983312129974
0.19098301231861115
0.23959402740001678
0.2928932309150696
0.350551962852478
0.4122147560119629
0.47750142216682434
0.5460094809532166
0.6173165440559387
0.69098299741745
0.7665546536445618
0.8435655236244202
0.9215409159660339
1.0
1.0784591436386108
1.156434416770935
1.233445405960083
1.3090169429779053
1.3826833963394165
1.4539904594421387
1.522498607635498
1.587785243988037
1.649448037147522
1.7071068286895752
1.7604060173034668
1.8090169429779053
1.852640151977539
1.8910064697265625
1.9238795042037964
1.9510564804077148
1.972369909286499
1.9876883029937744
1.9969173669815063
2.0
