0.0
0.0
0.0
0.0
0.0
0.0
0.0
0.0
0.0
0.0
0.0
0.0
0.0
0.0
0.0
0.0
0.0
0.0
0.0
0.0
0.0
0.0
0.0
0.0
0.0
0.0
0.0
0.0
0.0
0.0
0.0
0.0
0.0
0.0
0.0
0.0
0.0
0.0
0.0
0.0
0.0
0.0
1.150319349108031e-06
2.2871615783515153e-06
3.397304453756078e-06
4.468099177756812e-06
5.487635462486651e-06
6.4450919126102235e-06
7.33079332349007e-06
8.136550604831427e-06
8.85560530150542e-06
9.482911991653964e-06
1.0014975487138145e-05
1.0450047739141155e-05
1.0787868632178288e-05
1.1029757843061816e-05
1.117830106522888e-05
1.1237340004299767e-05
1.121164586947998e-05
1.1106825695605949e-05
1.0929028576356359e-05
1.0684807421057485e-05
1.0380885214544833e-05
1.0024000403063837e-05
9.620758646633476e-06
9.177481842925772e-06
8.700145372131374e-06
8.1942480392172e-06
7.664823897357564e-06
7.116336291801417e-06
6.552743798238225e-06
5.977425644232426e-06
5.393273113440955e-06
4.802649073099019e-06
4.207486654195236e-06
3.6092742448090576e-06
3.009155534527963e-06
2.40793201555789e-06
1.8061547280012746e-06
1.2041457466693828e-06
6.020755449753779e-07
0.0
0.0
2.3141706151363906e-06
4.601113232638454e-06
6.8341164478624705e-06
8.98762846190948e-06
1.1037597687391099e-05
1.2962174878339283e-05
1.4741837730980478e-05
1.6360078006982803e-05
1.7803289665607736e-05
1.906134457385633e-05
2.0127261450397782e-05
2.0997600586269982e-05
2.1671938156941906e-05
2.2153060854179785e-05
2.244630377390422e-05
2.255954677821137e-05
2.250253237434663e-05
2.2286689272732474e-05
2.1924517568550073e-05
2.142931589332875e-05
2.0814704839722253e-05
2.0094312276341952e-05
1.928147867147345e-05
1.838894786487799e-05
1.7428748833481222e-05
1.6411935575888492e-05
1.5348599845310673e-05
1.4247687431634404e-05
1.3117107300786301e-05
1.196360244648531e-05
1.0792925422720145e-05
9.609766493667848e-06
8.417948265559971e-06
7.2204015850729775e-06
6.0193624449311756e-06
4.8163815336010884e-06
3.6125090900895884e-06
2.4083346943371e-06
1.2041457466693828e-06
0.0
0.0
3.505341737763956e-06
6.96915049047675e-06
1.0350684533477761e-05
1.3610978385258932e-05
1.6713363947928883e-05
1.962455098691862e-05
2.2314818124868907e-05
2.475907422194723e-05
2.6936684662359767e-05
2.883236447814852e-05
3.0435656299232505e-05
3.1741554266773164e-05
3.2749678211985156e-05
3.346455923747271e-05
3.389463745406829e-05
3.405222014407627e-05
3.3952444937312976e-05
3.3612977858865634e-05
3.305310019641183e-05
3.229323192499578e-05
3.135425504297018e-05
3.025698970304802e-05
2.9021766749792732e-05
2.7667960239341483e-05
2.6213800083496608e-05
2.4675997337908484e-05
2.3069769667927176e-05
2.1408559405244887e-05
1.9704220903804526e-05
1.7966816812986508e-05
1.620490729692392e-05
1.4425430890696589e-05
1.2634015547519084e-05
1.0834935892489739e-05
9.031420631799847e-06
7.225665285659488e-06
5.419111403170973e-06
3.6125090900895884e-06
1.8061547280012746e-06
0.0
0.0
4.738215011457214e-06
9.419744856131729e-06
1.3988986211188603e-05
1.8392775018583052e-05
2.2581096345675178e-05
2.650858004926704e-05
3.0134766348055564e-05
3.342557101859711e-05
3.6353048926685005e-05
3.889663639711216e-05
4.1042439988814294e-05
4.2784067773027346e-05
4.412150155985728e-05
4.506147524807602e-05
4.5616070565301925e-05
4.580264794640243e-05
4.5642387703992426e-05
4.515986074693501e-05
4.438175892573781e-05
4.333624383434653e-05
4.205198638373986e-05
4.0557464672019705e-05
3.8880396459717304e-05
3.704707705765031e-05
3.508217560010962e-05
3.30081966239959e-05
3.084557829424739e-05
2.86122813122347e-05
2.6324072678107768e-05
2.399428194621578e-05
2.163417411793489e-05
1.925282231240999e-05
1.68575224961387e-05
1.4453744370257482e-05
1.204555701406207e-05
9.635639798943885e-06
7.225665285659488e-06
4.8163815336010884e-06
2.40793201555789e-06
0.0
0.0
6.0279662648099475e-06
1.1982932846876793e-05
1.779329977580346e-05
2.339062120881863e-05
2.8710535843856633e-05
3.3694708690745756e-05
3.829118577414192e-05
4.245632226229645e-05
4.615447323885746e-05
4.935964534524828e-05
5.205452544032596e-05
5.42316229257267e-05
5.589173088083044e-05
5.704442810383625e-05
5.77062091906555e-05
5.7900342653738335e-05
5.765496825915761e-05
5.700250039808452e-05
5.597792915068567e-05
5.461797627503984e-05
5.295984374242835e-05
5.10403115185909e-05
4.88949881400913e-05
4.655750672100112e-05
4.405925210448913e-05
4.1428731492487714e-05
3.8691683585057035e-05
3.5870602005161345e-05
3.298514275229536e-05
3.0051784051465802e-05
2.7084372050012462e-05
2.409393528068904e-05
2.1089252186357044e-05
1.8076791093335487e-05
1.506124135630671e-05
1.204555701406207e-05
9.031420631799847e-06
6.0193624449311756e-06
3.009155534527963e-06
0.0
0.0
7.391018698399421e-06
1.4691219803353306e-05
2.1811532860738225e-05
2.8666830985457636e-05
3.517708682920784e-05
4.126984640606679e-05
4.688067201641388e-05
5.19555906066671e-05
5.645075361826457e-05
6.033449972164817e-05
6.358617974910885e-05
6.619755731662735e-05
6.817086250521243e-05
6.951937393750995e-05
7.026503590168431e-05
7.043820369290188e-05
7.007520616753027e-05
6.92175017320551e-05
6.79095828672871e-05
6.619779742322862e-05
6.412885704776272e-05
6.17486221017316e-05
5.910126492381096e-05
5.6228236644528806e-05
5.3168008889770135e-05
4.995528070139699e-05
4.662120045395568e-05
4.319280924391933e-05
3.9693542930763215e-05
3.614290108089335e-05
3.255710907978937e-05
2.8948934414074756e-05
2.5328381525469013e-05
2.1702651793020777e-05
1.8076791093335487e-05
1.4453744370257482e-05
1.0834935892489739e-05
7.2204015850729775e-06
3.6092742448090576e-06
0.0
0.0
8.845198863127735e-06
1.757989048201125e-05
2.6095691282534972e-05
3.4289027098566294e-05
4.206256562611088e-05
4.932823503622785e-05
5.6007851526374e-05
6.203614611877128e-05
6.736039358656853e-05
7.194298086687922e-05
7.575999916298315e-05
7.880295015638694e-05
8.107631583698094e-05
8.259822061518207e-05
8.339742635143921e-05
8.351287397090346e-05
8.299068576889113e-05
8.188295760191977e-05
8.024516864679754e-05
7.813467527739704e-05
7.560887024737895e-05
7.272369839483872e-05
6.953269621590152e-05
6.608568219235167e-05
6.242863310035318e-05
5.86026581004262e-05
5.464440255309455e-05
5.058538954472169e-05
4.645273293135688e-05
4.2268733523087576e-05
3.805173764703795e-05
3.381595524842851e-05
2.9572303901659325e-05
2.5328381525469013e-05
2.1089252186357044e-05
1.68575224961387e-05
1.2634015547519084e-05
8.417948265559971e-06
4.207486654195236e-06
0.0
0.0
1.0410341019451153e-05
2.0688206859631464e-05
3.070365346502513e-05
4.033249570056796e-05
4.9458023568149656e-05
5.797472476842813e-05
6.578904867637902e-05
7.282316801138222e-05
7.901462231529877e-05
8.431948663201183e-05
8.871068712323904e-05
9.218008199241012e-05
9.473550744587556e-05
9.640139614930376e-05
9.721508831717074e-05
9.722611866891384e-05
9.649242565501481e-05
9.507875074632466e-05
9.305345884058625e-05
9.048660285770893e-05
8.744772640056908e-05
8.400402293773368e-05
8.021928806556389e-05
7.615239883307368e-05
7.185722643043846e-05
6.738150113960728e-05
6.276740896282718e-05
5.805085675092414e-05
5.326241807779297e-05
4.8426907596876845e-05
4.3564454244915396e-05
3.869032661896199e-05
3.381595524842851e-05
2.8948934414074756e-05
2.409393528068904e-05
1.925282231240999e-05
1.4425430890696589e-05
9.609766493667848e-06
4.802649073099019e-06
0.0
0.0
1.2108411283406895e-05
2.405965824436862e-05
3.5699555155588314e-05
4.688067201641388e-05
5.746443275711499e-05
6.732557085342705e-05
7.6353142503649e-05
8.445519779343158e-05
9.155839507002383e-05
9.761202818481252e-05
0.0001025859746732749
0.00010647328599588946
0.00010928649135166779
0.00011105829617008567
0.00011183689639437944
0.00011168494529556483
0.00011067478772019967
0.00010888635733863339
0.00010640324762789533
0.00010331025259802118
9.96908129309304e-05
9.562473860569298e-05
9.118714660871774e-05
8.64466346683912e-05
8.146539039444178e-05
7.629792526131496e-05
7.099192589521408e-05
6.558749009855092e-05
6.01183419348672e-05
5.461141336127184e-05
4.908816845272668e-05
4.3564454244915396e-05
3.805173764703795e-05
3.255710907978937e-05
2.7084372050012462e-05
2.163417411793489e-05
1.620490729692392e-05
1.0792925422720145e-05
5.393273113440955e-06
0.0
0.0
1.3964277059130836e-05
2.7743519240175374e-05
4.1156119550578296e-05
5.402828537626192e-05
6.619651685468853e-05
7.751295197522268e-05
8.784671808825806e-05
9.708965808385983e-05
0.0001051561048370786
0.00011198790889466181
0.00011755204468499869
0.00012184378283564001
0.0001248821645276621
0.0001267106708837673
0.0001273913076147437
0.00012700313527602702
0.00012563618656713516
0.00012338877422735095
0.00012036262342007831
0.00011665974307106808
0.00011237950820941478
0.00010761593148345128
0.0001024565426632762
9.698038047645241e-05
9.125830547418445e-05
8.535166853107512e-05
7.931351137813181e-05
7.318777352338657e-05
6.7010878410656e-05
6.081134779378772e-05
5.461141336127184e-05
4.8426907596876845e-05
4.2268733523087576e-05
3.614290108089335e-05
3.0051784051465802e-05
2.399428194621578e-05
1.7966816812986508e-05
1.196360244648531e-05
5.977425644232426e-06
0.0
0.0
1.600577525096014e-05
3.179498162353411e-05
4.715491377282888e-05
6.188173574628308e-05
7.578334771096706e-05
8.868577424436808e-05
0.00010043496877187863
0.00011090393672930077
0.00011999274283880368
0.00012763486301992089
0.00013379452866502106
0.00013847056834492832
0.00014169086352922022
0.0001435129379387945
0.00014401646330952644
0.00014330103294923902
0.00014147866750136018
0.00013866994413547218
0.0001349982776446268
0.00013058587501291186
0.0001255504321306944
0.00012000184506177902
0.00011404127872083336
0.00010775883129099384
0.00010123430547537282
9.453579696128145e-05
8.772134606260806e-05
8.083822467597201e-05
7.392493716906756e-05
6.7010878410656e-05
6.01183419348672e-05
5.326241807779297e-05
4.645273293135688e-05
3.9693542930763215e-05
3.298514275229536e-05
2.6324072678107768e-05
1.9704220903804526e-05
1.3117107300786301e-05
6.552743798238225e-06
0.0
0.0
1.826461812015623e-05
3.627701153163798e-05
5.378921559895389e-05
7.056303729768842e-05
8.63733803271316e-05
0.00010101576481247321
0.0001143088229582645
0.00012610321573447436
0.000136282091261819
0.00014476927754003555
0.00015152632840909064
0.00015655733295716345
0.00015990211977623403
0.00016163653344847262
0.000161862961249426
0.00016070700075943023
0.00015830795746296644
0.00015481369337067008
0.00015037365665193647
0.00014513371570501477
0.00013923259393777698
0.00013279794075060636
0.00012594567670021206
0.0001187774832942523
0.00011138214904349297
0.00010383415065007284
9.619596676202491e-05
8.851741586113349e-05
8.083822467597201e-05
7.318777352338657e-05
6.558749009855092e-05
5.805085675092414e-05
5.058538954472169e-05
4.319280924391933e-05
3.5870602005161345e-05
2.86122813122347e-05
2.1408559405244887e-05
1.4247687431634404e-05
7.116336291801417e-06
0.0
0.0
2.0776307792402804e-05
4.1260209400206804e-05
6.116388249211013e-05
8.020984387258068e-05
9.8134703875985e-05
0.00011469803575892001
0.0001296858099522069
0.00014292160631157458
0.00015426806930918247
0.00016363750910386443
0.00017098872922360897
0.00017633337120059878
0.00017972715431824327
0.00018126994837075472
0.00018109353550244123
0.00017935651703737676
0.00017623241001274437
0.0001719025312922895
0.000166547586559318
0.00016034123837016523
0.00015344622079283
0.00014600979920942336
0.00013816372666042298
0.00013002146442886442
0.0001216805394506082
0.00011322110367473215
0.00010470915003679693
9.619596676202491e-05
8.772134606260806e-05
7.931351137813181e-05
7.099192589521408e-05
6.276740896282718e-05
5.464440255309455e-05
4.662120045395568e-05
3.8691683585057035e-05
3.084557829424739e-05
2.3069769667927176e-05
1.5348599845310673e-05
7.664823897357564e-06
0.0
0.0
2.3580925699207e-05
4.682447615778074e-05
6.939811282791197e-05
9.097953443415463e-05
0.00011126077879453078
0.00012995854194741696
0.00014681910397484899
0.00016163254622370005
0.00017423590179532766
0.00018452708900440484
0.00019246201554778963
0.00019806261116173118
0.00020140595734119415
0.00020262358884792775
0.00020188545749988407
0.00019939252524636686
0.00019536133913788944
0.00019001444161403924
0.00018357016961090267
0.0001762346364557743
0.0001681978174019605
0.00015962834004312754
0.0001506744883954525
0.00014146135072223842
0.00013209438475314528
0.00012265828263480216
0.00011322110367473215
0.00010383415065007284
9.453579696128145e-05
8.535166853107512e-05
7.629792526131496e-05
6.738150113960728e-05
5.86026581004262e-05
4.995528070139699e-05
4.1428731492487714e-05
3.30081966239959e-05
2.4675997337908484e-05
1.6411935575888492e-05
8.1942480392172e-06
0.0
0.0
2.6722571419668384e-05
5.305797458277084e-05
7.862411439418793e-05
0.0001030478160828352
0.00012596910528372973
0.0001470530842198059
0.00016599701484665275
0.00018254865426570177
0.00019651219190564007
0.00020776699238922447
0.0002162654127459973
0.00022204335255082697
0.0002252064732601866
0.00022592817549593747
0.00022442848421633244
0.00022096284374129027
0.0002158022834919393
0.0002092201611958444
0.00020148012845311314
0.00019282594439573586
0.00018347814329899848
0.0001736281847115606
0.00016344098548870534
0.0001530524023110047
0.0001425744267180562
0.00013209438475314528
0.0001216805394506082
0.00011138214904349297
0.00010123430547537282
9.125830547418445e-05
8.146539039444178e-05
7.185722643043846e-05
6.242863310035318e-05
5.3168008889770135e-05
4.405925210448913e-05
3.508217560010962e-05
2.6213800083496608e-05
1.7428748833481222e-05
8.700145372131374e-06
0.0
0.0
3.0249144401750527e-05
6.00567800574936e-05
8.898710075300187e-05
0.00011660972813842818
0.00014250396634452045
0.00016627217701170594
0.0001875500602182001
0.0002060307888314128
0.00022147526033222675
0.0002337380574317649
0.00024276666226796806
0.00024861571728251874
0.00025142915546894073
0.00025143628590740263
0.00024892311193980277
0.00024421574198640883
0.00023765438527334481
0.00022957523469813168
0.00022029620595276356
0.0002101044519804418
0.00019925412198062986
0.00018796019139699638
0.00017640354053582996
0.0001647289318498224
0.0001530524023110047
0.00014146135072223842
0.00013002146442886442
0.0001187774832942523
0.00010775883129099384
9.698038047645241e-05
8.64466346683912e-05
7.615239883307368e-05
6.608568219235167e-05
5.6228236644528806e-05
4.655750672100112e-05
3.704707705765031e-05
2.7667960239341483e-05
1.838894786487799e-05
9.177481842925772e-06
0.0
0.0
3.4210370358778164e-05
6.792107888031751e-05
0.00010063985973829404
0.00013187294825911522
0.00016112880257423967
0.00018793287745211273
0.00021184264915063977
0.00023247965145856142
0.00024954680702649057
0.0002628647198434919
0.0002723736397456378
0.0002781531075015664
0.00028039852622896433
0.00027941385633312166
0.0002755724126473069
0.0002692921843845397
0.00026100137620233
0.00025111378636211157
0.0002400120283709839
0.00022803255706094205
0.0002154656103812158
0.00020254935952834785
0.00018947852368000895
0.00017640354053582996
0.00016344098548870534
0.0001506744883954525
0.00013816372666042298
0.00012594567670021206
0.00011404127872083336
0.0001024565426632762
9.118714660871774e-05
8.021928806556389e-05
6.953269621590152e-05
5.910126492381096e-05
4.88949881400913e-05
3.8880396459717304e-05
2.9021766749792732e-05
1.928147867147345e-05
9.620758646633476e-06
0.0
0.0
3.8654030504403636e-05
7.67476303735748e-05
0.00011373223242117092
0.000149045285070315
0.00018211295537184924
0.00021236577595118433
0.00023926084395498037
0.0002623246400617063
0.00028118141926825047
0.00029560443363152444
0.00030552298994734883
0.0003110494581051171
0.00031244821730069816
0.0003101231995970011
0.0003045633202418685
0.0002963061851914972
0.0002858919615391642
0.0002738297334872186
0.0002605787885840982
0.0002465303987264633
0.0002320123603567481
0.0002172837994294241
0.00020254935952834785
0.00018796019139699638
0.0001736281847115606
0.00015962834004312754
0.00014600979920942336
0.00013279794075060636
0.00012000184506177902
0.00010761593148345128
9.562473860569298e-05
8.400402293773368e-05
7.272369839483872e-05
6.17486221017316e-05
5.10403115185909e-05
4.0557464672019705e-05
3.025698970304802e-05
2.0094312276341952e-05
1.0024000403063837e-05
0.0
0.0
4.362055551609956e-05
8.661903848405927e-05
0.00012839504051953554
0.000168313505128026
0.00020570553897414356
0.0002398844517301768
0.00027017813408747315
0.0002959867415484041
0.000316827732603997
0.0003324085846543312
0.000342641695169732
0.0003476824495010078
0.00034788716584444046
0.0003437928098719567
0.0003360408009029925
0.00032532340264879167
0.00031232248875312507
0.0002976635587401688
0.00028189539443701506
0.00026546919252723455
0.0002487496240064502
0.0002320123603567481
0.0002154656103812158
0.00019925412198062986
0.00018347814329899848
0.0001681978174019605
0.00015344622079283
0.00013923259393777698
0.0001255504321306944
0.00011237950820941478
9.96908129309304e-05
8.744772640056908e-05
7.560887024737895e-05
6.412885704776272e-05
5.295984374242835e-05
4.205198638373986e-05
3.135425504297018e-05
2.0814704839722253e-05
1.0380885214544833e-05
0.0
0.0
4.913084558211267e-05
9.757914813235402e-05
0.0001447035901946947
0.00018979546439368278
0.00023207748017739505
0.0002707185922190547
0.00030488125048577785
0.00033379896194674075
0.0003568454703781754
0.00037363782757893205
0.00038406322710216045
0.0003883325553033501
0.00038692320231348276
0.00038054713513702154
0.0003700444649439305
0.00035630568163469434
0.00034018995938822627
0.00032246322371065617
0.0003037772548850626
0.0002846463758032769
0.00026546919252723455
0.0002465303987264633
0.00022803255706094205
0.0002101044519804418
0.00019282594439573586
0.0001762346364557743
0.00016034123837016523
0.00014513371570501477
0.00013058587501291186
0.00011665974307106808
0.00010331025259802118
9.048660285770893e-05
7.813467527739704e-05
6.619779742322862e-05
5.461797627503984e-05
4.333624383434653e-05
3.229323192499578e-05
2.142931589332875e-05
1.0684807421057485e-05
0.0
0.0
5.517542740562931e-05
0.00010961131192743778
0.0001626441371627152
0.00021349421876948327
0.0002612622920423746
0.0003049416991416365
0.00034348596818745136
0.00037591243744827807
0.0004014053556602448
0.0004194602370262146
0.00042992818634957075
0.00043309031752869487
0.0004295803955756128
0.00042033608769997954
0.0004064516688231379
0.00038906699046492577
0.00036925950553268194
0.0003479617298580706
0.00032594145159237087
0.0003037772548850626
0.00028189539443701506
0.0002605787885840982
0.0002400120283709839
0.00022029620595276356
0.00020148012845311314
0.00018357016961090267
0.000166547586559318
0.00015037365665193647
0.0001349982776446268
0.00012036262342007831
0.00010640324762789533
9.305345884058625e-05
8.024516864679754e-05
6.79095828672871e-05
5.597792915068567e-05
4.438175892573781e-05
3.305310019641183e-05
2.1924517568550073e-05
1.0929028576356359e-05
0.0
0.0
6.169009429868311e-05
0.00012258926290087402
0.00018203898798674345
0.00023919568047858775
0.00029302583425305784
0.00034231346216984093
0.000385754625312984
0.00042209404637105763
0.0004502736555878073
0.0004696313408203423
0.0004799687012564391
0.0004816536675207317
0.0004755159025080502
0.0004627759917639196
0.0004448443651199341
0.00042316631879657507
0.0003990813565906137
0.00037371471989899874
0.0003479617298580706
0.00032246322371065617
0.0002976635587401688
0.0002738297334872186
0.00025111378636211157
0.00022957523469813168
0.0002092201611958444
0.00019001444161403924
0.0001719025312922895
0.00015481369337067008
0.00013866994413547218
0.00012338877422735095
0.00010888635733863339
9.507875074632466e-05
8.188295760191977e-05
6.92175017320551e-05
5.700250039808452e-05
4.515986074693501e-05
3.3612977858865634e-05
2.2286689272732474e-05
1.1106825695605949e-05
0.0
0.0
6.854366802144796e-05
0.00013625231804326177
0.0002025073190452531
0.0002664127678144723
0.0003267914871685207
0.00038218495319597423
0.00043098226888105273
0.00047159683890640736
0.0005026725120842457
0.0005233510746620595
0.0005333698936738074
0.0005332005093805492
0.0005239094607532024
0.0005070592160336673
0.0004844397190026939
0.00045785788097418845
0.00042895786464214325
0.0003990813565906137
0.00036925950553268194
0.00034018995938822627
0.00031232248875312507
0.0002858919615391642
0.00026100137620233
0.00023765438527334481
0.0002158022834919393
0.00019536133913788944
0.00017623241001274437
0.00015830795746296644
0.00014147866750136018
0.00012563618656713516
0.00011067478772019967
9.649242565501481e-05
8.299068576889113e-05
7.007520616753027e-05
5.765496825915761e-05
4.5642387703992426e-05
3.3952444937312976e-05
2.250253237434663e-05
1.121164586947998e-05
0.0
0.0
7.55100991227664e-05
0.00015014971722848713
0.0002233783743577078
0.0002942633000202477
0.0003614789748098701
0.0004232972569297999
0.0004777574504259974
0.000522889313288033
0.0005569884669966996
0.0005789652350358665
0.00058847910258919
0.0005861195386387408
0.0005732262507081032
0.0005517555400729179
0.0005239318124949932
0.0004919713828712702
0.00045785788097418845
0.00042316631879657507
0.00038906699046492577
0.00035630568163469434
0.00032532340264879167
0.0002963061851914972
0.0002692921843845397
0.00024421574198640883
0.00022096284374129027
0.00019939252524636686
0.00017935651703737676
0.00016070700075943023
0.00014330103294923902
0.00012700313527602702
0.00011168494529556483
9.722611866891384e-05
8.351287397090346e-05
7.043820369290188e-05
5.7900342653738335e-05
4.580264794640243e-05
3.405222014407627e-05
2.255954677821137e-05
1.1237340004299767e-05
0.0
0.0
8.227190119214356e-05
0.0001636468805372715
0.00024369944003410637
0.0003214774769730866
0.0003955092397518456
0.0004637817619368434
0.0005239570746198297
0.0005736456369049847
0.0006107593653723598
0.0006339520332403481
0.0006427944754250348
0.0006380036938935518
0.0006212169537320733
0.0005948192556388676
0.000561505788937211
0.0005239318124949932
0.0004844397190026939
0.0004448443651199341
0.0004064516688231379
0.0003700444649439305
0.0003360408009029925
0.0003045633202418685
0.0002755724126473069
0.00024892311193980277
0.00022442848421633244
0.00020188545749988407
0.00018109353550244123
0.000161862961249426
0.00014401646330952644
0.0001273913076147437
0.00011183689639437944
9.721508831717074e-05
8.339742635143921e-05
7.026503590168431e-05
5.77062091906555e-05
4.5616070565301925e-05
3.389463745406829e-05
2.244630377390422e-05
1.117830106522888e-05
0.0
0.0
8.841756061883643e-05
0.00017592137737665325
0.0002622271713335067
0.000346380693372339
0.00042677504825405777
0.0005011162138544023
0.0005666872020810843
0.0006206725956872106
0.0006605926319025457
0.000684837345033884
0.0006928848451934755
0.0006855808314867318
0.0006648639100603759
0.0006335534853860736
0.0005948192556388676
0.0005517555400729179
0.0005070592160336673
0.0004627759917639196
0.00042033608769997954
0.00038054713513702154
0.0003437928098719567
0.0003101231995970011
0.00027941385633312166
0.00025143628590740263
0.00022592817549593747
0.00020262358884792775
0.00018126994837075472
0.00016163653344847262
0.0001435129379387945
0.0001267106708837673
0.00011105829617008567
9.640139614930376e-05
8.259822061518207e-05
6.951937393750995e-05
5.704442810383625e-05
4.506147524807602e-05
3.346455923747271e-05
2.2153060854179785e-05
1.1029757843061816e-05
0.0
0.0
9.34802446863614e-05
0.0001860394113464281
0.0002775443426799029
0.00036705294041894376
0.0004528441349975765
0.0005323704099282622
0.0006025676848366857
0.0006602265057154
0.0007025026716291904
0.0007275399984791875
0.0007347290520556271
0.0007250338676385581
0.0007006718078628182
0.0006648639100603759
0.0006212169537320733
0.0005732262507081032
0.0005239094607532024
0.0004755159025080502
0.0004295803955756128
0.00038692320231348276
0.00034788716584444046
0.00031244821730069816
0.00028039852622896433
0.00025142915546894073
0.0002252064732601866
0.00020140595734119415
0.00017972715431824327
0.00015990211977623403
0.00014169086352922022
0.0001248821645276621
0.00010928649135166779
9.473550744587556e-05
8.107631583698094e-05
6.817086250521243e-05
5.589173088083044e-05
4.412150155985728e-05
3.2749678211985156e-05
2.1671938156941906e-05
1.0787868632178288e-05
0.0
0.0
9.69859174801968e-05
0.0001930533180711791
0.0002882081316784024
0.0003815302043221891
0.0004712152585852891
0.0005545160965994
0.0006280902889557183
0.0006884096655994654
0.0007323333993554115
0.000757804315071553
0.0007641406846232712
0.0007524025859311223
0.0007250338676385581
0.0006855808314867318
0.0006380036938935518
0.0005861195386387408
0.0005332005093805492
0.0004816536675207317
0.00043309031752869487
0.0003883325553033501
0.0003476824495010078
0.0003110494581051171
0.0002781531075015664
0.00024861571728251874
0.00022204335255082697
0.00019806261116173118
0.00017633337120059878
0.00015655733295716345
0.00013847056834492832
0.00012184378283564001
0.00010647328599588946
9.218008199241012e-05
7.880295015638694e-05
6.619755731662735e-05
5.42316229257267e-05
4.2784067773027346e-05
3.1741554266773164e-05
2.0997600586269982e-05
1.0450047739141155e-05
0.0
0.0
9.851474169408903e-05
0.00019612401956692338
0.0002929390175268054
0.0003880664298776537
0.0004796583380084485
0.0005648459773510695
0.0006401120335794985
0.000701724668033421
0.0007463525398634374
0.0007718083797954023
0.0007773637771606445
0.0007641406846232712
0.0007347290520556271
0.0006928848451934755
0.0006427944754250348
0.00058847910258919
0.0005333698936738074
0.0004799687012564391
0.00042992818634957075
0.00038406322710216045
0.000342641695169732
0.00030552298994734883
0.0002723736397456378
0.00024276666226796806
0.0002162654127459973
0.00019246201554778963
0.00017098872922360897
0.00015152632840909064
0.00013379452866502106
0.00011755204468499869
0.0001025859746732749
8.871068712323904e-05
7.575999916298315e-05
6.358617974910885e-05
5.205452544032596e-05
4.1042439988814294e-05
3.0435656299232505e-05
2.0127261450397782e-05
1.0014975487138145e-05
0.0
0.0
9.777730156201869e-05
0.00019467290258035064
0.00029085471760481596
0.0003854573587886989
0.00047663511941209435
0.0005614922847598791
0.0006364639848470688
0.0006977581069804728
0.0007419846369884908
0.0007669157930649817
0.0007718083797954023
0.000757804315071553
0.0007275399984791875
0.000684837345033884
0.0006339520332403481
0.0005789652350358665
0.0005233510746620595
0.0004696313408203423
0.0004194602370262146
0.00037363782757893205
0.0003324085846543312
0.00029560443363152444
0.0002628647198434919
0.0002337380574317649
0.00020776699238922447
0.00018452708900440484
0.00016363750910386443
0.00014476927754003555
0.00012763486301992089
0.00011198790889466181
9.761202818481252e-05
8.431948663201183e-05
7.194298086687922e-05
6.033449972164817e-05
4.935964534524828e-05
3.889663639711216e-05
2.883236447814852e-05
1.906134457385633e-05
9.482911991653964e-06
0.0
0.0
9.464425238547847e-05
0.00018844229634851217
0.00028156363987363875
0.0003731710312422365
0.00046146937529556453
0.000543637783266604
0.0006162011413834989
0.0006754614878445864
0.0007181133260019124
0.0007419846369884908
0.0007463525398634374
0.0007323333993554115
0.0007025026716291904
0.0006605926319025457
0.0006107593653723598
0.0005569884669966996
0.0005026725120842457
0.0004502736555878073
0.0004014053556602448
0.0003568454703781754
0.000316827732603997
0.00028118141926825047
0.00024954680702649057
0.00022147526033222675
0.00019651219190564007
0.00017423590179532766
0.00015426806930918247
0.000136282091261819
0.00011999274283880368
0.0001051561048370786
9.155839507002383e-05
7.901462231529877e-05
6.736039358656853e-05
5.645075361826457e-05
4.615447323885746e-05
3.6353048926685005e-05
2.6936684662359767e-05
1.7803289665607736e-05
8.85560530150542e-06
0.0
0.0
8.918547246139497e-05
0.00017757198656909168
0.0002652831608429551
0.000351512135239318
0.0004345617489889264
0.0005117820110172033
0.0005799162317998707
0.0006355054792948067
0.0006754614878445864
0.0006977581069804728
0.000701724668033421
0.0006884096655994654
0.0006602265057154
0.0006206725956872106
0.0005736456369049847
0.000522889313288033
0.00047159683890640736
0.00042209404637105763
0.00037591243744827807
0.00033379896194674075
0.0002959867415484041
0.0002623246400617063
0.00023247965145856142
0.0002060307888314128
0.00018254865426570177
0.00016163254622370005
0.00014292160631157458
0.00012610321573447436
0.00011090393672930077
9.708965808385983e-05
8.445519779343158e-05
7.282316801138222e-05
6.203614611877128e-05
5.19555906066671e-05
4.245632226229645e-05
3.342557101859711e-05
2.475907422194723e-05
1.6360078006982803e-05
8.136550604831427e-06
0.0
0.0
8.162995072780177e-05
0.00016252063505817205
0.000242718102526851
0.00032145323348231614
0.0003971691767219454
0.0004674678493756801
0.000529417535290122
0.0005799162317998707
0.0006162011413834989
0.0006364639848470688
0.0006401120335794985
0.0006280902889557183
0.0006025676848366857
0.0005666872020810843
0.0005239570746198297
0.0004777574504259974
0.00043098226888105273
0.000385754625312984
0.00034348596818745136
0.00030488125048577785
0.00027017813408747315
0.00023926084395498037
0.00021184264915063977
0.0001875500602182001
0.00016599701484665275
0.00014681910397484899
0.0001296858099522069
0.0001143088229582645
0.00010043496877187863
8.784671808825806e-05
7.6353142503649e-05
6.578904867637902e-05
5.6007851526374e-05
4.688067201641388e-05
3.829118577414192e-05
3.0134766348055564e-05
2.2314818124868907e-05
1.4741837730980478e-05
7.33079332349007e-06
0.0
0.0
7.233508949866518e-05
0.00014400317741092294
0.00021496381668839604
0.00028449896490201354
0.00035122723784297705
0.00041306117782369256
0.0004674678493756801
0.0005117820110172033
0.000543637783266604
0.0005614922847598791
0.0005648459773510695
0.0005545160965994
0.0005323704099282622
0.0005011162138544023
0.0004637817619368434
0.0004232972569297999
0.00038218495319597423
0.00034231346216984093
0.0003049416991416365
0.0002707185922190547
0.0002398844517301768
0.00021236577595118433
0.00018793287745211273
0.00016627217701170594
0.0001470530842198059
0.00012995854194741696
0.00011469803575892001
0.00010101576481247321
8.868577424436808e-05
7.751295197522268e-05
6.732557085342705e-05
5.797472476842813e-05
4.932823503622785e-05
4.126984640606679e-05
3.3694708690745756e-05
2.650858004926704e-05
1.962455098691862e-05
1.2962174878339283e-05
6.4450919126102235e-06
0.0
0.0
6.170991400722414e-05
0.00012283780961297452
0.00018327018187846988
0.00024235915043391287
0.00029892558814026415
0.00035122723784297705
0.0003971691767219454
0.0004345617489889264
0.00046146937529556453
0.00047663511941209435
0.0004796583380084485
0.0004712152585852891
0.0004528441349975765
0.00042677504825405777
0.0003955092397518456
0.0003614789748098701
0.0003267914871685207
0.00029302583425305784
0.0002612622920423746
0.00023207748017739505
0.00020570553897414356
0.00018211295537184924
0.00016112880257423967
0.00014250396634452045
0.00012596910528372973
0.00011126077879453078
9.8134703875985e-05
8.63733803271316e-05
7.578334771096706e-05
6.619651685468853e-05
5.746443275711499e-05
4.9458023568149656e-05
4.206256562611088e-05
3.517708682920784e-05
2.8710535843856633e-05
2.2581096345675178e-05
1.6713363947928883e-05
1.1037597687391099e-05
5.487635462486651e-06
0.0
0.0
5.015310307499021e-05
9.982180199585855e-05
0.00014884959091432393
0.00019668148888740689
0.00024235915043391287
0.00028449896490201354
0.00032145323348231614
0.000351512135239318
0.0003731710312422365
0.0003854573587886989
0.0003880664298776537
0.0003815302043221891
0.00036705294041894376
0.000346380693372339
0.0003214774769730866
0.0002942633000202477
0.0002664127678144723
0.00023919568047858775
0.00021349421876948327
0.00018979546439368278
0.000168313505128026
0.000149045285070315
0.00013187294825911522
0.00011660972813842818
0.0001030478160828352
9.097953443415463e-05
8.020984387258068e-05
7.056303729768842e-05
6.188173574628308e-05
5.402828537626192e-05
4.688067201641388e-05
4.033249570056796e-05
3.4289027098566294e-05
2.8666830985457636e-05
2.339062120881863e-05
1.8392775018583052e-05
1.3610978385258932e-05
8.98762846190948e-06
4.468099177756812e-06
0.0
0.0
3.8005226087989286e-05
7.563476538052782e-05
0.00011272917618043721
0.00014884959091432393
0.00018327018187846988
0.00021496381668839604
0.000242718102526851
0.0002652831608429551
0.00028156363987363875
0.00029085471760481596
0.0002929390175268054
0.0002882081316784024
0.0002775443426799029
0.0002622271713335067
0.00024369944003410637
0.0002233783743577078
0.0002025073190452531
0.00018203898798674345
0.0001626441371627152
0.0001447035901946947
0.00012839504051953554
0.00011373223242117092
0.00010063985973829404
8.898710075300187e-05
7.862411439418793e-05
6.939811282791197e-05
6.116388249211013e-05
5.378921559895389e-05
4.715491377282888e-05
4.1156119550578296e-05
3.5699555155588314e-05
3.070365346502513e-05
2.6095691282534972e-05
2.1811532860738225e-05
1.779329977580346e-05
1.3988986211188603e-05
1.0350684533477761e-05
6.8341164478624705e-06
3.397304453756078e-06
0.0
0.0
2.5510718842269853e-05
5.076378147350624e-05
7.563476538052782e-05
9.982180199585855e-05
0.00012283780961297452
0.00014400317741092294
0.00016252063505817205
0.00017757198656909168
0.00018844229634851217
0.00019467290258035064
0.00019612401956692338
0.0001930533180711791
0.0001860394113464281
0.00017592137737665325
0.0001636468805372715
0.00015014971722848713
0.00013625231804326177
0.00012258926290087402
0.00010961131192743778
9.757914813235402e-05
8.661903848405927e-05
7.67476303735748e-05
6.792107888031751e-05
6.00567800574936e-05
5.305797458277084e-05
4.682447615778074e-05
4.1260209400206804e-05
3.627701153163798e-05
3.179498162353411e-05
2.7743519240175374e-05
2.405965824436862e-05
2.0688206859631464e-05
1.757989048201125e-05
1.4691219803353306e-05
1.1982932846876793e-05
9.419744856131729e-06
6.96915049047675e-06
4.601113232638454e-06
2.2871615783515153e-06
0.0
0.0
1.2823109500459395e-05
2.5510718842269853e-05
3.8005226087989286e-05
5.015310307499021e-05
6.170991400722414e-05
7.233508949866518e-05
8.162995072780177e-05
8.918547246139497e-05
9.464425238547847e-05
9.777730156201869e-05
9.851474169408903e-05
9.69859174801968e-05
9.34802446863614e-05
8.841756061883643e-05
8.227190119214356e-05
7.55100991227664e-05
6.854366802144796e-05
6.169009429868311e-05
5.517542740562931e-05
4.913084558211267e-05
4.362055551609956e-05
3.8654030504403636e-05
3.4210370358778164e-05
3.0249144401750527e-05
2.6722571419668384e-05
2.3580925699207e-05
2.0776307792402804e-05
1.826461812015623e-05
1.600577525096014e-05
1.3964277059130836e-05
1.2108411283406895e-05
1.0410341019451153e-05
8.845198863127735e-06
7.391018698399421e-06
6.0279662648099475e-06
4.738215011457214e-06
3.505341737763956e-06
2.3141706151363906e-06
1.150319349108031e-06
0.0
0.0
0.0
0.0
0.0
0.0
0.0
0.0
0.0
0.0
0.0
0.0
0.0
0.0
0.0
0.0
0.0
0.0
0.0
0.0
0.0
0.0
0.0
0.0
0.0
0.0
0.0
0.0
0.0
0.0
0.0
0.0
0.0
0.0
0.0
0.0
0.0
0.0
0.0
0.0
0.0
0.0
