2.0
1.9969173669815063
1.9876883029937744
1.972369909286499
1.9510564804077148
1.9238795042037964
1.8910064697265625
1.852640151977539
1.8090169429779053
1.7604060173034668
1.7071068286895752
1.649448037147522
1.587785243988037
1.522498607635498
1.4539904594421387
1.3826833963394165
1.3090169429779053
1.233445405960083
1.156434416770935
1.0784591436386108
1.0
0.9215409159660339
0.8435655236244202
0.7665546536445618
0.69098299741745
0.6173165440559387
0.5460094809532166
0.47750142216682434
0.4122147560119629
0.350551962852478
0.2928932309150696
0.23959402740001678
0.19098301231861115
0.14735983312129974
0.10899347811937332
0.07612046599388123
0.04894348233938217
0.02763007953763008
0.012311659753322601
0.003082666313275695
0.0
1.9969173669815063
1.9760355949401855
1.9555174112319946
1.9324657917022705
1.9059662818908691
1.8754857778549194
1.8408222198486328
1.8019086122512817
1.7587928771972656
1.7115917205810547
1.6604851484298706
1.6056973934173584
1.5474956035614014
1.4861782789230347
1.4220755100250244
1.3555397987365723
1.286946177482605
1.2166855335235596
1.1451632976531982
1.0727941989898682
1.0
0.9272058010101318
0.854836642742157
0.7833144068717957
0.713053822517395
0.6444602608680725
0.5779245495796204
0.5138216614723206
0.452504426240921
0.3943025767803192
0.3395147919654846
0.2884082496166229
0.24120712280273438
0.19809143245220184
0.15917780995368958
0.12451420724391937
0.09403366595506668
0.06753424555063248
0.044482577592134476
0.023964395746588707
0.003082666313275695
1.9876883029937744
1.9555174112319946
1.9257147312164307
1.895954966545105
1.8647181987762451
1.8311448097229004
1.7947468757629395
1.7552449703216553
1.7125219106674194
1.6665596961975098
1.6174275875091553
1.5652543306350708
1.5102232694625854
1.4525574445724487
1.392517328262329
1.3303905725479126
1.2664905786514282
1.2011487483978271
1.1347129344940186
1.067541241645813
1.0
0.932458758354187
0.8652871251106262
0.7988512516021729
0.7335094809532166
0.6696094274520874
0.6074827313423157
0.547442615032196
0.48977676033973694
0.4347456991672516
0.38257235288619995
0.33344030380249023
0.2874780595302582
0.24475497007369995
0.20525307953357697
0.1688552051782608
0.13528181612491608
0.10404500365257263
0.07428527623414993
0.044482577592134476
0.012311659753322601
1.972369909286499
1.9324657917022705
1.895954966545105
1.860841155052185
1.8256926536560059
1.7895058393478394
1.751641035079956
1.7116732597351074
1.669360876083374
1.624576449394226
1.5772958993911743
1.5275635719299316
1.4754886627197266
1.4212251901626587
1.364970326423645
1.306951642036438
1.2474251985549927
1.1866673231124878
1.1249721050262451
1.0626449584960938
1.0
0.9373550415039062
0.8750278949737549
0.8133326172828674
0.7525748014450073
0.693048357963562
0.635029673576355
0.5787748098373413
0.5245113968849182
0.47243645787239075
0.42270416021347046
0.37542352080345154
0.33063918352127075
0.2883267104625702
0.24835899472236633
0.21049413084983826
0.17430733144283295
0.13915888965129852
0.10404500365257263
0.06753424555063248
0.02763007953763008
1.9510564804077148
1.9059662818908691
1.8647181987762451
1.8256926536560059
1.7875932455062866
1.7494338750839233
1.7105121612548828
1.6703256368637085
1.6285488605499268
1.584974765777588
1.539504885673523
1.492114543914795
1.442848801612854
1.3918019533157349
1.3391143083572388
1.2849594354629517
1.2295414209365845
1.1730860471725464
1.1158379316329956
1.058053970336914
1.0
0.9419460892677307
0.8841620683670044
0.8269139528274536
0.7704585194587708
0.7150405645370483
0.6608856916427612
0.6081980466842651
0.557151198387146
0.5078855156898499
0.46049514412879944
0.4150252044200897
0.371451199054718
0.3296743929386139
0.2894878685474396
0.2505660951137543
0.21240673959255219
0.17430733144283295
0.13528181612491608
0.09403366595506668
0.04894348233938217
1.9238795042037964
1.8754857778549194
1.8311448097229004
1.7895058393478394
1.7494338750839233
1.7100059986114502
1.6705213785171509
1.6304477453231812
1.5894123315811157
1.5471558570861816
1.503524899482727
1.4584413766860962
1.4118980169296265
1.3639382123947144
1.314653754234314
1.2641704082489014
1.2126460075378418
1.160260796546936
1.1072146892547607
1.053720474243164
1.0
0.9462795257568359
0.8927852511405945
0.839739203453064
0.7873539924621582
0.7358295917510986
0.685346245765686
0.6360617280006409
0.5881020426750183
0.5415586233139038
0.4964750409126282
0.45284411311149597
0.4105876088142395
0.36955225467681885
0.32947859168052673
0.2899939715862274
0.2505660951137543
0.21049413084983826
0.1688552051782608
0.12451420724391937
0.07612046599388123
1.8910064697265625
1.8408222198486328
1.7947468757629395
1.751641035079956
1.7105121612548828
1.6705213785171509
1.63100004196167
1.591417670249939
1.551382303237915
1.5106043815612793
1.4688940048217773
1.4261337518692017
1.3822757005691528
1.3373221158981323
1.2913235425949097
1.2443652153015137
1.1965643167495728
1.1480612754821777
1.0990159511566162
1.0496013164520264
1.0
0.9503986835479736
0.9009841084480286
0.851938784122467
0.8034356236457825
0.7556348443031311
0.7086764574050903
0.6626778841018677
0.6177243590354919
0.5738662481307983
0.5311059951782227
0.4893956780433655
0.44861775636672974
0.40858229994773865
0.36899998784065247
0.32947859168052673
0.2894878685474396
0.24835899472236633
0.20525307953357697
0.15917780995368958
0.10899347811937332
1.852640151977539
1.8019086122512817
1.7552449703216553
1.7116732597351074
1.6703256368637085
1.6304477453231812
1.591417670249939
1.552726149559021
1.5139806270599365
1.474879503250122
1.435211181640625
1.3948317766189575
1.3536629676818848
1.3116755485534668
1.2688863277435303
1.225346565246582
1.181139349937439
1.1363697052001953
1.091163158416748
1.0456573963165283
1.0
0.9543426036834717
0.9088369011878967
0.8636302351951599
0.8188607096672058
0.7746533751487732
0.7311136722564697
0.688324511051178
0.6463369727134705
0.6051682829856873
0.564788818359375
0.5251204967498779
0.4860193431377411
0.4472738206386566
0.40858229994773865
0.36955225467681885
0.3296743929386139
0.2883267104625702
0.24475497007369995
0.19809143245220184
0.14735983312129974
1.8090169429779053
1.7587928771972656
1.7125219106674194
1.669360876083374
1.6285488605499268
1.5894123315811157
1.551382303237915
1.5139806270599365
1.4768277406692505
1.4396226406097412
1.402143955230713
1.3642323017120361
1.3257886171340942
1.2867597341537476
1.2471367120742798
1.2069432735443115
1.1662334203720093
1.125083088874817
1.0835875272750854
1.0418542623519897
1.0
0.958145797252655
0.9164124131202698
0.8749168515205383
0.8337665796279907
0.7930567264556885
0.7528632283210754
0.7132402658462524
0.6742114424705505
0.6357677578926086
0.5978559851646423
0.5603773593902588
0.5231721997261047
0.4860193431377411
0.44861775636672974
0.4105876088142395
0.371451199054718
0.33063918352127075
0.2874780595302582
0.24120712280273438
0.19098301231861115
1.7604060173034668
1.7115917205810547
1.6665596961975098
1.624576449394226
1.584974765777588
1.5471558570861816
1.5106043815612793
1.474879503250122
1.4396226406097412
1.404542326927185
1.3694173097610474
1.3340808153152466
1.2984215021133423
1.2623697519302368
1.225897192955017
1.1890058517456055
1.1517266035079956
1.1141109466552734
1.0762287378311157
1.0381615161895752
1.0
0.96183842420578
0.9237712621688843
0.8858890533447266
0.8482733964920044
0.8109941482543945
0.7741028070449829
0.7376302480697632
0.7015784978866577
0.6659191846847534
0.6305826902389526
0.5954576730728149
0.5603773593902588
0.5251204967498779
0.4893956780433655
0.45284411311149597
0.4150252044200897
0.37542352080345154
0.33344030380249023
0.2884082496166229
0.23959402740001678
1.7071068286895752
1.6604851484298706
1.6174275875091553
1.5772958993911743
1.539504885673523
1.503524899482727
1.4688940048217773
1.435211181640625
1.402143955230713
1.3694173097610474
1.3368163108825684
1.3041746616363525
1.2713749408721924
1.238337516784668
1.2050204277038574
1.1714097261428833
1.1375178098678589
1.1033767461776733
1.0690354108810425
1.0345536470413208
1.0
0.9654462933540344
0.9309645891189575
0.8966231942176819
0.8624821305274963
0.8285903334617615
0.7949795126914978
0.761662483215332
0.7286250591278076
0.6958253383636475
0.6631836295127869
0.6305826902389526
0.5978559851646423
0.564788818359375
0.5311059951782227
0.4964750409126282
0.46049514412879944
0.42270416021347046
0.38257235288619995
0.3395147919654846
0.2928932309150696
1.649448037147522
1.6056973934173584
1.5652543306350708
1.5275635719299316
1.492114543914795
1.4584413766860962
1.4261337518692017
1.3948317766189575
1.3642323017120361
1.3340808153152466
1.3041746616363525
1.2743529081344604
1.2444977760314941
1.2145252227783203
1.1843845844268799
1.1540504693984985
1.123522162437439
1.0928159952163696
1.0619640350341797
1.0310087203979492
1.0
0.9689912796020508
0.9380359649658203
0.9071840047836304
0.876477837562561
0.8459494709968567
0.8156154751777649
0.7854747772216797
0.7555021643638611
0.7256470918655396
0.6958253383636475
0.6659191846847534
0.6357677578926086
0.6051682829856873
0.5738662481307983
0.5415586233139038
0.5078855156898499
0.47243645787239075
0.4347456991672516
0.3943025767803192
0.350551962852478
1.587785243988037
1.5474956035614014
1.5102232694625854
1.4754886627197266
1.442848801612854
1.4118980169296265
1.3822757005691528
1.3536629676818848
1.3257886171340942
1.2984215021133423
1.2713749408721924
1.2444977760314941
1.2176765203475952
1.1908268928527832
1.1638940572738647
1.1368458271026611
1.109671711921692
1.082376480102539
1.0549794435501099
1.0275088548660278
1.0
0.9724911451339722
0.9450205564498901
0.9176235198974609
0.8903282880783081
0.8631541132926941
0.8361059427261353
0.8091731071472168
0.78232342004776
0.7555021643638611
0.7286250591278076
0.7015784978866577
0.6742114424705505
0.6463369727134705
0.6177243590354919
0.5881020426750183
0.557151198387146
0.5245113968849182
0.48977676033973694
0.452504426240921
0.4122147560119629
1.522498607635498
1.4861782789230347
1.4525574445724487
1.4212251901626587
1.3918019533157349
1.3639382123947144
1.3373221158981323
1.3116755485534668
1.2867597341537476
1.2623697519302368
1.238337516784668
1.2145252227783203
1.1908268928527832
1.1671618223190308
1.1434749364852905
1.1197305917739868
1.0959120988845825
1.0720164775848389
1.0480531454086304
1.0240397453308105
1.0
0.9759601950645447
0.9519467949867249
0.9279835224151611
0.9040879011154175
0.8802694082260132
0.8565250635147095
0.8328381776809692
0.8091731071472168
0.7854747772216797
0.761662483215332
0.7376302480697632
0.7132402658462524
0.688324511051178
0.6626778841018677
0.6360617280006409
0.6081980466842651
0.5787748098373413
0.547442615032196
0.5138216614723206
0.47750142216682434
1.4539904594421387
1.4220755100250244
1.392517328262329
1.364970326423645
1.3391143083572388
1.314653754234314
1.2913235425949097
1.2688863277435303
1.2471367120742798
1.225897192955017
1.2050204277038574
1.1843845844268799
1.1638940572738647
1.1434749364852905
1.1230746507644653
1.1026573181152344
1.0822032690048218
1.0617045164108276
1.041163682937622
1.0205904245376587
1.0
0.9794095158576965
0.9588363766670227
0.9382955431938171
0.9177967309951782
0.8973426222801208
0.8769252896308899
0.8565250635147095
0.8361059427261353
0.8156154751777649
0.7949795126914978
0.7741028070449829
0.7528632283210754
0.7311136722564697
0.7086764574050903
0.685346245765686
0.6608856916427612
0.635029673576355
0.6074827313423157
0.5779245495796204
0.5460094809532166
1.3826833963394165
1.3555397987365723
1.3303905725479126
1.306951642036438
1.2849594354629517
1.2641704082489014
1.2443652153015137
1.225346565246582
1.2069432735443115
1.1890058517456055
1.1714097261428833
1.1540504693984985
1.1368458271026611
1.1197305917739868
1.1026573181152344
1.0855926275253296
1.0685160160064697
1.0514172315597534
1.034294605255127
1.0171526670455933
1.0
0.9828473329544067
0.965705394744873
0.9485828280448914
0.931484043598175
0.9144074320793152
0.8973426222801208
0.8802694082260132
0.8631541132926941
0.8459494709968567
0.8285903334617615
0.8109941482543945
0.7930567264556885
0.7746533751487732
0.7556348443031311
0.7358295917510986
0.7150405645370483
0.693048357963562
0.6696094274520874
0.6444602608680725
0.6173165440559387
1.3090169429779053
1.286946177482605
1.2664905786514282
1.2474251985549927
1.2295414209365845
1.2126460075378418
1.1965643167495728
1.181139349937439
1.1662334203720093
1.1517266035079956
1.1375178098678589
1.123522162437439
1.109671711921692
1.0959120988845825
1.0822032690048218
1.0685160160064697
1.0548315048217773
1.0411392450332642
1.027435302734375
1.0137206315994263
1.0
0.986279308795929
0.9725647568702698
0.9588608145713806
0.9451684355735779
0.931484043598175
0.9177967309951782
0.9040879011154175
0.8903282880783081
0.876477837562561
0.8624821305274963
0.8482733964920044
0.8337665796279907
0.8188607096672058
0.8034356236457825
0.7873539924621582
0.7704585194587708
0.7525748014450073
0.7335094809532166
0.713053822517395
0.69098299741745
1.233445405960083
1.2166855335235596
1.2011487483978271
1.1866673231124878
1.1730860471725464
1.160260796546936
1.1480612754821777
1.1363697052001953
1.125083088874817
1.1141109466552734
1.1033767461776733
1.0928159952163696
1.082376480102539
1.0720164775848389
1.0617045164108276
1.0514172315597534
1.0411392450332642
1.0308610200881958
1.0205785036087036
1.0102907419204712
1.0
0.989709198474884
0.9794215559959412
0.9691389799118042
0.9588608145713806
0.9485828280448914
0.9382955431938171
0.9279835224151611
0.9176235198974609
0.9071840047836304
0.8966231942176819
0.8858890533447266
0.8749168515205383
0.8636302351951599
0.851938784122467
0.839739203453064
0.8269139528274536
0.8133326172828674
0.7988512516021729
0.7833144068717957
0.7665546536445618
1.156434416770935
1.1451632976531982
1.1347129344940186
1.1249721050262451
1.1158379316329956
1.1072146892547607
1.0990159511566162
1.091163158416748
1.0835875272750854
1.0762287378311157
1.0690354108810425
1.0619640350341797
1.0549794435501099
1.0480531454086304
1.041163682937622
1.034294605255127
1.027435302734375
1.0205785036087036
1.0137207508087158
1.0068610906600952
1.0
0.9931389093399048
0.9862791895866394
0.9794215559959412
0.9725647568702698
0.965705394744873
0.9588363766670227
0.9519467949867249
0.9450205564498901
0.9380359649658203
0.9309645891189575
0.9237712621688843
0.9164124131202698
0.9088369011878967
0.9009841084480286
0.8927852511405945
0.8841620683670044
0.8750278949737549
0.8652871251106262
0.854836642742157
0.8435655236244202
1.0784591436386108
1.0727941989898682
1.067541241645813
1.0626449584960938
1.058053970336914
1.053720474243164
1.0496013164520264
1.0456573963165283
1.0418542623519897
1.0381615161895752
1.0345536470413208
1.0310087203979492
1.0275088548660278
1.0240397453308105
1.0205904245376587
1.0171526670455933
1.0137206315994263
1.0102907419204712
1.0068610906600952
1.0034308433532715
1.0
0.9965692162513733
0.9931389093399048
0.989709198474884
0.986279308795929
0.9828473329544067
0.9794095158576965
0.9759601950645447
0.9724911451339722
0.9689912796020508
0.9654462933540344
0.96183842420578
0.958145797252655
0.9543426036834717
0.9503986835479736
0.9462795257568359
0.9419460892677307
0.9373550415039062
0.932458758354187
0.9272058010101318
0.9215409159660339
1.0
1.0
1.0
1.0
1.0
1.0
1.0
1.0
1.0
1.0
1.0
1.0
1.0
1.0
1.0
1.0
1.0
1.0
1.0
1.0
1.0
1.0
1.0
1.0
1.0
1.0
1.0
1.0
1.0
1.0
1.0
1.0
1.0
1.0
1.0
1.0
1.0
1.0
1.0
1.0
1.0
0.9215409159660339
0.9272058010101318
0.932458758354187
0.9373550415039062
0.9419460892677307
0.9462795257568359
0.9503986835479736
0.9543426036834717
0.958145797252655
0.96183842420578
0.9654462933540344
0.9689912796020508
0.9724911451339722
0.9759601950645447
0.9794095158576965
0.9828473329544067
0.986279308795929
0.989709198474884
0.9931389093399048
0.9965692162513733
1.0
1.0034308433532715
1.0068610906600952
1.0102907419204712
1.0137206315994263
1.0171526670455933
1.0205904245376587
1.0240397453308105
1.0275088548660278
1.0310087203979492
1.0345536470413208
1.0381615161895752
1.0418542623519897
1.0456573963165283
1.0496013164520264
1.053720474243164
1.058053970336914
1.0626449584960938
1.067541241645813
1.0727941989898682
1.0784591436386108
0.8435655236244202
0.854836642742157
0.8652871251106262
0.8750278949737549
0.8841620683670044
0.8927852511405945
0.9009841084480286
0.9088369011878967
0.9164124131202698
0.9237712621688843
0.9309645891189575
0.9380359649658203
0.9450205564498901
0.9519467949867249
0.9588363766670227
0.965705394744873
0.9725647568702698
0.9794215559959412
0.9862791895866394
0.9931389093399048
1.0
1.0068610906600952
1.0137207508087158
1.0205785036087036
1.027435302734375
1.034294605255127
1.041163682937622
1.0480531454086304
1.0549794435501099
1.0619640350341797
1.0690354108810425
1.0762287378311157
1.0835875272750854
1.091163158416748
1.0990159511566162
1.1072146892547607
1.1158379316329956
1.1249721050262451
1.1347129344940186
1.1451632976531982
1.156434416770935
0.7665546536445618
0.7833144068717957
0.7988512516021729
0.8133326172828674
0.8269139528274536
0.839739203453064
0.851938784122467
0.8636302351951599
0.8749168515205383
0.8858890533447266
0.8966231942176819
0.9071840047836304
0.9176235198974609
0.9279835224151611
0.9382955431938171
0.9485828280448914
0.9588608145713806
0.9691389799118042
0.9794215559959412
0.989709198474884
1.0
1.0102907419204712
1.0205785036087036
1.0308610200881958
1.0411392450332642
1.0514172315597534
1.0617045164108276
1.0720164775848389
1.082376480102539
1.0928159952163696
1.1033767461776733
1.1141109466552734
1.125083088874817
1.1363697052001953
1.1480612754821777
1.160260796546936
1.1730860471725464
1.1866673231124878
1.2011487483978271
1.2166855335235596
1.233445405960083
0.69098299741745
0.713053822517395
0.7335094809532166
0.7525748014450073
0.7704585194587708
0.7873539924621582
0.8034356236457825
0.8188607096672058
0.8337665796279907
0.8482733964920044
0.8624821305274963
0.876477837562561
0.8903282880783081
0.9040879011154175
0.9177967309951782
0.931484043598175
0.9451684355735779
0.9588608145713806
0.9725647568702698
0.986279308795929
1.0
1.0137206315994263
1.027435302734375
1.0411392450332642
1.0548315048217773
1.0685160160064697
1.0822032690048218
1.0959120988845825
1.109671711921692
1.123522162437439
1.1375178098678589
1.1517266035079956
1.1662334203720093
1.181139349937439
1.1965643167495728
1.2126460075378418
1.2295414209365845
1.2474251985549927
1.2664905786514282
1.286946177482605
1.3090169429779053
0.6173165440559387
0.6444602608680725
0.6696094274520874
0.693048357963562
0.7150405645370483
0.7358295917510986
0.7556348443031311
0.7746533751487732
0.7930567264556885
0.8109941482543945
0.8285903334617615
0.8459494709968567
0.8631541132926941
0.8802694082260132
0.8973426222801208
0.9144074320793152
0.931484043598175
0.9485828280448914
0.965705394744873
0.9828473329544067
1.0
1.0171526670455933
1.034294605255127
1.0514172315597534
1.0685160160064697
1.0855926275253296
1.1026573181152344
1.1197305917739868
1.1368458271026611
1.1540504693984985
1.1714097261428833
1.1890058517456055
1.2069432735443115
1.225346565246582
1.2443652153015137
1.2641704082489014
1.2849594354629517
1.306951642036438
1.3303905725479126
1.3555397987365723
1.3826833963394165
0.5460094809532166
0.5779245495796204
0.6074827313423157
0.635029673576355
0.6608856916427612
0.685346245765686
0.7086764574050903
0.7311136722564697
0.7528632283210754
0.7741028070449829
0.7949795126914978
0.8156154751777649
0.8361059427261353
0.8565250635147095
0.8769252896308899
0.8973426222801208
0.9177967309951782
0.9382955431938171
0.9588363766670227
0.9794095158576965
1.0
1.0205904245376587
1.041163682937622
1.0617045164108276
1.0822032690048218
1.1026573181152344
1.1230746507644653
1.1434749364852905
1.1638940572738647
1.1843845844268799
1.2050204277038574
1.225897192955017
1.2471367120742798
1.2688863277435303
1.2913235425949097
1.314653754234314
1.3391143083572388
1.364970326423645
1.392517328262329
1.4220755100250244
1.4539904594421387
0.47750142216682434
0.5138216614723206
0.547442615032196
0.5787748098373413
0.6081980466842651
0.6360617280006409
0.6626778841018677
0.688324511051178
0.7132402658462524
0.7376302480697632
0.761662483215332
0.7854747772216797
0.8091731071472168
0.8328381776809692
0.8565250635147095
0.8802694082260132
0.9040879011154175
0.9279835224151611
0.9519467949867249
0.9759601950645447
1.0
1.0240397453308105
1.0480531454086304
1.0720164775848389
1.0959120988845825
1.1197305917739868
1.1434749364852905
1.1671618223190308
1.1908268928527832
1.2145252227783203
1.238337516784668
1.2623697519302368
1.2867597341537476
1.3116755485534668
1.3373221158981323
1.3639382123947144
1.3918019533157349
1.4212251901626587
1.4525574445724487
1.4861782789230347
1.522498607635498
0.4122147560119629
0.452504426240921
0.48977676033973694
0.5245113968849182
0.557151198387146
0.5881020426750183
0.6177243590354919
0.6463369727134705
0.6742114424705505
0.7015784978866577
0.7286250591278076
0.7555021643638611
0.78232342004776
0.8091731071472168
0.8361059427261353
0.8631541132926941
0.8903282880783081
0.9176235198974609
0.9450205564498901
0.9724911451339722
1.0
1.0275088548660278
1.0549794435501099
1.082376480102539
1.109671711921692
1.1368458271026611
1.1638940572738647
1.1908268928527832
1.2176765203475952
1.2444977760314941
1.2713749408721924
1.2984215021133423
1.3257886171340942
1.3536629676818848
1.3822757005691528
1.4118980169296265
1.442848801612854
1.4754886627197266
1.5102232694625854
1.5474956035614014
1.587785243988037
0.350551962852478
0.3943025767803192
0.4347456991672516
0.47243645787239075
0.5078855156898499
0.5415586233139038
0.5738662481307983
0.6051682829856873
0.6357677578926086
0.6659191846847534
0.6958253383636475
0.7256470918655396
0.7555021643638611
0.7854747772216797
0.8156154751777649
0.8459494709968567
0.876477837562561
0.9071840047836304
0.9380359649658203
0.9689912796020508
1.0
1.0310087203979492
1.0619640350341797
1.0928159952163696
1.123522162437439
1.1540504693984985
1.1843845844268799
1.2145252227783203
1.2444977760314941
1.2743529081344604
1.3041746616363525
1.3340808153152466
1.3642323017120361
1.3948317766189575
1.4261337518692017
1.4584413766860962
1.492114543914795
1.5275635719299316
1.5652543306350708
1.6056973934173584
1.649448037147522
0.2928932309150696
0.3395147919654846
0.38257235288619995
0.42270416021347046
0.46049514412879944
0.4964750409126282
0.5311059951782227
0.564788818359375
0.5978559851646423
0.6305826902389526
0.6631836295127869
0.6958253383636475
0.7286250591278076
0.761662483215332
0.7949795126914978
0.8285903334617615
0.8624821305274963
0.8966231942176819
0.9309645891189575
0.9654462933540344
1.0
1.0345536470413208
1.0690354108810425
1.1033767461776733
1.1375178098678589
1.1714097261428833
1.2050204277038574
1.238337516784668
1.2713749408721924
1.3041746616363525
1.3368163108825684
1.3694173097610474
1.402143955230713
1.435211181640625
1.4688940048217773
1.503524899482727
1.539504885673523
1.5772958993911743
1.6174275875091553
1.6604851484298706
1.7071068286895752
0.23959402740001678
0.2884082496166229
0.33344030380249023
0.37542352080345154
0.4150252044200897
0.45284411311149597
0.4893956780433655
0.5251204967498779
0.5603773593902588
0.5954576730728149
0.6305826902389526
0.6659191846847534
0.7015784978866577
0.7376302480697632
0.7741028070449829
0.8109941482543945
0.8482733964920044
0.8858890533447266
0.9237712621688843
0.96183842420578
1.0
1.0381615161895752
1.0762287378311157
1.1141109466552734
1.1517266035079956
1.1890058517456055
1.225897192955017
1.2623697519302368
1.2984215021133423
1.3340808153152466
1.3694173097610474
1.404542326927185
1.4396226406097412
1.474879503250122
1.5106043815612793
1.5471558570861816
1.584974765777588
1.624576449394226
1.6665596961975098
1.7115917205810547
1.7604060173034668
0.19098301231861115
0.24120712280273438
0.2874780595302582
0.33063918352127075
0.371451199054718
0.4105876088142395
0.44861775636672974
0.4860193431377411
0.5231721997261047
0.5603773593902588
0.5978559851646423
0.6357677578926086
0.6742114424705505
0.7132402658462524
0.7528632283210754
0.7930567264556885
0.8337665796279907
0.8749168515205383
0.9164124131202698
0.958145797252655
1.0
1.0418542623519897
1.0835875272750854
1.125083088874817
1.1662334203720093
1.2069432735443115
1.2471367120742798
1.2867597341537476
1.3257886171340942
1.3642323017120361
1.402143955230713
1.4396226406097412
1.4768277406692505
1.5139806270599365
1.551382303237915
1.5894123315811157
1.6285488605499268
1.669360876083374
1.7125219106674194
1.7587928771972656
1.8090169429779053
0.14735983312129974
0.19809143245220184
0.24475497007369995
0.2883267104625702
0.3296743929386139
0.36955225467681885
0.40858229994773865
0.4472738206386566
0.4860193431377411
0.5251204967498779
0.564788818359375
0.6051682829856873
0.6463369727134705
0.688324511051178
0.7311136722564697
0.7746533751487732
0.8188607096672058
0.8636302351951599
0.9088369011878967
0.9543426036834717
1.0
1.0456573963165283
1.091163158416748
1.1363697052001953
1.181139349937439
1.225346565246582
1.2688863277435303
1.3116755485534668
1.3536629676818848
1.3948317766189575
1.435211181640625
1.474879503250122
1.5139806270599365
1.552726149559021
1.591417670249939
1.6304477453231812
1.6703256368637085
1.7116732597351074
1.7552449703216553
1.8019086122512817
1.852640151977539
0.10899347811937332
0.15917780995368958
0.20525307953357697
0.24835899472236633
0.2894878685474396
0.32947859168052673
0.36899998784065247
0.40858229994773865
0.44861775636672974
0.4893956780433655
0.5311059951782227
0.5738662481307983
0.6177243590354919
0.6626778841018677
0.7086764574050903
0.7556348443031311
0.8034356236457825
0.851938784122467
0.9009841084480286
0.9503986835479736
1.0
1.0496013164520264
1.0990159511566162
1.1480612754821777
1.1965643167495728
1.2443652153015137
1.2913235425949097
1.3373221158981323
1.3822757005691528
1.4261337518692017
1.4688940048217773
1.5106043815612793
1.551382303237915
1.591417670249939
1.63100004196167
1.6705213785171509
1.7105121612548828
1.751641035079956
1.7947468757629395
1.8408222198486328
1.8910064697265625
0.07612046599388123
0.12451420724391937
0.1688552051782608
0.21049413084983826
0.2505660951137543
0.2899939715862274
0.32947859168052673
0.36955225467681885
0.4105876088142395
0.45284411311149597
0.4964750409126282
0.5415586233139038
0.5881020426750183
0.6360617280006409
0.685346245765686
0.7358295917510986
0.7873539924621582
0.839739203453064
0.8927852511405945
0.9462795257568359
1.0
1.053720474243164
1.1072146892547607
1.160260796546936
1.2126460075378418
1.2641704082489014
1.314653754234314
1.3639382123947144
1.4118980169296265
1.4584413766860962
1.503524899482727
1.5471558570861816
1.5894123315811157
1.6304477453231812
1.6705213785171509
1.7100059986114502
1.7494338750839233
1.7895058393478394
1.8311448097229004
1.8754857778549194
1.9238795042037964
0.04894348233938217
0.09403366595506668
0.13528181612491608
0.17430733144283295
0.21240673959255219
0.2505660951137543
0.2894878685474396
0.3296743929386139
0.371451199054718
0.4150252044200897
0.46049514412879944
0.5078855156898499
0.557151198387146
0.6081980466842651
0.6608856916427612
0.7150405645370483
0.7704585194587708
0.8269139528274536
0.8841620683670044
0.9419460892677307
1.0
1.058053970336914
1.1158379316329956
1.1730860471725464
1.2295414209365845
1.2849594354629517
1.3391143083572388
1.3918019533157349
1.442848801612854
1.492114543914795
1.539504885673523
1.584974765777588
1.6285488605499268
1.6703256368637085
1.7105121612548828
1.7494338750839233
1.7875932455062866
1.8256926536560059
1.8647181987762451
1.9059662818908691
1.9510564804077148
0.02763007953763008
0.06753424555063248
0.10404500365257263
0.13915888965129852
0.17430733144283295
0.21049413084983826
0.24835899472236633
0.2883267104625702
0.33063918352127075
0.37542352080345154
0.42270416021347046
0.47243645787239075
0.5245113968849182
0.5787748098373413
0.635029673576355
0.693048357963562
0.7525748014450073
0.8133326172828674
0.8750278949737549
0.9373550415039062
1.0
1.0626449584960938
1.1249721050262451
1.1866673231124878
1.2474251985549927
1.306951642036438
1.364970326423645
1.4212251901626587
1.4754886627197266
1.5275635719299316
1.5772958993911743
1.624576449394226
1.669360876083374
1.7116732597351074
1.751641035079956
1.7895058393478394
1.8256926536560059
1.860841155052185
1.895954966545105
1.9324657917022705
1.972369909286499
0.012311659753322601
0.044482577592134476
0.07428527623414993
0.10404500365257263
0.13528181612491608
0.1688552051782608
0.20525307953357697
0.24475497007369995
0.2874780595302582
0.33344030380249023
0.38257235288619995
0.4347456991672516
0.48977676033973694
0.547442615032196
0.6074827313423157
0.6696094274520874
0.7335094809532166
0.7988512516021729
0.8652871251106262
0.932458758354187
1.0
1.067541241645813
1.1347129344940186
1.2011487483978271
1.2664905786514282
1.3303905725479126
1.392517328262329
1.4525574445724487
1.5102232694625854
1.5652543306350708
1.6174275875091553
1.6665596961975098
1.7125219106674194
1.7552449703216553
1.7947468757629395
1.8311448097229004
1.8647181987762451
1.895954966545105
1.9257147312164307
1.9555174112319946
1.9876883029937744
0.003082666313275695
0.023964395746588707
0.044482577592134476
0.06753424555063248
0.09403366595506668
0.12451420724391937
0.15917780995368958
0.19809143245220184
0.24120712280273438
0.2884082496166229
0.3395147919654846
0.3943025767803192
0.452504426240921
0.5138216614723206
0.5779245495796204
0.6444602608680725
0.713053822517395
0.7833144068717957
0.854836642742157
0.9272058010101318
1.0
1.0727941989898682
1.1451632976531982
1.2166855335235596
1.286946177482605
1.3555397987365723
1.4220755100250244
1.4861782789230347
1.5474956035614014
1.6056973934173584
1.6604851484298706
1.7115917205810547
1.7587928771972656
1.8019086122512817
1.8408222198486328
1.8754857778549194
1.9059662818908691
1.9324657917022705
1.9555174112319946
1.9760355949401855
1.9969173669815063
0.0
0.003082666313275695
0.012311659753322601
0.02763007953763008
0.04894348233938217
0.07612046599388123
0.10899347811937332
0.14735983312129974
0.19098301231861115
0.23959402740001678
0.2928932309150696
0.350551962852478
0.4122147560119629
0.47750142216682434
0.5460094809532166
0.6173165440559387
0.69098299741745
0.7665546536445618
0.8435655236244202
0.9215409159660339
1.0
1.0784591436386108
1.156434416770935
1.233445405960083
1.3090169429779053
1.3826833963394165
1.4539904594421387
1.522498607635498
1.587785243988037
1.649448037147522
1.7071068286895752
1.7604060173034668
1.8090169429779053
1.852640151977539
1.8910064697265625
1.9238795042037964
1.9510564804077148
1.972369909286499
1.9876883029937744
1.9969173669815063
2.0
