2.0
1.9969173669815063
1.9876883029937744
1.972369909286499
1.9510564804077148
1.9238795042037964
1.8910064697265625
1.852640151977539
1.8090169429779053
1.7604060173034668
1.7071068286895752
1.649448037147522
1.587785243988037
1.522498607635498
1.4539904594421387
1.3826833963394165
1.3090169429779053
1.233445405960083
1.156434416770935
1.0784591436386108
1.0
0.9215409159660339
0.8435655236244202
0.7665546536445618
0.69098299741745
0.6173165440559387
0.5460094809532166
0.47750142216682434
0.4122147560119629
0.350551962852478
0.2928932309150696
0.23959402740001678
0.19098301231861115
0.14735983312129974
0.10899347811937332
0.07612046599388123
0.04894348233938217
0.02763007953763008
0.012311659753322601
0.003082666313275695
0.0
1.9969173669815063
1.9760228395462036
1.9554964303970337
1.9324392080307007
1.9059360027313232
1.875452995300293
1.8407880067825317
1.8018739223480225
1.758758544921875
1.7115583419799805
1.660453200340271
1.6056673526763916
1.5474679470062256
1.4861533641815186
1.4220534563064575
1.3555210828781128
1.2869309186935425
1.2166740894317627
1.1451555490493774
1.072790265083313
1.0
0.927209734916687
0.8548444509506226
0.7833259701728821
0.7130690217018127
0.6444789171218872
0.5779464840888977
0.5138466358184814
0.4525321125984192
0.394332617521286
0.3395467698574066
0.2884416878223419
0.241241455078125
0.19812604784965515
0.1592119336128235
0.12454697489738464
0.09406399726867676
0.06756079941987991
0.044503532350063324
0.023977207019925117
0.003082666313275695
1.9876883029937744
1.9554964303970337
1.9256788492202759
1.8959085941314697
1.8646644353866577
1.831086277961731
1.7946856021881104
1.7551825046539307
1.712459683418274
1.6664988994598389
1.6173694133758545
1.5651994943618774
1.5101726055145264
1.4525116682052612
1.392477035522461
1.3303563594818115
1.2664626836776733
1.201127529144287
1.1346986293792725
1.06753408908844
1.0
0.9324659109115601
0.8653013706207275
0.7988724708557129
0.7335373163223267
0.6696437001228333
0.6075229048728943
0.547488272190094
0.48982736468315125
0.43480050563812256
0.3826306164264679
0.33350110054016113
0.2875403165817261
0.24481749534606934
0.20531444251537323
0.16891373693943024
0.1353355199098587
0.10409136861562729
0.07432111352682114
0.044503532350063324
0.012311659753322601
1.972369909286499
1.9324392080307007
1.8959085941314697
1.8607802391052246
1.8256213665008545
1.7894275188446045
1.7515584230422974
1.7115888595581055
1.669276475906372
1.6244938373565674
1.5772165060043335
1.5274888277053833
1.475419521331787
1.421162724494934
1.364915370941162
1.3069047927856445
1.2473870515823364
1.186638355255127
1.1249525547027588
1.0626351833343506
1.0
0.9373648762702942
0.8750473856925964
0.813361644744873
0.7526129484176636
0.6930952668190002
0.6350846886634827
0.5788372755050659
0.5245804786682129
0.4725112318992615
0.4227834939956665
0.37550613284111023
0.3307235836982727
0.2884111702442169
0.24844154715538025
0.21057245135307312
0.1743786334991455
0.13921980559825897
0.10409136861562729
0.06756079941987991
0.02763007953763008
1.9510564804077148
1.9059360027313232
1.8646644353866577
1.8256213665008545
1.7875090837478638
1.7493408918380737
1.7104135751724243
1.6702244281768799
1.628447413444519
1.5848753452301025
1.5394091606140137
1.4920241832733154
1.442765235900879
1.3917262554168701
1.3390476703643799
1.284902572631836
1.2294951677322388
1.173050880432129
1.115814208984375
1.058042049407959
1.0
0.9419580101966858
0.8841857314109802
0.8269491195678711
0.7705048322677612
0.7150974273681641
0.6609523296356201
0.6082736849784851
0.5572347640991211
0.5079758167266846
0.46059083938598633
0.4151246249675751
0.37155255675315857
0.32977554202079773
0.2895863652229309
0.2506590783596039
0.21249085664749146
0.1743786334991455
0.1353355199098587
0.09406399726867676
0.04894348233938217
1.9238795042037964
1.875452995300293
1.831086277961731
1.7894275188446045
1.7493408918380737
1.7099027633666992
1.6704115867614746
1.6303346157073975
1.5892987251281738
1.547044038772583
1.5034172534942627
1.4583395719528198
1.4118036031723022
1.3638527393341064
1.3145784139633179
1.264106035232544
1.2125935554504395
1.1602208614349365
1.1071878671646118
1.0537070035934448
1.0
0.9462930560112
0.8928120732307434
0.8397790789604187
0.7874063849449158
0.7358939051628113
0.6854215860366821
0.6361472010612488
0.5881963968276978
0.541660487651825
0.4965828061103821
0.4529559016227722
0.41070130467414856
0.3696654140949249
0.3295884132385254
0.29009726643562317
0.2506590783596039
0.21057245135307312
0.16891373693943024
0.12454697489738464
0.07612046599388123
1.8910064697265625
1.8407880067825317
1.7946856021881104
1.7515584230422974
1.7104135751724243
1.6704115867614746
1.6308828592300415
1.591296672821045
1.5512603521347046
1.510484218597412
1.4687780141830444
1.426024079322815
1.3821738958358765
1.33722984790802
1.2912421226501465
1.244295597076416
1.1965076923370361
1.1480181217193604
1.0989868640899658
1.0495866537094116
1.0
0.9504132866859436
0.9010131359100342
0.8519818782806396
0.8034923076629639
0.7557043433189392
0.7087578773498535
0.66277015209198
0.6178261041641235
0.5739759802818298
0.5312219262123108
0.4895157814025879
0.4487396776676178
0.40870338678359985
0.36911720037460327
0.3295884132385254
0.2895863652229309
0.24844154715538025
0.20531444251537323
0.1592119336128235
0.10899347811937332
1.852640151977539
1.8018739223480225
1.7551825046539307
1.7115888595581055
1.6702244281768799
1.6303346157073975
1.591296672821045
1.5526007413864136
1.5138541460037231
1.4747546911239624
1.4350905418395996
1.3947173357009888
1.3535568714141846
1.3115792274475098
1.2688013315200806
1.2252739667892456
1.1810801029205322
1.1363246440887451
1.0911327600479126
1.0456421375274658
1.0
0.954357922077179
0.9088672399520874
0.8636753559112549
0.8189198970794678
0.7747260332107544
0.7311987280845642
0.6884207725524902
0.6464431285858154
0.6052826046943665
0.5649094581604004
0.5252453088760376
0.48614585399627686
0.44739922881126404
0.40870338678359985
0.3696654140949249
0.32977554202079773
0.2884111702442169
0.24481749534606934
0.19812604784965515
0.14735983312129974
1.8090169429779053
1.758758544921875
1.712459683418274
1.669276475906372
1.628447413444519
1.5892987251281738
1.5512603521347046
1.5138541460037231
1.476699948310852
1.4394962787628174
1.4020217657089233
1.3641163110733032
1.3256808519363403
1.2866618633270264
1.2470502853393555
1.20686936378479
1.1661732196807861
1.1250373125076294
1.0835566520690918
1.0418386459350586
1.0
0.9581613540649414
0.9164433479309082
0.8749627470970154
0.8338268399238586
0.7931305766105652
0.7529496550559998
0.7133380770683289
0.6743191480636597
0.6358836889266968
0.5979782342910767
0.5605037212371826
0.523300051689148
0.48614585399627686
0.4487396776676178
0.41070130467414856
0.37155255675315857
0.3307235836982727
0.2875403165817261
0.241241455078125
0.19098301231861115
1.7604060173034668
1.7115583419799805
1.6664988994598389
1.6244938373565674
1.5848753452301025
1.547044038772583
1.510484218597412
1.4747546911239624
1.4394962787628174
1.4044173955917358
1.3692961931228638
1.3339658975601196
1.2983146905899048
1.2622727155685425
1.2258113622665405
1.1889324188232422
1.1516667604446411
1.1140652894973755
1.0761979818344116
1.0381461381912231
1.0
0.9618539214134216
0.9238020181655884
0.8859346508979797
0.8483332991600037
0.811067521572113
0.7741886377334595
0.7377273440361023
0.70168536901474
0.6660341024398804
0.6307037472724915
0.5955826044082642
0.5605037212371826
0.5252453088760376
0.4895157814025879
0.4529559016227722
0.4151246249675751
0.37550613284111023
0.33350110054016113
0.2884416878223419
0.23959402740001678
1.7071068286895752
1.660453200340271
1.6173694133758545
1.5772165060043335
1.5394091606140137
1.5034172534942627
1.4687780141830444
1.4350905418395996
1.4020217657089233
1.3692961931228638
1.3366990089416504
1.304063081741333
1.2712711095809937
1.2382432222366333
1.2049369812011719
1.1713383197784424
1.137459635734558
1.1033324003219604
1.0690054893493652
1.0345386266708374
1.0
0.9654613733291626
0.9309945106506348
0.8966675996780396
0.8625404238700867
0.8286616802215576
0.7950630187988281
0.7617568373680115
0.7287288904190063
0.6959368586540222
0.6633010506629944
0.6307037472724915
0.5979782342910767
0.5649094581604004
0.5312219262123108
0.4965828061103821
0.46059083938598633
0.4227834939956665
0.3826306164264679
0.3395467698574066
0.2928932309150696
1.649448037147522
1.6056673526763916
1.5651994943618774
1.5274888277053833
1.4920241832733154
1.4583395719528198
1.426024079322815
1.3947173357009888
1.3641163110733032
1.3339658975601196
1.304063081741333
1.2742468118667603
1.244399070739746
1.2144354581832886
1.1843050718307495
1.1539825201034546
1.1234666109085083
1.092773675918579
1.061935544013977
1.0309942960739136
1.0
0.9690056443214417
0.938064455986023
0.9072263240814209
0.8765333294868469
0.8460174798965454
0.8156949281692505
0.7855646014213562
0.7556009292602539
0.725753128528595
0.6959368586540222
0.6660341024398804
0.6358836889266968
0.6052826046943665
0.5739759802818298
0.541660487651825
0.5079758167266846
0.4725112318992615
0.43480050563812256
0.394332617521286
0.350551962852478
1.587785243988037
1.5474679470062256
1.5101726055145264
1.475419521331787
1.442765235900879
1.4118036031723022
1.3821738958358765
1.3535568714141846
1.3256808519363403
1.2983146905899048
1.2712711095809937
1.244399070739746
1.2175846099853516
1.1907432079315186
1.1638200283050537
1.1367825269699097
1.1096198558807373
1.0823370218276978
1.05495285987854
1.0274955034255981
1.0
0.9725044965744019
0.94504714012146
0.9176629781723022
0.8903800845146179
0.8632175326347351
0.8361800312995911
0.8092567920684814
0.7824153900146484
0.7556009292602539
0.7287288904190063
0.70168536901474
0.6743191480636597
0.6464431285858154
0.6178261041641235
0.5881963968276978
0.5572347640991211
0.5245804786682129
0.48982736468315125
0.4525321125984192
0.4122147560119629
1.522498607635498
1.4861533641815186
1.4525116682052612
1.421162724494934
1.3917262554168701
1.3638527393341064
1.33722984790802
1.3115792274475098
1.2866618633270264
1.2622727155685425
1.2382432222366333
1.2144354581832886
1.1907432079315186
1.1670856475830078
1.1434074640274048
1.1196728944778442
1.0958648920059204
1.0719804763793945
1.0480289459228516
1.0240275859832764
1.0
0.9759724140167236
0.9519710540771484
0.9280194640159607
0.9041350483894348
0.8803271055221558
0.8565924763679504
0.8329143524169922
0.8092567920684814
0.7855646014213562
0.7617568373680115
0.7377273440361023
0.7133380770683289
0.6884207725524902
0.66277015209198
0.6361472010612488
0.6082736849784851
0.5788372755050659
0.547488272190094
0.5138466358184814
0.47750142216682434
1.4539904594421387
1.4220534563064575
1.392477035522461
1.364915370941162
1.3390476703643799
1.3145784139633179
1.2912421226501465
1.2688013315200806
1.2470502853393555
1.2258113622665405
1.2049369812011719
1.1843050718307495
1.1638200283050537
1.1434074640274048
1.1230149269104004
1.102606177330017
1.082161545753479
1.061672568321228
1.0411421060562134
1.0205796957015991
1.0
0.9794203639030457
0.9588578343391418
0.9383273720741272
0.9178385138511658
0.8973937630653381
0.8769850730895996
0.8565924763679504
0.8361800312995911
0.8156949281692505
0.7950630187988281
0.7741886377334595
0.7529496550559998
0.7311987280845642
0.7087578773498535
0.6854215860366821
0.6609523296356201
0.6350846886634827
0.6075229048728943
0.5779464840888977
0.5460094809532166
1.3826833963394165
1.3555210828781128
1.3303563594818115
1.3069047927856445
1.284902572631836
1.264106035232544
1.244295597076416
1.2252739667892456
1.20686936378479
1.1889324188232422
1.1713383197784424
1.1539825201034546
1.1367825269699097
1.1196728944778442
1.102606177330017
1.085548758506775
1.0684802532196045
1.0513899326324463
1.0342762470245361
1.0171433687210083
1.0
0.9828566312789917
0.9657237529754639
0.9486101269721985
0.9315198063850403
0.9144512414932251
0.8973937630653381
0.8803271055221558
0.8632175326347351
0.8460174798965454
0.8286616802215576
0.811067521572113
0.7931305766105652
0.7747260332107544
0.7557043433189392
0.7358939051628113
0.7150974273681641
0.6930952668190002
0.6696437001228333
0.6444789171218872
0.6173165440559387
1.3090169429779053
1.2869309186935425
1.2664626836776733
1.2473870515823364
1.2294951677322388
1.2125935554504395
1.1965076923370361
1.1810801029205322
1.1661732196807861
1.1516667604446411
1.137459635734558
1.1234666109085083
1.1096198558807373
1.0958648920059204
1.082161545753479
1.0684802532196045
1.0548022985458374
1.0411169528961182
1.027420163154602
1.0137131214141846
1.0
0.9862868785858154
0.9725797772407532
0.9588831067085266
0.9451977014541626
0.9315198063850403
0.9178385138511658
0.9041350483894348
0.8903800845146179
0.8765333294868469
0.8625404238700867
0.8483332991600037
0.8338268399238586
0.8189198970794678
0.8034923076629639
0.7874063849449158
0.7705048322677612
0.7526129484176636
0.7335373163223267
0.7130690217018127
0.69098299741745
1.233445405960083
1.2166740894317627
1.201127529144287
1.186638355255127
1.173050880432129
1.1602208614349365
1.1480181217193604
1.1363246440887451
1.1250373125076294
1.1140652894973755
1.1033324003219604
1.092773675918579
1.0823370218276978
1.0719804763793945
1.061672568321228
1.0513899326324463
1.0411169528961182
1.03084397315979
1.0205669403076172
1.0102850198745728
1.0
0.9897149801254272
0.979433000087738
0.9691559672355652
0.9588831067085266
0.9486101269721985
0.9383273720741272
0.9280194640159607
0.9176629781723022
0.9072263240814209
0.8966675996780396
0.8859346508979797
0.8749627470970154
0.8636753559112549
0.8519818782806396
0.8397790789604187
0.8269491195678711
0.813361644744873
0.7988724708557129
0.7833259701728821
0.7665546536445618
1.156434416770935
1.1451555490493774
1.1346986293792725
1.1249525547027588
1.115814208984375
1.1071878671646118
1.0989868640899658
1.0911327600479126
1.0835566520690918
1.0761979818344116
1.0690054893493652
1.061935544013977
1.05495285987854
1.0480289459228516
1.0411421060562134
1.0342762470245361
1.027420163154602
1.0205669403076172
1.0137131214141846
1.00685715675354
1.0
0.9931427836418152
0.9862869381904602
0.979433000087738
0.9725797772407532
0.9657237529754639
0.9588578343391418
0.9519710540771484
0.94504714012146
0.938064455986023
0.9309945106506348
0.9238020181655884
0.9164433479309082
0.9088672399520874
0.9010131359100342
0.8928120732307434
0.8841857314109802
0.8750473856925964
0.8653013706207275
0.8548444509506226
0.8435655236244202
1.0784591436386108
1.072790265083313
1.06753408908844
1.0626351833343506
1.058042049407959
1.0537070035934448
1.0495866537094116
1.0456421375274658
1.0418386459350586
1.0381461381912231
1.0345386266708374
1.0309942960739136
1.0274955034255981
1.0240275859832764
1.0205796957015991
1.0171433687210083
1.0137131214141846
1.0102850198745728
1.00685715675354
1.0034288167953491
1.0
0.9965711832046509
0.9931427836418152
0.9897149801254272
0.9862868785858154
0.9828566312789917
0.9794203639030457
0.9759724140167236
0.9725044965744019
0.9690056443214417
0.9654613733291626
0.9618539214134216
0.9581613540649414
0.954357922077179
0.9504132866859436
0.9462930560112
0.9419580101966858
0.9373648762702942
0.9324659109115601
0.927209734916687
0.9215409159660339
1.0
1.0
1.0
1.0
1.0
1.0
1.0
1.0
1.0
1.0
1.0
1.0
1.0
1.0
1.0
1.0
1.0
1.0
1.0
1.0
1.0
1.0
1.0
1.0
1.0
1.0
1.0
1.0
1.0
1.0
1.0
1.0
1.0
1.0
1.0
1.0
1.0
1.0
1.0
1.0
1.0
0.9215409159660339
0.927209734916687
0.9324659109115601
0.9373648762702942
0.9419580101966858
0.9462930560112
0.9504132866859436
0.954357922077179
0.9581613540649414
0.9618539214134216
0.9654613733291626
0.9690056443214417
0.9725044965744019
0.9759724140167236
0.9794203639030457
0.9828566312789917
0.9862868785858154
0.9897149801254272
0.9931427836418152
0.9965711832046509
1.0
1.0034288167953491
1.00685715675354
1.0102850198745728
1.0137131214141846
1.0171433687210083
1.0205796957015991
1.0240275859832764
1.0274955034255981
1.0309942960739136
1.0345386266708374
1.0381461381912231
1.0418386459350586
1.0456421375274658
1.0495866537094116
1.0537070035934448
1.058042049407959
1.0626351833343506
1.06753408908844
1.072790265083313
1.0784591436386108
0.8435655236244202
0.8548444509506226
0.8653013706207275
0.8750473856925964
0.8841857314109802
0.8928120732307434
0.9010131359100342
0.9088672399520874
0.9164433479309082
0.9238020181655884
0.9309945106506348
0.938064455986023
0.94504714012146
0.9519710540771484
0.9588578343391418
0.9657237529754639
0.9725797772407532
0.979433000087738
0.9862869381904602
0.9931427836418152
1.0
1.00685715675354
1.0137131214141846
1.0205669403076172
1.027420163154602
1.0342762470245361
1.0411421060562134
1.0480289459228516
1.05495285987854
1.061935544013977
1.0690054893493652
1.0761979818344116
1.0835566520690918
1.0911327600479126
1.0989868640899658
1.1071878671646118
1.115814208984375
1.1249525547027588
1.1346986293792725
1.1451555490493774
1.156434416770935
0.7665546536445618
0.7833259701728821
0.7988724708557129
0.813361644744873
0.8269491195678711
0.8397790789604187
0.8519818782806396
0.8636753559112549
0.8749627470970154
0.8859346508979797
0.8966675996780396
0.9072263240814209
0.9176629781723022
0.9280194640159607
0.9383273720741272
0.9486101269721985
0.9588831067085266
0.9691559672355652
0.979433000087738
0.9897149801254272
1.0
1.0102850198745728
1.0205669403076172
1.03084397315979
1.0411169528961182
1.0513899326324463
1.061672568321228
1.0719804763793945
1.0823370218276978
1.092773675918579
1.1033324003219604
1.1140652894973755
1.1250373125076294
1.1363246440887451
1.1480181217193604
1.1602208614349365
1.173050880432129
1.186638355255127
1.201127529144287
1.2166740894317627
1.233445405960083
0.69098299741745
0.7130690217018127
0.7335373163223267
0.7526129484176636
0.7705048322677612
0.7874063849449158
0.8034923076629639
0.8189198970794678
0.8338268399238586
0.8483332991600037
0.8625404238700867
0.8765333294868469
0.8903800845146179
0.9041350483894348
0.9178385138511658
0.9315198063850403
0.9451977014541626
0.9588831067085266
0.9725797772407532
0.9862868785858154
1.0
1.0137131214141846
1.027420163154602
1.0411169528961182
1.0548022985458374
1.0684802532196045
1.082161545753479
1.0958648920059204
1.1096198558807373
1.1234666109085083
1.137459635734558
1.1516667604446411
1.1661732196807861
1.1810801029205322
1.1965076923370361
1.2125935554504395
1.2294951677322388
1.2473870515823364
1.2664626836776733
1.2869309186935425
1.3090169429779053
0.6173165440559387
0.6444789171218872
0.6696437001228333
0.6930952668190002
0.7150974273681641
0.7358939051628113
0.7557043433189392
0.7747260332107544
0.7931305766105652
0.811067521572113
0.8286616802215576
0.8460174798965454
0.8632175326347351
0.8803271055221558
0.8973937630653381
0.9144512414932251
0.9315198063850403
0.9486101269721985
0.9657237529754639
0.9828566312789917
1.0
1.0171433687210083
1.0342762470245361
1.0513899326324463
1.0684802532196045
1.085548758506775
1.102606177330017
1.1196728944778442
1.1367825269699097
1.1539825201034546
1.1713383197784424
1.1889324188232422
1.20686936378479
1.2252739667892456
1.244295597076416
1.264106035232544
1.284902572631836
1.3069047927856445
1.3303563594818115
1.3555210828781128
1.3826833963394165
0.5460094809532166
0.5779464840888977
0.6075229048728943
0.6350846886634827
0.6609523296356201
0.6854215860366821
0.7087578773498535
0.7311987280845642
0.7529496550559998
0.7741886377334595
0.7950630187988281
0.8156949281692505
0.8361800312995911
0.8565924763679504
0.8769850730895996
0.8973937630653381
0.9178385138511658
0.9383273720741272
0.9588578343391418
0.9794203639030457
1.0
1.0205796957015991
1.0411421060562134
1.061672568321228
1.082161545753479
1.102606177330017
1.1230149269104004
1.1434074640274048
1.1638200283050537
1.1843050718307495
1.2049369812011719
1.2258113622665405
1.2470502853393555
1.2688013315200806
1.2912421226501465
1.3145784139633179
1.3390476703643799
1.364915370941162
1.392477035522461
1.4220534563064575
1.4539904594421387
0.47750142216682434
0.5138466358184814
0.547488272190094
0.5788372755050659
0.6082736849784851
0.6361472010612488
0.66277015209198
0.6884207725524902
0.7133380770683289
0.7377273440361023
0.7617568373680115
0.7855646014213562
0.8092567920684814
0.8329143524169922
0.8565924763679504
0.8803271055221558
0.9041350483894348
0.9280194640159607
0.9519710540771484
0.9759724140167236
1.0
1.0240275859832764
1.0480289459228516
1.0719804763793945
1.0958648920059204
1.1196728944778442
1.1434074640274048
1.1670856475830078
1.1907432079315186
1.2144354581832886
1.2382432222366333
1.2622727155685425
1.2866618633270264
1.3115792274475098
1.33722984790802
1.3638527393341064
1.3917262554168701
1.421162724494934
1.4525116682052612
1.4861533641815186
1.522498607635498
0.4122147560119629
0.4525321125984192
0.48982736468315125
0.5245804786682129
0.5572347640991211
0.5881963968276978
0.6178261041641235
0.6464431285858154
0.6743191480636597
0.70168536901474
0.7287288904190063
0.7556009292602539
0.7824153900146484
0.8092567920684814
0.8361800312995911
0.8632175326347351
0.8903800845146179
0.9176629781723022
0.94504714012146
0.9725044965744019
1.0
1.0274955034255981
1.05495285987854
1.0823370218276978
1.1096198558807373
1.1367825269699097
1.1638200283050537
1.1907432079315186
1.2175846099853516
1.244399070739746
1.2712711095809937
1.2983146905899048
1.3256808519363403
1.3535568714141846
1.3821738958358765
1.4118036031723022
1.442765235900879
1.475419521331787
1.5101726055145264
1.5474679470062256
1.587785243988037
0.350551962852478
0.394332617521286
0.43480050563812256
0.4725112318992615
0.5079758167266846
0.541660487651825
0.5739759802818298
0.6052826046943665
0.6358836889266968
0.6660341024398804
0.6959368586540222
0.725753128528595
0.7556009292602539
0.7855646014213562
0.8156949281692505
0.8460174798965454
0.8765333294868469
0.9072263240814209
0.938064455986023
0.9690056443214417
1.0
1.0309942960739136
1.061935544013977
1.092773675918579
1.1234666109085083
1.1539825201034546
1.1843050718307495
1.2144354581832886
1.244399070739746
1.2742468118667603
1.304063081741333
1.3339658975601196
1.3641163110733032
1.3947173357009888
1.426024079322815
1.4583395719528198
1.4920241832733154
1.5274888277053833
1.5651994943618774
1.6056673526763916
1.649448037147522
0.2928932309150696
0.3395467698574066
0.3826306164264679
0.4227834939956665
0.46059083938598633
0.4965828061103821
0.5312219262123108
0.5649094581604004
0.5979782342910767
0.6307037472724915
0.6633010506629944
0.6959368586540222
0.7287288904190063
0.7617568373680115
0.7950630187988281
0.8286616802215576
0.8625404238700867
0.8966675996780396
0.9309945106506348
0.9654613733291626
1.0
1.0345386266708374
1.0690054893493652
1.1033324003219604
1.137459635734558
1.1713383197784424
1.2049369812011719
1.2382432222366333
1.2712711095809937
1.304063081741333
1.3366990089416504
1.3692961931228638
1.4020217657089233
1.4350905418395996
1.4687780141830444
1.5034172534942627
1.5394091606140137
1.5772165060043335
1.6173694133758545
1.660453200340271
1.7071068286895752
0.23959402740001678
0.2884416878223419
0.33350110054016113
0.37550613284111023
0.4151246249675751
0.4529559016227722
0.4895157814025879
0.5252453088760376
0.5605037212371826
0.5955826044082642
0.6307037472724915
0.6660341024398804
0.70168536901474
0.7377273440361023
0.7741886377334595
0.811067521572113
0.8483332991600037
0.8859346508979797
0.9238020181655884
0.9618539214134216
1.0
1.0381461381912231
1.0761979818344116
1.1140652894973755
1.1516667604446411
1.1889324188232422
1.2258113622665405
1.2622727155685425
1.2983146905899048
1.3339658975601196
1.3692961931228638
1.4044173955917358
1.4394962787628174
1.4747546911239624
1.510484218597412
1.547044038772583
1.5848753452301025
1.6244938373565674
1.6664988994598389
1.7115583419799805
1.7604060173034668
0.19098301231861115
0.241241455078125
0.2875403165817261
0.3307235836982727
0.37155255675315857
0.41070130467414856
0.4487396776676178
0.48614585399627686
0.523300051689148
0.5605037212371826
0.5979782342910767
0.6358836889266968
0.6743191480636597
0.7133380770683289
0.7529496550559998
0.7931305766105652
0.8338268399238586
0.8749627470970154
0.9164433479309082
0.9581613540649414
1.0
1.0418386459350586
1.0835566520690918
1.1250373125076294
1.1661732196807861
1.20686936378479
1.2470502853393555
1.2866618633270264
1.3256808519363403
1.3641163110733032
1.4020217657089233
1.4394962787628174
1.476699948310852
1.5138541460037231
1.5512603521347046
1.5892987251281738
1.628447413444519
1.669276475906372
1.712459683418274
1.758758544921875
1.8090169429779053
0.14735983312129974
0.19812604784965515
0.24481749534606934
0.2884111702442169
0.32977554202079773
0.3696654140949249
0.40870338678359985
0.44739922881126404
0.48614585399627686
0.5252453088760376
0.5649094581604004
0.6052826046943665
0.6464431285858154
0.6884207725524902
0.7311987280845642
0.7747260332107544
0.8189198970794678
0.8636753559112549
0.9088672399520874
0.954357922077179
1.0
1.0456421375274658
1.0911327600479126
1.1363246440887451
1.1810801029205322
1.2252739667892456
1.2688013315200806
1.3115792274475098
1.3535568714141846
1.3947173357009888
1.4350905418395996
1.4747546911239624
1.5138541460037231
1.5526007413864136
1.591296672821045
1.6303346157073975
1.6702244281768799
1.7115888595581055
1.7551825046539307
1.8018739223480225
1.852640151977539
0.10899347811937332
0.1592119336128235
0.20531444251537323
0.24844154715538025
0.2895863652229309
0.3295884132385254
0.36911720037460327
0.40870338678359985
0.4487396776676178
0.4895157814025879
0.5312219262123108
0.5739759802818298
0.6178261041641235
0.66277015209198
0.7087578773498535
0.7557043433189392
0.8034923076629639
0.8519818782806396
0.9010131359100342
0.9504132866859436
1.0
1.0495866537094116
1.0989868640899658
1.1480181217193604
1.1965076923370361
1.244295597076416
1.2912421226501465
1.33722984790802
1.3821738958358765
1.426024079322815
1.4687780141830444
1.510484218597412
1.5512603521347046
1.591296672821045
1.6308828592300415
1.6704115867614746
1.7104135751724243
1.7515584230422974
1.7946856021881104
1.8407880067825317
1.8910064697265625
0.07612046599388123
0.12454697489738464
0.16891373693943024
0.21057245135307312
0.2506590783596039
0.29009726643562317
0.3295884132385254
0.3696654140949249
0.41070130467414856
0.4529559016227722
0.4965828061103821
0.541660487651825
0.5881963968276978
0.6361472010612488
0.6854215860366821
0.7358939051628113
0.7874063849449158
0.8397790789604187
0.8928120732307434
0.9462930560112
1.0
1.0537070035934448
1.1071878671646118
1.1602208614349365
1.2125935554504395
1.264106035232544
1.3145784139633179
1.3638527393341064
1.4118036031723022
1.4583395719528198
1.5034172534942627
1.547044038772583
1.5892987251281738
1.6303346157073975
1.6704115867614746
1.7099027633666992
1.7493408918380737
1.7894275188446045
1.831086277961731
1.875452995300293
1.9238795042037964
0.04894348233938217
0.09406399726867676
0.1353355199098587
0.1743786334991455
0.21249085664749146
0.2506590783596039
0.2895863652229309
0.32977554202079773
0.37155255675315857
0.4151246249675751
0.46059083938598633
0.5079758167266846
0.5572347640991211
0.6082736849784851
0.6609523296356201
0.7150974273681641
0.7705048322677612
0.8269491195678711
0.8841857314109802
0.9419580101966858
1.0
1.058042049407959
1.115814208984375
1.173050880432129
1.2294951677322388
1.284902572631836
1.3390476703643799
1.3917262554168701
1.442765235900879
1.4920241832733154
1.5394091606140137
1.5848753452301025
1.628447413444519
1.6702244281768799
1.7104135751724243
1.7493408918380737
1.7875090837478638
1.8256213665008545
1.8646644353866577
1.9059360027313232
1.9510564804077148
0.02763007953763008
0.06756079941987991
0.10409136861562729
0.13921980559825897
0.1743786334991455
0.21057245135307312
0.24844154715538025
0.2884111702442169
0.3307235836982727
0.37550613284111023
0.4227834939956665
0.4725112318992615
0.5245804786682129
0.5788372755050659
0.6350846886634827
0.6930952668190002
0.7526129484176636
0.813361644744873
0.8750473856925964
0.9373648762702942
1.0
1.0626351833343506
1.1249525547027588
1.186638355255127
1.2473870515823364
1.3069047927856445
1.364915370941162
1.421162724494934
1.475419521331787
1.5274888277053833
1.5772165060043335
1.6244938373565674
1.669276475906372
1.7115888595581055
1.7515584230422974
1.7894275188446045
1.8256213665008545
1.8607802391052246
1.8959085941314697
1.9324392080307007
1.972369909286499
0.012311659753322601
0.044503532350063324
0.07432111352682114
0.10409136861562729
0.1353355199098587
0.16891373693943024
0.20531444251537323
0.24481749534606934
0.2875403165817261
0.33350110054016113
0.3826306164264679
0.43480050563812256
0.48982736468315125
0.547488272190094
0.6075229048728943
0.6696437001228333
0.7335373163223267
0.7988724708557129
0.8653013706207275
0.9324659109115601
1.0
1.06753408908844
1.1346986293792725
1.201127529144287
1.2664626836776733
1.3303563594818115
1.392477035522461
1.4525116682052612
1.5101726055145264
1.5651994943618774
1.6173694133758545
1.6664988994598389
1.712459683418274
1.7551825046539307
1.7946856021881104
1.831086277961731
1.8646644353866577
1.8959085941314697
1.9256788492202759
1.9554964303970337
1.9876883029937744
0.003082666313275695
0.023977207019925117
0.044503532350063324
0.06756079941987991
0.09406399726867676
0.12454697489738464
0.1592119336128235
0.19812604784965515
0.241241455078125
0.2884416878223419
0.3395467698574066
0.394332617521286
0.4525321125984192
0.5138466358184814
0.5779464840888977
0.6444789171218872
0.7130690217018127
0.7833259701728821
0.8548444509506226
0.927209734916687
1.0
1.072790265083313
1.1451555490493774
1.2166740894317627
1.2869309186935425
1.3555210828781128
1.4220534563064575
1.4861533641815186
1.5474679470062256
1.6056673526763916
1.660453200340271
1.7115583419799805
1.758758544921875
1.8018739223480225
1.8407880067825317
1.875452995300293
1.9059360027313232
1.9324392080307007
1.9554964303970337
1.9760228395462036
1.9969173669815063
0.0
0.003082666313275695
0.012311659753322601
0.02763007953763008
0.04894348233938217
0.07612046599388123
0.10899347811937332
0.14735983312129974
0.19098301231861115
0.23959402740001678
0.2928932309150696
0.350551962852478
0.4122147560119629
0.47750142216682434
0.5460094809532166
0.6173165440559387
0.69098299741745
0.7665546536445618
0.8435655236244202
0.9215409159660339
1.0
1.0784591436386108
1.156434416770935
1.233445405960083
1.3090169429779053
1.3826833963394165
1.4539904594421387
1.522498607635498
1.587785243988037
1.649448037147522
1.7071068286895752
1.7604060173034668
1.8090169429779053
1.852640151977539
1.8910064697265625
1.9238795042037964
1.9510564804077148
1.972369909286499
1.9876883029937744
1.9969173669815063
2.0
