2.0
1.9969173669815063
1.9876883029937744
1.972369909286499
1.9510564804077148
1.9238795042037964
1.8910064697265625
1.852640151977539
1.8090169429779053
1.7604060173034668
1.7071068286895752
1.649448037147522
1.587785243988037
1.522498607635498
1.4539904594421387
1.3826833963394165
1.3090169429779053
1.233445405960083
1.156434416770935
1.0784591436386108
1.0
0.9215409159660339
0.8435655236244202
0.7665546536445618
0.69098299741745
0.6173165440559387
0.5460094809532166
0.47750142216682434
0.4122147560119629
0.350551962852478
0.2928932309150696
0.23959402740001678
0.19098301231861115
0.14735983312129974
0.10899347811937332
0.07612046599388123
0.04894348233938217
0.02763007953763008
0.012311659753322601
0.003082666313275695
0.0
1.9969173669815063
1.9760345220565796
1.9555156230926514
1.932463526725769
1.9059637784957886
1.8754830360412598
1.840819239616394
1.801905632019043
1.7587900161743164
1.7115888595581055
1.6604825258255005
1.6056948900222778
1.5474932193756104
1.4861762523651123
1.4220736026763916
1.3555381298065186
1.28694486618042
1.2166845798492432
1.1451627016067505
1.0727938413619995
1.0
0.9272061586380005
0.8548372983932495
0.7833154201507568
0.7130551338195801
0.6444618701934814
0.5779263973236084
0.5138238072395325
0.45250678062438965
0.39430510997772217
0.3395175039768219
0.28841108083724976
0.24121004343032837
0.19809438288211823
0.15918071568012238
0.12451698631048203
0.09403624385595322
0.06753650307655334
0.04448435828089714
0.023965483531355858
0.003082666313275695
1.9876883029937744
1.9555156230926514
1.9257116317749023
1.8959510326385498
1.8647136688232422
1.8311398029327393
1.7947417497634888
1.755239725112915
1.7125166654586792
1.666554570198059
1.6174226999282837
1.5652496814727783
1.5102189779281616
1.4525535106658936
1.3925138711929321
1.3303875923156738
1.2664881944656372
1.2011469602584839
1.1347116231918335
1.0675406455993652
1.0
0.9324593544006348
0.8652883172035217
0.7988530993461609
0.7335118651390076
0.6696123480796814
0.6074861288070679
0.5474464893341064
0.48978108167648315
0.43475034832954407
0.3825773000717163
0.3334454894065857
0.2874833345413208
0.24476028978824615
0.2052582949399948
0.16886016726493835
0.1352863758802414
0.1040489450097084
0.07428832352161407
0.04448435828089714
0.012311659753322601
1.972369909286499
1.932463526725769
1.8959510326385498
1.8608359098434448
1.8256865739822388
1.7894991636276245
1.7516340017318726
1.7116661071777344
1.6693536043167114
1.6245694160461426
1.57728910446167
1.5275572538375854
1.475482702255249
1.4212199449539185
1.3649656772613525
1.3069475889205933
1.2474219799041748
1.1866649389266968
1.1249704360961914
1.062644124031067
1.0
0.9373558759689331
0.8750295639038086
0.813335120677948
0.7525780200958252
0.693052351474762
0.6350343227386475
0.5787801146507263
0.5245172381401062
0.4724428057670593
0.4227108955383301
0.37543052434921265
0.3306463360786438
0.2883338928222656
0.24836599826812744
0.2105007916688919
0.17431339621543884
0.13916407525539398
0.1040489450097084
0.06753650307655334
0.02763007953763008
1.9510564804077148
1.9059637784957886
1.8647136688232422
1.8256865739822388
1.7875860929489136
1.749426007270813
1.7105036973953247
1.6703170537948608
1.6285401582717896
1.5849663019180298
1.539496660232544
1.4921067953109741
1.4428417682647705
1.3917955160140991
1.3391087055206299
1.28495454788208
1.2295374870300293
1.1730830669403076
1.1158359050750732
1.058052897453308
1.0
0.9419471025466919
0.884164035320282
0.8269169330596924
0.7704624533653259
0.7150453925132751
0.6608913540840149
0.6082044839859009
0.5571582913398743
0.5078932046890259
0.4605032801628113
0.41503363847732544
0.37145981192588806
0.32968297600746155
0.2894962430000305
0.250573992729187
0.21241389214992523
0.17431339621543884
0.1352863758802414
0.09403624385595322
0.04894348233938217
1.9238795042037964
1.8754830360412598
1.8311398029327393
1.7894991636276245
1.749426007270813
1.709997296333313
1.670512080192566
1.6304380893707275
1.589402675628662
1.5471464395523071
1.5035158395767212
1.458432674407959
1.411889910697937
1.3639309406280518
1.3146473169326782
1.264164924621582
1.2126415967941284
1.1602574586868286
1.1072124242782593
1.0537192821502686
1.0
0.9462807178497314
0.892787516117096
0.8397426009178162
0.7873584628105164
0.735835075378418
0.685352623462677
0.6360689997673035
0.5881100296974182
0.5415672659873962
0.4964842200279236
0.45285362005233765
0.4105972647666931
0.3695618808269501
0.3294879198074341
0.2900027632713318
0.250573992729187
0.2105007916688919
0.16886016726493835
0.12451698631048203
0.07612046599388123
1.8910064697265625
1.840819239616394
1.7947417497634888
1.7516340017318726
1.7105036973953247
1.670512080192566
1.6309900283813477
1.5914074182510376
1.5513719320297241
1.510594129562378
1.4688841104507446
1.4261244535446167
1.3822669982910156
1.337314248085022
1.2913166284561157
1.2443592548370361
1.1965595483779907
1.1480575799942017
1.0990134477615356
1.0496001243591309
1.0
0.9503999352455139
0.9009865522384644
0.8519424200057983
0.8034404516220093
0.7556407451629639
0.7086833715438843
0.662685751914978
0.6177330017089844
0.5738755464553833
0.5311158299446106
0.48940587043762207
0.44862809777259827
0.4085925817489624
0.36900997161865234
0.3294879198074341
0.2894962430000305
0.24836599826812744
0.2052582949399948
0.15918071568012238
0.10899347811937332
1.852640151977539
1.801905632019043
1.755239725112915
1.7116661071777344
1.6703170537948608
1.6304380893707275
1.5914074182510376
1.552715539932251
1.513969898223877
1.474868893623352
1.4352009296417236
1.3948220014572144
1.3536540269851685
1.3116673231124878
1.2688790559768677
1.225340485572815
1.1811342239379883
1.1363658905029297
1.091160535812378
1.0456560850143433
1.0
0.9543439149856567
0.9088394641876221
0.8636341094970703
0.8188657164573669
0.7746595740318298
0.7311208844184875
0.6883326768875122
0.6463459730148315
0.6051779985427856
0.5647990703582764
0.525131106376648
0.48603010177612305
0.4472844898700714
0.4085925817489624
0.3695618808269501
0.32968297600746155
0.2883338928222656
0.24476028978824615
0.19809438288211823
0.14735983312129974
1.8090169429779053
1.7587900161743164
1.7125166654586792
1.6693536043167114
1.6285401582717896
1.589402675628662
1.5513719320297241
1.513969898223877
1.4768168926239014
1.4396119117736816
1.402133584022522
1.3642224073410034
1.3257794380187988
1.286751389503479
1.2471294403076172
1.2069369554519653
1.1662282943725586
1.1250792741775513
1.0835849046707153
1.0418529510498047
1.0
0.9581471085548401
0.9164150357246399
0.8749207258224487
0.8337717056274414
0.7930630445480347
0.7528705596923828
0.713248610496521
0.6742205619812012
0.6357775926589966
0.597866415977478
0.5603881478309631
0.5231830477714539
0.48603010177612305
0.44862809777259827
0.4105972647666931
0.37145981192588806
0.3306463360786438
0.2874833345413208
0.24121004343032837
0.19098301231861115
1.7604060173034668
1.7115888595581055
1.666554570198059
1.6245694160461426
1.5849663019180298
1.5471464395523071
1.510594129562378
1.474868893623352
1.4396119117736816
1.404531717300415
1.369407057762146
1.3340710401535034
1.2984124422073364
1.2623615264892578
1.2258899211883545
1.1889996528625488
1.151721477508545
1.1141071319580078
1.0762261152267456
1.0381602048873901
1.0
0.9618397355079651
0.9237738847732544
0.885892927646637
0.8482784628868103
0.811000406742096
0.7741100788116455
0.7376384735107422
0.7015875577926636
0.6659289598464966
0.6305930018424988
0.595468282699585
0.5603881478309631
0.525131106376648
0.48940587043762207
0.45285362005233765
0.41503363847732544
0.37543052434921265
0.3334454894065857
0.28841108083724976
0.23959402740001678
1.7071068286895752
1.6604825258255005
1.6174226999282837
1.57728910446167
1.539496660232544
1.5035158395767212
1.4688841104507446
1.4352009296417236
1.402133584022522
1.369407057762146
1.3368064165115356
1.304165244102478
1.2713661193847656
1.238329529762268
1.205013394355774
1.1714036464691162
1.1375129222869873
1.1033730506896973
1.069032907485962
1.0345524549484253
1.0
0.9654476046562195
0.9309671521186829
0.8966270089149475
0.8624870777130127
0.8285964131355286
0.7949866056442261
0.7616704702377319
0.7286338806152344
0.6958348155021667
0.6631936430931091
0.6305930018424988
0.597866415977478
0.5647990703582764
0.5311158299446106
0.4964842200279236
0.4605032801628113
0.4227108955383301
0.3825773000717163
0.3395175039768219
0.2928932309150696
1.649448037147522
1.6056948900222778
1.5652496814727783
1.5275572538375854
1.4921067953109741
1.458432674407959
1.4261244535446167
1.3948220014572144
1.3642224073410034
1.3340710401535034
1.304165244102478
1.2743439674377441
1.2444894313812256
1.214517593383789
1.1843777894973755
1.1540447473526
1.1235175132751465
1.092812418937683
1.0619616508483887
1.0310075283050537
1.0
0.9689925312995911
0.9380384087562561
0.9071876406669617
0.8764825463294983
0.8459552526473999
0.8156222105026245
0.7854824066162109
0.7555105686187744
0.7256560921669006
0.6958348155021667
0.6659289598464966
0.6357775926589966
0.6051779985427856
0.5738755464553833
0.5415672659873962
0.5078932046890259
0.4724428057670593
0.43475034832954407
0.39430510997772217
0.350551962852478
1.587785243988037
1.5474932193756104
1.5102189779281616
1.475482702255249
1.4428417682647705
1.411889910697937
1.3822669982910156
1.3536540269851685
1.3257794380187988
1.2984124422073364
1.2713661193847656
1.2444894313812256
1.2176687717437744
1.1908197402954102
1.1638877391815186
1.1368404626846313
1.1096673011779785
1.0823731422424316
1.0549771785736084
1.0275077819824219
1.0
0.9724922776222229
0.9450228214263916
0.9176268577575684
0.8903326988220215
0.8631595373153687
0.8361122012138367
0.8091802597045898
0.7823312878608704
0.7555105686187744
0.7286338806152344
0.7015875577926636
0.6742205619812012
0.6463459730148315
0.6177330017089844
0.5881100296974182
0.5571582913398743
0.5245172381401062
0.48978108167648315
0.45250678062438965
0.4122147560119629
1.522498607635498
1.4861762523651123
1.4525535106658936
1.4212199449539185
1.3917955160140991
1.3639309406280518
1.337314248085022
1.3116673231124878
1.286751389503479
1.2623615264892578
1.238329529762268
1.214517593383789
1.1908197402954102
1.167155385017395
1.143469214439392
1.1197257041931152
1.0959080457687378
1.0720133781433105
1.048051118850708
1.0240387916564941
1.0
0.9759612679481506
0.951948881149292
0.9279865622520447
0.9040918946266174
0.8802742958068848
0.8565307855606079
0.8328446745872498
0.8091802597045898
0.7854824066162109
0.7616704702377319
0.7376384735107422
0.713248610496521
0.6883326768875122
0.662685751914978
0.6360689997673035
0.6082044839859009
0.5787801146507263
0.5474464893341064
0.5138238072395325
0.47750142216682434
1.4539904594421387
1.4220736026763916
1.3925138711929321
1.3649656772613525
1.3391087055206299
1.3146473169326782
1.2913166284561157
1.2688790559768677
1.2471294403076172
1.2258899211883545
1.205013394355774
1.1843777894973755
1.1638877391815186
1.143469214439392
1.1230696439743042
1.1026530265808105
1.0821996927261353
1.061701774597168
1.0411617755889893
1.0205895900726318
1.0
0.9794104695320129
0.958838164806366
0.938298225402832
0.91780024766922
0.8973469734191895
0.8769304156303406
0.8565307855606079
0.8361122012138367
0.8156222105026245
0.7949866056442261
0.7741100788116455
0.7528705596923828
0.7311208844184875
0.7086833715438843
0.685352623462677
0.6608913540840149
0.6350343227386475
0.6074861288070679
0.5779263973236084
0.5460094809532166
1.3826833963394165
1.3555381298065186
1.3303875923156738
1.3069475889205933
1.28495454788208
1.264164924621582
1.2443592548370361
1.225340485572815
1.2069369554519653
1.1889996528625488
1.1714036464691162
1.1540447473526
1.1368404626846313
1.1197257041931152
1.1026530265808105
1.085588812828064
1.0685129165649414
1.0514148473739624
1.0342930555343628
1.0171518325805664
1.0
0.9828481078147888
0.9657069444656372
0.9485851526260376
0.9314870834350586
0.9144111275672913
0.8973469734191895
0.8802742958068848
0.8631595373153687
0.8459552526473999
0.8285964131355286
0.811000406742096
0.7930630445480347
0.7746595740318298
0.7556407451629639
0.735835075378418
0.7150453925132751
0.693052351474762
0.6696123480796814
0.6444618701934814
0.6173165440559387
1.3090169429779053
1.28694486618042
1.2664881944656372
1.2474219799041748
1.2295374870300293
1.2126415967941284
1.1965595483779907
1.1811342239379883
1.1662282943725586
1.151721477508545
1.1375129222869873
1.1235175132751465
1.1096673011779785
1.0959080457687378
1.0821996927261353
1.0685129165649414
1.0548291206359863
1.0411373376846313
1.02743399143219
1.0137200355529785
1.0
0.9862799644470215
0.9725660085678101
0.9588626623153687
0.9451709389686584
0.9314870834350586
0.91780024766922
0.9040918946266174
0.8903326988220215
0.8764825463294983
0.8624870777130127
0.8482784628868103
0.8337717056274414
0.8188657164573669
0.8034404516220093
0.7873584628105164
0.7704624533653259
0.7525780200958252
0.7335118651390076
0.7130551338195801
0.69098299741745
1.233445405960083
1.2166845798492432
1.2011469602584839
1.1866649389266968
1.1730830669403076
1.1602574586868286
1.1480575799942017
1.1363658905029297
1.1250792741775513
1.1141071319580078
1.1033730506896973
1.092812418937683
1.0823731422424316
1.0720133781433105
1.061701774597168
1.0514148473739624
1.0411373376846313
1.0308595895767212
1.0205775499343872
1.010290265083313
1.0
0.9897096753120422
0.9794225096702576
0.9691404104232788
0.9588626623153687
0.9485851526260376
0.938298225402832
0.9279865622520447
0.9176268577575684
0.9071876406669617
0.8966270089149475
0.885892927646637
0.8749207258224487
0.8636341094970703
0.8519424200057983
0.8397426009178162
0.8269169330596924
0.813335120677948
0.7988530993461609
0.7833154201507568
0.7665546536445618
1.156434416770935
1.1451627016067505
1.1347116231918335
1.1249704360961914
1.1158359050750732
1.1072124242782593
1.0990134477615356
1.091160535812378
1.0835849046707153
1.0762261152267456
1.069032907485962
1.0619616508483887
1.0549771785736084
1.048051118850708
1.0411617755889893
1.0342930555343628
1.02743399143219
1.0205775499343872
1.013720154762268
1.0068607330322266
1.0
0.9931392073631287
0.9862798452377319
0.9794225096702576
0.9725660085678101
0.9657069444656372
0.958838164806366
0.951948881149292
0.9450228214263916
0.9380384087562561
0.9309671521186829
0.9237738847732544
0.9164150357246399
0.9088394641876221
0.9009865522384644
0.892787516117096
0.884164035320282
0.8750295639038086
0.8652883172035217
0.8548372983932495
0.8435655236244202
1.0784591436386108
1.0727938413619995
1.0675406455993652
1.062644124031067
1.058052897453308
1.0537192821502686
1.0496001243591309
1.0456560850143433
1.0418529510498047
1.0381602048873901
1.0345524549484253
1.0310075283050537
1.0275077819824219
1.0240387916564941
1.0205895900726318
1.0171518325805664
1.0137200355529785
1.010290265083313
1.0068607330322266
1.0034306049346924
1.0
0.9965693950653076
0.9931392073631287
0.9897096753120422
0.9862799644470215
0.9828481078147888
0.9794104695320129
0.9759612679481506
0.9724922776222229
0.9689925312995911
0.9654476046562195
0.9618397355079651
0.9581471085548401
0.9543439149856567
0.9503999352455139
0.9462807178497314
0.9419471025466919
0.9373558759689331
0.9324593544006348
0.9272061586380005
0.9215409159660339
1.0
1.0
1.0
1.0
1.0
1.0
1.0
1.0
1.0
1.0
1.0
1.0
1.0
1.0
1.0
1.0
1.0
1.0
1.0
1.0
1.0
1.0
1.0
1.0
1.0
1.0
1.0
1.0
1.0
1.0
1.0
1.0
1.0
1.0
1.0
1.0
1.0
1.0
1.0
1.0
1.0
0.9215409159660339
0.9272061586380005
0.9324593544006348
0.9373558759689331
0.9419471025466919
0.9462807178497314
0.9503999352455139
0.9543439149856567
0.9581471085548401
0.9618397355079651
0.9654476046562195
0.9689925312995911
0.9724922776222229
0.9759612679481506
0.9794104695320129
0.9828481078147888
0.9862799644470215
0.9897096753120422
0.9931392073631287
0.9965693950653076
1.0
1.0034306049346924
1.0068607330322266
1.010290265083313
1.0137200355529785
1.0171518325805664
1.0205895900726318
1.0240387916564941
1.0275077819824219
1.0310075283050537
1.0345524549484253
1.0381602048873901
1.0418529510498047
1.0456560850143433
1.0496001243591309
1.0537192821502686
1.058052897453308
1.062644124031067
1.0675406455993652
1.0727938413619995
1.0784591436386108
0.8435655236244202
0.8548372983932495
0.8652883172035217
0.8750295639038086
0.884164035320282
0.892787516117096
0.9009865522384644
0.9088394641876221
0.9164150357246399
0.9237738847732544
0.9309671521186829
0.9380384087562561
0.9450228214263916
0.951948881149292
0.958838164806366
0.9657069444656372
0.9725660085678101
0.9794225096702576
0.9862798452377319
0.9931392073631287
1.0
1.0068607330322266
1.013720154762268
1.0205775499343872
1.02743399143219
1.0342930555343628
1.0411617755889893
1.048051118850708
1.0549771785736084
1.0619616508483887
1.069032907485962
1.0762261152267456
1.0835849046707153
1.091160535812378
1.0990134477615356
1.1072124242782593
1.1158359050750732
1.1249704360961914
1.1347116231918335
1.1451627016067505
1.156434416770935
0.7665546536445618
0.7833154201507568
0.7988530993461609
0.813335120677948
0.8269169330596924
0.8397426009178162
0.8519424200057983
0.8636341094970703
0.8749207258224487
0.885892927646637
0.8966270089149475
0.9071876406669617
0.9176268577575684
0.9279865622520447
0.938298225402832
0.9485851526260376
0.9588626623153687
0.9691404104232788
0.9794225096702576
0.9897096753120422
1.0
1.010290265083313
1.0205775499343872
1.0308595895767212
1.0411373376846313
1.0514148473739624
1.061701774597168
1.0720133781433105
1.0823731422424316
1.092812418937683
1.1033730506896973
1.1141071319580078
1.1250792741775513
1.1363658905029297
1.1480575799942017
1.1602574586868286
1.1730830669403076
1.1866649389266968
1.2011469602584839
1.2166845798492432
1.233445405960083
0.69098299741745
0.7130551338195801
0.7335118651390076
0.7525780200958252
0.7704624533653259
0.7873584628105164
0.8034404516220093
0.8188657164573669
0.8337717056274414
0.8482784628868103
0.8624870777130127
0.8764825463294983
0.8903326988220215
0.9040918946266174
0.91780024766922
0.9314870834350586
0.9451709389686584
0.9588626623153687
0.9725660085678101
0.9862799644470215
1.0
1.0137200355529785
1.02743399143219
1.0411373376846313
1.0548291206359863
1.0685129165649414
1.0821996927261353
1.0959080457687378
1.1096673011779785
1.1235175132751465
1.1375129222869873
1.151721477508545
1.1662282943725586
1.1811342239379883
1.1965595483779907
1.2126415967941284
1.2295374870300293
1.2474219799041748
1.2664881944656372
1.28694486618042
1.3090169429779053
0.6173165440559387
0.6444618701934814
0.6696123480796814
0.693052351474762
0.7150453925132751
0.735835075378418
0.7556407451629639
0.7746595740318298
0.7930630445480347
0.811000406742096
0.8285964131355286
0.8459552526473999
0.8631595373153687
0.8802742958068848
0.8973469734191895
0.9144111275672913
0.9314870834350586
0.9485851526260376
0.9657069444656372
0.9828481078147888
1.0
1.0171518325805664
1.0342930555343628
1.0514148473739624
1.0685129165649414
1.085588812828064
1.1026530265808105
1.1197257041931152
1.1368404626846313
1.1540447473526
1.1714036464691162
1.1889996528625488
1.2069369554519653
1.225340485572815
1.2443592548370361
1.264164924621582
1.28495454788208
1.3069475889205933
1.3303875923156738
1.3555381298065186
1.3826833963394165
0.5460094809532166
0.5779263973236084
0.6074861288070679
0.6350343227386475
0.6608913540840149
0.685352623462677
0.7086833715438843
0.7311208844184875
0.7528705596923828
0.7741100788116455
0.7949866056442261
0.8156222105026245
0.8361122012138367
0.8565307855606079
0.8769304156303406
0.8973469734191895
0.91780024766922
0.938298225402832
0.958838164806366
0.9794104695320129
1.0
1.0205895900726318
1.0411617755889893
1.061701774597168
1.0821996927261353
1.1026530265808105
1.1230696439743042
1.143469214439392
1.1638877391815186
1.1843777894973755
1.205013394355774
1.2258899211883545
1.2471294403076172
1.2688790559768677
1.2913166284561157
1.3146473169326782
1.3391087055206299
1.3649656772613525
1.3925138711929321
1.4220736026763916
1.4539904594421387
0.47750142216682434
0.5138238072395325
0.5474464893341064
0.5787801146507263
0.6082044839859009
0.6360689997673035
0.662685751914978
0.6883326768875122
0.713248610496521
0.7376384735107422
0.7616704702377319
0.7854824066162109
0.8091802597045898
0.8328446745872498
0.8565307855606079
0.8802742958068848
0.9040918946266174
0.9279865622520447
0.951948881149292
0.9759612679481506
1.0
1.0240387916564941
1.048051118850708
1.0720133781433105
1.0959080457687378
1.1197257041931152
1.143469214439392
1.167155385017395
1.1908197402954102
1.214517593383789
1.238329529762268
1.2623615264892578
1.286751389503479
1.3116673231124878
1.337314248085022
1.3639309406280518
1.3917955160140991
1.4212199449539185
1.4525535106658936
1.4861762523651123
1.522498607635498
0.4122147560119629
0.45250678062438965
0.48978108167648315
0.5245172381401062
0.5571582913398743
0.5881100296974182
0.6177330017089844
0.6463459730148315
0.6742205619812012
0.7015875577926636
0.7286338806152344
0.7555105686187744
0.7823312878608704
0.8091802597045898
0.8361122012138367
0.8631595373153687
0.8903326988220215
0.9176268577575684
0.9450228214263916
0.9724922776222229
1.0
1.0275077819824219
1.0549771785736084
1.0823731422424316
1.1096673011779785
1.1368404626846313
1.1638877391815186
1.1908197402954102
1.2176687717437744
1.2444894313812256
1.2713661193847656
1.2984124422073364
1.3257794380187988
1.3536540269851685
1.3822669982910156
1.411889910697937
1.4428417682647705
1.475482702255249
1.5102189779281616
1.5474932193756104
1.587785243988037
0.350551962852478
0.39430510997772217
0.43475034832954407
0.4724428057670593
0.5078932046890259
0.5415672659873962
0.5738755464553833
0.6051779985427856
0.6357775926589966
0.6659289598464966
0.6958348155021667
0.7256560921669006
0.7555105686187744
0.7854824066162109
0.8156222105026245
0.8459552526473999
0.8764825463294983
0.9071876406669617
0.9380384087562561
0.9689925312995911
1.0
1.0310075283050537
1.0619616508483887
1.092812418937683
1.1235175132751465
1.1540447473526
1.1843777894973755
1.214517593383789
1.2444894313812256
1.2743439674377441
1.304165244102478
1.3340710401535034
1.3642224073410034
1.3948220014572144
1.4261244535446167
1.458432674407959
1.4921067953109741
1.5275572538375854
1.5652496814727783
1.6056948900222778
1.649448037147522
0.2928932309150696
0.3395175039768219
0.3825773000717163
0.4227108955383301
0.4605032801628113
0.4964842200279236
0.5311158299446106
0.5647990703582764
0.597866415977478
0.6305930018424988
0.6631936430931091
0.6958348155021667
0.7286338806152344
0.7616704702377319
0.7949866056442261
0.8285964131355286
0.8624870777130127
0.8966270089149475
0.9309671521186829
0.9654476046562195
1.0
1.0345524549484253
1.069032907485962
1.1033730506896973
1.1375129222869873
1.1714036464691162
1.205013394355774
1.238329529762268
1.2713661193847656
1.304165244102478
1.3368064165115356
1.369407057762146
1.402133584022522
1.4352009296417236
1.4688841104507446
1.5035158395767212
1.539496660232544
1.57728910446167
1.6174226999282837
1.6604825258255005
1.7071068286895752
0.23959402740001678
0.28841108083724976
0.3334454894065857
0.37543052434921265
0.41503363847732544
0.45285362005233765
0.48940587043762207
0.525131106376648
0.5603881478309631
0.595468282699585
0.6305930018424988
0.6659289598464966
0.7015875577926636
0.7376384735107422
0.7741100788116455
0.811000406742096
0.8482784628868103
0.885892927646637
0.9237738847732544
0.9618397355079651
1.0
1.0381602048873901
1.0762261152267456
1.1141071319580078
1.151721477508545
1.1889996528625488
1.2258899211883545
1.2623615264892578
1.2984124422073364
1.3340710401535034
1.369407057762146
1.404531717300415
1.4396119117736816
1.474868893623352
1.510594129562378
1.5471464395523071
1.5849663019180298
1.6245694160461426
1.666554570198059
1.7115888595581055
1.7604060173034668
0.19098301231861115
0.24121004343032837
0.2874833345413208
0.3306463360786438
0.37145981192588806
0.4105972647666931
0.44862809777259827
0.48603010177612305
0.5231830477714539
0.5603881478309631
0.597866415977478
0.6357775926589966
0.6742205619812012
0.713248610496521
0.7528705596923828
0.7930630445480347
0.8337717056274414
0.8749207258224487
0.9164150357246399
0.9581471085548401
1.0
1.0418529510498047
1.0835849046707153
1.1250792741775513
1.1662282943725586
1.2069369554519653
1.2471294403076172
1.286751389503479
1.3257794380187988
1.3642224073410034
1.402133584022522
1.4396119117736816
1.4768168926239014
1.513969898223877
1.5513719320297241
1.589402675628662
1.6285401582717896
1.6693536043167114
1.7125166654586792
1.7587900161743164
1.8090169429779053
0.14735983312129974
0.19809438288211823
0.24476028978824615
0.2883338928222656
0.32968297600746155
0.3695618808269501
0.4085925817489624
0.4472844898700714
0.48603010177612305
0.525131106376648
0.5647990703582764
0.6051779985427856
0.6463459730148315
0.6883326768875122
0.7311208844184875
0.7746595740318298
0.8188657164573669
0.8636341094970703
0.9088394641876221
0.9543439149856567
1.0
1.0456560850143433
1.091160535812378
1.1363658905029297
1.1811342239379883
1.225340485572815
1.2688790559768677
1.3116673231124878
1.3536540269851685
1.3948220014572144
1.4352009296417236
1.474868893623352
1.513969898223877
1.552715539932251
1.5914074182510376
1.6304380893707275
1.6703170537948608
1.7116661071777344
1.755239725112915
1.801905632019043
1.852640151977539
0.10899347811937332
0.15918071568012238
0.2052582949399948
0.24836599826812744
0.2894962430000305
0.3294879198074341
0.36900997161865234
0.4085925817489624
0.44862809777259827
0.48940587043762207
0.5311158299446106
0.5738755464553833
0.6177330017089844
0.662685751914978
0.7086833715438843
0.7556407451629639
0.8034404516220093
0.8519424200057983
0.9009865522384644
0.9503999352455139
1.0
1.0496001243591309
1.0990134477615356
1.1480575799942017
1.1965595483779907
1.2443592548370361
1.2913166284561157
1.337314248085022
1.3822669982910156
1.4261244535446167
1.4688841104507446
1.510594129562378
1.5513719320297241
1.5914074182510376
1.6309900283813477
1.670512080192566
1.7105036973953247
1.7516340017318726
1.7947417497634888
1.840819239616394
1.8910064697265625
0.07612046599388123
0.12451698631048203
0.16886016726493835
0.2105007916688919
0.250573992729187
0.2900027632713318
0.3294879198074341
0.3695618808269501
0.4105972647666931
0.45285362005233765
0.4964842200279236
0.5415672659873962
0.5881100296974182
0.6360689997673035
0.685352623462677
0.735835075378418
0.7873584628105164
0.8397426009178162
0.892787516117096
0.9462807178497314
1.0
1.0537192821502686
1.1072124242782593
1.1602574586868286
1.2126415967941284
1.264164924621582
1.3146473169326782
1.3639309406280518
1.411889910697937
1.458432674407959
1.5035158395767212
1.5471464395523071
1.589402675628662
1.6304380893707275
1.670512080192566
1.709997296333313
1.749426007270813
1.7894991636276245
1.8311398029327393
1.8754830360412598
1.9238795042037964
0.04894348233938217
0.09403624385595322
0.1352863758802414
0.17431339621543884
0.21241389214992523
0.250573992729187
0.2894962430000305
0.32968297600746155
0.37145981192588806
0.41503363847732544
0.4605032801628113
0.5078932046890259
0.5571582913398743
0.6082044839859009
0.6608913540840149
0.7150453925132751
0.7704624533653259
0.8269169330596924
0.884164035320282
0.9419471025466919
1.0
1.058052897453308
1.1158359050750732
1.1730830669403076
1.2295374870300293
1.28495454788208
1.3391087055206299
1.3917955160140991
1.4428417682647705
1.4921067953109741
1.539496660232544
1.5849663019180298
1.6285401582717896
1.6703170537948608
1.7105036973953247
1.749426007270813
1.7875860929489136
1.8256865739822388
1.8647136688232422
1.9059637784957886
1.9510564804077148
0.02763007953763008
0.06753650307655334
0.1040489450097084
0.13916407525539398
0.17431339621543884
0.2105007916688919
0.24836599826812744
0.2883338928222656
0.3306463360786438
0.37543052434921265
0.4227108955383301
0.4724428057670593
0.5245172381401062
0.5787801146507263
0.6350343227386475
0.693052351474762
0.7525780200958252
0.813335120677948
0.8750295639038086
0.9373558759689331
1.0
1.062644124031067
1.1249704360961914
1.1866649389266968
1.2474219799041748
1.3069475889205933
1.3649656772613525
1.4212199449539185
1.475482702255249
1.5275572538375854
1.57728910446167
1.6245694160461426
1.6693536043167114
1.7116661071777344
1.7516340017318726
1.7894991636276245
1.8256865739822388
1.8608359098434448
1.8959510326385498
1.932463526725769
1.972369909286499
0.012311659753322601
0.04448435828089714
0.07428832352161407
0.1040489450097084
0.1352863758802414
0.16886016726493835
0.2052582949399948
0.24476028978824615
0.2874833345413208
0.3334454894065857
0.3825773000717163
0.43475034832954407
0.48978108167648315
0.5474464893341064
0.6074861288070679
0.6696123480796814
0.7335118651390076
0.7988530993461609
0.8652883172035217
0.9324593544006348
1.0
1.0675406455993652
1.1347116231918335
1.2011469602584839
1.2664881944656372
1.3303875923156738
1.3925138711929321
1.4525535106658936
1.5102189779281616
1.5652496814727783
1.6174226999282837
1.666554570198059
1.7125166654586792
1.755239725112915
1.7947417497634888
1.8311398029327393
1.8647136688232422
1.8959510326385498
1.9257116317749023
1.9555156230926514
1.9876883029937744
0.003082666313275695
0.023965483531355858
0.04448435828089714
0.06753650307655334
0.09403624385595322
0.12451698631048203
0.15918071568012238
0.19809438288211823
0.24121004343032837
0.28841108083724976
0.3395175039768219
0.39430510997772217
0.45250678062438965
0.5138238072395325
0.5779263973236084
0.6444618701934814
0.7130551338195801
0.7833154201507568
0.8548372983932495
0.9272061586380005
1.0
1.0727938413619995
1.1451627016067505
1.2166845798492432
1.28694486618042
1.3555381298065186
1.4220736026763916
1.4861762523651123
1.5474932193756104
1.6056948900222778
1.6604825258255005
1.7115888595581055
1.7587900161743164
1.801905632019043
1.840819239616394
1.8754830360412598
1.9059637784957886
1.932463526725769
1.9555156230926514
1.9760345220565796
1.9969173669815063
0.0
0.003082666313275695
0.012311659753322601
0.02763007953763008
0.04894348233938217
0.07612046599388123
0.10899347811937332
0.14735983312129974
0.19098301231861115
0.23959402740001678
0.2928932309150696
0.350551962852478
0.4122147560119629
0.47750142216682434
0.5460094809532166
0.6173165440559387
0.69098299741745
0.7665546536445618
0.8435655236244202
0.9215409159660339
1.0
1.0784591436386108
1.156434416770935
1.233445405960083
1.3090169429779053
1.3826833963394165
1.4539904594421387
1.522498607635498
1.587785243988037
1.649448037147522
1.7071068286895752
1.7604060173034668
1.8090169429779053
1.852640151977539
1.8910064697265625
1.9238795042037964
1.9510564804077148
1.972369909286499
1.9876883029937744
1.9969173669815063
2.0
