2.0
1.9969173669815063
1.9876883029937744
1.972369909286499
1.9510564804077148
1.9238795042037964
1.8910064697265625
1.852640151977539
1.8090169429779053
1.7604060173034668
1.7071068286895752
1.649448037147522
1.587785243988037
1.522498607635498
1.4539904594421387
1.3826833963394165
1.3090169429779053
1.233445405960083
1.156434416770935
1.0784591436386108
1.0
0.9215409159660339
0.8435655236244202
0.7665546536445618
0.69098299741745
0.6173165440559387
0.5460094809532166
0.47750142216682434
0.4122147560119629
0.350551962852478
0.2928932309150696
0.23959402740001678
0.19098301231861115
0.14735983312129974
0.10899347811937332
0.07612046599388123
0.04894348233938217
0.02763007953763008
0.012311659753322601
0.003082666313275695
0.0
1.9969173669815063
1.9759851694107056
1.955435037612915
1.932361364364624
1.9058470726013184
1.875356912612915
1.8406879901885986
1.8017724752426147
1.7586578130722046
1.7114602327346802
1.660359501838684
1.6055792570114136
1.5473867654800415
1.4860801696777344
1.4219890832901
1.3554662466049194
1.28688645362854
1.2166402339935303
1.1451327800750732
1.0727788209915161
1.0
0.9272211790084839
0.854867160320282
0.7833598256111145
0.7131136059761047
0.6445336937904358
0.5780108571052551
0.5139198899269104
0.45261329412460327
0.39442068338394165
0.3396405279636383
0.28853973746299744
0.24134215712547302
0.19822752475738525
0.15931202471256256
0.12464306503534317
0.09415294229984283
0.06763865798711777
0.04456498101353645
0.024014778435230255
0.003082666313275695
1.9876883029937744
1.955435037612915
1.9255738258361816
1.8957726955413818
1.8645070791244507
1.8309146165847778
1.7945055961608887
1.7549991607666016
1.7122771739959717
1.6663206815719604
1.6171985864639282
1.5650386810302734
1.5100243091583252
1.4523776769638062
1.3923591375350952
1.3302558660507202
1.266381025314331
1.2010654211044312
1.1346569061279297
1.067513108253479
1.0
0.932486891746521
0.8653431534767151
0.7989345192909241
0.7336190342903137
0.669744074344635
0.6076408624649048
0.5476222634315491
0.4899757504463196
0.4349612891674042
0.38280144333839417
0.33367934823036194
0.2877228856086731
0.24500082433223724
0.20549438893795013
0.16908538341522217
0.1354929655790329
0.10422732681035995
0.07442621141672134
0.04456498101353645
0.012311659753322601
1.972369909286499
1.932361364364624
1.8957726955413818
1.860601544380188
1.8254122734069824
1.7891979217529297
1.7513163089752197
1.711341142654419
1.6690289974212646
1.6242516040802002
1.5769838094711304
1.5272694826126099
1.4752168655395508
1.4209794998168945
1.3647539615631104
1.306767225265503
1.2472751140594482
1.1865532398223877
1.1248953342437744
1.0626063346862793
1.0
0.9373936653137207
0.8751046657562256
0.8134467005729675
0.7527248859405518
0.6932327151298523
0.6352460384368896
0.5790205001831055
0.5247831344604492
0.47273051738739014
0.42301613092422485
0.3757483661174774
0.3309710621833801
0.28865888714790344
0.2486836314201355
0.2108020931482315
0.1745876669883728
0.13939841091632843
0.10422732681035995
0.06763865798711777
0.02763007953763008
1.9510564804077148
1.9058470726013184
1.8645070791244507
1.8254122734069824
1.7872624397277832
1.749068260192871
1.7101248502731323
1.6699278354644775
1.628150224685669
1.5845837593078613
1.5391285419464111
1.4917593002319336
1.4425201416015625
1.3915045261383057
1.3388521671295166
1.284735918045044
1.2293593883514404
1.172947645187378
1.115744709968567
1.0580071210861206
1.0
0.9419929385185242
0.8842552304267883
0.8270523548126221
0.7706406116485596
0.715264081954956
0.6611478328704834
0.6084954738616943
0.5574798583984375
0.5082406997680664
0.4608714282512665
0.41541624069213867
0.37184974551200867
0.3300721347332001
0.2898751497268677
0.2509317100048065
0.21273751556873322
0.1745876669883728
0.1354929655790329
0.09415294229984283
0.04894348233938217
1.9238795042037964
1.875356912612915
1.8309146165847778
1.7891979217529297
1.749068260192871
1.7095998525619507
1.6700894832611084
1.630002737045288
1.5889652967453003
1.546716332435608
1.5031012296676636
1.4580408334732056
1.4115269184112549
1.3636021614074707
1.3143573999404907
1.2639175653457642
1.2124398946762085
1.1601040363311768
1.1071091890335083
1.0536673069000244
1.0
0.9463326334953308
0.8928908109664917
0.8398959636688232
0.7875601053237915
0.7360824942588806
0.685642659664154
0.6363978385925293
0.5884730815887451
0.5419591665267944
0.49689874053001404
0.4532836973667145
0.4110347032546997
0.3699972629547119
0.3299104869365692
0.29040008783340454
0.2509317100048065
0.2108020931482315
0.16908538341522217
0.12464306503534317
0.07612046599388123
1.8910064697265625
1.8406879901885986
1.7945055961608887
1.7513163089752197
1.7101248502731323
1.6700894832611084
1.6305391788482666
1.5909415483474731
1.5509028434753418
1.510132074356079
1.4684381484985352
1.4257022142410278
1.3818755149841309
1.3369593620300293
1.2910033464431763
1.2440918684005737
1.1963415145874023
1.147891640663147
1.0989017486572266
1.049543857574463
1.0
0.9504561424255371
0.9010983109474182
0.852108359336853
0.8036584854125977
0.755908191204071
0.7089966535568237
0.6630406975746155
0.6181244850158691
0.5742977857589722
0.5315619111061096
0.4898679256439209
0.4490971863269806
0.40905842185020447
0.3694608509540558
0.3299104869365692
0.2898751497268677
0.2486836314201355
0.20549438893795013
0.15931202471256256
0.10899347811937332
1.852640151977539
1.8017724752426147
1.7549991607666016
1.711341142654419
1.6699278354644775
1.630002737045288
1.5909415483474731
1.552233099937439
1.5134831666946411
1.4743887186050415
1.434736728668213
1.394382119178772
1.353245735168457
1.311296820640564
1.2685519456863403
1.225061058998108
1.1809064149856567
1.1361924409866333
1.0910437107086182
1.0455973148345947
1.0
0.95440274477005
0.9089563488960266
0.8638075590133667
0.819093644618988
0.7749390006065369
0.7314481139183044
0.6887031197547913
0.6467543244361877
0.605617880821228
0.5652632713317871
0.5256112813949585
0.4865167737007141
0.44776687026023865
0.40905842185020447
0.3699972629547119
0.3300721347332001
0.28865888714790344
0.24500082433223724
0.19822752475738525
0.14735983312129974
1.8090169429779053
1.7586578130722046
1.7122771739959717
1.6690289974212646
1.628150224685669
1.5889652967453003
1.5509028434753418
1.5134831666946411
1.4763251543045044
1.439125895500183
1.4016633033752441
1.3637762069702148
1.3253649473190308
1.2863750457763672
1.2467968463897705
1.2066528797149658
1.1659964323043823
1.1249027252197266
1.0834659337997437
1.0417931079864502
1.0
0.9582069516181946
0.9165340065956116
0.8750972747802734
0.8340035676956177
0.793347179889679
0.7532031536102295
0.713624894618988
0.6746350526809692
0.6362237334251404
0.5983367562294006
0.5608741044998169
0.5236749053001404
0.4865167737007141
0.4490971863269806
0.4110347032546997
0.37184974551200867
0.3309710621833801
0.2877228856086731
0.24134215712547302
0.19098301231861115
1.7604060173034668
1.7114602327346802
1.6663206815719604
1.6242516040802002
1.5845837593078613
1.546716332435608
1.510132074356079
1.4743887186050415
1.439125895500183
1.4040509462356567
1.3689411878585815
1.33362877368927
1.2980012893676758
1.2619880437850952
1.2255595922470093
1.188717246055603
1.1514910459518433
1.1139315366744995
1.0761078596115112
1.0381007194519043
1.0
0.9618992805480957
0.9238921403884888
0.8860684037208557
0.8485089540481567
0.8112826943397522
0.774440348148346
0.7380120158195496
0.7019987106323242
0.6663711667060852
0.6310587525367737
0.5959489941596985
0.5608741044998169
0.5256112813949585
0.4898679256439209
0.4532836973667145
0.41541624069213867
0.3757483661174774
0.33367934823036194
0.28853973746299744
0.23959402740001678
1.7071068286895752
1.660359501838684
1.6171985864639282
1.5769838094711304
1.5391285419464111
1.5031012296676636
1.4684381484985352
1.434736728668213
1.4016633033752441
1.3689411878585815
1.3363547325134277
1.3037359714508057
1.2709667682647705
1.237966537475586
1.2046922445297241
1.1711289882659912
1.1372886896133423
1.103202223777771
1.0689177513122559
1.0344945192337036
1.0
0.9655055403709412
0.9310822486877441
0.896797776222229
0.8627113103866577
0.828870952129364
0.7953076958656311
0.7620334625244141
0.7290331721305847
0.6962639689445496
0.663645327091217
0.6310587525367737
0.5983367562294006
0.5652632713317871
0.5315619111061096
0.49689874053001404
0.4608714282512665
0.42301613092422485
0.38280144333839417
0.3396405279636383
0.2928932309150696
1.649448037147522
1.6055792570114136
1.5650386810302734
1.5272694826126099
1.4917593002319336
1.4580408334732056
1.4257022142410278
1.394382119178772
1.3637762069702148
1.33362877368927
1.3037359714508057
1.2739357948303223
1.2441095113754272
1.214172124862671
1.1840720176696777
1.1537832021713257
1.1233038902282715
1.0926495790481567
1.0618518590927124
1.0309522151947021
1.0
0.9690477252006531
0.9381480813026428
0.9073503613471985
0.8766961097717285
0.8462167978286743
0.8159279823303223
0.7858279347419739
0.7558904886245728
0.7260642051696777
0.6962639689445496
0.6663711667060852
0.6362237334251404
0.605617880821228
0.5742977857589722
0.5419591665267944
0.5082406997680664
0.47273051738739014
0.4349612891674042
0.39442068338394165
0.350551962852478
1.587785243988037
1.5473867654800415
1.5100243091583252
1.4752168655395508
1.4425201416015625
1.4115269184112549
1.3818755149841309
1.353245735168457
1.3253649473190308
1.2980012893676758
1.2709667682647705
1.2441095113754272
1.2173149585723877
1.190497875213623
1.1636028289794922
1.1365966796875
1.1094681024551392
1.0822213888168335
1.0548748970031738
1.027456283569336
1.0
0.9725437760353088
0.945125162601471
0.9177786707878113
0.8905318975448608
0.8634033203125
0.8363972306251526
0.809502124786377
0.7826850414276123
0.7558904886245728
0.7290331721305847
0.7019987106323242
0.6746350526809692
0.6467543244361877
0.6181244850158691
0.5884730815887451
0.5574798583984375
0.5247831344604492
0.4899757504463196
0.45261329412460327
0.4122147560119629
1.522498607635498
1.4860801696777344
1.4523776769638062
1.4209794998168945
1.3915045261383057
1.3636021614074707
1.3369593620300293
1.311296820640564
1.2863750457763672
1.2619880437850952
1.237966537475586
1.214172124862671
1.190497875213623
1.1668623685836792
1.14320969581604
1.1195036172866821
1.0957266092300415
1.0718750953674316
1.0479578971862793
1.0239918231964111
1.0
0.9760081768035889
0.9520421028137207
0.9281248450279236
0.9042733311653137
0.8804963827133179
0.8567902445793152
0.8331376314163208
0.809502124786377
0.7858279347419739
0.7620334625244141
0.7380120158195496
0.713624894618988
0.6887031197547913
0.6630406975746155
0.6363978385925293
0.6084954738616943
0.5790205001831055
0.5476222634315491
0.5139198899269104
0.47750142216682434
1.4539904594421387
1.4219890832901
1.3923591375350952
1.3647539615631104
1.3388521671295166
1.3143573999404907
1.2910033464431763
1.2685519456863403
1.2467968463897705
1.2255595922470093
1.2046922445297241
1.1840720176696777
1.1636028289794922
1.14320969581604
1.1228398084640503
1.1024563312530518
1.0820389986038208
1.0615792274475098
1.0410791635513306
1.0205479860305786
1.0
0.9794520735740662
0.9589208364486694
0.9384207725524902
0.917961061000824
0.897543728351593
0.8771602511405945
0.8567902445793152
0.8363972306251526
0.8159279823303223
0.7953076958656311
0.774440348148346
0.7532031536102295
0.7314481139183044
0.7089966535568237
0.685642659664154
0.6611478328704834
0.6352460384368896
0.6076408624649048
0.5780108571052551
0.5460094809532166
1.3826833963394165
1.3554662466049194
1.3302558660507202
1.306767225265503
1.284735918045044
1.2639175653457642
1.2440918684005737
1.225061058998108
1.2066528797149658
1.188717246055603
1.1711289882659912
1.1537832021713257
1.1365966796875
1.1195036172866821
1.1024563312530518
1.0854203701019287
1.0683752298355103
1.0513099431991577
1.0342222452163696
1.0171161890029907
1.0
0.9828837513923645
0.9657776951789856
0.9486901164054871
0.9316247701644897
0.9145795702934265
0.897543728351593
0.8804963827133179
0.8634033203125
0.8462167978286743
0.828870952129364
0.8112826943397522
0.793347179889679
0.7749390006065369
0.755908191204071
0.7360824942588806
0.715264081954956
0.6932327151298523
0.669744074344635
0.6445336937904358
0.6173165440559387
1.3090169429779053
1.28688645362854
1.266381025314331
1.2472751140594482
1.2293593883514404
1.2124398946762085
1.1963415145874023
1.1809064149856567
1.1659964323043823
1.1514910459518433
1.1372886896133423
1.1233038902282715
1.1094681024551392
1.0957266092300415
1.0820389986038208
1.0683752298355103
1.0547164678573608
1.0410515069961548
1.0273760557174683
1.0136909484863281
1.0
0.9863091111183167
0.972623884677887
0.9589484930038452
0.9452834725379944
0.9316247701644897
0.917961061000824
0.9042733311653137
0.8905318975448608
0.8766961097717285
0.8627113103866577
0.8485089540481567
0.8340035676956177
0.819093644618988
0.8036584854125977
0.7875601053237915
0.7706406116485596
0.7527248859405518
0.7336190342903137
0.7131136059761047
0.69098299741745
1.233445405960083
1.2166402339935303
1.2010654211044312
1.1865532398223877
1.172947645187378
1.1601040363311768
1.147891640663147
1.1361924409866333
1.1249027252197266
1.1139315366744995
1.103202223777771
1.0926495790481567
1.0822213888168335
1.0718750953674316
1.0615792274475098
1.0513099431991577
1.0410515069961548
1.0307941436767578
1.0205333232879639
1.0102680921554565
1.0
0.9897319078445435
0.9794666171073914
0.9692058563232422
0.9589484930038452
0.9486901164054871
0.9384207725524902
0.9281248450279236
0.9177786707878113
0.9073503613471985
0.896797776222229
0.8860684037208557
0.8750972747802734
0.8638075590133667
0.852108359336853
0.8398959636688232
0.8270523548126221
0.8134467005729675
0.7989345192909241
0.7833598256111145
0.7665546536445618
1.156434416770935
1.1451327800750732
1.1346569061279297
1.1248953342437744
1.115744709968567
1.1071091890335083
1.0989017486572266
1.0910437107086182
1.0834659337997437
1.0761078596115112
1.0689177513122559
1.0618518590927124
1.0548748970031738
1.0479578971862793
1.0410791635513306
1.0342222452163696
1.0273760557174683
1.0205333232879639
1.0136903524398804
1.0068458318710327
1.0
0.9931542277336121
0.9863095879554749
0.9794666171073914
0.972623884677887
0.9657776951789856
0.9589208364486694
0.9520421028137207
0.945125162601471
0.9381480813026428
0.9310822486877441
0.9238921403884888
0.9165340065956116
0.9089563488960266
0.9010983109474182
0.8928908109664917
0.8842552304267883
0.8751046657562256
0.8653431534767151
0.854867160320282
0.8435655236244202
1.0784591436386108
1.0727788209915161
1.067513108253479
1.0626063346862793
1.0580071210861206
1.0536673069000244
1.049543857574463
1.0455973148345947
1.0417931079864502
1.0381007194519043
1.0344945192337036
1.0309522151947021
1.027456283569336
1.0239918231964111
1.0205479860305786
1.0171161890029907
1.0136909484863281
1.0102680921554565
1.0068458318710327
1.0034230947494507
1.0
0.9965769052505493
0.9931542277336121
0.9897319078445435
0.9863091111183167
0.9828837513923645
0.9794520735740662
0.9760081768035889
0.9725437760353088
0.9690477252006531
0.9655055403709412
0.9618992805480957
0.9582069516181946
0.95440274477005
0.9504561424255371
0.9463326334953308
0.9419929385185242
0.9373936653137207
0.932486891746521
0.9272211790084839
0.9215409159660339
1.0
1.0
1.0
1.0
1.0
1.0
1.0
1.0
1.0
1.0
1.0
1.0
1.0
1.0
1.0
1.0
1.0
1.0
1.0
1.0
1.0
1.0
1.0
1.0
1.0
1.0
1.0
1.0
1.0
1.0
1.0
1.0
1.0
1.0
1.0
1.0
1.0
1.0
1.0
1.0
1.0
0.9215409159660339
0.9272211790084839
0.932486891746521
0.9373936653137207
0.9419929385185242
0.9463326334953308
0.9504561424255371
0.95440274477005
0.9582069516181946
0.9618992805480957
0.9655055403709412
0.9690477252006531
0.9725437760353088
0.9760081768035889
0.9794520735740662
0.9828837513923645
0.9863091111183167
0.9897319078445435
0.9931542277336121
0.9965769052505493
1.0
1.0034230947494507
1.0068458318710327
1.0102680921554565
1.0136909484863281
1.0171161890029907
1.0205479860305786
1.0239918231964111
1.027456283569336
1.0309522151947021
1.0344945192337036
1.0381007194519043
1.0417931079864502
1.0455973148345947
1.049543857574463
1.0536673069000244
1.0580071210861206
1.0626063346862793
1.067513108253479
1.0727788209915161
1.0784591436386108
0.8435655236244202
0.854867160320282
0.8653431534767151
0.8751046657562256
0.8842552304267883
0.8928908109664917
0.9010983109474182
0.9089563488960266
0.9165340065956116
0.9238921403884888
0.9310822486877441
0.9381480813026428
0.945125162601471
0.9520421028137207
0.9589208364486694
0.9657776951789856
0.972623884677887
0.9794666171073914
0.9863095879554749
0.9931542277336121
1.0
1.0068458318710327
1.0136903524398804
1.0205333232879639
1.0273760557174683
1.0342222452163696
1.0410791635513306
1.0479578971862793
1.0548748970031738
1.0618518590927124
1.0689177513122559
1.0761078596115112
1.0834659337997437
1.0910437107086182
1.0989017486572266
1.1071091890335083
1.115744709968567
1.1248953342437744
1.1346569061279297
1.1451327800750732
1.156434416770935
0.7665546536445618
0.7833598256111145
0.7989345192909241
0.8134467005729675
0.8270523548126221
0.8398959636688232
0.852108359336853
0.8638075590133667
0.8750972747802734
0.8860684037208557
0.896797776222229
0.9073503613471985
0.9177786707878113
0.9281248450279236
0.9384207725524902
0.9486901164054871
0.9589484930038452
0.9692058563232422
0.9794666171073914
0.9897319078445435
1.0
1.0102680921554565
1.0205333232879639
1.0307941436767578
1.0410515069961548
1.0513099431991577
1.0615792274475098
1.0718750953674316
1.0822213888168335
1.0926495790481567
1.103202223777771
1.1139315366744995
1.1249027252197266
1.1361924409866333
1.147891640663147
1.1601040363311768
1.172947645187378
1.1865532398223877
1.2010654211044312
1.2166402339935303
1.233445405960083
0.69098299741745
0.7131136059761047
0.7336190342903137
0.7527248859405518
0.7706406116485596
0.7875601053237915
0.8036584854125977
0.819093644618988
0.8340035676956177
0.8485089540481567
0.8627113103866577
0.8766961097717285
0.8905318975448608
0.9042733311653137
0.917961061000824
0.9316247701644897
0.9452834725379944
0.9589484930038452
0.972623884677887
0.9863091111183167
1.0
1.0136909484863281
1.0273760557174683
1.0410515069961548
1.0547164678573608
1.0683752298355103
1.0820389986038208
1.0957266092300415
1.1094681024551392
1.1233038902282715
1.1372886896133423
1.1514910459518433
1.1659964323043823
1.1809064149856567
1.1963415145874023
1.2124398946762085
1.2293593883514404
1.2472751140594482
1.266381025314331
1.28688645362854
1.3090169429779053
0.6173165440559387
0.6445336937904358
0.669744074344635
0.6932327151298523
0.715264081954956
0.7360824942588806
0.755908191204071
0.7749390006065369
0.793347179889679
0.8112826943397522
0.828870952129364
0.8462167978286743
0.8634033203125
0.8804963827133179
0.897543728351593
0.9145795702934265
0.9316247701644897
0.9486901164054871
0.9657776951789856
0.9828837513923645
1.0
1.0171161890029907
1.0342222452163696
1.0513099431991577
1.0683752298355103
1.0854203701019287
1.1024563312530518
1.1195036172866821
1.1365966796875
1.1537832021713257
1.1711289882659912
1.188717246055603
1.2066528797149658
1.225061058998108
1.2440918684005737
1.2639175653457642
1.284735918045044
1.306767225265503
1.3302558660507202
1.3554662466049194
1.3826833963394165
0.5460094809532166
0.5780108571052551
0.6076408624649048
0.6352460384368896
0.6611478328704834
0.685642659664154
0.7089966535568237
0.7314481139183044
0.7532031536102295
0.774440348148346
0.7953076958656311
0.8159279823303223
0.8363972306251526
0.8567902445793152
0.8771602511405945
0.897543728351593
0.917961061000824
0.9384207725524902
0.9589208364486694
0.9794520735740662
1.0
1.0205479860305786
1.0410791635513306
1.0615792274475098
1.0820389986038208
1.1024563312530518
1.1228398084640503
1.14320969581604
1.1636028289794922
1.1840720176696777
1.2046922445297241
1.2255595922470093
1.2467968463897705
1.2685519456863403
1.2910033464431763
1.3143573999404907
1.3388521671295166
1.3647539615631104
1.3923591375350952
1.4219890832901
1.4539904594421387
0.47750142216682434
0.5139198899269104
0.5476222634315491
0.5790205001831055
0.6084954738616943
0.6363978385925293
0.6630406975746155
0.6887031197547913
0.713624894618988
0.7380120158195496
0.7620334625244141
0.7858279347419739
0.809502124786377
0.8331376314163208
0.8567902445793152
0.8804963827133179
0.9042733311653137
0.9281248450279236
0.9520421028137207
0.9760081768035889
1.0
1.0239918231964111
1.0479578971862793
1.0718750953674316
1.0957266092300415
1.1195036172866821
1.14320969581604
1.1668623685836792
1.190497875213623
1.214172124862671
1.237966537475586
1.2619880437850952
1.2863750457763672
1.311296820640564
1.3369593620300293
1.3636021614074707
1.3915045261383057
1.4209794998168945
1.4523776769638062
1.4860801696777344
1.522498607635498
0.4122147560119629
0.45261329412460327
0.4899757504463196
0.5247831344604492
0.5574798583984375
0.5884730815887451
0.6181244850158691
0.6467543244361877
0.6746350526809692
0.7019987106323242
0.7290331721305847
0.7558904886245728
0.7826850414276123
0.809502124786377
0.8363972306251526
0.8634033203125
0.8905318975448608
0.9177786707878113
0.945125162601471
0.9725437760353088
1.0
1.027456283569336
1.0548748970031738
1.0822213888168335
1.1094681024551392
1.1365966796875
1.1636028289794922
1.190497875213623
1.2173149585723877
1.2441095113754272
1.2709667682647705
1.2980012893676758
1.3253649473190308
1.353245735168457
1.3818755149841309
1.4115269184112549
1.4425201416015625
1.4752168655395508
1.5100243091583252
1.5473867654800415
1.587785243988037
0.350551962852478
0.39442068338394165
0.4349612891674042
0.47273051738739014
0.5082406997680664
0.5419591665267944
0.5742977857589722
0.605617880821228
0.6362237334251404
0.6663711667060852
0.6962639689445496
0.7260642051696777
0.7558904886245728
0.7858279347419739
0.8159279823303223
0.8462167978286743
0.8766961097717285
0.9073503613471985
0.9381480813026428
0.9690477252006531
1.0
1.0309522151947021
1.0618518590927124
1.0926495790481567
1.1233038902282715
1.1537832021713257
1.1840720176696777
1.214172124862671
1.2441095113754272
1.2739357948303223
1.3037359714508057
1.33362877368927
1.3637762069702148
1.394382119178772
1.4257022142410278
1.4580408334732056
1.4917593002319336
1.5272694826126099
1.5650386810302734
1.6055792570114136
1.649448037147522
0.2928932309150696
0.3396405279636383
0.38280144333839417
0.42301613092422485
0.4608714282512665
0.49689874053001404
0.5315619111061096
0.5652632713317871
0.5983367562294006
0.6310587525367737
0.663645327091217
0.6962639689445496
0.7290331721305847
0.7620334625244141
0.7953076958656311
0.828870952129364
0.8627113103866577
0.896797776222229
0.9310822486877441
0.9655055403709412
1.0
1.0344945192337036
1.0689177513122559
1.103202223777771
1.1372886896133423
1.1711289882659912
1.2046922445297241
1.237966537475586
1.2709667682647705
1.3037359714508057
1.3363547325134277
1.3689411878585815
1.4016633033752441
1.434736728668213
1.4684381484985352
1.5031012296676636
1.5391285419464111
1.5769838094711304
1.6171985864639282
1.660359501838684
1.7071068286895752
0.23959402740001678
0.28853973746299744
0.33367934823036194
0.3757483661174774
0.41541624069213867
0.4532836973667145
0.4898679256439209
0.5256112813949585
0.5608741044998169
0.5959489941596985
0.6310587525367737
0.6663711667060852
0.7019987106323242
0.7380120158195496
0.774440348148346
0.8112826943397522
0.8485089540481567
0.8860684037208557
0.9238921403884888
0.9618992805480957
1.0
1.0381007194519043
1.0761078596115112
1.1139315366744995
1.1514910459518433
1.188717246055603
1.2255595922470093
1.2619880437850952
1.2980012893676758
1.33362877368927
1.3689411878585815
1.4040509462356567
1.439125895500183
1.4743887186050415
1.510132074356079
1.546716332435608
1.5845837593078613
1.6242516040802002
1.6663206815719604
1.7114602327346802
1.7604060173034668
0.19098301231861115
0.24134215712547302
0.2877228856086731
0.3309710621833801
0.37184974551200867
0.4110347032546997
0.4490971863269806
0.4865167737007141
0.5236749053001404
0.5608741044998169
0.5983367562294006
0.6362237334251404
0.6746350526809692
0.713624894618988
0.7532031536102295
0.793347179889679
0.8340035676956177
0.8750972747802734
0.9165340065956116
0.9582069516181946
1.0
1.0417931079864502
1.0834659337997437
1.1249027252197266
1.1659964323043823
1.2066528797149658
1.2467968463897705
1.2863750457763672
1.3253649473190308
1.3637762069702148
1.4016633033752441
1.439125895500183
1.4763251543045044
1.5134831666946411
1.5509028434753418
1.5889652967453003
1.628150224685669
1.6690289974212646
1.7122771739959717
1.7586578130722046
1.8090169429779053
0.14735983312129974
0.19822752475738525
0.24500082433223724
0.28865888714790344
0.3300721347332001
0.3699972629547119
0.40905842185020447
0.44776687026023865
0.4865167737007141
0.5256112813949585
0.5652632713317871
0.605617880821228
0.6467543244361877
0.6887031197547913
0.7314481139183044
0.7749390006065369
0.819093644618988
0.8638075590133667
0.9089563488960266
0.95440274477005
1.0
1.0455973148345947
1.0910437107086182
1.1361924409866333
1.1809064149856567
1.225061058998108
1.2685519456863403
1.311296820640564
1.353245735168457
1.394382119178772
1.434736728668213
1.4743887186050415
1.5134831666946411
1.552233099937439
1.5909415483474731
1.630002737045288
1.6699278354644775
1.711341142654419
1.7549991607666016
1.8017724752426147
1.852640151977539
0.10899347811937332
0.15931202471256256
0.20549438893795013
0.2486836314201355
0.2898751497268677
0.3299104869365692
0.3694608509540558
0.40905842185020447
0.4490971863269806
0.4898679256439209
0.5315619111061096
0.5742977857589722
0.6181244850158691
0.6630406975746155
0.7089966535568237
0.755908191204071
0.8036584854125977
0.852108359336853
0.9010983109474182
0.9504561424255371
1.0
1.049543857574463
1.0989017486572266
1.147891640663147
1.1963415145874023
1.2440918684005737
1.2910033464431763
1.3369593620300293
1.3818755149841309
1.4257022142410278
1.4684381484985352
1.510132074356079
1.5509028434753418
1.5909415483474731
1.6305391788482666
1.6700894832611084
1.7101248502731323
1.7513163089752197
1.7945055961608887
1.8406879901885986
1.8910064697265625
0.07612046599388123
0.12464306503534317
0.16908538341522217
0.2108020931482315
0.2509317100048065
0.29040008783340454
0.3299104869365692
0.3699972629547119
0.4110347032546997
0.4532836973667145
0.49689874053001404
0.5419591665267944
0.5884730815887451
0.6363978385925293
0.685642659664154
0.7360824942588806
0.7875601053237915
0.8398959636688232
0.8928908109664917
0.9463326334953308
1.0
1.0536673069000244
1.1071091890335083
1.1601040363311768
1.2124398946762085
1.2639175653457642
1.3143573999404907
1.3636021614074707
1.4115269184112549
1.4580408334732056
1.5031012296676636
1.546716332435608
1.5889652967453003
1.630002737045288
1.6700894832611084
1.7095998525619507
1.749068260192871
1.7891979217529297
1.8309146165847778
1.875356912612915
1.9238795042037964
0.04894348233938217
0.09415294229984283
0.1354929655790329
0.1745876669883728
0.21273751556873322
0.2509317100048065
0.2898751497268677
0.3300721347332001
0.37184974551200867
0.41541624069213867
0.4608714282512665
0.5082406997680664
0.5574798583984375
0.6084954738616943
0.6611478328704834
0.715264081954956
0.7706406116485596
0.8270523548126221
0.8842552304267883
0.9419929385185242
1.0
1.0580071210861206
1.115744709968567
1.172947645187378
1.2293593883514404
1.284735918045044
1.3388521671295166
1.3915045261383057
1.4425201416015625
1.4917593002319336
1.5391285419464111
1.5845837593078613
1.628150224685669
1.6699278354644775
1.7101248502731323
1.749068260192871
1.7872624397277832
1.8254122734069824
1.8645070791244507
1.9058470726013184
1.9510564804077148
0.02763007953763008
0.06763865798711777
0.10422732681035995
0.13939841091632843
0.1745876669883728
0.2108020931482315
0.2486836314201355
0.28865888714790344
0.3309710621833801
0.3757483661174774
0.42301613092422485
0.47273051738739014
0.5247831344604492
0.5790205001831055
0.6352460384368896
0.6932327151298523
0.7527248859405518
0.8134467005729675
0.8751046657562256
0.9373936653137207
1.0
1.0626063346862793
1.1248953342437744
1.1865532398223877
1.2472751140594482
1.306767225265503
1.3647539615631104
1.4209794998168945
1.4752168655395508
1.5272694826126099
1.5769838094711304
1.6242516040802002
1.6690289974212646
1.711341142654419
1.7513163089752197
1.7891979217529297
1.8254122734069824
1.860601544380188
1.8957726955413818
1.932361364364624
1.972369909286499
0.012311659753322601
0.04456498101353645
0.07442621141672134
0.10422732681035995
0.1354929655790329
0.16908538341522217
0.20549438893795013
0.24500082433223724
0.2877228856086731
0.33367934823036194
0.38280144333839417
0.4349612891674042
0.4899757504463196
0.5476222634315491
0.6076408624649048
0.669744074344635
0.7336190342903137
0.7989345192909241
0.8653431534767151
0.932486891746521
1.0
1.067513108253479
1.1346569061279297
1.2010654211044312
1.266381025314331
1.3302558660507202
1.3923591375350952
1.4523776769638062
1.5100243091583252
1.5650386810302734
1.6171985864639282
1.6663206815719604
1.7122771739959717
1.7549991607666016
1.7945055961608887
1.8309146165847778
1.8645070791244507
1.8957726955413818
1.9255738258361816
1.955435037612915
1.9876883029937744
0.003082666313275695
0.024014778435230255
0.04456498101353645
0.06763865798711777
0.09415294229984283
0.12464306503534317
0.15931202471256256
0.19822752475738525
0.24134215712547302
0.28853973746299744
0.3396405279636383
0.39442068338394165
0.45261329412460327
0.5139198899269104
0.5780108571052551
0.6445336937904358
0.7131136059761047
0.7833598256111145
0.854867160320282
0.9272211790084839
1.0
1.0727788209915161
1.1451327800750732
1.2166402339935303
1.28688645362854
1.3554662466049194
1.4219890832901
1.4860801696777344
1.5473867654800415
1.6055792570114136
1.660359501838684
1.7114602327346802
1.7586578130722046
1.8017724752426147
1.8406879901885986
1.875356912612915
1.9058470726013184
1.932361364364624
1.955435037612915
1.9759851694107056
1.9969173669815063
0.0
0.003082666313275695
0.012311659753322601
0.02763007953763008
0.04894348233938217
0.07612046599388123
0.10899347811937332
0.14735983312129974
0.19098301231861115
0.23959402740001678
0.2928932309150696
0.350551962852478
0.4122147560119629
0.47750142216682434
0.5460094809532166
0.6173165440559387
0.69098299741745
0.7665546536445618
0.8435655236244202
0.9215409159660339
1.0
1.0784591436386108
1.156434416770935
1.233445405960083
1.3090169429779053
1.3826833963394165
1.4539904594421387
1.522498607635498
1.587785243988037
1.649448037147522
1.7071068286895752
1.7604060173034668
1.8090169429779053
1.852640151977539
1.8910064697265625
1.9238795042037964
1.9510564804077148
1.972369909286499
1.9876883029937744
1.9969173669815063
2.0
