2.0
1.9969173669815063
1.9876883029937744
1.972369909286499
1.9510564804077148
1.9238795042037964
1.8910064697265625
1.852640151977539
1.8090169429779053
1.7604060173034668
1.7071068286895752
1.649448037147522
1.587785243988037
1.522498607635498
1.4539904594421387
1.3826833963394165
1.3090169429779053
1.233445405960083
1.156434416770935
1.0784591436386108
1.0
0.9215409159660339
0.8435655236244202
0.7665546536445618
0.69098299741745
0.6173165440559387
0.5460094809532166
0.47750142216682434
0.4122147560119629
0.350551962852478
0.2928932309150696
0.23959402740001678
0.19098301231861115
0.14735983312129974
0.10899347811937332
0.07612046599388123
0.04894348233938217
0.02763007953763008
0.012311659753322601
0.003082666313275695
0.0
1.9969173669815063
1.9760040044784546
1.9554656744003296
1.9324002265930176
1.9058914184570312
1.8754048347473145
1.8407379388809204
1.8018231391906738
1.758708119392395
1.7115092277526855
1.660406231880188
1.6056232452392578
1.5474271774291992
1.486116647720337
1.4220212697982788
1.3554936647415161
1.2869086265563965
1.216657042503357
1.1451442241668701
1.0727845430374146
1.0
0.9272154569625854
0.8548558354377747
0.7833428978919983
0.7130913734436035
0.6445063948631287
0.5779787302017212
0.5138833522796631
0.4525727927684784
0.3943767249584198
0.3395937383174896
0.28849080204963684
0.24129191040992737
0.19817689061164856
0.15926207602024078
0.12459511309862137
0.09410855919122696
0.0675998106598854
0.04453431814908981
0.023996030911803246
0.003082666313275695
1.9876883029937744
1.9554656744003296
1.925626277923584
1.8958405256271362
1.8645856380462646
1.8310002088546753
1.7945953607559204
1.755090594291687
1.7123682498931885
1.6664096117019653
1.617283821105957
1.5651189088821411
1.5100983381271362
1.4524445533752441
1.3924180269241333
1.330306053161621
1.2664216756820679
1.2010964155197144
1.134677767753601
1.0675235986709595
1.0
0.9324764013290405
0.8653222918510437
0.7989035248756409
0.7335782647132874
0.6696940064430237
0.6075819730758667
0.5475554466247559
0.48990169167518616
0.4348810613155365
0.38271620869636536
0.33359038829803467
0.2876317799091339
0.2449093461036682
0.205404594540596
0.16899973154067993
0.13541439175605774
0.10415948927402496
0.0743737667798996
0.04453431814908981
0.012311659753322601
1.972369909286499
1.9324002265930176
1.8958405256271362
1.860690712928772
1.8255165815353394
1.789312481880188
1.7514371871948242
1.711464762687683
1.6691524982452393
1.6243724822998047
1.5770999193191528
1.5273789167404175
1.4753179550170898
1.42107093334198
1.3648345470428467
1.3068358898162842
1.2473310232162476
1.1865956783294678
1.1249239444732666
1.062620759010315
1.0
0.9373793005943298
0.8750761151313782
0.8134042620658875
0.7526690363883972
0.6931641101837158
0.6351655125617981
0.57892906665802
0.5246820449829102
0.4726210832595825
0.4229000508785248
0.3756274878978729
0.3308475613594055
0.2885352671146393
0.24856282770633698
0.21068750321865082
0.17448335886001587
0.13930928707122803
0.10415948927402496
0.0675998106598854
0.02763007953763008
1.9510564804077148
1.9058914184570312
1.8645856380462646
1.8255165815353394
1.7873855829238892
1.749204397201538
1.7102689743041992
1.6700758934020996
1.6282985210418701
1.5847293138504028
1.5392686128616333
1.4918915033340454
1.4426424503326416
1.3916151523590088
1.3389496803283691
1.2848191261291504
1.2294270992279053
1.1729991436004639
1.1157793998718262
1.058024525642395
1.0
0.941975474357605
0.884220540523529
0.8270008563995361
0.77057284116745
0.7151808738708496
0.6610502600669861
0.6083847880363464
0.5573575496673584
0.5081085562705994
0.4607314169406891
0.41527071595191956
0.3717014491558075
0.3299241364002228
0.28973105549812317
0.2507956624031067
0.21261444687843323
0.17448335886001587
0.13541439175605774
0.09410855919122696
0.04894348233938217
1.9238795042037964
1.8754048347473145
1.8310002088546753
1.789312481880188
1.749204397201538
1.709751009941101
1.6702501773834229
1.6301683187484741
1.5891317129135132
1.5468798875808716
1.5032589435577393
1.458189845085144
1.4116649627685547
1.3637272119522095
1.3144676685333252
1.2640116214752197
1.2125165462493896
1.160162329673767
1.1071484088897705
1.0536870956420898
1.0
0.9463129043579102
0.8928515315055847
0.8398376703262329
0.7874833941459656
0.7359883785247803
0.6855323314666748
0.6362727880477905
0.5883349776268005
0.5418100953102112
0.49674108624458313
0.4531201124191284
0.4108683466911316
0.3698316812515259
0.32974979281425476
0.2902489900588989
0.2507956624031067
0.21068750321865082
0.16899973154067993
0.12459511309862137
0.07612046599388123
1.8910064697265625
1.8407379388809204
1.7945953607559204
1.7514371871948242
1.7102689743041992
1.6702501773834229
1.6307106018066406
1.5911186933517456
1.5510811805725098
1.510307788848877
1.468607783317566
1.4258627891540527
1.3820244073867798
1.3370943069458008
1.2911224365234375
1.2441935539245605
1.1964244842529297
1.1479547023773193
1.0989441871643066
1.0495651960372925
1.0
0.9504347443580627
0.9010558128356934
0.8520452380180359
0.8035755753517151
0.7558064460754395
0.7088775038719177
0.6629056930541992
0.6179755926132202
0.5741372108459473
0.5313922762870789
0.48969221115112305
0.44891878962516785
0.4088812470436096
0.369289368391037
0.32974979281425476
0.28973105549812317
0.24856282770633698
0.205404594540596
0.15926207602024078
0.10899347811937332
1.852640151977539
1.8018231391906738
1.755090594291687
1.711464762687683
1.6700758934020996
1.6301683187484741
1.5911186933517456
1.5524165630340576
1.5136682987213135
1.4745713472366333
1.4349132776260376
1.3945493698120117
1.3534009456634521
1.311437726020813
1.2686764001846313
1.2251672744750977
1.1809930801391602
1.1362583637237549
1.0910881757736206
1.0456196069717407
1.0
0.9543803334236145
0.9089118838310242
0.8637415766716003
0.8190069794654846
0.7748327255249023
0.7313236594200134
0.688562273979187
0.6465989947319031
0.6054505705833435
0.5650867223739624
0.5254287123680115
0.4863317012786865
0.44758340716362
0.4088812470436096
0.3698316812515259
0.3299241364002228
0.2885352671146393
0.2449093461036682
0.19817689061164856
0.14735983312129974
1.8090169429779053
1.758708119392395
1.7123682498931885
1.6691524982452393
1.6282985210418701
1.5891317129135132
1.5510811805725098
1.5136682987213135
1.4765121936798096
1.4393107891082764
1.4018421173095703
1.3639459609985352
1.325522541999817
1.2865182161331177
1.2469233274459839
1.2067608833312988
1.16608464717865
1.1249698400497437
1.083511233329773
1.0418158769607544
1.0
0.9581841826438904
0.916488766670227
0.8750301599502563
0.8339153528213501
0.7932391166687012
0.7530766725540161
0.7134817838668823
0.6744774580001831
0.6360540986061096
0.5981578826904297
0.5606892704963684
0.5234878659248352
0.4863317012786865
0.44891878962516785
0.4108683466911316
0.3717014491558075
0.3308475613594055
0.2876317799091339
0.24129191040992737
0.19098301231861115
1.7604060173034668
1.7115092277526855
1.6664096117019653
1.6243724822998047
1.5847293138504028
1.5468798875808716
1.510307788848877
1.4745713472366333
1.4393107891082764
1.4042338132858276
1.369118332862854
1.3337969779968262
1.2981576919555664
1.2621300220489502
1.2256852388381958
1.1888246536254883
1.151578664779663
1.113998293876648
1.0761528015136719
1.038123369216919
1.0
0.961876630783081
0.9238471388816833
0.8860016465187073
0.8484212756156921
0.8111753463745117
0.7743147611618042
0.7378699779510498
0.7018423676490784
0.666202962398529
0.6308816075325012
0.5957661867141724
0.5606892704963684
0.5254287123680115
0.48969221115112305
0.4531201124191284
0.41527071595191956
0.3756274878978729
0.33359038829803467
0.28849080204963684
0.23959402740001678
1.7071068286895752
1.660406231880188
1.617283821105957
1.5770999193191528
1.5392686128616333
1.5032589435577393
1.468607783317566
1.4349132776260376
1.4018421173095703
1.369118332862854
1.3365265130996704
1.3038992881774902
1.2711186408996582
1.2381045818328857
1.2048144340515137
1.1712334156036377
1.137373924255371
1.1032671928405762
1.068961501121521
1.034516453742981
1.0
0.9654834866523743
0.931038498878479
0.8967328071594238
0.8626260161399841
0.8287665247917175
0.7951856255531311
0.7618954181671143
0.7288813591003418
0.6961007714271545
0.6634735465049744
0.6308816075325012
0.5981578826904297
0.5650867223739624
0.5313922762870789
0.49674108624458313
0.4607314169406891
0.4229000508785248
0.38271620869636536
0.3395937383174896
0.2928932309150696
1.649448037147522
1.6056232452392578
1.5651189088821411
1.5273789167404175
1.4918915033340454
1.458189845085144
1.4258627891540527
1.3945493698120117
1.3639459609985352
1.3337969779968262
1.3038992881774902
1.2740910053253174
1.2442539930343628
1.2143034934997559
1.1841883659362793
1.153882622718811
1.1233850717544556
1.0927115678787231
1.0618935823440552
1.0309733152389526
1.0
0.9690267443656921
0.9381063580513
0.9072884917259216
0.8766148686408997
0.8461173176765442
0.8158116936683655
0.7856965065002441
0.7557460069656372
0.7259089946746826
0.6961007714271545
0.666202962398529
0.6360540986061096
0.6054505705833435
0.5741372108459473
0.5418100953102112
0.5081085562705994
0.4726210832595825
0.4348810613155365
0.3943767249584198
0.350551962852478
1.587785243988037
1.5474271774291992
1.5100983381271362
1.4753179550170898
1.4426424503326416
1.4116649627685547
1.3820244073867798
1.3534009456634521
1.325522541999817
1.2981576919555664
1.2711186408996582
1.2442539930343628
1.2174495458602905
1.1906203031539917
1.1637111902236938
1.1366894245147705
1.109543800354004
1.082279086112976
1.0549137592315674
1.0274758338928223
1.0
0.9725241661071777
0.9450862407684326
0.9177209138870239
0.8904561400413513
0.8633106350898743
0.8362888097763062
0.8093796968460083
0.7825505137443542
0.7557460069656372
0.7288813591003418
0.7018423676490784
0.6744774580001831
0.6465989947319031
0.6179755926132202
0.5883349776268005
0.5573575496673584
0.5246820449829102
0.48990169167518616
0.4525727927684784
0.4122147560119629
1.522498607635498
1.486116647720337
1.4524445533752441
1.42107093334198
1.3916151523590088
1.3637272119522095
1.3370943069458008
1.311437726020813
1.2865182161331177
1.2621300220489502
1.2381045818328857
1.2143034934997559
1.1906203031539917
1.1669738292694092
1.143308401107788
1.1195881366729736
1.0957956314086914
1.0719276666641235
1.0479933023452759
1.0240097045898438
1.0
0.975990355014801
0.9520066380500793
0.9280722737312317
0.9042043685913086
0.8804119229316711
0.8566915988922119
0.8330262303352356
0.8093796968460083
0.7856965065002441
0.7618954181671143
0.7378699779510498
0.7134817838668823
0.688562273979187
0.6629056930541992
0.6362727880477905
0.6083847880363464
0.57892906665802
0.5475554466247559
0.5138833522796631
0.47750142216682434
1.4539904594421387
1.4220212697982788
1.3924180269241333
1.3648345470428467
1.3389496803283691
1.3144676685333252
1.2911224365234375
1.2686764001846313
1.2469233274459839
1.2256852388381958
1.2048144340515137
1.1841883659362793
1.1637111902236938
1.143308401107788
1.122927188873291
1.1025310754776
1.0821001529693604
1.0616258382797241
1.041110634803772
1.0205637216567993
1.0
0.9794362187385559
0.9588894248008728
0.9383741617202759
0.9178999066352844
0.8974688649177551
0.877072811126709
0.8566915988922119
0.8362888097763062
0.8158116936683655
0.7951856255531311
0.7743147611618042
0.7530766725540161
0.7313236594200134
0.7088775038719177
0.6855323314666748
0.6610502600669861
0.6351655125617981
0.6075819730758667
0.5779787302017212
0.5460094809532166
1.3826833963394165
1.3554936647415161
1.330306053161621
1.3068358898162842
1.2848191261291504
1.2640116214752197
1.2441935539245605
1.2251672744750977
1.2067608833312988
1.1888246536254883
1.1712334156036377
1.153882622718811
1.1366894245147705
1.1195881366729736
1.1025310754776
1.085484504699707
1.068427562713623
1.0513497591018677
1.034249186515808
1.0171297788619995
1.0
0.9828702211380005
0.9657508134841919
0.9486501812934875
0.9315723776817322
0.9145155549049377
0.8974688649177551
0.8804119229316711
0.8633106350898743
0.8461173176765442
0.8287665247917175
0.8111753463745117
0.7932391166687012
0.7748327255249023
0.7558064460754395
0.7359883785247803
0.7151808738708496
0.6931641101837158
0.6696940064430237
0.6445063948631287
0.6173165440559387
1.3090169429779053
1.2869086265563965
1.2664216756820679
1.2473310232162476
1.2294270992279053
1.2125165462493896
1.1964244842529297
1.1809930801391602
1.16608464717865
1.151578664779663
1.137373924255371
1.1233850717544556
1.109543800354004
1.0957956314086914
1.0821001529693604
1.068427562713623
1.0547593832015991
1.0410841703414917
1.0273981094360352
1.0137019157409668
1.0
0.9862980246543884
0.9726018905639648
0.9589158892631531
0.9452406764030457
0.9315723776817322
0.9178999066352844
0.9042043685913086
0.8904561400413513
0.8766148686408997
0.8626260161399841
0.8484212756156921
0.8339153528213501
0.8190069794654846
0.8035755753517151
0.7874833941459656
0.77057284116745
0.7526690363883972
0.7335782647132874
0.7130913734436035
0.69098299741745
1.233445405960083
1.216657042503357
1.2010964155197144
1.1865956783294678
1.1729991436004639
1.160162329673767
1.1479547023773193
1.1362583637237549
1.1249698400497437
1.113998293876648
1.1032671928405762
1.0927115678787231
1.082279086112976
1.0719276666641235
1.0616258382797241
1.0513497591018677
1.0410841703414917
1.030819058418274
1.0205501317977905
1.0102765560150146
1.0
0.9897234439849854
0.9794498682022095
0.9691809415817261
0.9589158892631531
0.9486501812934875
0.9383741617202759
0.9280722737312317
0.9177209138870239
0.9072884917259216
0.8967328071594238
0.8860016465187073
0.8750301599502563
0.8637415766716003
0.8520452380180359
0.8398376703262329
0.8270008563995361
0.8134042620658875
0.7989035248756409
0.7833428978919983
0.7665546536445618
1.156434416770935
1.1451442241668701
1.134677767753601
1.1249239444732666
1.1157793998718262
1.1071484088897705
1.0989441871643066
1.0910881757736206
1.083511233329773
1.0761528015136719
1.068961501121521
1.0618935823440552
1.0549137592315674
1.0479933023452759
1.041110634803772
1.034249186515808
1.0273981094360352
1.0205501317977905
1.0137016773223877
1.0068514347076416
1.0
0.9931485056877136
0.9862983226776123
0.9794498682022095
0.9726018905639648
0.9657508134841919
0.9588894248008728
0.9520066380500793
0.9450862407684326
0.9381063580513
0.931038498878479
0.9238471388816833
0.916488766670227
0.9089118838310242
0.9010558128356934
0.8928515315055847
0.884220540523529
0.8750761151313782
0.8653222918510437
0.8548558354377747
0.8435655236244202
1.0784591436386108
1.0727845430374146
1.0675235986709595
1.062620759010315
1.058024525642395
1.0536870956420898
1.0495651960372925
1.0456196069717407
1.0418158769607544
1.038123369216919
1.034516453742981
1.0309733152389526
1.0274758338928223
1.0240097045898438
1.0205637216567993
1.0171297788619995
1.0137019157409668
1.0102765560150146
1.0068514347076416
1.0034259557724
1.0
0.9965740442276001
0.9931485056877136
0.9897234439849854
0.9862980246543884
0.9828702211380005
0.9794362187385559
0.975990355014801
0.9725241661071777
0.9690267443656921
0.9654834866523743
0.961876630783081
0.9581841826438904
0.9543803334236145
0.9504347443580627
0.9463129043579102
0.941975474357605
0.9373793005943298
0.9324764013290405
0.9272154569625854
0.9215409159660339
1.0
1.0
1.0
1.0
1.0
1.0
1.0
1.0
1.0
1.0
1.0
1.0
1.0
1.0
1.0
1.0
1.0
1.0
1.0
1.0
1.0
1.0
1.0
1.0
1.0
1.0
1.0
1.0
1.0
1.0
1.0
1.0
1.0
1.0
1.0
1.0
1.0
1.0
1.0
1.0
1.0
0.9215409159660339
0.9272154569625854
0.9324764013290405
0.9373793005943298
0.941975474357605
0.9463129043579102
0.9504347443580627
0.9543803334236145
0.9581841826438904
0.961876630783081
0.9654834866523743
0.9690267443656921
0.9725241661071777
0.975990355014801
0.9794362187385559
0.9828702211380005
0.9862980246543884
0.9897234439849854
0.9931485056877136
0.9965740442276001
1.0
1.0034259557724
1.0068514347076416
1.0102765560150146
1.0137019157409668
1.0171297788619995
1.0205637216567993
1.0240097045898438
1.0274758338928223
1.0309733152389526
1.034516453742981
1.038123369216919
1.0418158769607544
1.0456196069717407
1.0495651960372925
1.0536870956420898
1.058024525642395
1.062620759010315
1.0675235986709595
1.0727845430374146
1.0784591436386108
0.8435655236244202
0.8548558354377747
0.8653222918510437
0.8750761151313782
0.884220540523529
0.8928515315055847
0.9010558128356934
0.9089118838310242
0.916488766670227
0.9238471388816833
0.931038498878479
0.9381063580513
0.9450862407684326
0.9520066380500793
0.9588894248008728
0.9657508134841919
0.9726018905639648
0.9794498682022095
0.9862983226776123
0.9931485056877136
1.0
1.0068514347076416
1.0137016773223877
1.0205501317977905
1.0273981094360352
1.034249186515808
1.041110634803772
1.0479933023452759
1.0549137592315674
1.0618935823440552
1.068961501121521
1.0761528015136719
1.083511233329773
1.0910881757736206
1.0989441871643066
1.1071484088897705
1.1157793998718262
1.1249239444732666
1.134677767753601
1.1451442241668701
1.156434416770935
0.7665546536445618
0.7833428978919983
0.7989035248756409
0.8134042620658875
0.8270008563995361
0.8398376703262329
0.8520452380180359
0.8637415766716003
0.8750301599502563
0.8860016465187073
0.8967328071594238
0.9072884917259216
0.9177209138870239
0.9280722737312317
0.9383741617202759
0.9486501812934875
0.9589158892631531
0.9691809415817261
0.9794498682022095
0.9897234439849854
1.0
1.0102765560150146
1.0205501317977905
1.030819058418274
1.0410841703414917
1.0513497591018677
1.0616258382797241
1.0719276666641235
1.082279086112976
1.0927115678787231
1.1032671928405762
1.113998293876648
1.1249698400497437
1.1362583637237549
1.1479547023773193
1.160162329673767
1.1729991436004639
1.1865956783294678
1.2010964155197144
1.216657042503357
1.233445405960083
0.69098299741745
0.7130913734436035
0.7335782647132874
0.7526690363883972
0.77057284116745
0.7874833941459656
0.8035755753517151
0.8190069794654846
0.8339153528213501
0.8484212756156921
0.8626260161399841
0.8766148686408997
0.8904561400413513
0.9042043685913086
0.9178999066352844
0.9315723776817322
0.9452406764030457
0.9589158892631531
0.9726018905639648
0.9862980246543884
1.0
1.0137019157409668
1.0273981094360352
1.0410841703414917
1.0547593832015991
1.068427562713623
1.0821001529693604
1.0957956314086914
1.109543800354004
1.1233850717544556
1.137373924255371
1.151578664779663
1.16608464717865
1.1809930801391602
1.1964244842529297
1.2125165462493896
1.2294270992279053
1.2473310232162476
1.2664216756820679
1.2869086265563965
1.3090169429779053
0.6173165440559387
0.6445063948631287
0.6696940064430237
0.6931641101837158
0.7151808738708496
0.7359883785247803
0.7558064460754395
0.7748327255249023
0.7932391166687012
0.8111753463745117
0.8287665247917175
0.8461173176765442
0.8633106350898743
0.8804119229316711
0.8974688649177551
0.9145155549049377
0.9315723776817322
0.9486501812934875
0.9657508134841919
0.9828702211380005
1.0
1.0171297788619995
1.034249186515808
1.0513497591018677
1.068427562713623
1.085484504699707
1.1025310754776
1.1195881366729736
1.1366894245147705
1.153882622718811
1.1712334156036377
1.1888246536254883
1.2067608833312988
1.2251672744750977
1.2441935539245605
1.2640116214752197
1.2848191261291504
1.3068358898162842
1.330306053161621
1.3554936647415161
1.3826833963394165
0.5460094809532166
0.5779787302017212
0.6075819730758667
0.6351655125617981
0.6610502600669861
0.6855323314666748
0.7088775038719177
0.7313236594200134
0.7530766725540161
0.7743147611618042
0.7951856255531311
0.8158116936683655
0.8362888097763062
0.8566915988922119
0.877072811126709
0.8974688649177551
0.9178999066352844
0.9383741617202759
0.9588894248008728
0.9794362187385559
1.0
1.0205637216567993
1.041110634803772
1.0616258382797241
1.0821001529693604
1.1025310754776
1.122927188873291
1.143308401107788
1.1637111902236938
1.1841883659362793
1.2048144340515137
1.2256852388381958
1.2469233274459839
1.2686764001846313
1.2911224365234375
1.3144676685333252
1.3389496803283691
1.3648345470428467
1.3924180269241333
1.4220212697982788
1.4539904594421387
0.47750142216682434
0.5138833522796631
0.5475554466247559
0.57892906665802
0.6083847880363464
0.6362727880477905
0.6629056930541992
0.688562273979187
0.7134817838668823
0.7378699779510498
0.7618954181671143
0.7856965065002441
0.8093796968460083
0.8330262303352356
0.8566915988922119
0.8804119229316711
0.9042043685913086
0.9280722737312317
0.9520066380500793
0.975990355014801
1.0
1.0240097045898438
1.0479933023452759
1.0719276666641235
1.0957956314086914
1.1195881366729736
1.143308401107788
1.1669738292694092
1.1906203031539917
1.2143034934997559
1.2381045818328857
1.2621300220489502
1.2865182161331177
1.311437726020813
1.3370943069458008
1.3637272119522095
1.3916151523590088
1.42107093334198
1.4524445533752441
1.486116647720337
1.522498607635498
0.4122147560119629
0.4525727927684784
0.48990169167518616
0.5246820449829102
0.5573575496673584
0.5883349776268005
0.6179755926132202
0.6465989947319031
0.6744774580001831
0.7018423676490784
0.7288813591003418
0.7557460069656372
0.7825505137443542
0.8093796968460083
0.8362888097763062
0.8633106350898743
0.8904561400413513
0.9177209138870239
0.9450862407684326
0.9725241661071777
1.0
1.0274758338928223
1.0549137592315674
1.082279086112976
1.109543800354004
1.1366894245147705
1.1637111902236938
1.1906203031539917
1.2174495458602905
1.2442539930343628
1.2711186408996582
1.2981576919555664
1.325522541999817
1.3534009456634521
1.3820244073867798
1.4116649627685547
1.4426424503326416
1.4753179550170898
1.5100983381271362
1.5474271774291992
1.587785243988037
0.350551962852478
0.3943767249584198
0.4348810613155365
0.4726210832595825
0.5081085562705994
0.5418100953102112
0.5741372108459473
0.6054505705833435
0.6360540986061096
0.666202962398529
0.6961007714271545
0.7259089946746826
0.7557460069656372
0.7856965065002441
0.8158116936683655
0.8461173176765442
0.8766148686408997
0.9072884917259216
0.9381063580513
0.9690267443656921
1.0
1.0309733152389526
1.0618935823440552
1.0927115678787231
1.1233850717544556
1.153882622718811
1.1841883659362793
1.2143034934997559
1.2442539930343628
1.2740910053253174
1.3038992881774902
1.3337969779968262
1.3639459609985352
1.3945493698120117
1.4258627891540527
1.458189845085144
1.4918915033340454
1.5273789167404175
1.5651189088821411
1.6056232452392578
1.649448037147522
0.2928932309150696
0.3395937383174896
0.38271620869636536
0.4229000508785248
0.4607314169406891
0.49674108624458313
0.5313922762870789
0.5650867223739624
0.5981578826904297
0.6308816075325012
0.6634735465049744
0.6961007714271545
0.7288813591003418
0.7618954181671143
0.7951856255531311
0.8287665247917175
0.8626260161399841
0.8967328071594238
0.931038498878479
0.9654834866523743
1.0
1.034516453742981
1.068961501121521
1.1032671928405762
1.137373924255371
1.1712334156036377
1.2048144340515137
1.2381045818328857
1.2711186408996582
1.3038992881774902
1.3365265130996704
1.369118332862854
1.4018421173095703
1.4349132776260376
1.468607783317566
1.5032589435577393
1.5392686128616333
1.5770999193191528
1.617283821105957
1.660406231880188
1.7071068286895752
0.23959402740001678
0.28849080204963684
0.33359038829803467
0.3756274878978729
0.41527071595191956
0.4531201124191284
0.48969221115112305
0.5254287123680115
0.5606892704963684
0.5957661867141724
0.6308816075325012
0.666202962398529
0.7018423676490784
0.7378699779510498
0.7743147611618042
0.8111753463745117
0.8484212756156921
0.8860016465187073
0.9238471388816833
0.961876630783081
1.0
1.038123369216919
1.0761528015136719
1.113998293876648
1.151578664779663
1.1888246536254883
1.2256852388381958
1.2621300220489502
1.2981576919555664
1.3337969779968262
1.369118332862854
1.4042338132858276
1.4393107891082764
1.4745713472366333
1.510307788848877
1.5468798875808716
1.5847293138504028
1.6243724822998047
1.6664096117019653
1.7115092277526855
1.7604060173034668
0.19098301231861115
0.24129191040992737
0.2876317799091339
0.3308475613594055
0.3717014491558075
0.4108683466911316
0.44891878962516785
0.4863317012786865
0.5234878659248352
0.5606892704963684
0.5981578826904297
0.6360540986061096
0.6744774580001831
0.7134817838668823
0.7530766725540161
0.7932391166687012
0.8339153528213501
0.8750301599502563
0.916488766670227
0.9581841826438904
1.0
1.0418158769607544
1.083511233329773
1.1249698400497437
1.16608464717865
1.2067608833312988
1.2469233274459839
1.2865182161331177
1.325522541999817
1.3639459609985352
1.4018421173095703
1.4393107891082764
1.4765121936798096
1.5136682987213135
1.5510811805725098
1.5891317129135132
1.6282985210418701
1.6691524982452393
1.7123682498931885
1.758708119392395
1.8090169429779053
0.14735983312129974
0.19817689061164856
0.2449093461036682
0.2885352671146393
0.3299241364002228
0.3698316812515259
0.4088812470436096
0.44758340716362
0.4863317012786865
0.5254287123680115
0.5650867223739624
0.6054505705833435
0.6465989947319031
0.688562273979187
0.7313236594200134
0.7748327255249023
0.8190069794654846
0.8637415766716003
0.9089118838310242
0.9543803334236145
1.0
1.0456196069717407
1.0910881757736206
1.1362583637237549
1.1809930801391602
1.2251672744750977
1.2686764001846313
1.311437726020813
1.3534009456634521
1.3945493698120117
1.4349132776260376
1.4745713472366333
1.5136682987213135
1.5524165630340576
1.5911186933517456
1.6301683187484741
1.6700758934020996
1.711464762687683
1.755090594291687
1.8018231391906738
1.852640151977539
0.10899347811937332
0.15926207602024078
0.205404594540596
0.24856282770633698
0.28973105549812317
0.32974979281425476
0.369289368391037
0.4088812470436096
0.44891878962516785
0.48969221115112305
0.5313922762870789
0.5741372108459473
0.6179755926132202
0.6629056930541992
0.7088775038719177
0.7558064460754395
0.8035755753517151
0.8520452380180359
0.9010558128356934
0.9504347443580627
1.0
1.0495651960372925
1.0989441871643066
1.1479547023773193
1.1964244842529297
1.2441935539245605
1.2911224365234375
1.3370943069458008
1.3820244073867798
1.4258627891540527
1.468607783317566
1.510307788848877
1.5510811805725098
1.5911186933517456
1.6307106018066406
1.6702501773834229
1.7102689743041992
1.7514371871948242
1.7945953607559204
1.8407379388809204
1.8910064697265625
0.07612046599388123
0.12459511309862137
0.16899973154067993
0.21068750321865082
0.2507956624031067
0.2902489900588989
0.32974979281425476
0.3698316812515259
0.4108683466911316
0.4531201124191284
0.49674108624458313
0.5418100953102112
0.5883349776268005
0.6362727880477905
0.6855323314666748
0.7359883785247803
0.7874833941459656
0.8398376703262329
0.8928515315055847
0.9463129043579102
1.0
1.0536870956420898
1.1071484088897705
1.160162329673767
1.2125165462493896
1.2640116214752197
1.3144676685333252
1.3637272119522095
1.4116649627685547
1.458189845085144
1.5032589435577393
1.5468798875808716
1.5891317129135132
1.6301683187484741
1.6702501773834229
1.709751009941101
1.749204397201538
1.789312481880188
1.8310002088546753
1.8754048347473145
1.9238795042037964
0.04894348233938217
0.09410855919122696
0.13541439175605774
0.17448335886001587
0.21261444687843323
0.2507956624031067
0.28973105549812317
0.3299241364002228
0.3717014491558075
0.41527071595191956
0.4607314169406891
0.5081085562705994
0.5573575496673584
0.6083847880363464
0.6610502600669861
0.7151808738708496
0.77057284116745
0.8270008563995361
0.884220540523529
0.941975474357605
1.0
1.058024525642395
1.1157793998718262
1.1729991436004639
1.2294270992279053
1.2848191261291504
1.3389496803283691
1.3916151523590088
1.4426424503326416
1.4918915033340454
1.5392686128616333
1.5847293138504028
1.6282985210418701
1.6700758934020996
1.7102689743041992
1.749204397201538
1.7873855829238892
1.8255165815353394
1.8645856380462646
1.9058914184570312
1.9510564804077148
0.02763007953763008
0.0675998106598854
0.10415948927402496
0.13930928707122803
0.17448335886001587
0.21068750321865082
0.24856282770633698
0.2885352671146393
0.3308475613594055
0.3756274878978729
0.4229000508785248
0.4726210832595825
0.5246820449829102
0.57892906665802
0.6351655125617981
0.6931641101837158
0.7526690363883972
0.8134042620658875
0.8750761151313782
0.9373793005943298
1.0
1.062620759010315
1.1249239444732666
1.1865956783294678
1.2473310232162476
1.3068358898162842
1.3648345470428467
1.42107093334198
1.4753179550170898
1.5273789167404175
1.5770999193191528
1.6243724822998047
1.6691524982452393
1.711464762687683
1.7514371871948242
1.789312481880188
1.8255165815353394
1.860690712928772
1.8958405256271362
1.9324002265930176
1.972369909286499
0.012311659753322601
0.04453431814908981
0.0743737667798996
0.10415948927402496
0.13541439175605774
0.16899973154067993
0.205404594540596
0.2449093461036682
0.2876317799091339
0.33359038829803467
0.38271620869636536
0.4348810613155365
0.48990169167518616
0.5475554466247559
0.6075819730758667
0.6696940064430237
0.7335782647132874
0.7989035248756409
0.8653222918510437
0.9324764013290405
1.0
1.0675235986709595
1.134677767753601
1.2010964155197144
1.2664216756820679
1.330306053161621
1.3924180269241333
1.4524445533752441
1.5100983381271362
1.5651189088821411
1.617283821105957
1.6664096117019653
1.7123682498931885
1.755090594291687
1.7945953607559204
1.8310002088546753
1.8645856380462646
1.8958405256271362
1.925626277923584
1.9554656744003296
1.9876883029937744
0.003082666313275695
0.023996030911803246
0.04453431814908981
0.0675998106598854
0.09410855919122696
0.12459511309862137
0.15926207602024078
0.19817689061164856
0.24129191040992737
0.28849080204963684
0.3395937383174896
0.3943767249584198
0.4525727927684784
0.5138833522796631
0.5779787302017212
0.6445063948631287
0.7130913734436035
0.7833428978919983
0.8548558354377747
0.9272154569625854
1.0
1.0727845430374146
1.1451442241668701
1.216657042503357
1.2869086265563965
1.3554936647415161
1.4220212697982788
1.486116647720337
1.5474271774291992
1.6056232452392578
1.660406231880188
1.7115092277526855
1.758708119392395
1.8018231391906738
1.8407379388809204
1.8754048347473145
1.9058914184570312
1.9324002265930176
1.9554656744003296
1.9760040044784546
1.9969173669815063
0.0
0.003082666313275695
0.012311659753322601
0.02763007953763008
0.04894348233938217
0.07612046599388123
0.10899347811937332
0.14735983312129974
0.19098301231861115
0.23959402740001678
0.2928932309150696
0.350551962852478
0.4122147560119629
0.47750142216682434
0.5460094809532166
0.6173165440559387
0.69098299741745
0.7665546536445618
0.8435655236244202
0.9215409159660339
1.0
1.0784591436386108
1.156434416770935
1.233445405960083
1.3090169429779053
1.3826833963394165
1.4539904594421387
1.522498607635498
1.587785243988037
1.649448037147522
1.7071068286895752
1.7604060173034668
1.8090169429779053
1.852640151977539
1.8910064697265625
1.9238795042037964
1.9510564804077148
1.972369909286499
1.9876883029937744
1.9969173669815063
2.0
