2.0
1.9969173669815063
1.9876883029937744
1.972369909286499
1.9510564804077148
1.9238795042037964
1.8910064697265625
1.852640151977539
1.8090169429779053
1.7604060173034668
1.7071068286895752
1.649448037147522
1.587785243988037
1.522498607635498
1.4539904594421387
1.3826833963394165
1.3090169429779053
1.233445405960083
1.156434416770935
1.0784591436386108
1.0
0.9215409159660339
0.8435655236244202
0.7665546536445618
0.69098299741745
0.6173165440559387
0.5460094809532166
0.47750142216682434
0.4122147560119629
0.350551962852478
0.2928932309150696
0.23959402740001678
0.19098301231861115
0.14735983312129974
0.10899347811937332
0.07612046599388123
0.04894348233938217
0.02763007953763008
0.012311659753322601
0.003082666313275695
0.0
1.9969173669815063
1.975982427597046
1.955430507659912
1.932355523109436
1.905840516090393
1.875349760055542
1.8406805992126465
1.801764965057373
1.7586504220962524
1.7114529609680176
1.6603524684906006
1.6055728197097778
1.5473806858062744
1.486074686050415
1.421984314918518
1.3554621934890747
1.2868831157684326
1.2166377305984497
1.1451311111450195
1.0727779865264893
1.0
0.9272220134735107
0.8548688888549805
0.7833623290061951
0.7131168842315674
0.6445377469062805
0.5780156254768372
0.513925313949585
0.4526193141937256
0.39442721009254456
0.339647501707077
0.28854700922966003
0.24134962260723114
0.19823504984378815
0.1593194454908371
0.12465018779039383
0.09415953606367111
0.06764443218708038
0.04456954076886177
0.024017564952373505
0.003082666313275695
1.9876883029937744
1.955430507659912
1.9255659580230713
1.89576256275177
1.8644953966140747
1.830901861190796
1.794492244720459
1.7549855709075928
1.712263584136963
1.6663074493408203
1.6171858310699463
1.5650267601013184
1.510013222694397
1.4523677825927734
1.392350435256958
1.330248475074768
1.266374945640564
1.2010608911514282
1.1346538066864014
1.0675115585327148
1.0
0.9324884414672852
0.8653462529182434
0.7989391088485718
0.7336251139640808
0.6697515249252319
0.607649564743042
0.5476322174072266
0.48998674750328064
0.43497321009635925
0.38281410932540894
0.3336925506591797
0.2877364158630371
0.24501442909240723
0.20550772547721863
0.1690981239080429
0.13550464808940887
0.10423741489648819
0.07443400472402573
0.04456954076886177
0.012311659753322601
1.972369909286499
1.932355523109436
1.89576256275177
1.8605883121490479
1.8253967761993408
1.789180874824524
1.751298427581787
1.7113227844238281
1.6690106391906738
1.6242337226867676
1.576966643333435
1.527253270149231
1.4752018451690674
1.4209659099578857
1.3647420406341553
1.3067570924758911
1.2472667694091797
1.1865469217300415
1.1248910427093506
1.0626041889190674
1.0
0.9373957514762878
0.8751088976860046
0.8134530186653137
0.7527331709861755
0.6932429075241089
0.6352579593658447
0.5790340900421143
0.5247981548309326
0.4727467894554138
0.4230334162712097
0.3757663369178772
0.33098939061164856
0.28867724537849426
0.24870158731937408
0.21081912517547607
0.1746031790971756
0.13941167294979095
0.10423741489648819
0.06764443218708038
0.02763007953763008
1.9510564804077148
1.905840516090393
1.8644953966140747
1.8253967761993408
1.787244200706482
1.749048113822937
1.7101033926010132
1.6699059009552002
1.628128170967102
1.5845621824264526
1.5391077995300293
1.4917396306991577
1.4425020217895508
1.3914880752563477
1.338837742805481
1.2847236394882202
1.2293493747711182
1.1729400157928467
1.1157395839691162
1.0580044984817505
1.0
0.9419955015182495
0.8842604160308838
0.8270600438117981
0.7706506848335266
0.7152764201164246
0.6611623167991638
0.6085119247436523
0.557498037815094
0.5082603693008423
0.4608922302722931
0.41543784737586975
0.37187179923057556
0.3300941288471222
0.28989657759666443
0.2509519159793854
0.21275581419467926
0.1746031790971756
0.13550464808940887
0.09415953606367111
0.04894348233938217
1.9238795042037964
1.875349760055542
1.830901861190796
1.789180874824524
1.749048113822937
1.7095774412155151
1.6700656414031982
1.6299781799316406
1.5889406204223633
1.5466920137405396
1.5030778646469116
1.4580186605453491
1.4115064144134521
1.3635835647583008
1.3143409490585327
1.2639034986495972
1.2124284505844116
1.1600953340530396
1.1071033477783203
1.0536644458770752
1.0
0.9463355541229248
0.8928966522216797
0.8399046659469604
0.7875714898109436
0.7360965013504028
0.6856590509414673
0.6364163756370544
0.5884935855865479
0.5419813394546509
0.49692219495773315
0.45330798625946045
0.4110594093799591
0.37002187967300415
0.32993438839912415
0.29042255878448486
0.2509519159793854
0.21081912517547607
0.1690981239080429
0.12465018779039383
0.07612046599388123
1.8910064697265625
1.8406805992126465
1.794492244720459
1.751298427581787
1.7101033926010132
1.6700656414031982
1.6305136680603027
1.5909152030944824
1.550876259803772
1.5101059675216675
1.4684128761291504
1.4256783723831177
1.3818533420562744
1.3369392156600952
1.2909855842590332
1.2440767288208008
1.1963292360305786
1.1478822231292725
1.0988954305648804
1.049540638923645
1.0
0.9504593014717102
0.9011046290397644
0.8521177172660828
0.8036708235740662
0.7559232711791992
0.709014356136322
0.6630607843399048
0.6181466579437256
0.5743216276168823
0.5315871238708496
0.4898940622806549
0.44912368059158325
0.4090847671031952
0.36948636174201965
0.32993438839912415
0.28989657759666443
0.24870158731937408
0.20550772547721863
0.1593194454908371
0.10899347811937332
1.852640151977539
1.801764965057373
1.7549855709075928
1.7113227844238281
1.6699059009552002
1.6299781799316406
1.5909152030944824
1.5522058010101318
1.5134557485580444
1.474361538887024
1.4347105026245117
1.3943572044372559
1.3532226085662842
1.3112759590148926
1.26853346824646
1.2250452041625977
1.1808934211730957
1.1361826658248901
1.0910370349884033
1.0455939769744873
1.0
0.9544060230255127
0.9089629054069519
0.8638173937797546
0.8191065192222595
0.7749547958374023
0.7314665913581848
0.6887241005897522
0.6467773914337158
0.6056427359580994
0.5652894973754883
0.5256384611129761
0.48654431104660034
0.4477941393852234
0.4090847671031952
0.37002187967300415
0.3300941288471222
0.28867724537849426
0.24501442909240723
0.19823504984378815
0.14735983312129974
1.8090169429779053
1.7586504220962524
1.712263584136963
1.6690106391906738
1.628128170967102
1.5889406204223633
1.550876259803772
1.5134557485580444
1.4762972593307495
1.4390984773635864
1.4016367197036743
1.3637510538101196
1.3253414630889893
1.2863538265228271
1.2467780113220215
1.2066367864608765
1.1659833192825317
1.1248927116394043
1.0834592580795288
1.0417896509170532
1.0
0.9582103490829468
0.9165407419204712
0.8751072883605957
0.8340166807174683
0.7933632135391235
0.7532219886779785
0.7136461734771729
0.674658477306366
0.6362490057945251
0.5983633399009705
0.5609015822410583
0.5237026810646057
0.48654431104660034
0.44912368059158325
0.4110594093799591
0.37187179923057556
0.33098939061164856
0.2877364158630371
0.24134962260723114
0.19098301231861115
1.7604060173034668
1.7114529609680176
1.6663074493408203
1.6242337226867676
1.5845621824264526
1.5466920137405396
1.5101059675216675
1.474361538887024
1.4390984773635864
1.4040237665176392
1.3689148426055908
1.333603858947754
1.2979780435562134
1.2619668245315552
1.2255409955978394
1.1887012720108032
1.1514780521392822
1.1139216423034668
1.0761011838912964
1.0380973815917969
1.0
0.9619026184082031
0.9238988161087036
0.8860783576965332
0.8485219478607178
0.811298668384552
0.7744590640068054
0.7380331158638
0.7020219564437866
0.6663962006568909
0.6310850977897644
0.5959761738777161
0.5609015822410583
0.5256384611129761
0.4898940622806549
0.45330798625946045
0.41543784737586975
0.3757663369178772
0.3336925506591797
0.28854700922966003
0.23959402740001678
1.7071068286895752
1.6603524684906006
1.6171858310699463
1.576966643333435
1.5391077995300293
1.5030778646469116
1.4684128761291504
1.4347105026245117
1.4016367197036743
1.3689148426055908
1.3363291025161743
1.3037117719650269
1.2709442377090454
1.2379460334777832
1.2046741247177124
1.1711134910583496
1.13727605342865
1.1031925678253174
1.0689111948013306
1.0344911813735962
1.0
0.9655088186264038
0.9310887455940247
0.8968074321746826
0.8627239465713501
0.8288864493370056
0.7953258752822876
0.7620539665222168
0.7290557622909546
0.6962882280349731
0.6636708378791809
0.6310850977897644
0.5983633399009705
0.5652894973754883
0.5315871238708496
0.49692219495773315
0.4608922302722931
0.4230334162712097
0.38281410932540894
0.339647501707077
0.2928932309150696
1.649448037147522
1.6055728197097778
1.5650267601013184
1.527253270149231
1.4917396306991577
1.4580186605453491
1.4256783723831177
1.3943572044372559
1.3637510538101196
1.333603858947754
1.3037117719650269
1.273912787437439
1.244088053703308
1.2141525745391846
1.1840547323226929
1.1537684202194214
1.1232917308807373
1.0926403999328613
1.0618456602096558
1.0309491157531738
1.0
0.9690508246421814
0.9381542801856995
0.9073595404624939
0.8767082095146179
0.8462315797805786
0.8159452676773071
0.7858474254608154
0.7559119462966919
0.7260872721672058
0.6962882280349731
0.6663962006568909
0.6362490057945251
0.6056427359580994
0.5743216276168823
0.5419813394546509
0.5082603693008423
0.4727467894554138
0.43497321009635925
0.39442721009254456
0.350551962852478
1.587785243988037
1.5473806858062744
1.510013222694397
1.4752018451690674
1.4425020217895508
1.4115064144134521
1.3818533420562744
1.3532226085662842
1.3253414630889893
1.2979780435562134
1.2709442377090454
1.244088053703308
1.2172949314117432
1.1904796361923218
1.1635867357254028
1.136582851409912
1.1094567775726318
1.0822128057479858
1.0548690557479858
1.0274533033370972
1.0
0.9725466966629028
0.9451309442520142
0.9177872538566589
0.8905431628227234
0.8634171485900879
0.8364133238792419
0.8095203638076782
0.7827050685882568
0.7559119462966919
0.7290557622909546
0.7020219564437866
0.674658477306366
0.6467773914337158
0.6181466579437256
0.5884935855865479
0.557498037815094
0.5247981548309326
0.48998674750328064
0.4526193141937256
0.4122147560119629
1.522498607635498
1.486074686050415
1.4523677825927734
1.4209659099578857
1.3914880752563477
1.3635835647583008
1.3369392156600952
1.3112759590148926
1.2863538265228271
1.2619668245315552
1.2379460334777832
1.2141525745391846
1.1904796361923218
1.1668457984924316
1.1431950330734253
1.1194911003112793
1.0957163572311401
1.0718673467636108
1.047952651977539
1.023989200592041
1.0
0.9760108590126038
0.9520474076271057
0.9281327128410339
0.9042835831642151
0.8805088996887207
0.8568049073219299
0.8331542015075684
0.8095203638076782
0.7858474254608154
0.7620539665222168
0.7380331158638
0.7136461734771729
0.6887241005897522
0.6630607843399048
0.6364163756370544
0.6085119247436523
0.5790340900421143
0.5476322174072266
0.513925313949585
0.47750142216682434
1.4539904594421387
1.421984314918518
1.392350435256958
1.3647420406341553
1.338837742805481
1.3143409490585327
1.2909855842590332
1.26853346824646
1.2467780113220215
1.2255409955978394
1.2046741247177124
1.1840547323226929
1.1635867357254028
1.1431950330734253
1.1228268146514893
1.102445125579834
1.0820298194885254
1.0615723133087158
1.041074514389038
1.0205456018447876
1.0
0.9794543981552124
0.9589254856109619
0.938427746295929
0.9179701209068298
0.8975548148155212
0.8771732449531555
0.8568049073219299
0.8364133238792419
0.8159452676773071
0.7953258752822876
0.7744590640068054
0.7532219886779785
0.7314665913581848
0.709014356136322
0.6856590509414673
0.6611623167991638
0.6352579593658447
0.607649564743042
0.5780156254768372
0.5460094809532166
1.3826833963394165
1.3554621934890747
1.330248475074768
1.3067570924758911
1.2847236394882202
1.2639034986495972
1.2440767288208008
1.2250452041625977
1.2066367864608765
1.1887012720108032
1.1711134910583496
1.1537684202194214
1.136582851409912
1.1194911003112793
1.102445125579834
1.0854108333587646
1.0683674812316895
1.0513039827346802
1.0342183113098145
1.017114281654358
1.0
0.9828857779502869
0.9657816886901855
0.9486960172653198
0.9316325187683105
0.9145891070365906
0.8975548148155212
0.8805088996887207
0.8634171485900879
0.8462315797805786
0.8288864493370056
0.811298668384552
0.7933632135391235
0.7749547958374023
0.7559232711791992
0.7360965013504028
0.7152764201164246
0.6932429075241089
0.6697515249252319
0.6445377469062805
0.6173165440559387
1.3090169429779053
1.2868831157684326
1.266374945640564
1.2472667694091797
1.2293493747711182
1.2124284505844116
1.1963292360305786
1.1808934211730957
1.1659833192825317
1.1514780521392822
1.13727605342865
1.1232917308807373
1.1094567775726318
1.0957163572311401
1.0820298194885254
1.0683674812316895
1.0547101497650146
1.0410466194152832
1.0273728370666504
1.0136892795562744
1.0
0.9863107800483704
0.9726271629333496
0.958953320980072
0.9452898502349854
0.9316325187683105
0.9179701209068298
0.9042835831642151
0.8905431628227234
0.8767082095146179
0.8627239465713501
0.8485219478607178
0.8340166807174683
0.8191065192222595
0.8036708235740662
0.7875714898109436
0.7706506848335266
0.7527331709861755
0.7336251139640808
0.7131168842315674
0.69098299741745
1.233445405960083
1.2166377305984497
1.2010608911514282
1.1865469217300415
1.1729400157928467
1.1600953340530396
1.1478822231292725
1.1361826658248901
1.1248927116394043
1.1139216423034668
1.1031925678253174
1.0926403999328613
1.0822128057479858
1.0718673467636108
1.0615723133087158
1.0513039827346802
1.0410466194152832
1.0307904481887817
1.0205308198928833
1.0102667808532715
1.0
0.9897331595420837
0.9794691205024719
0.9692095518112183
0.958953320980072
0.9486960172653198
0.938427746295929
0.9281327128410339
0.9177872538566589
0.9073595404624939
0.8968074321746826
0.8860783576965332
0.8751072883605957
0.8638173937797546
0.8521177172660828
0.8399046659469604
0.8270600438117981
0.8134530186653137
0.7989391088485718
0.7833623290061951
0.7665546536445618
1.156434416770935
1.1451311111450195
1.1346538066864014
1.1248910427093506
1.1157395839691162
1.1071033477783203
1.0988954305648804
1.0910370349884033
1.0834592580795288
1.0761011838912964
1.0689111948013306
1.0618456602096558
1.0548690557479858
1.047952651977539
1.041074514389038
1.0342183113098145
1.0273728370666504
1.0205308198928833
1.0136886835098267
1.0068449974060059
1.0
0.9931550621986389
0.9863113164901733
0.9794691205024719
0.9726271629333496
0.9657816886901855
0.9589254856109619
0.9520474076271057
0.9451309442520142
0.9381542801856995
0.9310887455940247
0.9238988161087036
0.9165407419204712
0.9089629054069519
0.9011046290397644
0.8928966522216797
0.8842604160308838
0.8751088976860046
0.8653462529182434
0.8548688888549805
0.8435655236244202
1.0784591436386108
1.0727779865264893
1.0675115585327148
1.0626041889190674
1.0580044984817505
1.0536644458770752
1.049540638923645
1.0455939769744873
1.0417896509170532
1.0380973815917969
1.0344911813735962
1.0309491157531738
1.0274533033370972
1.023989200592041
1.0205456018447876
1.017114281654358
1.0136892795562744
1.0102667808532715
1.0068449974060059
1.0034226179122925
1.0
0.9965773224830627
0.9931550621986389
0.9897331595420837
0.9863107800483704
0.9828857779502869
0.9794543981552124
0.9760108590126038
0.9725466966629028
0.9690508246421814
0.9655088186264038
0.9619026184082031
0.9582103490829468
0.9544060230255127
0.9504593014717102
0.9463355541229248
0.9419955015182495
0.9373957514762878
0.9324884414672852
0.9272220134735107
0.9215409159660339
1.0
1.0
1.0
1.0
1.0
1.0
1.0
1.0
1.0
1.0
1.0
1.0
1.0
1.0
1.0
1.0
1.0
1.0
1.0
1.0
1.0
1.0
1.0
1.0
1.0
1.0
1.0
1.0
1.0
1.0
1.0
1.0
1.0
1.0
1.0
1.0
1.0
1.0
1.0
1.0
1.0
0.9215409159660339
0.9272220134735107
0.9324884414672852
0.9373957514762878
0.9419955015182495
0.9463355541229248
0.9504593014717102
0.9544060230255127
0.9582103490829468
0.9619026184082031
0.9655088186264038
0.9690508246421814
0.9725466966629028
0.9760108590126038
0.9794543981552124
0.9828857779502869
0.9863107800483704
0.9897331595420837
0.9931550621986389
0.9965773224830627
1.0
1.0034226179122925
1.0068449974060059
1.0102667808532715
1.0136892795562744
1.017114281654358
1.0205456018447876
1.023989200592041
1.0274533033370972
1.0309491157531738
1.0344911813735962
1.0380973815917969
1.0417896509170532
1.0455939769744873
1.049540638923645
1.0536644458770752
1.0580044984817505
1.0626041889190674
1.0675115585327148
1.0727779865264893
1.0784591436386108
0.8435655236244202
0.8548688888549805
0.8653462529182434
0.8751088976860046
0.8842604160308838
0.8928966522216797
0.9011046290397644
0.9089629054069519
0.9165407419204712
0.9238988161087036
0.9310887455940247
0.9381542801856995
0.9451309442520142
0.9520474076271057
0.9589254856109619
0.9657816886901855
0.9726271629333496
0.9794691205024719
0.9863113164901733
0.9931550621986389
1.0
1.0068449974060059
1.0136886835098267
1.0205308198928833
1.0273728370666504
1.0342183113098145
1.041074514389038
1.047952651977539
1.0548690557479858
1.0618456602096558
1.0689111948013306
1.0761011838912964
1.0834592580795288
1.0910370349884033
1.0988954305648804
1.1071033477783203
1.1157395839691162
1.1248910427093506
1.1346538066864014
1.1451311111450195
1.156434416770935
0.7665546536445618
0.7833623290061951
0.7989391088485718
0.8134530186653137
0.8270600438117981
0.8399046659469604
0.8521177172660828
0.8638173937797546
0.8751072883605957
0.8860783576965332
0.8968074321746826
0.9073595404624939
0.9177872538566589
0.9281327128410339
0.938427746295929
0.9486960172653198
0.958953320980072
0.9692095518112183
0.9794691205024719
0.9897331595420837
1.0
1.0102667808532715
1.0205308198928833
1.0307904481887817
1.0410466194152832
1.0513039827346802
1.0615723133087158
1.0718673467636108
1.0822128057479858
1.0926403999328613
1.1031925678253174
1.1139216423034668
1.1248927116394043
1.1361826658248901
1.1478822231292725
1.1600953340530396
1.1729400157928467
1.1865469217300415
1.2010608911514282
1.2166377305984497
1.233445405960083
0.69098299741745
0.7131168842315674
0.7336251139640808
0.7527331709861755
0.7706506848335266
0.7875714898109436
0.8036708235740662
0.8191065192222595
0.8340166807174683
0.8485219478607178
0.8627239465713501
0.8767082095146179
0.8905431628227234
0.9042835831642151
0.9179701209068298
0.9316325187683105
0.9452898502349854
0.958953320980072
0.9726271629333496
0.9863107800483704
1.0
1.0136892795562744
1.0273728370666504
1.0410466194152832
1.0547101497650146
1.0683674812316895
1.0820298194885254
1.0957163572311401
1.1094567775726318
1.1232917308807373
1.13727605342865
1.1514780521392822
1.1659833192825317
1.1808934211730957
1.1963292360305786
1.2124284505844116
1.2293493747711182
1.2472667694091797
1.266374945640564
1.2868831157684326
1.3090169429779053
0.6173165440559387
0.6445377469062805
0.6697515249252319
0.6932429075241089
0.7152764201164246
0.7360965013504028
0.7559232711791992
0.7749547958374023
0.7933632135391235
0.811298668384552
0.8288864493370056
0.8462315797805786
0.8634171485900879
0.8805088996887207
0.8975548148155212
0.9145891070365906
0.9316325187683105
0.9486960172653198
0.9657816886901855
0.9828857779502869
1.0
1.017114281654358
1.0342183113098145
1.0513039827346802
1.0683674812316895
1.0854108333587646
1.102445125579834
1.1194911003112793
1.136582851409912
1.1537684202194214
1.1711134910583496
1.1887012720108032
1.2066367864608765
1.2250452041625977
1.2440767288208008
1.2639034986495972
1.2847236394882202
1.3067570924758911
1.330248475074768
1.3554621934890747
1.3826833963394165
0.5460094809532166
0.5780156254768372
0.607649564743042
0.6352579593658447
0.6611623167991638
0.6856590509414673
0.709014356136322
0.7314665913581848
0.7532219886779785
0.7744590640068054
0.7953258752822876
0.8159452676773071
0.8364133238792419
0.8568049073219299
0.8771732449531555
0.8975548148155212
0.9179701209068298
0.938427746295929
0.9589254856109619
0.9794543981552124
1.0
1.0205456018447876
1.041074514389038
1.0615723133087158
1.0820298194885254
1.102445125579834
1.1228268146514893
1.1431950330734253
1.1635867357254028
1.1840547323226929
1.2046741247177124
1.2255409955978394
1.2467780113220215
1.26853346824646
1.2909855842590332
1.3143409490585327
1.338837742805481
1.3647420406341553
1.392350435256958
1.421984314918518
1.4539904594421387
0.47750142216682434
0.513925313949585
0.5476322174072266
0.5790340900421143
0.6085119247436523
0.6364163756370544
0.6630607843399048
0.6887241005897522
0.7136461734771729
0.7380331158638
0.7620539665222168
0.7858474254608154
0.8095203638076782
0.8331542015075684
0.8568049073219299
0.8805088996887207
0.9042835831642151
0.9281327128410339
0.9520474076271057
0.9760108590126038
1.0
1.023989200592041
1.047952651977539
1.0718673467636108
1.0957163572311401
1.1194911003112793
1.1431950330734253
1.1668457984924316
1.1904796361923218
1.2141525745391846
1.2379460334777832
1.2619668245315552
1.2863538265228271
1.3112759590148926
1.3369392156600952
1.3635835647583008
1.3914880752563477
1.4209659099578857
1.4523677825927734
1.486074686050415
1.522498607635498
0.4122147560119629
0.4526193141937256
0.48998674750328064
0.5247981548309326
0.557498037815094
0.5884935855865479
0.6181466579437256
0.6467773914337158
0.674658477306366
0.7020219564437866
0.7290557622909546
0.7559119462966919
0.7827050685882568
0.8095203638076782
0.8364133238792419
0.8634171485900879
0.8905431628227234
0.9177872538566589
0.9451309442520142
0.9725466966629028
1.0
1.0274533033370972
1.0548690557479858
1.0822128057479858
1.1094567775726318
1.136582851409912
1.1635867357254028
1.1904796361923218
1.2172949314117432
1.244088053703308
1.2709442377090454
1.2979780435562134
1.3253414630889893
1.3532226085662842
1.3818533420562744
1.4115064144134521
1.4425020217895508
1.4752018451690674
1.510013222694397
1.5473806858062744
1.587785243988037
0.350551962852478
0.39442721009254456
0.43497321009635925
0.4727467894554138
0.5082603693008423
0.5419813394546509
0.5743216276168823
0.6056427359580994
0.6362490057945251
0.6663962006568909
0.6962882280349731
0.7260872721672058
0.7559119462966919
0.7858474254608154
0.8159452676773071
0.8462315797805786
0.8767082095146179
0.9073595404624939
0.9381542801856995
0.9690508246421814
1.0
1.0309491157531738
1.0618456602096558
1.0926403999328613
1.1232917308807373
1.1537684202194214
1.1840547323226929
1.2141525745391846
1.244088053703308
1.273912787437439
1.3037117719650269
1.333603858947754
1.3637510538101196
1.3943572044372559
1.4256783723831177
1.4580186605453491
1.4917396306991577
1.527253270149231
1.5650267601013184
1.6055728197097778
1.649448037147522
0.2928932309150696
0.339647501707077
0.38281410932540894
0.4230334162712097
0.4608922302722931
0.49692219495773315
0.5315871238708496
0.5652894973754883
0.5983633399009705
0.6310850977897644
0.6636708378791809
0.6962882280349731
0.7290557622909546
0.7620539665222168
0.7953258752822876
0.8288864493370056
0.8627239465713501
0.8968074321746826
0.9310887455940247
0.9655088186264038
1.0
1.0344911813735962
1.0689111948013306
1.1031925678253174
1.13727605342865
1.1711134910583496
1.2046741247177124
1.2379460334777832
1.2709442377090454
1.3037117719650269
1.3363291025161743
1.3689148426055908
1.4016367197036743
1.4347105026245117
1.4684128761291504
1.5030778646469116
1.5391077995300293
1.576966643333435
1.6171858310699463
1.6603524684906006
1.7071068286895752
0.23959402740001678
0.28854700922966003
0.3336925506591797
0.3757663369178772
0.41543784737586975
0.45330798625946045
0.4898940622806549
0.5256384611129761
0.5609015822410583
0.5959761738777161
0.6310850977897644
0.6663962006568909
0.7020219564437866
0.7380331158638
0.7744590640068054
0.811298668384552
0.8485219478607178
0.8860783576965332
0.9238988161087036
0.9619026184082031
1.0
1.0380973815917969
1.0761011838912964
1.1139216423034668
1.1514780521392822
1.1887012720108032
1.2255409955978394
1.2619668245315552
1.2979780435562134
1.333603858947754
1.3689148426055908
1.4040237665176392
1.4390984773635864
1.474361538887024
1.5101059675216675
1.5466920137405396
1.5845621824264526
1.6242337226867676
1.6663074493408203
1.7114529609680176
1.7604060173034668
0.19098301231861115
0.24134962260723114
0.2877364158630371
0.33098939061164856
0.37187179923057556
0.4110594093799591
0.44912368059158325
0.48654431104660034
0.5237026810646057
0.5609015822410583
0.5983633399009705
0.6362490057945251
0.674658477306366
0.7136461734771729
0.7532219886779785
0.7933632135391235
0.8340166807174683
0.8751072883605957
0.9165407419204712
0.9582103490829468
1.0
1.0417896509170532
1.0834592580795288
1.1248927116394043
1.1659833192825317
1.2066367864608765
1.2467780113220215
1.2863538265228271
1.3253414630889893
1.3637510538101196
1.4016367197036743
1.4390984773635864
1.4762972593307495
1.5134557485580444
1.550876259803772
1.5889406204223633
1.628128170967102
1.6690106391906738
1.712263584136963
1.7586504220962524
1.8090169429779053
0.14735983312129974
0.19823504984378815
0.24501442909240723
0.28867724537849426
0.3300941288471222
0.37002187967300415
0.4090847671031952
0.4477941393852234
0.48654431104660034
0.5256384611129761
0.5652894973754883
0.6056427359580994
0.6467773914337158
0.6887241005897522
0.7314665913581848
0.7749547958374023
0.8191065192222595
0.8638173937797546
0.9089629054069519
0.9544060230255127
1.0
1.0455939769744873
1.0910370349884033
1.1361826658248901
1.1808934211730957
1.2250452041625977
1.26853346824646
1.3112759590148926
1.3532226085662842
1.3943572044372559
1.4347105026245117
1.474361538887024
1.5134557485580444
1.5522058010101318
1.5909152030944824
1.6299781799316406
1.6699059009552002
1.7113227844238281
1.7549855709075928
1.801764965057373
1.852640151977539
0.10899347811937332
0.1593194454908371
0.20550772547721863
0.24870158731937408
0.28989657759666443
0.32993438839912415
0.36948636174201965
0.4090847671031952
0.44912368059158325
0.4898940622806549
0.5315871238708496
0.5743216276168823
0.6181466579437256
0.6630607843399048
0.709014356136322
0.7559232711791992
0.8036708235740662
0.8521177172660828
0.9011046290397644
0.9504593014717102
1.0
1.049540638923645
1.0988954305648804
1.1478822231292725
1.1963292360305786
1.2440767288208008
1.2909855842590332
1.3369392156600952
1.3818533420562744
1.4256783723831177
1.4684128761291504
1.5101059675216675
1.550876259803772
1.5909152030944824
1.6305136680603027
1.6700656414031982
1.7101033926010132
1.751298427581787
1.794492244720459
1.8406805992126465
1.8910064697265625
0.07612046599388123
0.12465018779039383
0.1690981239080429
0.21081912517547607
0.2509519159793854
0.29042255878448486
0.32993438839912415
0.37002187967300415
0.4110594093799591
0.45330798625946045
0.49692219495773315
0.5419813394546509
0.5884935855865479
0.6364163756370544
0.6856590509414673
0.7360965013504028
0.7875714898109436
0.8399046659469604
0.8928966522216797
0.9463355541229248
1.0
1.0536644458770752
1.1071033477783203
1.1600953340530396
1.2124284505844116
1.2639034986495972
1.3143409490585327
1.3635835647583008
1.4115064144134521
1.4580186605453491
1.5030778646469116
1.5466920137405396
1.5889406204223633
1.6299781799316406
1.6700656414031982
1.7095774412155151
1.749048113822937
1.789180874824524
1.830901861190796
1.875349760055542
1.9238795042037964
0.04894348233938217
0.09415953606367111
0.13550464808940887
0.1746031790971756
0.21275581419467926
0.2509519159793854
0.28989657759666443
0.3300941288471222
0.37187179923057556
0.41543784737586975
0.4608922302722931
0.5082603693008423
0.557498037815094
0.6085119247436523
0.6611623167991638
0.7152764201164246
0.7706506848335266
0.8270600438117981
0.8842604160308838
0.9419955015182495
1.0
1.0580044984817505
1.1157395839691162
1.1729400157928467
1.2293493747711182
1.2847236394882202
1.338837742805481
1.3914880752563477
1.4425020217895508
1.4917396306991577
1.5391077995300293
1.5845621824264526
1.628128170967102
1.6699059009552002
1.7101033926010132
1.749048113822937
1.787244200706482
1.8253967761993408
1.8644953966140747
1.905840516090393
1.9510564804077148
0.02763007953763008
0.06764443218708038
0.10423741489648819
0.13941167294979095
0.1746031790971756
0.21081912517547607
0.24870158731937408
0.28867724537849426
0.33098939061164856
0.3757663369178772
0.4230334162712097
0.4727467894554138
0.5247981548309326
0.5790340900421143
0.6352579593658447
0.6932429075241089
0.7527331709861755
0.8134530186653137
0.8751088976860046
0.9373957514762878
1.0
1.0626041889190674
1.1248910427093506
1.1865469217300415
1.2472667694091797
1.3067570924758911
1.3647420406341553
1.4209659099578857
1.4752018451690674
1.527253270149231
1.576966643333435
1.6242337226867676
1.6690106391906738
1.7113227844238281
1.751298427581787
1.789180874824524
1.8253967761993408
1.8605883121490479
1.89576256275177
1.932355523109436
1.972369909286499
0.012311659753322601
0.04456954076886177
0.07443400472402573
0.10423741489648819
0.13550464808940887
0.1690981239080429
0.20550772547721863
0.24501442909240723
0.2877364158630371
0.3336925506591797
0.38281410932540894
0.43497321009635925
0.48998674750328064
0.5476322174072266
0.607649564743042
0.6697515249252319
0.7336251139640808
0.7989391088485718
0.8653462529182434
0.9324884414672852
1.0
1.0675115585327148
1.1346538066864014
1.2010608911514282
1.266374945640564
1.330248475074768
1.392350435256958
1.4523677825927734
1.510013222694397
1.5650267601013184
1.6171858310699463
1.6663074493408203
1.712263584136963
1.7549855709075928
1.794492244720459
1.830901861190796
1.8644953966140747
1.89576256275177
1.9255659580230713
1.955430507659912
1.9876883029937744
0.003082666313275695
0.024017564952373505
0.04456954076886177
0.06764443218708038
0.09415953606367111
0.12465018779039383
0.1593194454908371
0.19823504984378815
0.24134962260723114
0.28854700922966003
0.339647501707077
0.39442721009254456
0.4526193141937256
0.513925313949585
0.5780156254768372
0.6445377469062805
0.7131168842315674
0.7833623290061951
0.8548688888549805
0.9272220134735107
1.0
1.0727779865264893
1.1451311111450195
1.2166377305984497
1.2868831157684326
1.3554621934890747
1.421984314918518
1.486074686050415
1.5473806858062744
1.6055728197097778
1.6603524684906006
1.7114529609680176
1.7586504220962524
1.801764965057373
1.8406805992126465
1.875349760055542
1.905840516090393
1.932355523109436
1.955430507659912
1.975982427597046
1.9969173669815063
0.0
0.003082666313275695
0.012311659753322601
0.02763007953763008
0.04894348233938217
0.07612046599388123
0.10899347811937332
0.14735983312129974
0.19098301231861115
0.23959402740001678
0.2928932309150696
0.350551962852478
0.4122147560119629
0.47750142216682434
0.5460094809532166
0.6173165440559387
0.69098299741745
0.7665546536445618
0.8435655236244202
0.9215409159660339
1.0
1.0784591436386108
1.156434416770935
1.233445405960083
1.3090169429779053
1.3826833963394165
1.4539904594421387
1.522498607635498
1.587785243988037
1.649448037147522
1.7071068286895752
1.7604060173034668
1.8090169429779053
1.852640151977539
1.8910064697265625
1.9238795042037964
1.9510564804077148
1.972369909286499
1.9876883029937744
1.9969173669815063
2.0
