2.0
1.9969173669815063
1.9876883029937744
1.972369909286499
1.9510564804077148
1.9238795042037964
1.8910064697265625
1.852640151977539
1.8090169429779053
1.7604060173034668
1.7071068286895752
1.649448037147522
1.587785243988037
1.522498607635498
1.4539904594421387
1.3826833963394165
1.3090169429779053
1.233445405960083
1.156434416770935
1.0784591436386108
1.0
0.9215409159660339
0.8435655236244202
0.7665546536445618
0.69098299741745
0.6173165440559387
0.5460094809532166
0.47750142216682434
0.4122147560119629
0.350551962852478
0.2928932309150696
0.23959402740001678
0.19098301231861115
0.14735983312129974
0.10899347811937332
0.07612046599388123
0.04894348233938217
0.02763007953763008
0.012311659753322601
0.003082666313275695
0.0
1.9969173669815063
1.975989580154419
1.9554420709609985
1.9323703050613403
1.9058573246002197
1.8753679990768433
1.840699553489685
1.8017841577529907
1.7586694955825806
1.7114715576171875
1.6603702306747437
1.605589509010315
1.5473960638046265
1.486088514328003
1.4219965934753418
1.3554725646972656
1.2868915796279907
1.216644048690796
1.1451354026794434
1.0727801322937012
1.0
0.9272198677062988
0.8548645377159119
0.7833558917045593
0.713108479976654
0.6445273756980896
0.578003466129303
0.5139114260673523
0.45260393619537354
0.39441055059432983
0.33962973952293396
0.2885284423828125
0.2413305640220642
0.19821584224700928
0.15930049121379852
0.12463199347257614
0.09414269775152206
0.06762969493865967
0.044557906687259674
0.02401045151054859
0.003082666313275695
1.9876883029937744
1.9554420709609985
1.9255858659744263
1.895788311958313
1.8645251989364624
1.8309344053268433
1.7945263385772705
1.755020260810852
1.7122981548309326
1.6663411855697632
1.617218255996704
1.5650572776794434
1.510041356086731
1.4523931741714478
1.392372727394104
1.3302674293518066
1.266390323638916
1.2010725736618042
1.1346616744995117
1.06751549243927
1.0
0.93248450756073
0.8653383255004883
0.798927366733551
0.7336096167564392
0.6697325110435486
0.607627272605896
0.5476068258285522
0.48995864391326904
0.43494275212287903
0.3827817738056183
0.3336588144302368
0.2877018451690674
0.24497972428798676
0.2054736614227295
0.16906562447547913
0.13547483086585999
0.10421167314052582
0.07441411167383194
0.044557906687259674
0.012311659753322601
1.972369909286499
1.9323703050613403
1.895788311958313
1.8606221675872803
1.8254363536834717
1.78922438621521
1.7513442039489746
1.7113696336746216
1.6690574884414673
1.624279499053955
1.5770106315612793
1.5272947549819946
1.4752402305603027
1.421000599861145
1.3647725582122803
1.3067830801010132
1.2472879886627197
1.1865630149841309
1.1249018907546997
1.0626096725463867
1.0
0.9373903274536133
0.8750980496406555
0.8134369254112244
0.7527120113372803
0.6932169198989868
0.6352274417877197
0.578999400138855
0.524759829044342
0.47270527482032776
0.4229893684387207
0.37572047114372253
0.3309425413608551
0.28863033652305603
0.2486557513475418
0.21077564358711243
0.17456360161304474
0.13937784731388092
0.10421167314052582
0.06762969493865967
0.02763007953763008
1.9510564804077148
1.9058573246002197
1.8645251989364624
1.8254363536834717
1.7872909307479858
1.7490997314453125
1.710158109664917
1.6699620485305786
1.62818443775177
1.5846173763275146
1.5391608476638794
1.4917898178100586
1.442548394203186
1.3915300369262695
1.3388746976852417
1.2847551107406616
1.2293750047683716
1.172959566116333
1.1157528162002563
1.0580110549926758
1.0
0.9419888854026794
0.8842472434043884
0.8270404934883118
0.7706249356269836
0.7152448892593384
0.6611253023147583
0.6084699630737305
0.557451605796814
0.5082101821899414
0.4608391225337982
0.41538265347480774
0.3718155324459076
0.3300379812717438
0.289841890335083
0.2509002983570099
0.21270911395549774
0.17456360161304474
0.13547483086585999
0.09414269775152206
0.04894348233938217
1.9238795042037964
1.8753679990768433
1.8309344053268433
1.78922438621521
1.7490997314453125
1.709634780883789
1.6701265573501587
1.6300410032272339
1.5890036821365356
1.546754002571106
1.5031375885009766
1.4580752849578857
1.411558747291565
1.363631010055542
1.314382791519165
1.2639392614364624
1.212457537651062
1.160117506980896
1.1071182489395142
1.053671956062317
1.0
0.9463281035423279
0.8928817510604858
0.8398825526237488
0.7875424027442932
0.7360607981681824
0.685617208480835
0.6363689303398132
0.5884411931037903
0.541924774646759
0.49686235189437866
0.45324593782424927
0.41099628806114197
0.3699590563774109
0.3298734128475189
0.29036521911621094
0.2509002983570099
0.21077564358711243
0.16906562447547913
0.12463199347257614
0.07612046599388123
1.8910064697265625
1.840699553489685
1.7945263385772705
1.7513442039489746
1.710158109664917
1.6701265573501587
1.6305787563323975
1.590982437133789
1.5509439706802368
1.5101726055145264
1.4684772491455078
1.4257392883300781
1.3819098472595215
1.336990475654602
1.2910308837890625
1.2441153526306152
1.1963605880737305
1.1479061841964722
1.0989115238189697
1.0495487451553345
1.0
0.9504511952400208
0.9010884761810303
0.8520937561988831
0.8036393523216248
0.7558847069740295
0.7089691758155823
0.663009524345398
0.6180901527404785
0.5742607116699219
0.5315227508544922
0.48982739448547363
0.4490559995174408
0.40901753306388855
0.3694212734699249
0.3298734128475189
0.289841890335083
0.2486557513475418
0.2054736614227295
0.15930049121379852
0.10899347811937332
1.852640151977539
1.8017841577529907
1.755020260810852
1.7113696336746216
1.6699620485305786
1.6300410032272339
1.590982437133789
1.5522754192352295
1.5135259628295898
1.474430799484253
1.4347774982452393
1.3944207429885864
1.3532814979553223
1.3113293647766113
1.268580675125122
1.2250854969024658
1.1809263229370117
1.1362076997756958
1.0910539627075195
1.0456024408340454
1.0
0.9543975591659546
0.9089460372924805
0.863792359828949
0.8190736174583435
0.7749144434928894
0.7314193844795227
0.6886706352233887
0.646718442440033
0.6055792570114136
0.5652225613594055
0.5255691409111023
0.48647406697273254
0.4477245509624481
0.40901753306388855
0.3699590563774109
0.3300379812717438
0.28863033652305603
0.24497972428798676
0.19821584224700928
0.14735983312129974
1.8090169429779053
1.7586694955825806
1.7122981548309326
1.6690574884414673
1.62818443775177
1.5890036821365356
1.5509439706802368
1.5135259628295898
1.4763683080673218
1.4391685724258423
1.4017045497894287
1.363815426826477
1.3254013061523438
1.2864080667495728
1.2468260526657104
1.206677794456482
1.1660168170928955
1.1249182224273682
1.0834764242172241
1.0417983531951904
1.0
0.9582017064094543
0.9165235757827759
0.8750817775726318
0.8339831829071045
0.7933222055435181
0.7531739473342896
0.7135918736457825
0.6745986938476562
0.6361846327781677
0.5982954502105713
0.5608314275741577
0.523631751537323
0.48647406697273254
0.4490559995174408
0.41099628806114197
0.3718155324459076
0.3309425413608551
0.2877018451690674
0.2413305640220642
0.19098301231861115
1.7604060173034668
1.7114715576171875
1.6663411855697632
1.624279499053955
1.5846173763275146
1.546754002571106
1.5101726055145264
1.474430799484253
1.4391685724258423
1.4040931463241577
1.3689820766448975
1.3336676359176636
1.2980374097824097
1.2620208263397217
1.2255886793136597
1.1887420415878296
1.151511311531067
1.1139470338821411
1.0761182308197021
1.0381059646606445
1.0
0.9618940353393555
0.9238817691802979
0.8860530257225037
0.8484886884689331
0.8112579584121704
0.7744113802909851
0.7379792332649231
0.7019626498222351
0.6663323640823364
0.6310179233551025
0.5959067940711975
0.5608314275741577
0.5255691409111023
0.48982739448547363
0.45324593782424927
0.41538265347480774
0.37572047114372253
0.3336588144302368
0.2885284423828125
0.23959402740001678
1.7071068286895752
1.6603702306747437
1.617218255996704
1.5770106315612793
1.5391608476638794
1.5031375885009766
1.4684772491455078
1.4347774982452393
1.4017045497894287
1.3689820766448975
1.3363943099975586
1.3037736415863037
1.2710018157958984
1.237998366355896
1.2047204971313477
1.17115318775177
1.1373083591461182
1.1032172441482544
1.0689278841018677
1.0344995260238647
1.0
0.9655004143714905
0.9310721158981323
0.8967827558517456
0.8626916408538818
0.8288468718528748
0.7952795624732971
0.7620015740394592
0.7289981245994568
0.6962262988090515
0.6636056900024414
0.6310179233551025
0.5982954502105713
0.5652225613594055
0.5315227508544922
0.49686235189437866
0.4608391225337982
0.4229893684387207
0.3827817738056183
0.33962973952293396
0.2928932309150696
1.649448037147522
1.605589509010315
1.5650572776794434
1.5272947549819946
1.4917898178100586
1.4580752849578857
1.4257392883300781
1.3944207429885864
1.363815426826477
1.3336676359176636
1.3037736415863037
1.273971676826477
1.2441428899765015
1.2142024040222168
1.1840988397598267
1.153806209564209
1.123322606086731
1.0926638841629028
1.061861515045166
1.0309571027755737
1.0
0.9690428972244263
0.938138484954834
0.9073360562324524
0.876677393913269
0.8461938500404358
0.8159011602401733
0.7857975959777832
0.7558571100234985
0.7260283827781677
0.6962262988090515
0.6663323640823364
0.6361846327781677
0.6055792570114136
0.5742607116699219
0.541924774646759
0.5082101821899414
0.47270527482032776
0.43494275212287903
0.39441055059432983
0.350551962852478
1.587785243988037
1.5473960638046265
1.510041356086731
1.4752402305603027
1.442548394203186
1.411558747291565
1.3819098472595215
1.3532814979553223
1.3254013061523438
1.2980374097824097
1.2710018157958984
1.2441428899765015
1.217345952987671
1.1905261278152466
1.1636277437210083
1.1366180181503296
1.1094855070114136
1.0822346210479736
1.0548838376998901
1.0274606943130493
1.0
0.9725392460823059
0.9451161623001099
0.9177653193473816
0.8905144333839417
0.8633819222450256
0.8363721966743469
0.8094738721847534
0.7826539874076843
0.7558571100234985
0.7289981245994568
0.7019626498222351
0.6745986938476562
0.646718442440033
0.6180901527404785
0.5884411931037903
0.557451605796814
0.524759829044342
0.48995864391326904
0.45260393619537354
0.4122147560119629
1.522498607635498
1.486088514328003
1.4523931741714478
1.421000599861145
1.3915300369262695
1.363631010055542
1.336990475654602
1.3113293647766113
1.2864080667495728
1.2620208263397217
1.237998366355896
1.2142024040222168
1.1905261278152466
1.1668881177902222
1.1432325839996338
1.1195231676101685
1.0957425832748413
1.0718872547149658
1.0479661226272583
1.0239958763122559
1.0
0.9760040640830994
0.9520339369773865
0.9281127452850342
0.9042574167251587
0.8804768919944763
0.856767475605011
0.8331119418144226
0.8094738721847534
0.7857975959777832
0.7620015740394592
0.7379792332649231
0.7135918736457825
0.6886706352233887
0.663009524345398
0.6363689303398132
0.6084699630737305
0.578999400138855
0.5476068258285522
0.5139114260673523
0.47750142216682434
1.4539904594421387
1.4219965934753418
1.392372727394104
1.3647725582122803
1.3388746976852417
1.314382791519165
1.2910308837890625
1.268580675125122
1.2468260526657104
1.2255886793136597
1.2047204971313477
1.1840988397598267
1.1636277437210083
1.1432325839996338
1.1228599548339844
1.102473497390747
1.0820530652999878
1.0615899562835693
1.0410864353179932
1.0205515623092651
1.0
0.9794483780860901
0.9589135646820068
0.9384100437164307
0.9179469347000122
0.8975264430046082
0.8771400451660156
0.856767475605011
0.8363721966743469
0.8159011602401733
0.7952795624732971
0.7744113802909851
0.7531739473342896
0.7314193844795227
0.7089691758155823
0.685617208480835
0.6611253023147583
0.6352274417877197
0.607627272605896
0.578003466129303
0.5460094809532166
1.3826833963394165
1.3554725646972656
1.3302674293518066
1.3067830801010132
1.2847551107406616
1.2639392614364624
1.2441153526306152
1.2250854969024658
1.206677794456482
1.1887420415878296
1.17115318775177
1.153806209564209
1.1366180181503296
1.1195231676101685
1.102473497390747
1.085435152053833
1.0683873891830444
1.0513191223144531
1.0342284440994263
1.0171194076538086
1.0
0.9828806519508362
0.965771496295929
0.9486808776855469
0.9316126704216003
0.9145647883415222
0.8975264430046082
0.8804768919944763
0.8633819222450256
0.8461938500404358
0.8288468718528748
0.8112579584121704
0.7933222055435181
0.7749144434928894
0.7558847069740295
0.7360607981681824
0.7152448892593384
0.6932169198989868
0.6697325110435486
0.6445273756980896
0.6173165440559387
1.3090169429779053
1.2868915796279907
1.266390323638916
1.2472879886627197
1.2293750047683716
1.212457537651062
1.1963605880737305
1.1809263229370117
1.1660168170928955
1.151511311531067
1.1373083591461182
1.123322606086731
1.1094855070114136
1.0957425832748413
1.0820530652999878
1.0683873891830444
1.0547263622283936
1.0410590171813965
1.027381181716919
1.0136934518814087
1.0
0.9863065481185913
0.972618818283081
0.9589409828186035
0.9452735781669617
0.9316126704216003
0.9179469347000122
0.9042574167251587
0.8905144333839417
0.876677393913269
0.8626916408538818
0.8484886884689331
0.8339831829071045
0.8190736174583435
0.8036393523216248
0.7875424027442932
0.7706249356269836
0.7527120113372803
0.7336096167564392
0.713108479976654
0.69098299741745
1.233445405960083
1.216644048690796
1.2010725736618042
1.1865630149841309
1.172959566116333
1.160117506980896
1.1479061841964722
1.1362076997756958
1.1249182224273682
1.1139470338821411
1.1032172441482544
1.0926638841629028
1.0822346210479736
1.0718872547149658
1.0615899562835693
1.0513191223144531
1.0410590171813965
1.0307998657226562
1.020537257194519
1.0102699995040894
1.0
0.9897299408912659
0.979462742805481
0.969200074672699
0.9589409828186035
0.9486808776855469
0.9384100437164307
0.9281127452850342
0.9177653193473816
0.9073360562324524
0.8967827558517456
0.8860530257225037
0.8750817775726318
0.863792359828949
0.8520937561988831
0.8398825526237488
0.8270404934883118
0.8134369254112244
0.798927366733551
0.7833558917045593
0.7665546536445618
1.156434416770935
1.1451354026794434
1.1346616744995117
1.1249018907546997
1.1157528162002563
1.1071182489395142
1.0989115238189697
1.0910539627075195
1.0834764242172241
1.0761182308197021
1.0689278841018677
1.061861515045166
1.0548838376998901
1.0479661226272583
1.0410864353179932
1.0342284440994263
1.027381181716919
1.020537257194519
1.0136929750442505
1.0068471431732178
1.0
0.993152916431427
0.9863070249557495
0.979462742805481
0.972618818283081
0.965771496295929
0.9589135646820068
0.9520339369773865
0.9451161623001099
0.938138484954834
0.9310721158981323
0.9238817691802979
0.9165235757827759
0.9089460372924805
0.9010884761810303
0.8928817510604858
0.8842472434043884
0.8750980496406555
0.8653383255004883
0.8548645377159119
0.8435655236244202
1.0784591436386108
1.0727801322937012
1.06751549243927
1.0626096725463867
1.0580110549926758
1.053671956062317
1.0495487451553345
1.0456024408340454
1.0417983531951904
1.0381059646606445
1.0344995260238647
1.0309571027755737
1.0274606943130493
1.0239958763122559
1.0205515623092651
1.0171194076538086
1.0136934518814087
1.0102699995040894
1.0068471431732178
1.003423810005188
1.0
0.9965762495994568
0.993152916431427
0.9897299408912659
0.9863065481185913
0.9828806519508362
0.9794483780860901
0.9760040640830994
0.9725392460823059
0.9690428972244263
0.9655004143714905
0.9618940353393555
0.9582017064094543
0.9543975591659546
0.9504511952400208
0.9463281035423279
0.9419888854026794
0.9373903274536133
0.93248450756073
0.9272198677062988
0.9215409159660339
1.0
1.0
1.0
1.0
1.0
1.0
1.0
1.0
1.0
1.0
1.0
1.0
1.0
1.0
1.0
1.0
1.0
1.0
1.0
1.0
1.0
1.0
1.0
1.0
1.0
1.0
1.0
1.0
1.0
1.0
1.0
1.0
1.0
1.0
1.0
1.0
1.0
1.0
1.0
1.0
1.0
0.9215409159660339
0.9272198677062988
0.93248450756073
0.9373903274536133
0.9419888854026794
0.9463281035423279
0.9504511952400208
0.9543975591659546
0.9582017064094543
0.9618940353393555
0.9655004143714905
0.9690428972244263
0.9725392460823059
0.9760040640830994
0.9794483780860901
0.9828806519508362
0.9863065481185913
0.9897299408912659
0.993152916431427
0.9965762495994568
1.0
1.003423810005188
1.0068471431732178
1.0102699995040894
1.0136934518814087
1.0171194076538086
1.0205515623092651
1.0239958763122559
1.0274606943130493
1.0309571027755737
1.0344995260238647
1.0381059646606445
1.0417983531951904
1.0456024408340454
1.0495487451553345
1.053671956062317
1.0580110549926758
1.0626096725463867
1.06751549243927
1.0727801322937012
1.0784591436386108
0.8435655236244202
0.8548645377159119
0.8653383255004883
0.8750980496406555
0.8842472434043884
0.8928817510604858
0.9010884761810303
0.9089460372924805
0.9165235757827759
0.9238817691802979
0.9310721158981323
0.938138484954834
0.9451161623001099
0.9520339369773865
0.9589135646820068
0.965771496295929
0.972618818283081
0.979462742805481
0.9863070249557495
0.993152916431427
1.0
1.0068471431732178
1.0136929750442505
1.020537257194519
1.027381181716919
1.0342284440994263
1.0410864353179932
1.0479661226272583
1.0548838376998901
1.061861515045166
1.0689278841018677
1.0761182308197021
1.0834764242172241
1.0910539627075195
1.0989115238189697
1.1071182489395142
1.1157528162002563
1.1249018907546997
1.1346616744995117
1.1451354026794434
1.156434416770935
0.7665546536445618
0.7833558917045593
0.798927366733551
0.8134369254112244
0.8270404934883118
0.8398825526237488
0.8520937561988831
0.863792359828949
0.8750817775726318
0.8860530257225037
0.8967827558517456
0.9073360562324524
0.9177653193473816
0.9281127452850342
0.9384100437164307
0.9486808776855469
0.9589409828186035
0.969200074672699
0.979462742805481
0.9897299408912659
1.0
1.0102699995040894
1.020537257194519
1.0307998657226562
1.0410590171813965
1.0513191223144531
1.0615899562835693
1.0718872547149658
1.0822346210479736
1.0926638841629028
1.1032172441482544
1.1139470338821411
1.1249182224273682
1.1362076997756958
1.1479061841964722
1.160117506980896
1.172959566116333
1.1865630149841309
1.2010725736618042
1.216644048690796
1.233445405960083
0.69098299741745
0.713108479976654
0.7336096167564392
0.7527120113372803
0.7706249356269836
0.7875424027442932
0.8036393523216248
0.8190736174583435
0.8339831829071045
0.8484886884689331
0.8626916408538818
0.876677393913269
0.8905144333839417
0.9042574167251587
0.9179469347000122
0.9316126704216003
0.9452735781669617
0.9589409828186035
0.972618818283081
0.9863065481185913
1.0
1.0136934518814087
1.027381181716919
1.0410590171813965
1.0547263622283936
1.0683873891830444
1.0820530652999878
1.0957425832748413
1.1094855070114136
1.123322606086731
1.1373083591461182
1.151511311531067
1.1660168170928955
1.1809263229370117
1.1963605880737305
1.212457537651062
1.2293750047683716
1.2472879886627197
1.266390323638916
1.2868915796279907
1.3090169429779053
0.6173165440559387
0.6445273756980896
0.6697325110435486
0.6932169198989868
0.7152448892593384
0.7360607981681824
0.7558847069740295
0.7749144434928894
0.7933222055435181
0.8112579584121704
0.8288468718528748
0.8461938500404358
0.8633819222450256
0.8804768919944763
0.8975264430046082
0.9145647883415222
0.9316126704216003
0.9486808776855469
0.965771496295929
0.9828806519508362
1.0
1.0171194076538086
1.0342284440994263
1.0513191223144531
1.0683873891830444
1.085435152053833
1.102473497390747
1.1195231676101685
1.1366180181503296
1.153806209564209
1.17115318775177
1.1887420415878296
1.206677794456482
1.2250854969024658
1.2441153526306152
1.2639392614364624
1.2847551107406616
1.3067830801010132
1.3302674293518066
1.3554725646972656
1.3826833963394165
0.5460094809532166
0.578003466129303
0.607627272605896
0.6352274417877197
0.6611253023147583
0.685617208480835
0.7089691758155823
0.7314193844795227
0.7531739473342896
0.7744113802909851
0.7952795624732971
0.8159011602401733
0.8363721966743469
0.856767475605011
0.8771400451660156
0.8975264430046082
0.9179469347000122
0.9384100437164307
0.9589135646820068
0.9794483780860901
1.0
1.0205515623092651
1.0410864353179932
1.0615899562835693
1.0820530652999878
1.102473497390747
1.1228599548339844
1.1432325839996338
1.1636277437210083
1.1840988397598267
1.2047204971313477
1.2255886793136597
1.2468260526657104
1.268580675125122
1.2910308837890625
1.314382791519165
1.3388746976852417
1.3647725582122803
1.392372727394104
1.4219965934753418
1.4539904594421387
0.47750142216682434
0.5139114260673523
0.5476068258285522
0.578999400138855
0.6084699630737305
0.6363689303398132
0.663009524345398
0.6886706352233887
0.7135918736457825
0.7379792332649231
0.7620015740394592
0.7857975959777832
0.8094738721847534
0.8331119418144226
0.856767475605011
0.8804768919944763
0.9042574167251587
0.9281127452850342
0.9520339369773865
0.9760040640830994
1.0
1.0239958763122559
1.0479661226272583
1.0718872547149658
1.0957425832748413
1.1195231676101685
1.1432325839996338
1.1668881177902222
1.1905261278152466
1.2142024040222168
1.237998366355896
1.2620208263397217
1.2864080667495728
1.3113293647766113
1.336990475654602
1.363631010055542
1.3915300369262695
1.421000599861145
1.4523931741714478
1.486088514328003
1.522498607635498
0.4122147560119629
0.45260393619537354
0.48995864391326904
0.524759829044342
0.557451605796814
0.5884411931037903
0.6180901527404785
0.646718442440033
0.6745986938476562
0.7019626498222351
0.7289981245994568
0.7558571100234985
0.7826539874076843
0.8094738721847534
0.8363721966743469
0.8633819222450256
0.8905144333839417
0.9177653193473816
0.9451161623001099
0.9725392460823059
1.0
1.0274606943130493
1.0548838376998901
1.0822346210479736
1.1094855070114136
1.1366180181503296
1.1636277437210083
1.1905261278152466
1.217345952987671
1.2441428899765015
1.2710018157958984
1.2980374097824097
1.3254013061523438
1.3532814979553223
1.3819098472595215
1.411558747291565
1.442548394203186
1.4752402305603027
1.510041356086731
1.5473960638046265
1.587785243988037
0.350551962852478
0.39441055059432983
0.43494275212287903
0.47270527482032776
0.5082101821899414
0.541924774646759
0.5742607116699219
0.6055792570114136
0.6361846327781677
0.6663323640823364
0.6962262988090515
0.7260283827781677
0.7558571100234985
0.7857975959777832
0.8159011602401733
0.8461938500404358
0.876677393913269
0.9073360562324524
0.938138484954834
0.9690428972244263
1.0
1.0309571027755737
1.061861515045166
1.0926638841629028
1.123322606086731
1.153806209564209
1.1840988397598267
1.2142024040222168
1.2441428899765015
1.273971676826477
1.3037736415863037
1.3336676359176636
1.363815426826477
1.3944207429885864
1.4257392883300781
1.4580752849578857
1.4917898178100586
1.5272947549819946
1.5650572776794434
1.605589509010315
1.649448037147522
0.2928932309150696
0.33962973952293396
0.3827817738056183
0.4229893684387207
0.4608391225337982
0.49686235189437866
0.5315227508544922
0.5652225613594055
0.5982954502105713
0.6310179233551025
0.6636056900024414
0.6962262988090515
0.7289981245994568
0.7620015740394592
0.7952795624732971
0.8288468718528748
0.8626916408538818
0.8967827558517456
0.9310721158981323
0.9655004143714905
1.0
1.0344995260238647
1.0689278841018677
1.1032172441482544
1.1373083591461182
1.17115318775177
1.2047204971313477
1.237998366355896
1.2710018157958984
1.3037736415863037
1.3363943099975586
1.3689820766448975
1.4017045497894287
1.4347774982452393
1.4684772491455078
1.5031375885009766
1.5391608476638794
1.5770106315612793
1.617218255996704
1.6603702306747437
1.7071068286895752
0.23959402740001678
0.2885284423828125
0.3336588144302368
0.37572047114372253
0.41538265347480774
0.45324593782424927
0.48982739448547363
0.5255691409111023
0.5608314275741577
0.5959067940711975
0.6310179233551025
0.6663323640823364
0.7019626498222351
0.7379792332649231
0.7744113802909851
0.8112579584121704
0.8484886884689331
0.8860530257225037
0.9238817691802979
0.9618940353393555
1.0
1.0381059646606445
1.0761182308197021
1.1139470338821411
1.151511311531067
1.1887420415878296
1.2255886793136597
1.2620208263397217
1.2980374097824097
1.3336676359176636
1.3689820766448975
1.4040931463241577
1.4391685724258423
1.474430799484253
1.5101726055145264
1.546754002571106
1.5846173763275146
1.624279499053955
1.6663411855697632
1.7114715576171875
1.7604060173034668
0.19098301231861115
0.2413305640220642
0.2877018451690674
0.3309425413608551
0.3718155324459076
0.41099628806114197
0.4490559995174408
0.48647406697273254
0.523631751537323
0.5608314275741577
0.5982954502105713
0.6361846327781677
0.6745986938476562
0.7135918736457825
0.7531739473342896
0.7933222055435181
0.8339831829071045
0.8750817775726318
0.9165235757827759
0.9582017064094543
1.0
1.0417983531951904
1.0834764242172241
1.1249182224273682
1.1660168170928955
1.206677794456482
1.2468260526657104
1.2864080667495728
1.3254013061523438
1.363815426826477
1.4017045497894287
1.4391685724258423
1.4763683080673218
1.5135259628295898
1.5509439706802368
1.5890036821365356
1.62818443775177
1.6690574884414673
1.7122981548309326
1.7586694955825806
1.8090169429779053
0.14735983312129974
0.19821584224700928
0.24497972428798676
0.28863033652305603
0.3300379812717438
0.3699590563774109
0.40901753306388855
0.4477245509624481
0.48647406697273254
0.5255691409111023
0.5652225613594055
0.6055792570114136
0.646718442440033
0.6886706352233887
0.7314193844795227
0.7749144434928894
0.8190736174583435
0.863792359828949
0.9089460372924805
0.9543975591659546
1.0
1.0456024408340454
1.0910539627075195
1.1362076997756958
1.1809263229370117
1.2250854969024658
1.268580675125122
1.3113293647766113
1.3532814979553223
1.3944207429885864
1.4347774982452393
1.474430799484253
1.5135259628295898
1.5522754192352295
1.590982437133789
1.6300410032272339
1.6699620485305786
1.7113696336746216
1.755020260810852
1.8017841577529907
1.852640151977539
0.10899347811937332
0.15930049121379852
0.2054736614227295
0.2486557513475418
0.289841890335083
0.3298734128475189
0.3694212734699249
0.40901753306388855
0.4490559995174408
0.48982739448547363
0.5315227508544922
0.5742607116699219
0.6180901527404785
0.663009524345398
0.7089691758155823
0.7558847069740295
0.8036393523216248
0.8520937561988831
0.9010884761810303
0.9504511952400208
1.0
1.0495487451553345
1.0989115238189697
1.1479061841964722
1.1963605880737305
1.2441153526306152
1.2910308837890625
1.336990475654602
1.3819098472595215
1.4257392883300781
1.4684772491455078
1.5101726055145264
1.5509439706802368
1.590982437133789
1.6305787563323975
1.6701265573501587
1.710158109664917
1.7513442039489746
1.7945263385772705
1.840699553489685
1.8910064697265625
0.07612046599388123
0.12463199347257614
0.16906562447547913
0.21077564358711243
0.2509002983570099
0.29036521911621094
0.3298734128475189
0.3699590563774109
0.41099628806114197
0.45324593782424927
0.49686235189437866
0.541924774646759
0.5884411931037903
0.6363689303398132
0.685617208480835
0.7360607981681824
0.7875424027442932
0.8398825526237488
0.8928817510604858
0.9463281035423279
1.0
1.053671956062317
1.1071182489395142
1.160117506980896
1.212457537651062
1.2639392614364624
1.314382791519165
1.363631010055542
1.411558747291565
1.4580752849578857
1.5031375885009766
1.546754002571106
1.5890036821365356
1.6300410032272339
1.6701265573501587
1.709634780883789
1.7490997314453125
1.78922438621521
1.8309344053268433
1.8753679990768433
1.9238795042037964
0.04894348233938217
0.09414269775152206
0.13547483086585999
0.17456360161304474
0.21270911395549774
0.2509002983570099
0.289841890335083
0.3300379812717438
0.3718155324459076
0.41538265347480774
0.4608391225337982
0.5082101821899414
0.557451605796814
0.6084699630737305
0.6611253023147583
0.7152448892593384
0.7706249356269836
0.8270404934883118
0.8842472434043884
0.9419888854026794
1.0
1.0580110549926758
1.1157528162002563
1.172959566116333
1.2293750047683716
1.2847551107406616
1.3388746976852417
1.3915300369262695
1.442548394203186
1.4917898178100586
1.5391608476638794
1.5846173763275146
1.62818443775177
1.6699620485305786
1.710158109664917
1.7490997314453125
1.7872909307479858
1.8254363536834717
1.8645251989364624
1.9058573246002197
1.9510564804077148
0.02763007953763008
0.06762969493865967
0.10421167314052582
0.13937784731388092
0.17456360161304474
0.21077564358711243
0.2486557513475418
0.28863033652305603
0.3309425413608551
0.37572047114372253
0.4229893684387207
0.47270527482032776
0.524759829044342
0.578999400138855
0.6352274417877197
0.6932169198989868
0.7527120113372803
0.8134369254112244
0.8750980496406555
0.9373903274536133
1.0
1.0626096725463867
1.1249018907546997
1.1865630149841309
1.2472879886627197
1.3067830801010132
1.3647725582122803
1.421000599861145
1.4752402305603027
1.5272947549819946
1.5770106315612793
1.624279499053955
1.6690574884414673
1.7113696336746216
1.7513442039489746
1.78922438621521
1.8254363536834717
1.8606221675872803
1.895788311958313
1.9323703050613403
1.972369909286499
0.012311659753322601
0.044557906687259674
0.07441411167383194
0.10421167314052582
0.13547483086585999
0.16906562447547913
0.2054736614227295
0.24497972428798676
0.2877018451690674
0.3336588144302368
0.3827817738056183
0.43494275212287903
0.48995864391326904
0.5476068258285522
0.607627272605896
0.6697325110435486
0.7336096167564392
0.798927366733551
0.8653383255004883
0.93248450756073
1.0
1.06751549243927
1.1346616744995117
1.2010725736618042
1.266390323638916
1.3302674293518066
1.392372727394104
1.4523931741714478
1.510041356086731
1.5650572776794434
1.617218255996704
1.6663411855697632
1.7122981548309326
1.755020260810852
1.7945263385772705
1.8309344053268433
1.8645251989364624
1.895788311958313
1.9255858659744263
1.9554420709609985
1.9876883029937744
0.003082666313275695
0.02401045151054859
0.044557906687259674
0.06762969493865967
0.09414269775152206
0.12463199347257614
0.15930049121379852
0.19821584224700928
0.2413305640220642
0.2885284423828125
0.33962973952293396
0.39441055059432983
0.45260393619537354
0.5139114260673523
0.578003466129303
0.6445273756980896
0.713108479976654
0.7833558917045593
0.8548645377159119
0.9272198677062988
1.0
1.0727801322937012
1.1451354026794434
1.216644048690796
1.2868915796279907
1.3554725646972656
1.4219965934753418
1.486088514328003
1.5473960638046265
1.605589509010315
1.6603702306747437
1.7114715576171875
1.7586694955825806
1.8017841577529907
1.840699553489685
1.8753679990768433
1.9058573246002197
1.9323703050613403
1.9554420709609985
1.975989580154419
1.9969173669815063
0.0
0.003082666313275695
0.012311659753322601
0.02763007953763008
0.04894348233938217
0.07612046599388123
0.10899347811937332
0.14735983312129974
0.19098301231861115
0.23959402740001678
0.2928932309150696
0.350551962852478
0.4122147560119629
0.47750142216682434
0.5460094809532166
0.6173165440559387
0.69098299741745
0.7665546536445618
0.8435655236244202
0.9215409159660339
1.0
1.0784591436386108
1.156434416770935
1.233445405960083
1.3090169429779053
1.3826833963394165
1.4539904594421387
1.522498607635498
1.587785243988037
1.649448037147522
1.7071068286895752
1.7604060173034668
1.8090169429779053
1.852640151977539
1.8910064697265625
1.9238795042037964
1.9510564804077148
1.972369909286499
1.9876883029937744
1.9969173669815063
2.0
