2.0
1.9969173669815063
1.9876883029937744
1.972369909286499
1.9510564804077148
1.9238795042037964
1.8910064697265625
1.852640151977539
1.8090169429779053
1.7604060173034668
1.7071068286895752
1.649448037147522
1.587785243988037
1.522498607635498
1.4539904594421387
1.3826833963394165
1.3090169429779053
1.233445405960083
1.156434416770935
1.0784591436386108
1.0
0.9215409159660339
0.8435655236244202
0.7665546536445618
0.69098299741745
0.6173165440559387
0.5460094809532166
0.47750142216682434
0.4122147560119629
0.350551962852478
0.2928932309150696
0.23959402740001678
0.19098301231861115
0.14735983312129974
0.10899347811937332
0.07612046599388123
0.04894348233938217
0.02763007953763008
0.012311659753322601
0.003082666313275695
0.0
1.9969173669815063
1.9779295921325684
1.9586150646209717
1.9363908767700195
1.9104499816894531
1.8803297281265259
1.845867395401001
1.8070244789123535
1.7638691663742065
1.7165340185165405
1.665211796760559
1.6101375818252563
1.5515878200531006
1.4898698329925537
1.4253208637237549
1.358301043510437
1.2891921997070312
1.2183915376663208
1.146310806274414
1.0733709335327148
1.0
0.9266290664672852
0.8536891937255859
0.781608521938324
0.7108078598976135
0.6416988968849182
0.5746790766716003
0.5101302266120911
0.4484121799468994
0.3898624777793884
0.3347882628440857
0.28346601128578186
0.23613083362579346
0.19297552108764648
0.1541326344013214
0.11967028677463531
0.0895499661564827
0.06360912322998047
0.041384901851415634
0.02207043021917343
0.003082666313275695
1.9876883029937744
1.9586150646209717
1.9310126304626465
1.9028087854385376
1.8726552724838257
1.8397977352142334
1.803817868232727
1.7644869089126587
1.7217252254486084
1.6755449771881104
1.6260395050048828
1.5733582973480225
1.517702579498291
1.4593117237091064
1.3984607458114624
1.3354510068893433
1.2706087827682495
1.2042778730392456
1.1368181705474854
1.0685997009277344
1.0
0.9314003586769104
0.8631817698478699
0.7957220673561096
0.7293912172317505
0.6645489931106567
0.6015392541885376
0.5406882762908936
0.4822973906993866
0.4266417622566223
0.3739604949951172
0.3244550824165344
0.2782747447490692
0.23551307618618011
0.19618216156959534
0.1602022349834442
0.12734469771385193
0.0971912071108818
0.0689873993396759
0.041384901851415634
0.012311659753322601
1.972369909286499
1.9363908767700195
1.9028087854385376
1.8698452711105347
1.8362308740615845
1.8010821342468262
1.7638447284698486
1.724160075187683
1.681836485862732
1.6367878913879395
1.5890238285064697
1.5386179685592651
1.4857045412063599
1.4304605722427368
1.3731038570404053
1.3138813972473145
1.2530677318572998
1.1909563541412354
1.1278585195541382
1.0640963315963745
1.0
0.9359036684036255
0.872141420841217
0.8090435862541199
0.746932327747345
0.6861185431480408
0.62689608335495
0.5695394277572632
0.5142954587936401
0.46138203144073486
0.4109761416912079
0.36321204900741577
0.31816357374191284
0.2758398950099945
0.23615522682666779
0.19891789555549622
0.16376915574073792
0.1301547884941101
0.0971912071108818
0.06360912322998047
0.02763007953763008
1.9510564804077148
1.9104499816894531
1.8726552724838257
1.8362308740615845
1.80002760887146
1.763177752494812
1.7250704765319824
1.6852772235870361
1.643531084060669
1.5996744632720947
1.5536493062973022
1.5054669380187988
1.4552037715911865
1.402982234954834
1.348968744277954
1.293360710144043
1.236385464668274
1.1782903671264648
1.119341254234314
1.0598156452178955
1.0
0.9401842951774597
0.880658745765686
0.8217096328735352
0.7636145353317261
0.7066392302513123
0.6510313153266907
0.597017765045166
0.5447962284088135
0.49453309178352356
0.44635075330734253
0.40032559633255005
0.35646888613700867
0.31472280621528625
0.27492958307266235
0.2368222326040268
0.19997233152389526
0.16376915574073792
0.12734469771385193
0.0895499661564827
0.04894348233938217
1.9238795042037964
1.8803297281265259
1.8397977352142334
1.8010821342468262
1.763177752494812
1.72527277469635
1.6867575645446777
1.6471760272979736
1.6062185764312744
1.563679814338684
1.5194520950317383
1.4734978675842285
1.425845742225647
1.376571774482727
1.325797438621521
1.2736766338348389
1.2203936576843262
1.166154384613037
1.1111830472946167
1.0557162761688232
1.0
0.944283664226532
0.8888170123100281
0.8338456749916077
0.779606282711029
0.7263234257698059
0.6742026209831238
0.6234282851219177
0.574154257774353
0.5265020728111267
0.48054787516593933
0.4363202154636383
0.3937813937664032
0.35282400250434875
0.31324246525764465
0.2747271955013275
0.2368222326040268
0.19891789555549622
0.1602022349834442
0.11967028677463531
0.07612046599388123
1.8910064697265625
1.845867395401001
1.803817868232727
1.7638447284698486
1.7250704765319824
1.6867575645446777
1.6483242511749268
1.6093159914016724
1.5694047212600708
1.5283571481704712
1.4860321283340454
1.442355751991272
1.3973188400268555
1.3509595394134521
1.303361177444458
1.2546398639678955
1.2049421072006226
1.1544361114501953
1.1033092737197876
1.0517609119415283
1.0
0.9482390284538269
0.8966907858848572
0.8455638885498047
0.7950579524040222
0.7453601956367493
0.6966387629508972
0.6490404009819031
0.6026811003684998
0.557644248008728
0.5139678120613098
0.4716428518295288
0.4305953085422516
0.39068397879600525
0.35167571902275085
0.31324246525764465
0.27492958307266235
0.23615522682666779
0.19618216156959534
0.1541326344013214
0.10899347811937332
1.852640151977539
1.8070244789123535
1.7644869089126587
1.724160075187683
1.6852772235870361
1.6471760272979736
1.6093159914016724
1.5712603330612183
1.532679796218872
1.4933290481567383
1.4530463218688965
1.411732792854309
1.3693509101867676
1.3259085416793823
1.281457781791687
1.2360824346542358
1.189896583557129
1.1430355310440063
1.0956532955169678
1.047916293144226
1.0
0.9520836472511292
0.9043467044830322
0.8569645285606384
0.8101034164428711
0.7639175653457642
0.718542218208313
0.6740913987159729
0.6306491494178772
0.5882672071456909
0.5469536781311035
0.5066710114479065
0.4673202633857727
0.42873966693878174
0.39068397879600525
0.35282400250434875
0.31472280621528625
0.2758398950099945
0.23551307618618011
0.19297552108764648
0.14735983312129974
1.8090169429779053
1.7638691663742065
1.7217252254486084
1.681836485862732
1.643531084060669
1.6062185764312744
1.5694047212600708
1.532679796218872
1.4957247972488403
1.4582939147949219
1.420215368270874
1.3813745975494385
1.3417140245437622
1.3012186288833618
1.2599151134490967
1.2178609371185303
1.1751422882080078
1.131866216659546
1.0881576538085938
1.0441536903381348
1.0
0.95584636926651
0.9118423461914062
0.8681337833404541
0.8248576521873474
0.7821390628814697
0.7400848865509033
0.698781430721283
0.6582860350608826
0.6186254024505615
0.579784631729126
0.5417060256004333
0.5042751431465149
0.4673202633857727
0.4305953085422516
0.3937813937664032
0.35646888613700867
0.31816357374191284
0.2782747447490692
0.23613083362579346
0.19098301231861115
1.7604060173034668
1.7165340185165405
1.6755449771881104
1.6367878913879395
1.5996744632720947
1.563679814338684
1.5283571481704712
1.4933290481567383
1.4582939147949219
1.4230133295059204
1.3873136043548584
1.3510723114013672
1.3142186403274536
1.2767212390899658
1.2385873794555664
1.199852705001831
1.1605807542800903
1.1208540201187134
1.0807727575302124
1.0404480695724487
1.0
0.9595519304275513
0.9192273020744324
0.8791459798812866
0.8394192457199097
0.8001472353935242
0.7614126801490784
0.7232787013053894
0.6857813596725464
0.6489277482032776
0.6126864552497864
0.5769866704940796
0.5417060256004333
0.5066710114479065
0.4716428518295288
0.4363202154636383
0.40032559633255005
0.36321204900741577
0.3244550824165344
0.28346601128578186
0.23959402740001678
1.7071068286895752
1.665211796760559
1.6260395050048828
1.5890238285064697
1.5536493062973022
1.5194520950317383
1.4860321283340454
1.4530463218688965
1.420215368270874
1.3873136043548584
1.354171633720398
1.3206653594970703
1.2867166996002197
1.2522830963134766
1.2173573970794678
1.1819586753845215
1.1461315155029297
1.109938144683838
1.0734575986862183
1.0367791652679443
1.0
0.9632208347320557
0.926542341709137
0.8900617957115173
0.8538685441017151
0.8180412650108337
0.7826425433158875
0.7477168440818787
0.7132833003997803
0.6793347001075745
0.6458284258842468
0.6126864552497864
0.579784631729126
0.5469536781311035
0.5139678120613098
0.48054787516593933
0.44635075330734253
0.4109761416912079
0.3739604949951172
0.3347882628440857
0.2928932309150696
1.649448037147522
1.6101375818252563
1.5733582973480225
1.5386179685592651
1.5054669380187988
1.4734978675842285
1.442355751991272
1.411732792854309
1.3813745975494385
1.3510723114013672
1.3206653594970703
1.2900326251983643
1.2590936422348022
1.2277992963790894
1.1961321830749512
1.164099097251892
1.1317293643951416
1.0990689992904663
1.0661790370941162
1.0331300497055054
1.0
0.9668699502944946
0.9338209629058838
0.9009310007095337
0.8682706952095032
0.8359009027481079
0.803867757320404
0.7722007632255554
0.7409063577651978
0.7099673748016357
0.6793347001075745
0.6489277482032776
0.6186254024505615
0.5882672071456909
0.557644248008728
0.5265020728111267
0.49453309178352356
0.46138203144073486
0.4266417622566223
0.3898624777793884
0.350551962852478
1.587785243988037
1.5515878200531006
1.517702579498291
1.4857045412063599
1.4552037715911865
1.425845742225647
1.3973188400268555
1.3693509101867676
1.3417140245437622
1.3142186403274536
1.2867166996002197
1.2590936422348022
1.23127019405365
1.2031947374343872
1.174843668937683
1.1462146043777466
1.1173253059387207
1.0882089138031006
1.0589114427566528
1.02948796749115
1.0
0.9705120921134949
0.9410886168479919
0.9117911458015442
0.8826746940612793
0.8537854552268982
0.8251562714576721
0.7968052625656128
0.7687298059463501
0.7409063577651978
0.7132833003997803
0.6857813596725464
0.6582860350608826
0.6306491494178772
0.6026811003684998
0.574154257774353
0.5447962284088135
0.5142954587936401
0.4822973906993866
0.4484121799468994
0.4122147560119629
1.522498607635498
1.4898698329925537
1.4593117237091064
1.4304605722427368
1.402982234954834
1.376571774482727
1.3509595394134521
1.3259085416793823
1.3012186288833618
1.2767212390899658
1.2522830963134766
1.2277992963790894
1.2031947374343872
1.1784186363220215
1.1534439325332642
1.1282624006271362
1.1028834581375122
1.0773297548294067
1.051635503768921
1.0258430242538452
1.0
0.9741569757461548
0.9483644366264343
0.9226702451705933
0.8971165418624878
0.8717375993728638
0.8465560078620911
0.8215813636779785
0.7968052625656128
0.7722007632255554
0.7477168440818787
0.7232787013053894
0.698781430721283
0.6740913987159729
0.6490404009819031
0.6234282851219177
0.597017765045166
0.5695394277572632
0.5406882762908936
0.5101302266120911
0.47750142216682434
1.4539904594421387
1.4253208637237549
1.3984607458114624
1.3731038570404053
1.348968744277954
1.325797438621521
1.303361177444458
1.281457781791687
1.2599151134490967
1.2385873794555664
1.2173573970794678
1.1961321830749512
1.174843668937683
1.1534439325332642
1.1319055557250977
1.110216736793518
1.0883811712265015
1.0664135217666626
1.0443389415740967
1.0221889019012451
1.0
0.9778110980987549
0.9556610584259033
0.9335864186286926
0.9116188883781433
0.8897832632064819
0.8680944442749023
0.8465560078620911
0.8251562714576721
0.803867757320404
0.7826425433158875
0.7614126801490784
0.7400848865509033
0.718542218208313
0.6966387629508972
0.6742026209831238
0.6510313153266907
0.62689608335495
0.6015392541885376
0.5746790766716003
0.5460094809532166
1.3826833963394165
1.358301043510437
1.3354510068893433
1.3138813972473145
1.293360710144043
1.2736766338348389
1.2546398639678955
1.2360824346542358
1.2178609371185303
1.199852705001831
1.1819586753845215
1.164099097251892
1.1462146043777466
1.1282624006271362
1.110216736793518
1.092064619064331
1.0738060474395752
1.0554499626159668
1.037014126777649
1.0185216665267944
1.0
0.9814783334732056
0.9629858732223511
0.9445500373840332
0.9261940121650696
0.907935380935669
0.8897832632064819
0.8717375993728638
0.8537854552268982
0.8359009027481079
0.8180412650108337
0.8001472353935242
0.7821390628814697
0.7639175653457642
0.7453601956367493
0.7263234257698059
0.7066392302513123
0.6861185431480408
0.6645489931106567
0.6416988968849182
0.6173165440559387
1.3090169429779053
1.2891921997070312
1.2706087827682495
1.2530677318572998
1.236385464668274
1.2203936576843262
1.2049421072006226
1.189896583557129
1.1751422882080078
1.1605807542800903
1.1461315155029297
1.1317293643951416
1.1173253059387207
1.1028834581375122
1.0883811712265015
1.0738060474395752
1.0591559410095215
1.0444360971450806
1.0296586751937866
1.014840006828308
1.0
0.9851599931716919
0.9703413248062134
0.9555639028549194
0.9408441185951233
0.9261940121650696
0.9116188883781433
0.8971165418624878
0.8826746940612793
0.8682706952095032
0.8538685441017151
0.8394192457199097
0.8248576521873474
0.8101034164428711
0.7950579524040222
0.779606282711029
0.7636145353317261
0.746932327747345
0.7293912172317505
0.7108078598976135
0.69098299741745
1.233445405960083
1.2183915376663208
1.2042778730392456
1.1909563541412354
1.1782903671264648
1.166154384613037
1.1544361114501953
1.1430355310440063
1.131866216659546
1.1208540201187134
1.109938144683838
1.0990689992904663
1.0882089138031006
1.0773297548294067
1.0664135217666626
1.0554499626159668
1.0444360971450806
1.0333747863769531
1.0222737789154053
1.0111442804336548
1.0
0.9888557195663452
0.9777262210845947
0.9666252136230469
0.9555639028549194
0.9445500373840332
0.9335864186286926
0.9226702451705933
0.9117911458015442
0.9009310007095337
0.8900617957115173
0.8791459798812866
0.8681337833404541
0.8569645285606384
0.8455638885498047
0.8338456749916077
0.8217096328735352
0.8090435862541199
0.7957220673561096
0.781608521938324
0.7665546536445618
1.156434416770935
1.146310806274414
1.1368181705474854
1.1278585195541382
1.119341254234314
1.1111830472946167
1.1033092737197876
1.0956532955169678
1.0881576538085938
1.0807727575302124
1.0734575986862183
1.0661790370941162
1.0589114427566528
1.051635503768921
1.0443389415740967
1.037014126777649
1.0296586751937866
1.0222737789154053
1.014864206314087
1.007436752319336
1.0
0.9925632476806641
0.9851357936859131
0.9777262210845947
0.9703413248062134
0.9629858732223511
0.9556610584259033
0.9483644366264343
0.9410886168479919
0.9338209629058838
0.926542341709137
0.9192273020744324
0.9118423461914062
0.9043467044830322
0.8966907858848572
0.8888170123100281
0.880658745765686
0.872141420841217
0.8631817698478699
0.8536891937255859
0.8435655236244202
1.0784591436386108
1.0733709335327148
1.0685997009277344
1.0640963315963745
1.0598156452178955
1.0557162761688232
1.0517609119415283
1.047916293144226
1.0441536903381348
1.0404480695724487
1.0367791652679443
1.0331300497055054
1.02948796749115
1.0258430242538452
1.0221889019012451
1.0185216665267944
1.014840006828308
1.0111442804336548
1.007436752319336
1.0037206411361694
1.0
0.9962793588638306
0.9925632476806641
0.9888557195663452
0.9851599931716919
0.9814783334732056
0.9778110980987549
0.9741569757461548
0.9705120921134949
0.9668699502944946
0.9632208347320557
0.9595519304275513
0.95584636926651
0.9520836472511292
0.9482390284538269
0.944283664226532
0.9401842951774597
0.9359036684036255
0.9314003586769104
0.9266290664672852
0.9215409159660339
1.0
1.0
1.0
1.0
1.0
1.0
1.0
1.0
1.0
1.0
1.0
1.0
1.0
1.0
1.0
1.0
1.0
1.0
1.0
1.0
1.0
1.0
1.0
1.0
1.0
1.0
1.0
1.0
1.0
1.0
1.0
1.0
1.0
1.0
1.0
1.0
1.0
1.0
1.0
1.0
1.0
0.9215409159660339
0.9266290664672852
0.9314003586769104
0.9359036684036255
0.9401842951774597
0.944283664226532
0.9482390284538269
0.9520836472511292
0.95584636926651
0.9595519304275513
0.9632208347320557
0.9668699502944946
0.9705120921134949
0.9741569757461548
0.9778110980987549
0.9814783334732056
0.9851599931716919
0.9888557195663452
0.9925632476806641
0.9962793588638306
1.0
1.0037206411361694
1.007436752319336
1.0111442804336548
1.014840006828308
1.0185216665267944
1.0221889019012451
1.0258430242538452
1.02948796749115
1.0331300497055054
1.0367791652679443
1.0404480695724487
1.0441536903381348
1.047916293144226
1.0517609119415283
1.0557162761688232
1.0598156452178955
1.0640963315963745
1.0685997009277344
1.0733709335327148
1.0784591436386108
0.8435655236244202
0.8536891937255859
0.8631817698478699
0.872141420841217
0.880658745765686
0.8888170123100281
0.8966907858848572
0.9043467044830322
0.9118423461914062
0.9192273020744324
0.926542341709137
0.9338209629058838
0.9410886168479919
0.9483644366264343
0.9556610584259033
0.9629858732223511
0.9703413248062134
0.9777262210845947
0.9851357936859131
0.9925632476806641
1.0
1.007436752319336
1.014864206314087
1.0222737789154053
1.0296586751937866
1.037014126777649
1.0443389415740967
1.051635503768921
1.0589114427566528
1.0661790370941162
1.0734575986862183
1.0807727575302124
1.0881576538085938
1.0956532955169678
1.1033092737197876
1.1111830472946167
1.119341254234314
1.1278585195541382
1.1368181705474854
1.146310806274414
1.156434416770935
0.7665546536445618
0.781608521938324
0.7957220673561096
0.8090435862541199
0.8217096328735352
0.8338456749916077
0.8455638885498047
0.8569645285606384
0.8681337833404541
0.8791459798812866
0.8900617957115173
0.9009310007095337
0.9117911458015442
0.9226702451705933
0.9335864186286926
0.9445500373840332
0.9555639028549194
0.9666252136230469
0.9777262210845947
0.9888557195663452
1.0
1.0111442804336548
1.0222737789154053
1.0333747863769531
1.0444360971450806
1.0554499626159668
1.0664135217666626
1.0773297548294067
1.0882089138031006
1.0990689992904663
1.109938144683838
1.1208540201187134
1.131866216659546
1.1430355310440063
1.1544361114501953
1.166154384613037
1.1782903671264648
1.1909563541412354
1.2042778730392456
1.2183915376663208
1.233445405960083
0.69098299741745
0.7108078598976135
0.7293912172317505
0.746932327747345
0.7636145353317261
0.779606282711029
0.7950579524040222
0.8101034164428711
0.8248576521873474
0.8394192457199097
0.8538685441017151
0.8682706952095032
0.8826746940612793
0.8971165418624878
0.9116188883781433
0.9261940121650696
0.9408441185951233
0.9555639028549194
0.9703413248062134
0.9851599931716919
1.0
1.014840006828308
1.0296586751937866
1.0444360971450806
1.0591559410095215
1.0738060474395752
1.0883811712265015
1.1028834581375122
1.1173253059387207
1.1317293643951416
1.1461315155029297
1.1605807542800903
1.1751422882080078
1.189896583557129
1.2049421072006226
1.2203936576843262
1.236385464668274
1.2530677318572998
1.2706087827682495
1.2891921997070312
1.3090169429779053
0.6173165440559387
0.6416988968849182
0.6645489931106567
0.6861185431480408
0.7066392302513123
0.7263234257698059
0.7453601956367493
0.7639175653457642
0.7821390628814697
0.8001472353935242
0.8180412650108337
0.8359009027481079
0.8537854552268982
0.8717375993728638
0.8897832632064819
0.907935380935669
0.9261940121650696
0.9445500373840332
0.9629858732223511
0.9814783334732056
1.0
1.0185216665267944
1.037014126777649
1.0554499626159668
1.0738060474395752
1.092064619064331
1.110216736793518
1.1282624006271362
1.1462146043777466
1.164099097251892
1.1819586753845215
1.199852705001831
1.2178609371185303
1.2360824346542358
1.2546398639678955
1.2736766338348389
1.293360710144043
1.3138813972473145
1.3354510068893433
1.358301043510437
1.3826833963394165
0.5460094809532166
0.5746790766716003
0.6015392541885376
0.62689608335495
0.6510313153266907
0.6742026209831238
0.6966387629508972
0.718542218208313
0.7400848865509033
0.7614126801490784
0.7826425433158875
0.803867757320404
0.8251562714576721
0.8465560078620911
0.8680944442749023
0.8897832632064819
0.9116188883781433
0.9335864186286926
0.9556610584259033
0.9778110980987549
1.0
1.0221889019012451
1.0443389415740967
1.0664135217666626
1.0883811712265015
1.110216736793518
1.1319055557250977
1.1534439325332642
1.174843668937683
1.1961321830749512
1.2173573970794678
1.2385873794555664
1.2599151134490967
1.281457781791687
1.303361177444458
1.325797438621521
1.348968744277954
1.3731038570404053
1.3984607458114624
1.4253208637237549
1.4539904594421387
0.47750142216682434
0.5101302266120911
0.5406882762908936
0.5695394277572632
0.597017765045166
0.6234282851219177
0.6490404009819031
0.6740913987159729
0.698781430721283
0.7232787013053894
0.7477168440818787
0.7722007632255554
0.7968052625656128
0.8215813636779785
0.8465560078620911
0.8717375993728638
0.8971165418624878
0.9226702451705933
0.9483644366264343
0.9741569757461548
1.0
1.0258430242538452
1.051635503768921
1.0773297548294067
1.1028834581375122
1.1282624006271362
1.1534439325332642
1.1784186363220215
1.2031947374343872
1.2277992963790894
1.2522830963134766
1.2767212390899658
1.3012186288833618
1.3259085416793823
1.3509595394134521
1.376571774482727
1.402982234954834
1.4304605722427368
1.4593117237091064
1.4898698329925537
1.522498607635498
0.4122147560119629
0.4484121799468994
0.4822973906993866
0.5142954587936401
0.5447962284088135
0.574154257774353
0.6026811003684998
0.6306491494178772
0.6582860350608826
0.6857813596725464
0.7132833003997803
0.7409063577651978
0.7687298059463501
0.7968052625656128
0.8251562714576721
0.8537854552268982
0.8826746940612793
0.9117911458015442
0.9410886168479919
0.9705120921134949
1.0
1.02948796749115
1.0589114427566528
1.0882089138031006
1.1173253059387207
1.1462146043777466
1.174843668937683
1.2031947374343872
1.23127019405365
1.2590936422348022
1.2867166996002197
1.3142186403274536
1.3417140245437622
1.3693509101867676
1.3973188400268555
1.425845742225647
1.4552037715911865
1.4857045412063599
1.517702579498291
1.5515878200531006
1.587785243988037
0.350551962852478
0.3898624777793884
0.4266417622566223
0.46138203144073486
0.49453309178352356
0.5265020728111267
0.557644248008728
0.5882672071456909
0.6186254024505615
0.6489277482032776
0.6793347001075745
0.7099673748016357
0.7409063577651978
0.7722007632255554
0.803867757320404
0.8359009027481079
0.8682706952095032
0.9009310007095337
0.9338209629058838
0.9668699502944946
1.0
1.0331300497055054
1.0661790370941162
1.0990689992904663
1.1317293643951416
1.164099097251892
1.1961321830749512
1.2277992963790894
1.2590936422348022
1.2900326251983643
1.3206653594970703
1.3510723114013672
1.3813745975494385
1.411732792854309
1.442355751991272
1.4734978675842285
1.5054669380187988
1.5386179685592651
1.5733582973480225
1.6101375818252563
1.649448037147522
0.2928932309150696
0.3347882628440857
0.3739604949951172
0.4109761416912079
0.44635075330734253
0.48054787516593933
0.5139678120613098
0.5469536781311035
0.579784631729126
0.6126864552497864
0.6458284258842468
0.6793347001075745
0.7132833003997803
0.7477168440818787
0.7826425433158875
0.8180412650108337
0.8538685441017151
0.8900617957115173
0.926542341709137
0.9632208347320557
1.0
1.0367791652679443
1.0734575986862183
1.109938144683838
1.1461315155029297
1.1819586753845215
1.2173573970794678
1.2522830963134766
1.2867166996002197
1.3206653594970703
1.354171633720398
1.3873136043548584
1.420215368270874
1.4530463218688965
1.4860321283340454
1.5194520950317383
1.5536493062973022
1.5890238285064697
1.6260395050048828
1.665211796760559
1.7071068286895752
0.23959402740001678
0.28346601128578186
0.3244550824165344
0.36321204900741577
0.40032559633255005
0.4363202154636383
0.4716428518295288
0.5066710114479065
0.5417060256004333
0.5769866704940796
0.6126864552497864
0.6489277482032776
0.6857813596725464
0.7232787013053894
0.7614126801490784
0.8001472353935242
0.8394192457199097
0.8791459798812866
0.9192273020744324
0.9595519304275513
1.0
1.0404480695724487
1.0807727575302124
1.1208540201187134
1.1605807542800903
1.199852705001831
1.2385873794555664
1.2767212390899658
1.3142186403274536
1.3510723114013672
1.3873136043548584
1.4230133295059204
1.4582939147949219
1.4933290481567383
1.5283571481704712
1.563679814338684
1.5996744632720947
1.6367878913879395
1.6755449771881104
1.7165340185165405
1.7604060173034668
0.19098301231861115
0.23613083362579346
0.2782747447490692
0.31816357374191284
0.35646888613700867
0.3937813937664032
0.4305953085422516
0.4673202633857727
0.5042751431465149
0.5417060256004333
0.579784631729126
0.6186254024505615
0.6582860350608826
0.698781430721283
0.7400848865509033
0.7821390628814697
0.8248576521873474
0.8681337833404541
0.9118423461914062
0.95584636926651
1.0
1.0441536903381348
1.0881576538085938
1.131866216659546
1.1751422882080078
1.2178609371185303
1.2599151134490967
1.3012186288833618
1.3417140245437622
1.3813745975494385
1.420215368270874
1.4582939147949219
1.4957247972488403
1.532679796218872
1.5694047212600708
1.6062185764312744
1.643531084060669
1.681836485862732
1.7217252254486084
1.7638691663742065
1.8090169429779053
0.14735983312129974
0.19297552108764648
0.23551307618618011
0.2758398950099945
0.31472280621528625
0.35282400250434875
0.39068397879600525
0.42873966693878174
0.4673202633857727
0.5066710114479065
0.5469536781311035
0.5882672071456909
0.6306491494178772
0.6740913987159729
0.718542218208313
0.7639175653457642
0.8101034164428711
0.8569645285606384
0.9043467044830322
0.9520836472511292
1.0
1.047916293144226
1.0956532955169678
1.1430355310440063
1.189896583557129
1.2360824346542358
1.281457781791687
1.3259085416793823
1.3693509101867676
1.411732792854309
1.4530463218688965
1.4933290481567383
1.532679796218872
1.5712603330612183
1.6093159914016724
1.6471760272979736
1.6852772235870361
1.724160075187683
1.7644869089126587
1.8070244789123535
1.852640151977539
0.10899347811937332
0.1541326344013214
0.19618216156959534
0.23615522682666779
0.27492958307266235
0.31324246525764465
0.35167571902275085
0.39068397879600525
0.4305953085422516
0.4716428518295288
0.5139678120613098
0.557644248008728
0.6026811003684998
0.6490404009819031
0.6966387629508972
0.7453601956367493
0.7950579524040222
0.8455638885498047
0.8966907858848572
0.9482390284538269
1.0
1.0517609119415283
1.1033092737197876
1.1544361114501953
1.2049421072006226
1.2546398639678955
1.303361177444458
1.3509595394134521
1.3973188400268555
1.442355751991272
1.4860321283340454
1.5283571481704712
1.5694047212600708
1.6093159914016724
1.6483242511749268
1.6867575645446777
1.7250704765319824
1.7638447284698486
1.803817868232727
1.845867395401001
1.8910064697265625
0.07612046599388123
0.11967028677463531
0.1602022349834442
0.19891789555549622
0.2368222326040268
0.2747271955013275
0.31324246525764465
0.35282400250434875
0.3937813937664032
0.4363202154636383
0.48054787516593933
0.5265020728111267
0.574154257774353
0.6234282851219177
0.6742026209831238
0.7263234257698059
0.779606282711029
0.8338456749916077
0.8888170123100281
0.944283664226532
1.0
1.0557162761688232
1.1111830472946167
1.166154384613037
1.2203936576843262
1.2736766338348389
1.325797438621521
1.376571774482727
1.425845742225647
1.4734978675842285
1.5194520950317383
1.563679814338684
1.6062185764312744
1.6471760272979736
1.6867575645446777
1.72527277469635
1.763177752494812
1.8010821342468262
1.8397977352142334
1.8803297281265259
1.9238795042037964
0.04894348233938217
0.0895499661564827
0.12734469771385193
0.16376915574073792
0.19997233152389526
0.2368222326040268
0.27492958307266235
0.31472280621528625
0.35646888613700867
0.40032559633255005
0.44635075330734253
0.49453309178352356
0.5447962284088135
0.597017765045166
0.6510313153266907
0.7066392302513123
0.7636145353317261
0.8217096328735352
0.880658745765686
0.9401842951774597
1.0
1.0598156452178955
1.119341254234314
1.1782903671264648
1.236385464668274
1.293360710144043
1.348968744277954
1.402982234954834
1.4552037715911865
1.5054669380187988
1.5536493062973022
1.5996744632720947
1.643531084060669
1.6852772235870361
1.7250704765319824
1.763177752494812
1.80002760887146
1.8362308740615845
1.8726552724838257
1.9104499816894531
1.9510564804077148
0.02763007953763008
0.06360912322998047
0.0971912071108818
0.1301547884941101
0.16376915574073792
0.19891789555549622
0.23615522682666779
0.2758398950099945
0.31816357374191284
0.36321204900741577
0.4109761416912079
0.46138203144073486
0.5142954587936401
0.5695394277572632
0.62689608335495
0.6861185431480408
0.746932327747345
0.8090435862541199
0.872141420841217
0.9359036684036255
1.0
1.0640963315963745
1.1278585195541382
1.1909563541412354
1.2530677318572998
1.3138813972473145
1.3731038570404053
1.4304605722427368
1.4857045412063599
1.5386179685592651
1.5890238285064697
1.6367878913879395
1.681836485862732
1.724160075187683
1.7638447284698486
1.8010821342468262
1.8362308740615845
1.8698452711105347
1.9028087854385376
1.9363908767700195
1.972369909286499
0.012311659753322601
0.041384901851415634
0.0689873993396759
0.0971912071108818
0.12734469771385193
0.1602022349834442
0.19618216156959534
0.23551307618618011
0.2782747447490692
0.3244550824165344
0.3739604949951172
0.4266417622566223
0.4822973906993866
0.5406882762908936
0.6015392541885376
0.6645489931106567
0.7293912172317505
0.7957220673561096
0.8631817698478699
0.9314003586769104
1.0
1.0685997009277344
1.1368181705474854
1.2042778730392456
1.2706087827682495
1.3354510068893433
1.3984607458114624
1.4593117237091064
1.517702579498291
1.5733582973480225
1.6260395050048828
1.6755449771881104
1.7217252254486084
1.7644869089126587
1.803817868232727
1.8397977352142334
1.8726552724838257
1.9028087854385376
1.9310126304626465
1.9586150646209717
1.9876883029937744
0.003082666313275695
0.02207043021917343
0.041384901851415634
0.06360912322998047
0.0895499661564827
0.11967028677463531
0.1541326344013214
0.19297552108764648
0.23613083362579346
0.28346601128578186
0.3347882628440857
0.3898624777793884
0.4484121799468994
0.5101302266120911
0.5746790766716003
0.6416988968849182
0.7108078598976135
0.781608521938324
0.8536891937255859
0.9266290664672852
1.0
1.0733709335327148
1.146310806274414
1.2183915376663208
1.2891921997070312
1.358301043510437
1.4253208637237549
1.4898698329925537
1.5515878200531006
1.6101375818252563
1.665211796760559
1.7165340185165405
1.7638691663742065
1.8070244789123535
1.845867395401001
1.8803297281265259
1.9104499816894531
1.9363908767700195
1.9586150646209717
1.9779295921325684
1.9969173669815063
0.0
0.003082666313275695
0.012311659753322601
0.02763007953763008
0.04894348233938217
0.07612046599388123
0.10899347811937332
0.14735983312129974
0.19098301231861115
0.23959402740001678
0.2928932309150696
0.350551962852478
0.4122147560119629
0.47750142216682434
0.5460094809532166
0.6173165440559387
0.69098299741745
0.7665546536445618
0.8435655236244202
0.9215409159660339
1.0
1.0784591436386108
1.156434416770935
1.233445405960083
1.3090169429779053
1.3826833963394165
1.4539904594421387
1.522498607635498
1.587785243988037
1.649448037147522
1.7071068286895752
1.7604060173034668
1.8090169429779053
1.852640151977539
1.8910064697265625
1.9238795042037964
1.9510564804077148
1.972369909286499
1.9876883029937744
1.9969173669815063
2.0
