2.0
1.9969173669815063
1.9876883029937744
1.972369909286499
1.9510564804077148
1.9238795042037964
1.8910064697265625
1.852640151977539
1.8090169429779053
1.7604060173034668
1.7071068286895752
1.649448037147522
1.587785243988037
1.522498607635498
1.4539904594421387
1.3826833963394165
1.3090169429779053
1.233445405960083
1.156434416770935
1.0784591436386108
1.0
0.9215409159660339
0.8435655236244202
0.7665546536445618
0.69098299741745
0.6173165440559387
0.5460094809532166
0.47750142216682434
0.4122147560119629
0.350551962852478
0.2928932309150696
0.23959402740001678
0.19098301231861115
0.14735983312129974
0.10899347811937332
0.07612046599388123
0.04894348233938217
0.02763007953763008
0.012311659753322601
0.003082666313275695
0.0
1.9969173669815063
1.9760006666183472
1.9554603099822998
1.9323933124542236
1.905883550643921
1.8753963708877563
1.8407291173934937
1.8018141984939575
1.7586991786956787
1.7115005254745483
1.660398006439209
1.605615496635437
1.5474200248718262
1.4861102104187012
1.4220155477523804
1.3554887771606445
1.2869046926498413
1.2166540622711182
1.1451421976089478
1.0727835893630981
1.0
0.9272164702415466
0.854857861995697
0.7833458781242371
0.7130953073501587
0.6445112228393555
0.5779844522476196
0.5138897895812988
0.45257994532585144
0.394384503364563
0.3396020233631134
0.2884994447231293
0.2413007915019989
0.19818583130836487
0.15927089750766754
0.12460358440876007
0.09411640465259552
0.06760667264461517
0.044539738446474075
0.023999342694878578
0.003082666313275695
1.9876883029937744
1.9554603099822998
1.925616979598999
1.8958284854888916
1.8645716905593872
1.830985188484192
1.7945795059204102
1.7550745010375977
1.7123521566390991
1.6663938760757446
1.617268681526184
1.5651047229766846
1.5100852251052856
1.4524327516555786
1.3924076557159424
1.3302971124649048
1.2664145231246948
1.201090931892395
1.134674072265625
1.0675216913223267
1.0
0.9324783086776733
0.8653259873390198
0.7989090085029602
0.7335854768753052
0.6697028279304504
0.6075924038887024
0.5475672483444214
0.48991477489471436
0.43489524722099304
0.38273125886917114
0.33360612392425537
0.28764787316322327
0.24492551386356354
0.20542046427726746
0.16901487112045288
0.1354282796382904
0.10417147725820541
0.07438303530216217
0.044539738446474075
0.012311659753322601
1.972369909286499
1.9323933124542236
1.8958284854888916
1.8606749773025513
1.8254982233047485
1.7892922163009644
1.7514158487319946
1.7114428281784058
1.669130563735962
1.624351143836975
1.57707941532135
1.5273596048355103
1.4753000736236572
1.4210548400878906
1.3648202419281006
1.30682373046875
1.2473211288452148
1.186588168144226
1.124918818473816
1.0626181364059448
1.0
0.9373818039894104
0.8750811219215393
0.8134117722511292
0.7526788711547852
0.69317626953125
0.6351797580718994
0.5789452195167542
0.5246999263763428
0.47264042496681213
0.4229205548763275
0.3756488561630249
0.3308693766593933
0.28855711221694946
0.24858418107032776
0.21070773899555206
0.17450179159641266
0.13932503759860992
0.10417147725820541
0.06760667264461517
0.02763007953763008
1.9510564804077148
1.905883550643921
1.8645716905593872
1.8254982233047485
1.7873637676239014
1.7491803169250488
1.7102434635162354
1.670049786567688
1.628272294998169
1.5847035646438599
1.5392438173294067
1.4918681383132935
1.442620873451233
1.3915956020355225
1.3389325141906738
1.2848044633865356
1.2294151782989502
1.172990083694458
1.115773320198059
1.0580214262008667
1.0
0.9419785737991333
0.8842266798019409
0.8270099759101868
0.7705848217010498
0.7151955962181091
0.6610674858093262
0.6084043383598328
0.5573791861534119
0.5081319212913513
0.4607561528682709
0.41529643535614014
0.3717276453971863
0.3299502730369568
0.28975650668144226
0.25081968307495117
0.21263618767261505
0.17450179159641266
0.1354282796382904
0.09411640465259552
0.04894348233938217
1.9238795042037964
1.8753963708877563
1.830985188484192
1.7892922163009644
1.7491803169250488
1.7097243070602417
1.6702218055725098
1.6301391124725342
1.5891022682189941
1.5468509197235107
1.5032310485839844
1.4581634998321533
1.4116406440734863
1.3637051582336426
1.3144481182098389
1.2639949321746826
1.2125030755996704
1.1601520776748657
1.1071414947509766
1.0536836385726929
1.0
0.9463163614273071
0.8928585052490234
0.839847981929779
0.7874969840049744
0.7360050082206726
0.6855518221855164
0.6362948417663574
0.5883594155311584
0.5418364405632019
0.4967689514160156
0.4531490206718445
0.41089773178100586
0.3698609173297882
0.32977816462516785
0.2902756929397583
0.25081968307495117
0.21070773899555206
0.16901487112045288
0.12460358440876007
0.07612046599388123
1.8910064697265625
1.8407291173934937
1.7945795059204102
1.7514158487319946
1.7102434635162354
1.6702218055725098
1.6306803226470947
1.5910874605178833
1.5510497093200684
1.5102767944335938
1.4685777425765991
1.4258344173431396
1.381998062133789
1.3370704650878906
1.2911014556884766
1.2441755533218384
1.196409821510315
1.1479436159133911
1.098936676979065
1.0495615005493164
1.0
0.9504385590553284
0.9010633230209351
0.8520563840866089
0.8035902380943298
0.7558244466781616
0.7088985443115234
0.6629295349121094
0.6180019378662109
0.5741655826568604
0.5314222574234009
0.489723265171051
0.44895029067993164
0.4089125692844391
0.3693196773529053
0.32977816462516785
0.28975650668144226
0.24858418107032776
0.20542046427726746
0.15927089750766754
0.10899347811937332
1.852640151977539
1.8018141984939575
1.7550745010375977
1.7114428281784058
1.670049786567688
1.6301391124725342
1.5910874605178833
1.5523841381072998
1.5136356353759766
1.474539041519165
1.4348820447921753
1.3945198059082031
1.3533735275268555
1.3114128112792969
1.2686543464660645
1.2251485586166382
1.180977702140808
1.1362468004226685
1.0910803079605103
1.0456156730651855
1.0
0.9543843269348145
0.9089197516441345
0.8637532591819763
0.8190222978591919
0.7748515009880066
0.7313456535339355
0.6885871291160583
0.6466264724731445
0.6054801344871521
0.5651179552078247
0.525460958480835
0.4863643944263458
0.4476158320903778
0.4089125692844391
0.3698609173297882
0.3299502730369568
0.28855711221694946
0.24492551386356354
0.19818583130836487
0.14735983312129974
1.8090169429779053
1.7586991786956787
1.7123521566390991
1.669130563735962
1.628272294998169
1.5891022682189941
1.5510497093200684
1.5136356353759766
1.4764790534973145
1.4392781257629395
1.4018105268478394
1.3639159202575684
1.3254947662353516
1.286492943763733
1.246901035308838
1.2067418098449707
1.1660690307617188
1.1249580383300781
1.083503246307373
1.0418118238449097
1.0
0.9581881761550903
0.916496753692627
0.8750420212745667
0.8339309692382812
0.7932581901550293
0.7530990242958069
0.7135070562362671
0.6745052933692932
0.6360840797424316
0.5981894731521606
0.5607219338417053
0.5235208868980408
0.4863643944263458
0.44895029067993164
0.41089773178100586
0.3717276453971863
0.3308693766593933
0.28764787316322327
0.2413007915019989
0.19098301231861115
1.7604060173034668
1.7115005254745483
1.6663938760757446
1.624351143836975
1.5847035646438599
1.5468509197235107
1.5102767944335938
1.474539041519165
1.4392781257629395
1.4042015075683594
1.3690871000289917
1.333767294883728
1.2981300354003906
1.2621049880981445
1.2256630659103394
1.1888056993484497
1.1515631675720215
1.1139864921569824
1.0761449337005615
1.0381194353103638
1.0
0.961880624294281
0.9238551259040833
0.8860134482383728
0.8484367728233337
0.8111943006515503
0.7743369340896606
0.7378950715065002
0.7018699645996094
0.666232705116272
0.6309129595756531
0.5957984924316406
0.5607219338417053
0.525460958480835
0.489723265171051
0.4531490206718445
0.41529643535614014
0.3756488561630249
0.33360612392425537
0.2884994447231293
0.23959402740001678
1.7071068286895752
1.660398006439209
1.617268681526184
1.57707941532135
1.5392438173294067
1.5032310485839844
1.4685777425765991
1.4348820447921753
1.4018105268478394
1.3690871000289917
1.336496114730835
1.303870439529419
1.2710918188095093
1.2380801439285278
1.204792857170105
1.1712150573730469
1.1373589038848877
1.1032557487487793
1.0689537525177002
1.0345126390457153
1.0
0.9654873609542847
0.931046187877655
0.8967443108558655
0.8626410961151123
0.8287850022315979
0.7952072024345398
0.7619197964668274
0.7289081811904907
0.6961296200752258
0.663503885269165
0.6309129595756531
0.5981894731521606
0.5651179552078247
0.5314222574234009
0.4967689514160156
0.4607561528682709
0.4229205548763275
0.38273125886917114
0.3396020233631134
0.2928932309150696
1.649448037147522
1.605615496635437
1.5651047229766846
1.5273596048355103
1.4918681383132935
1.4581634998321533
1.4258344173431396
1.3945198059082031
1.3639159202575684
1.333767294883728
1.303870439529419
1.2740635871887207
1.244228482246399
1.2142802476882935
1.184167742729187
1.153865098953247
1.1233707666397095
1.0927006006240845
1.0618863105773926
1.030969500541687
1.0
0.9690304398536682
0.9381137490272522
0.9072993993759155
0.8766292333602905
0.8461349010467529
0.815832257270813
0.7857197523117065
0.7557715177536011
0.7259364128112793
0.6961296200752258
0.666232705116272
0.6360840797424316
0.6054801344871521
0.5741655826568604
0.5418364405632019
0.5081319212913513
0.47264042496681213
0.43489524722099304
0.394384503364563
0.350551962852478
1.587785243988037
1.5474200248718262
1.5100852251052856
1.4753000736236572
1.442620873451233
1.4116406440734863
1.381998062133789
1.3533735275268555
1.3254947662353516
1.2981300354003906
1.2710918188095093
1.244228482246399
1.2174257040023804
1.1905986070632935
1.1636919975280762
1.1366729736328125
1.1095304489135742
1.0822688341140747
1.0549068450927734
1.0274723768234253
1.0
0.9725276231765747
0.9450930953025818
0.9177311062812805
0.8904695510864258
0.8633270263671875
0.8363080024719238
0.8094013333320618
0.7825742959976196
0.7557715177536011
0.7289081811904907
0.7018699645996094
0.6745052933692932
0.6466264724731445
0.6180019378662109
0.5883594155311584
0.5573791861534119
0.5246999263763428
0.48991477489471436
0.45257994532585144
0.4122147560119629
1.522498607635498
1.4861102104187012
1.4524327516555786
1.4210548400878906
1.3915956020355225
1.3637051582336426
1.3370704650878906
1.3114128112792969
1.286492943763733
1.2621049880981445
1.2380801439285278
1.2142802476882935
1.1905986070632935
1.1669541597366333
1.1432909965515137
1.1195731163024902
1.0957834720611572
1.0719184875488281
1.0479871034622192
1.0240064859390259
1.0
0.9759935140609741
0.9520128965377808
0.9280815720558167
0.9042165279388428
0.880426824092865
0.8567090034484863
0.8330458998680115
0.8094013333320618
0.7857197523117065
0.7619197964668274
0.7378950715065002
0.7135070562362671
0.6885871291160583
0.6629295349121094
0.6362948417663574
0.6084043383598328
0.5789452195167542
0.5475672483444214
0.5138897895812988
0.47750142216682434
1.4539904594421387
1.4220155477523804
1.3924076557159424
1.3648202419281006
1.3389325141906738
1.3144481182098389
1.2911014556884766
1.2686543464660645
1.246901035308838
1.2256630659103394
1.204792857170105
1.184167742729187
1.1636919975280762
1.1432909965515137
1.1229116916656494
1.10251784324646
1.0820893049240112
1.0616176128387451
1.041105031967163
1.0205609798431396
1.0
0.9794390201568604
0.9588949680328369
0.9383823871612549
0.9179106950759888
0.8974820971488953
0.8770882487297058
0.8567090034484863
0.8363080024719238
0.815832257270813
0.7952072024345398
0.7743369340896606
0.7530990242958069
0.7313456535339355
0.7088985443115234
0.6855518221855164
0.6610674858093262
0.6351797580718994
0.6075924038887024
0.5779844522476196
0.5460094809532166
1.3826833963394165
1.3554887771606445
1.3302971124649048
1.30682373046875
1.2848044633865356
1.2639949321746826
1.2441755533218384
1.2251485586166382
1.2067418098449707
1.1888056993484497
1.1712150573730469
1.153865098953247
1.1366729736328125
1.1195731163024902
1.10251784324646
1.0854731798171997
1.0684183835983276
1.0513427257537842
1.034244418144226
1.0171273946762085
1.0
0.9828726053237915
0.9657555222511292
0.948657214641571
0.9315816164016724
0.9145268797874451
0.8974820971488953
0.880426824092865
0.8633270263671875
0.8461349010467529
0.8287850022315979
0.8111943006515503
0.7932581901550293
0.7748515009880066
0.7558244466781616
0.7360050082206726
0.7151955962181091
0.69317626953125
0.6697028279304504
0.6445112228393555
0.6173165440559387
1.3090169429779053
1.2869046926498413
1.2664145231246948
1.2473211288452148
1.2294151782989502
1.2125030755996704
1.196409821510315
1.180977702140808
1.1660690307617188
1.1515631675720215
1.1373589038848877
1.1233707666397095
1.1095304489135742
1.0957834720611572
1.0820893049240112
1.0684183835983276
1.0547517538070679
1.0410783290863037
1.02739417552948
1.013700008392334
1.0
0.986299991607666
0.9726057648658752
0.9589216113090515
0.9452482461929321
0.9315816164016724
0.9179106950759888
0.9042165279388428
0.8904695510864258
0.8766292333602905
0.8626410961151123
0.8484367728233337
0.8339309692382812
0.8190222978591919
0.8035902380943298
0.7874969840049744
0.7705848217010498
0.7526788711547852
0.7335854768753052
0.7130953073501587
0.69098299741745
1.233445405960083
1.2166540622711182
1.201090931892395
1.186588168144226
1.172990083694458
1.1601520776748657
1.1479436159133911
1.1362468004226685
1.1249580383300781
1.1139864921569824
1.1032557487487793
1.0927006006240845
1.0822688341140747
1.0719184875488281
1.0616176128387451
1.0513427257537842
1.0410783290863037
1.0308146476745605
1.0205471515655518
1.0102750062942505
1.0
0.9897249341011047
0.9794527888298035
0.9691853523254395
0.9589216113090515
0.948657214641571
0.9383823871612549
0.9280815720558167
0.9177311062812805
0.9072993993759155
0.8967443108558655
0.8860134482383728
0.8750420212745667
0.8637532591819763
0.8520563840866089
0.839847981929779
0.8270099759101868
0.8134117722511292
0.7989090085029602
0.7833458781242371
0.7665546536445618
1.156434416770935
1.1451421976089478
1.134674072265625
1.124918818473816
1.115773320198059
1.1071414947509766
1.098936676979065
1.0910803079605103
1.083503246307373
1.0761449337005615
1.0689537525177002
1.0618863105773926
1.0549068450927734
1.0479871034622192
1.041105031967163
1.034244418144226
1.02739417552948
1.0205471515655518
1.0136996507644653
1.0068504810333252
1.0
0.9931495189666748
0.9863002896308899
0.9794527888298035
0.9726057648658752
0.9657555222511292
0.9588949680328369
0.9520128965377808
0.9450930953025818
0.9381137490272522
0.931046187877655
0.9238551259040833
0.916496753692627
0.9089197516441345
0.9010633230209351
0.8928585052490234
0.8842266798019409
0.8750811219215393
0.8653259873390198
0.854857861995697
0.8435655236244202
1.0784591436386108
1.0727835893630981
1.0675216913223267
1.0626181364059448
1.0580214262008667
1.0536836385726929
1.0495615005493164
1.0456156730651855
1.0418118238449097
1.0381194353103638
1.0345126390457153
1.030969500541687
1.0274723768234253
1.0240064859390259
1.0205609798431396
1.0171273946762085
1.013700008392334
1.0102750062942505
1.0068504810333252
1.0034254789352417
1.0
0.9965745210647583
0.9931495189666748
0.9897249341011047
0.986299991607666
0.9828726053237915
0.9794390201568604
0.9759935140609741
0.9725276231765747
0.9690304398536682
0.9654873609542847
0.961880624294281
0.9581881761550903
0.9543843269348145
0.9504385590553284
0.9463163614273071
0.9419785737991333
0.9373818039894104
0.9324783086776733
0.9272164702415466
0.9215409159660339
1.0
1.0
1.0
1.0
1.0
1.0
1.0
1.0
1.0
1.0
1.0
1.0
1.0
1.0
1.0
1.0
1.0
1.0
1.0
1.0
1.0
1.0
1.0
1.0
1.0
1.0
1.0
1.0
1.0
1.0
1.0
1.0
1.0
1.0
1.0
1.0
1.0
1.0
1.0
1.0
1.0
0.9215409159660339
0.9272164702415466
0.9324783086776733
0.9373818039894104
0.9419785737991333
0.9463163614273071
0.9504385590553284
0.9543843269348145
0.9581881761550903
0.961880624294281
0.9654873609542847
0.9690304398536682
0.9725276231765747
0.9759935140609741
0.9794390201568604
0.9828726053237915
0.986299991607666
0.9897249341011047
0.9931495189666748
0.9965745210647583
1.0
1.0034254789352417
1.0068504810333252
1.0102750062942505
1.013700008392334
1.0171273946762085
1.0205609798431396
1.0240064859390259
1.0274723768234253
1.030969500541687
1.0345126390457153
1.0381194353103638
1.0418118238449097
1.0456156730651855
1.0495615005493164
1.0536836385726929
1.0580214262008667
1.0626181364059448
1.0675216913223267
1.0727835893630981
1.0784591436386108
0.8435655236244202
0.854857861995697
0.8653259873390198
0.8750811219215393
0.8842266798019409
0.8928585052490234
0.9010633230209351
0.9089197516441345
0.916496753692627
0.9238551259040833
0.931046187877655
0.9381137490272522
0.9450930953025818
0.9520128965377808
0.9588949680328369
0.9657555222511292
0.9726057648658752
0.9794527888298035
0.9863002896308899
0.9931495189666748
1.0
1.0068504810333252
1.0136996507644653
1.0205471515655518
1.02739417552948
1.034244418144226
1.041105031967163
1.0479871034622192
1.0549068450927734
1.0618863105773926
1.0689537525177002
1.0761449337005615
1.083503246307373
1.0910803079605103
1.098936676979065
1.1071414947509766
1.115773320198059
1.124918818473816
1.134674072265625
1.1451421976089478
1.156434416770935
0.7665546536445618
0.7833458781242371
0.7989090085029602
0.8134117722511292
0.8270099759101868
0.839847981929779
0.8520563840866089
0.8637532591819763
0.8750420212745667
0.8860134482383728
0.8967443108558655
0.9072993993759155
0.9177311062812805
0.9280815720558167
0.9383823871612549
0.948657214641571
0.9589216113090515
0.9691853523254395
0.9794527888298035
0.9897249341011047
1.0
1.0102750062942505
1.0205471515655518
1.0308146476745605
1.0410783290863037
1.0513427257537842
1.0616176128387451
1.0719184875488281
1.0822688341140747
1.0927006006240845
1.1032557487487793
1.1139864921569824
1.1249580383300781
1.1362468004226685
1.1479436159133911
1.1601520776748657
1.172990083694458
1.186588168144226
1.201090931892395
1.2166540622711182
1.233445405960083
0.69098299741745
0.7130953073501587
0.7335854768753052
0.7526788711547852
0.7705848217010498
0.7874969840049744
0.8035902380943298
0.8190222978591919
0.8339309692382812
0.8484367728233337
0.8626410961151123
0.8766292333602905
0.8904695510864258
0.9042165279388428
0.9179106950759888
0.9315816164016724
0.9452482461929321
0.9589216113090515
0.9726057648658752
0.986299991607666
1.0
1.013700008392334
1.02739417552948
1.0410783290863037
1.0547517538070679
1.0684183835983276
1.0820893049240112
1.0957834720611572
1.1095304489135742
1.1233707666397095
1.1373589038848877
1.1515631675720215
1.1660690307617188
1.180977702140808
1.196409821510315
1.2125030755996704
1.2294151782989502
1.2473211288452148
1.2664145231246948
1.2869046926498413
1.3090169429779053
0.6173165440559387
0.6445112228393555
0.6697028279304504
0.69317626953125
0.7151955962181091
0.7360050082206726
0.7558244466781616
0.7748515009880066
0.7932581901550293
0.8111943006515503
0.8287850022315979
0.8461349010467529
0.8633270263671875
0.880426824092865
0.8974820971488953
0.9145268797874451
0.9315816164016724
0.948657214641571
0.9657555222511292
0.9828726053237915
1.0
1.0171273946762085
1.034244418144226
1.0513427257537842
1.0684183835983276
1.0854731798171997
1.10251784324646
1.1195731163024902
1.1366729736328125
1.153865098953247
1.1712150573730469
1.1888056993484497
1.2067418098449707
1.2251485586166382
1.2441755533218384
1.2639949321746826
1.2848044633865356
1.30682373046875
1.3302971124649048
1.3554887771606445
1.3826833963394165
0.5460094809532166
0.5779844522476196
0.6075924038887024
0.6351797580718994
0.6610674858093262
0.6855518221855164
0.7088985443115234
0.7313456535339355
0.7530990242958069
0.7743369340896606
0.7952072024345398
0.815832257270813
0.8363080024719238
0.8567090034484863
0.8770882487297058
0.8974820971488953
0.9179106950759888
0.9383823871612549
0.9588949680328369
0.9794390201568604
1.0
1.0205609798431396
1.041105031967163
1.0616176128387451
1.0820893049240112
1.10251784324646
1.1229116916656494
1.1432909965515137
1.1636919975280762
1.184167742729187
1.204792857170105
1.2256630659103394
1.246901035308838
1.2686543464660645
1.2911014556884766
1.3144481182098389
1.3389325141906738
1.3648202419281006
1.3924076557159424
1.4220155477523804
1.4539904594421387
0.47750142216682434
0.5138897895812988
0.5475672483444214
0.5789452195167542
0.6084043383598328
0.6362948417663574
0.6629295349121094
0.6885871291160583
0.7135070562362671
0.7378950715065002
0.7619197964668274
0.7857197523117065
0.8094013333320618
0.8330458998680115
0.8567090034484863
0.880426824092865
0.9042165279388428
0.9280815720558167
0.9520128965377808
0.9759935140609741
1.0
1.0240064859390259
1.0479871034622192
1.0719184875488281
1.0957834720611572
1.1195731163024902
1.1432909965515137
1.1669541597366333
1.1905986070632935
1.2142802476882935
1.2380801439285278
1.2621049880981445
1.286492943763733
1.3114128112792969
1.3370704650878906
1.3637051582336426
1.3915956020355225
1.4210548400878906
1.4524327516555786
1.4861102104187012
1.522498607635498
0.4122147560119629
0.45257994532585144
0.48991477489471436
0.5246999263763428
0.5573791861534119
0.5883594155311584
0.6180019378662109
0.6466264724731445
0.6745052933692932
0.7018699645996094
0.7289081811904907
0.7557715177536011
0.7825742959976196
0.8094013333320618
0.8363080024719238
0.8633270263671875
0.8904695510864258
0.9177311062812805
0.9450930953025818
0.9725276231765747
1.0
1.0274723768234253
1.0549068450927734
1.0822688341140747
1.1095304489135742
1.1366729736328125
1.1636919975280762
1.1905986070632935
1.2174257040023804
1.244228482246399
1.2710918188095093
1.2981300354003906
1.3254947662353516
1.3533735275268555
1.381998062133789
1.4116406440734863
1.442620873451233
1.4753000736236572
1.5100852251052856
1.5474200248718262
1.587785243988037
0.350551962852478
0.394384503364563
0.43489524722099304
0.47264042496681213
0.5081319212913513
0.5418364405632019
0.5741655826568604
0.6054801344871521
0.6360840797424316
0.666232705116272
0.6961296200752258
0.7259364128112793
0.7557715177536011
0.7857197523117065
0.815832257270813
0.8461349010467529
0.8766292333602905
0.9072993993759155
0.9381137490272522
0.9690304398536682
1.0
1.030969500541687
1.0618863105773926
1.0927006006240845
1.1233707666397095
1.153865098953247
1.184167742729187
1.2142802476882935
1.244228482246399
1.2740635871887207
1.303870439529419
1.333767294883728
1.3639159202575684
1.3945198059082031
1.4258344173431396
1.4581634998321533
1.4918681383132935
1.5273596048355103
1.5651047229766846
1.605615496635437
1.649448037147522
0.2928932309150696
0.3396020233631134
0.38273125886917114
0.4229205548763275
0.4607561528682709
0.4967689514160156
0.5314222574234009
0.5651179552078247
0.5981894731521606
0.6309129595756531
0.663503885269165
0.6961296200752258
0.7289081811904907
0.7619197964668274
0.7952072024345398
0.8287850022315979
0.8626410961151123
0.8967443108558655
0.931046187877655
0.9654873609542847
1.0
1.0345126390457153
1.0689537525177002
1.1032557487487793
1.1373589038848877
1.1712150573730469
1.204792857170105
1.2380801439285278
1.2710918188095093
1.303870439529419
1.336496114730835
1.3690871000289917
1.4018105268478394
1.4348820447921753
1.4685777425765991
1.5032310485839844
1.5392438173294067
1.57707941532135
1.617268681526184
1.660398006439209
1.7071068286895752
0.23959402740001678
0.2884994447231293
0.33360612392425537
0.3756488561630249
0.41529643535614014
0.4531490206718445
0.489723265171051
0.525460958480835
0.5607219338417053
0.5957984924316406
0.6309129595756531
0.666232705116272
0.7018699645996094
0.7378950715065002
0.7743369340896606
0.8111943006515503
0.8484367728233337
0.8860134482383728
0.9238551259040833
0.961880624294281
1.0
1.0381194353103638
1.0761449337005615
1.1139864921569824
1.1515631675720215
1.1888056993484497
1.2256630659103394
1.2621049880981445
1.2981300354003906
1.333767294883728
1.3690871000289917
1.4042015075683594
1.4392781257629395
1.474539041519165
1.5102767944335938
1.5468509197235107
1.5847035646438599
1.624351143836975
1.6663938760757446
1.7115005254745483
1.7604060173034668
0.19098301231861115
0.2413007915019989
0.28764787316322327
0.3308693766593933
0.3717276453971863
0.41089773178100586
0.44895029067993164
0.4863643944263458
0.5235208868980408
0.5607219338417053
0.5981894731521606
0.6360840797424316
0.6745052933692932
0.7135070562362671
0.7530990242958069
0.7932581901550293
0.8339309692382812
0.8750420212745667
0.916496753692627
0.9581881761550903
1.0
1.0418118238449097
1.083503246307373
1.1249580383300781
1.1660690307617188
1.2067418098449707
1.246901035308838
1.286492943763733
1.3254947662353516
1.3639159202575684
1.4018105268478394
1.4392781257629395
1.4764790534973145
1.5136356353759766
1.5510497093200684
1.5891022682189941
1.628272294998169
1.669130563735962
1.7123521566390991
1.7586991786956787
1.8090169429779053
0.14735983312129974
0.19818583130836487
0.24492551386356354
0.28855711221694946
0.3299502730369568
0.3698609173297882
0.4089125692844391
0.4476158320903778
0.4863643944263458
0.525460958480835
0.5651179552078247
0.6054801344871521
0.6466264724731445
0.6885871291160583
0.7313456535339355
0.7748515009880066
0.8190222978591919
0.8637532591819763
0.9089197516441345
0.9543843269348145
1.0
1.0456156730651855
1.0910803079605103
1.1362468004226685
1.180977702140808
1.2251485586166382
1.2686543464660645
1.3114128112792969
1.3533735275268555
1.3945198059082031
1.4348820447921753
1.474539041519165
1.5136356353759766
1.5523841381072998
1.5910874605178833
1.6301391124725342
1.670049786567688
1.7114428281784058
1.7550745010375977
1.8018141984939575
1.852640151977539
0.10899347811937332
0.15927089750766754
0.20542046427726746
0.24858418107032776
0.28975650668144226
0.32977816462516785
0.3693196773529053
0.4089125692844391
0.44895029067993164
0.489723265171051
0.5314222574234009
0.5741655826568604
0.6180019378662109
0.6629295349121094
0.7088985443115234
0.7558244466781616
0.8035902380943298
0.8520563840866089
0.9010633230209351
0.9504385590553284
1.0
1.0495615005493164
1.098936676979065
1.1479436159133911
1.196409821510315
1.2441755533218384
1.2911014556884766
1.3370704650878906
1.381998062133789
1.4258344173431396
1.4685777425765991
1.5102767944335938
1.5510497093200684
1.5910874605178833
1.6306803226470947
1.6702218055725098
1.7102434635162354
1.7514158487319946
1.7945795059204102
1.8407291173934937
1.8910064697265625
0.07612046599388123
0.12460358440876007
0.16901487112045288
0.21070773899555206
0.25081968307495117
0.2902756929397583
0.32977816462516785
0.3698609173297882
0.41089773178100586
0.4531490206718445
0.4967689514160156
0.5418364405632019
0.5883594155311584
0.6362948417663574
0.6855518221855164
0.7360050082206726
0.7874969840049744
0.839847981929779
0.8928585052490234
0.9463163614273071
1.0
1.0536836385726929
1.1071414947509766
1.1601520776748657
1.2125030755996704
1.2639949321746826
1.3144481182098389
1.3637051582336426
1.4116406440734863
1.4581634998321533
1.5032310485839844
1.5468509197235107
1.5891022682189941
1.6301391124725342
1.6702218055725098
1.7097243070602417
1.7491803169250488
1.7892922163009644
1.830985188484192
1.8753963708877563
1.9238795042037964
0.04894348233938217
0.09411640465259552
0.1354282796382904
0.17450179159641266
0.21263618767261505
0.25081968307495117
0.28975650668144226
0.3299502730369568
0.3717276453971863
0.41529643535614014
0.4607561528682709
0.5081319212913513
0.5573791861534119
0.6084043383598328
0.6610674858093262
0.7151955962181091
0.7705848217010498
0.8270099759101868
0.8842266798019409
0.9419785737991333
1.0
1.0580214262008667
1.115773320198059
1.172990083694458
1.2294151782989502
1.2848044633865356
1.3389325141906738
1.3915956020355225
1.442620873451233
1.4918681383132935
1.5392438173294067
1.5847035646438599
1.628272294998169
1.670049786567688
1.7102434635162354
1.7491803169250488
1.7873637676239014
1.8254982233047485
1.8645716905593872
1.905883550643921
1.9510564804077148
0.02763007953763008
0.06760667264461517
0.10417147725820541
0.13932503759860992
0.17450179159641266
0.21070773899555206
0.24858418107032776
0.28855711221694946
0.3308693766593933
0.3756488561630249
0.4229205548763275
0.47264042496681213
0.5246999263763428
0.5789452195167542
0.6351797580718994
0.69317626953125
0.7526788711547852
0.8134117722511292
0.8750811219215393
0.9373818039894104
1.0
1.0626181364059448
1.124918818473816
1.186588168144226
1.2473211288452148
1.30682373046875
1.3648202419281006
1.4210548400878906
1.4753000736236572
1.5273596048355103
1.57707941532135
1.624351143836975
1.669130563735962
1.7114428281784058
1.7514158487319946
1.7892922163009644
1.8254982233047485
1.8606749773025513
1.8958284854888916
1.9323933124542236
1.972369909286499
0.012311659753322601
0.044539738446474075
0.07438303530216217
0.10417147725820541
0.1354282796382904
0.16901487112045288
0.20542046427726746
0.24492551386356354
0.28764787316322327
0.33360612392425537
0.38273125886917114
0.43489524722099304
0.48991477489471436
0.5475672483444214
0.6075924038887024
0.6697028279304504
0.7335854768753052
0.7989090085029602
0.8653259873390198
0.9324783086776733
1.0
1.0675216913223267
1.134674072265625
1.201090931892395
1.2664145231246948
1.3302971124649048
1.3924076557159424
1.4524327516555786
1.5100852251052856
1.5651047229766846
1.617268681526184
1.6663938760757446
1.7123521566390991
1.7550745010375977
1.7945795059204102
1.830985188484192
1.8645716905593872
1.8958284854888916
1.925616979598999
1.9554603099822998
1.9876883029937744
0.003082666313275695
0.023999342694878578
0.044539738446474075
0.06760667264461517
0.09411640465259552
0.12460358440876007
0.15927089750766754
0.19818583130836487
0.2413007915019989
0.2884994447231293
0.3396020233631134
0.394384503364563
0.45257994532585144
0.5138897895812988
0.5779844522476196
0.6445112228393555
0.7130953073501587
0.7833458781242371
0.854857861995697
0.9272164702415466
1.0
1.0727835893630981
1.1451421976089478
1.2166540622711182
1.2869046926498413
1.3554887771606445
1.4220155477523804
1.4861102104187012
1.5474200248718262
1.605615496635437
1.660398006439209
1.7115005254745483
1.7586991786956787
1.8018141984939575
1.8407291173934937
1.8753963708877563
1.905883550643921
1.9323933124542236
1.9554603099822998
1.9760006666183472
1.9969173669815063
0.0
0.003082666313275695
0.012311659753322601
0.02763007953763008
0.04894348233938217
0.07612046599388123
0.10899347811937332
0.14735983312129974
0.19098301231861115
0.23959402740001678
0.2928932309150696
0.350551962852478
0.4122147560119629
0.47750142216682434
0.5460094809532166
0.6173165440559387
0.69098299741745
0.7665546536445618
0.8435655236244202
0.9215409159660339
1.0
1.0784591436386108
1.156434416770935
1.233445405960083
1.3090169429779053
1.3826833963394165
1.4539904594421387
1.522498607635498
1.587785243988037
1.649448037147522
1.7071068286895752
1.7604060173034668
1.8090169429779053
1.852640151977539
1.8910064697265625
1.9238795042037964
1.9510564804077148
1.972369909286499
1.9876883029937744
1.9969173669815063
2.0
