2.0
1.9969173669815063
1.9876883029937744
1.972369909286499
1.9510564804077148
1.9238795042037964
1.8910064697265625
1.852640151977539
1.8090169429779053
1.7604060173034668
1.7071068286895752
1.649448037147522
1.587785243988037
1.522498607635498
1.4539904594421387
1.3826833963394165
1.3090169429779053
1.233445405960083
1.156434416770935
1.0784591436386108
1.0
0.9215409159660339
0.8435655236244202
0.7665546536445618
0.69098299741745
0.6173165440559387
0.5460094809532166
0.47750142216682434
0.4122147560119629
0.350551962852478
0.2928932309150696
0.23959402740001678
0.19098301231861115
0.14735983312129974
0.10899347811937332
0.07612046599388123
0.04894348233938217
0.02763007953763008
0.012311659753322601
0.003082666313275695
0.0
1.9969173669815063
1.9759886264801025
1.9554405212402344
1.932368278503418
1.9058549404144287
1.8753654956817627
1.840696930885315
1.8017815351486206
1.7586668729782104
1.711469054222107
1.6603678464889526
1.605587124824524
1.5473939180374146
1.4860866069793701
1.4219948053359985
1.355471134185791
1.2868903875350952
1.216643214225769
1.1451348066329956
1.072779893875122
1.0
0.9272201657295227
0.8548651337623596
0.783356785774231
0.7131096124649048
0.6445288062095642
0.5780051350593567
0.5139133334159851
0.45260605216026306
0.3944128453731537
0.33963218331336975
0.28853097558021545
0.24133318662643433
0.1982184797525406
0.15930309891700745
0.12463449686765671
0.09414501488208771
0.06763172149658203
0.044559504836797714
0.024011429399251938
0.003082666313275695
1.9876883029937744
1.9554405212402344
1.9255831241607666
1.8957847356796265
1.8645210266113281
1.8309298753738403
1.794521689414978
1.75501549243927
1.7122933864593506
1.6663365364074707
1.6172137260437012
1.565053105354309
1.5100375413894653
1.4523897171020508
1.3923696279525757
1.330264925956726
1.2663882970809937
1.20107102394104
1.1346606016159058
1.0675150156021118
1.0
0.932485044002533
0.8653393983840942
0.79892897605896
0.7336117625236511
0.6697351336479187
0.6076303124427795
0.547610342502594
0.48996251821517944
0.4349469542503357
0.38278621435165405
0.3336634635925293
0.2877066135406494
0.2449844926595688
0.20547834038734436
0.1690700799226761
0.1354789286851883
0.10421521216630936
0.07441683858633041
0.044559504836797714
0.012311659753322601
1.972369909286499
1.932368278503418
1.8957847356796265
1.8606175184249878
1.825430989265442
1.7892184257507324
1.751338005065918
1.7113631963729858
1.6690510511398315
1.6242731809616089
1.5770045518875122
1.5272890329360962
1.475234866142273
1.420995831489563
1.364768385887146
1.3067795038223267
1.2472851276397705
1.186560869216919
1.124900460243225
1.0626089572906494
1.0
0.9373910427093506
0.8750995397567749
0.813439130783081
0.7527148723602295
0.6932204961776733
0.635231614112854
0.579004168510437
0.5247650742530823
0.4727109670639038
0.4229954183101654
0.37572675943374634
0.33094897866249084
0.28863680362701416
0.2486620545387268
0.21078161895275116
0.1745690405368805
0.1393824964761734
0.10421521216630936
0.06763172149658203
0.02763007953763008
1.9510564804077148
1.9058549404144287
1.8645210266113281
1.825430989265442
1.78728449344635
1.7490925788879395
1.7101505994796753
1.6699542999267578
1.6281766891479492
1.5846097469329834
1.5391535758972168
1.4917829036712646
1.4425419569015503
1.391524314880371
1.338869571685791
1.2847508192062378
1.2293715476989746
1.1729568243026733
1.1157509088516235
1.058010220527649
1.0
0.9419898390769958
0.8842490315437317
0.8270431756973267
0.7706285119056702
0.7152491807937622
0.6611303687095642
0.6084756851196289
0.5574579834938049
0.5082170963287354
0.4608464241027832
0.4153902232646942
0.371823251247406
0.3300456702709198
0.2898494005203247
0.25090739130973816
0.2127155363559723
0.1745690405368805
0.1354789286851883
0.09414501488208771
0.04894348233938217
1.9238795042037964
1.8753654956817627
1.8309298753738403
1.7892184257507324
1.7490925788879395
1.7096269130706787
1.6701182126998901
1.6300323009490967
1.5889949798583984
1.5467455387115479
1.5031293630599976
1.4580674171447754
1.411551594734192
1.3636245727539062
1.3143770694732666
1.2639343738555908
1.2124536037445068
1.1601144075393677
1.1071162223815918
1.053670883178711
1.0
0.9463291168212891
0.8928837776184082
0.8398855924606323
0.7875463962554932
0.736065685749054
0.6856229305267334
0.6363754868507385
0.5884484052658081
0.5419325232505798
0.49687057733535767
0.45325446128845215
0.4110049605369568
0.36996766924858093
0.32988178730010986
0.2903730869293213
0.25090739130973816
0.21078161895275116
0.1690700799226761
0.12463449686765671
0.07612046599388123
1.8910064697265625
1.840696930885315
1.794521689414978
1.751338005065918
1.7101505994796753
1.6701182126998901
1.6305698156356812
1.5909732580184937
1.5509346723556519
1.510163426399231
1.468468427658081
1.4257309436798096
1.3819020986557007
1.3369834423065186
1.2910245656967163
1.2441099882125854
1.1963562965393066
1.1479029655456543
1.0989092588424683
1.0495476722717285
1.0
0.9504523277282715
0.901090681552887
0.8520970940589905
0.8036437034606934
0.7558900117874146
0.7089753746986389
0.6630165576934814
0.6180979013442993
0.5742690563201904
0.531531572341919
0.48983654379844666
0.44906529784202576
0.40902677178382874
0.36943021416664124
0.32988178730010986
0.2898494005203247
0.2486620545387268
0.20547834038734436
0.15930309891700745
0.10899347811937332
1.852640151977539
1.8017815351486206
1.75501549243927
1.7113631963729858
1.6699542999267578
1.6300323009490967
1.5909732580184937
1.5522658824920654
1.5135163068771362
1.4744212627410889
1.4347683191299438
1.3944120407104492
1.3532733917236328
1.3113220930099487
1.2685741186141968
1.2250800132751465
1.1809217929840088
1.1362042427062988
1.0910515785217285
1.04560124874115
1.0
0.9543987512588501
0.9089483618736267
0.8637957572937012
0.8190781474113464
0.7749199867248535
0.7314258813858032
0.688677966594696
0.6467265486717224
0.6055880188941956
0.5652317404747009
0.5255786776542664
0.48648372292518616
0.4477340877056122
0.40902677178382874
0.36996766924858093
0.3300456702709198
0.28863680362701416
0.2449844926595688
0.1982184797525406
0.14735983312129974
1.8090169429779053
1.7586668729782104
1.7122933864593506
1.6690510511398315
1.6281766891479492
1.5889949798583984
1.5509346723556519
1.5135163068771362
1.4763585329055786
1.4391589164733887
1.4016952514648438
1.3638066053390503
1.3253930807113647
1.2864006757736206
1.2468194961547852
1.206672191619873
1.166012167930603
1.1249146461486816
1.083474040031433
1.041797161102295
1.0
0.9582028985023499
0.9165259003639221
0.8750852942466736
0.833987832069397
0.7933278679847717
0.7531805634498596
0.7135993242263794
0.6746069192886353
0.6361934542655945
0.5983047485351562
0.5608410835266113
0.5236414670944214
0.48648372292518616
0.44906529784202576
0.4110049605369568
0.371823251247406
0.33094897866249084
0.2877066135406494
0.24133318662643433
0.19098301231861115
1.7604060173034668
1.711469054222107
1.6663365364074707
1.6242731809616089
1.5846097469329834
1.5467455387115479
1.510163426399231
1.4744212627410889
1.4391589164733887
1.4040836095809937
1.368972897529602
1.3336589336395264
1.2980291843414307
1.26201331615448
1.2255821228027344
1.1887364387512207
1.151506781578064
1.1139434576034546
1.0761158466339111
1.038104772567749
1.0
0.961895227432251
0.9238840937614441
0.8860564827919006
0.8484932780265808
0.8112635016441345
0.7744179368019104
0.7379866242408752
0.7019708156585693
0.6663411259651184
0.6310271620750427
0.5959163308143616
0.5608410835266113
0.5255786776542664
0.48983654379844666
0.45325446128845215
0.4153902232646942
0.37572675943374634
0.3336634635925293
0.28853097558021545
0.23959402740001678
1.7071068286895752
1.6603678464889526
1.6172137260437012
1.5770045518875122
1.5391535758972168
1.5031293630599976
1.468468427658081
1.4347683191299438
1.4016952514648438
1.368972897529602
1.3363853693008423
1.3037651777267456
1.270993947982788
1.237991213798523
1.204714059829712
1.1711477041244507
1.1373039484024048
1.1032137870788574
1.0689256191253662
1.0344984531402588
1.0
0.965501606464386
0.9310744404792786
0.8967861533164978
0.8626960515975952
0.8288522958755493
0.7952858805656433
0.762008786201477
0.7290060520172119
0.6962348222732544
0.6636146306991577
0.6310271620750427
0.5983047485351562
0.5652317404747009
0.531531572341919
0.49687057733535767
0.4608464241027832
0.4229954183101654
0.38278621435165405
0.33963218331336975
0.2928932309150696
1.649448037147522
1.605587124824524
1.565053105354309
1.5272890329360962
1.4917829036712646
1.4580674171447754
1.4257309436798096
1.3944120407104492
1.3638066053390503
1.3336589336395264
1.3037651777267456
1.2739635705947876
1.2441353797912598
1.2141956090927124
1.1840927600860596
1.1538009643554688
1.1233184337615967
1.092660665512085
1.061859369277954
1.0309560298919678
1.0
0.9690439701080322
0.9381406307220459
0.907339334487915
0.8766816258430481
0.8461990356445312
0.8159071803092957
0.7858044505119324
0.7558646202087402
0.7260364294052124
0.6962348222732544
0.6663411259651184
0.6361934542655945
0.6055880188941956
0.5742690563201904
0.5419325232505798
0.5082170963287354
0.4727109670639038
0.4349469542503357
0.3944128453731537
0.350551962852478
1.587785243988037
1.5473939180374146
1.5100375413894653
1.475234866142273
1.4425419569015503
1.411551594734192
1.3819020986557007
1.3532733917236328
1.3253930807113647
1.2980291843414307
1.270993947982788
1.2441353797912598
1.2173389196395874
1.1905196905136108
1.1636221408843994
1.1366132497787476
1.1094815731048584
1.0822316408157349
1.0548818111419678
1.027459740638733
1.0
0.9725402593612671
0.9451181888580322
0.9177683591842651
0.8905183672904968
0.8633868098258972
0.8363778591156006
0.8094802498817444
0.7826610207557678
0.7558646202087402
0.7290060520172119
0.7019708156585693
0.6746069192886353
0.6467265486717224
0.6180979013442993
0.5884484052658081
0.5574579834938049
0.5247650742530823
0.48996251821517944
0.45260605216026306
0.4122147560119629
1.522498607635498
1.4860866069793701
1.4523897171020508
1.420995831489563
1.391524314880371
1.3636245727539062
1.3369834423065186
1.3113220930099487
1.2864006757736206
1.26201331615448
1.237991213798523
1.2141956090927124
1.1905196905136108
1.1668822765350342
1.1432273387908936
1.119518756866455
1.0957390069961548
1.0718845129013062
1.0479642152786255
1.023995041847229
1.0
0.9760050177574158
0.9520357847213745
0.9281154870986938
0.9042609930038452
0.8804812431335449
0.8567726016044617
0.8331177234649658
0.8094802498817444
0.7858044505119324
0.762008786201477
0.7379866242408752
0.7135993242263794
0.688677966594696
0.6630165576934814
0.6363754868507385
0.6084756851196289
0.579004168510437
0.547610342502594
0.5139133334159851
0.47750142216682434
1.4539904594421387
1.4219948053359985
1.3923696279525757
1.364768385887146
1.338869571685791
1.3143770694732666
1.2910245656967163
1.2685741186141968
1.2468194961547852
1.2255821228027344
1.204714059829712
1.1840927600860596
1.1636221408843994
1.1432273387908936
1.1228554248809814
1.1024696826934814
1.08204984664917
1.0615875720977783
1.0410847663879395
1.0205507278442383
1.0
0.9794492125511169
0.9589152336120605
0.9384124875068665
0.9179500937461853
0.8975303769111633
0.8771446347236633
0.8567726016044617
0.8363778591156006
0.8159071803092957
0.7952858805656433
0.7744179368019104
0.7531805634498596
0.7314258813858032
0.7089753746986389
0.6856229305267334
0.6611303687095642
0.635231614112854
0.6076303124427795
0.5780051350593567
0.5460094809532166
1.3826833963394165
1.355471134185791
1.330264925956726
1.3067795038223267
1.2847508192062378
1.2639343738555908
1.2441099882125854
1.2250800132751465
1.206672191619873
1.1887364387512207
1.1711477041244507
1.1538009643554688
1.1366132497787476
1.119518756866455
1.1024696826934814
1.0854318141937256
1.0683846473693848
1.0513169765472412
1.0342271327972412
1.0171186923980713
1.0
0.9828813672065735
0.9657729268074036
0.948682963848114
0.93161541223526
0.9145681262016296
0.8975303769111633
0.8804812431335449
0.8633868098258972
0.8461990356445312
0.8288522958755493
0.8112635016441345
0.7933278679847717
0.7749199867248535
0.7558900117874146
0.736065685749054
0.7152491807937622
0.6932204961776733
0.6697351336479187
0.6445288062095642
0.6173165440559387
1.3090169429779053
1.2868903875350952
1.2663882970809937
1.2472851276397705
1.2293715476989746
1.2124536037445068
1.1963562965393066
1.1809217929840088
1.166012167930603
1.151506781578064
1.1373039484024048
1.1233184337615967
1.1094815731048584
1.0957390069961548
1.08204984664917
1.0683846473693848
1.0547242164611816
1.0410573482513428
1.0273799896240234
1.013692855834961
1.0
0.9863071441650391
0.9726199507713318
0.9589426517486572
0.9452758431434631
0.93161541223526
0.9179500937461853
0.9042609930038452
0.8905183672904968
0.8766816258430481
0.8626960515975952
0.8484932780265808
0.833987832069397
0.8190781474113464
0.8036437034606934
0.7875463962554932
0.7706285119056702
0.7527148723602295
0.7336117625236511
0.7131096124649048
0.69098299741745
1.233445405960083
1.216643214225769
1.20107102394104
1.186560869216919
1.1729568243026733
1.1601144075393677
1.1479029655456543
1.1362042427062988
1.1249146461486816
1.1139434576034546
1.1032137870788574
1.092660665512085
1.0822316408157349
1.0718845129013062
1.0615875720977783
1.0513169765472412
1.0410573482513428
1.0307985544204712
1.0205364227294922
1.0102696418762207
1.0
0.9897304177284241
0.9794636368751526
0.969201385974884
0.9589426517486572
0.948682963848114
0.9384124875068665
0.9281154870986938
0.9177683591842651
0.907339334487915
0.8967861533164978
0.8860564827919006
0.8750852942466736
0.8637957572937012
0.8520970940589905
0.8398855924606323
0.8270431756973267
0.813439130783081
0.79892897605896
0.783356785774231
0.7665546536445618
1.156434416770935
1.1451348066329956
1.1346606016159058
1.124900460243225
1.1157509088516235
1.1071162223815918
1.0989092588424683
1.0910515785217285
1.083474040031433
1.0761158466339111
1.0689256191253662
1.061859369277954
1.0548818111419678
1.0479642152786255
1.0410847663879395
1.0342271327972412
1.0273799896240234
1.0205364227294922
1.0136923789978027
1.0068467855453491
1.0
0.9931532144546509
0.9863076210021973
0.9794636368751526
0.9726199507713318
0.9657729268074036
0.9589152336120605
0.9520357847213745
0.9451181888580322
0.9381406307220459
0.9310744404792786
0.9238840937614441
0.9165259003639221
0.9089483618736267
0.901090681552887
0.8928837776184082
0.8842490315437317
0.8750995397567749
0.8653393983840942
0.8548651337623596
0.8435655236244202
1.0784591436386108
1.072779893875122
1.0675150156021118
1.0626089572906494
1.058010220527649
1.053670883178711
1.0495476722717285
1.04560124874115
1.041797161102295
1.038104772567749
1.0344984531402588
1.0309560298919678
1.027459740638733
1.023995041847229
1.0205507278442383
1.0171186923980713
1.013692855834961
1.0102696418762207
1.0068467855453491
1.0034235715866089
1.0
0.9965763688087463
0.9931532144546509
0.9897304177284241
0.9863071441650391
0.9828813672065735
0.9794492125511169
0.9760050177574158
0.9725402593612671
0.9690439701080322
0.965501606464386
0.961895227432251
0.9582028985023499
0.9543987512588501
0.9504523277282715
0.9463291168212891
0.9419898390769958
0.9373910427093506
0.932485044002533
0.9272201657295227
0.9215409159660339
1.0
1.0
1.0
1.0
1.0
1.0
1.0
1.0
1.0
1.0
1.0
1.0
1.0
1.0
1.0
1.0
1.0
1.0
1.0
1.0
1.0
1.0
1.0
1.0
1.0
1.0
1.0
1.0
1.0
1.0
1.0
1.0
1.0
1.0
1.0
1.0
1.0
1.0
1.0
1.0
1.0
0.9215409159660339
0.9272201657295227
0.932485044002533
0.9373910427093506
0.9419898390769958
0.9463291168212891
0.9504523277282715
0.9543987512588501
0.9582028985023499
0.961895227432251
0.965501606464386
0.9690439701080322
0.9725402593612671
0.9760050177574158
0.9794492125511169
0.9828813672065735
0.9863071441650391
0.9897304177284241
0.9931532144546509
0.9965763688087463
1.0
1.0034235715866089
1.0068467855453491
1.0102696418762207
1.013692855834961
1.0171186923980713
1.0205507278442383
1.023995041847229
1.027459740638733
1.0309560298919678
1.0344984531402588
1.038104772567749
1.041797161102295
1.04560124874115
1.0495476722717285
1.053670883178711
1.058010220527649
1.0626089572906494
1.0675150156021118
1.072779893875122
1.0784591436386108
0.8435655236244202
0.8548651337623596
0.8653393983840942
0.8750995397567749
0.8842490315437317
0.8928837776184082
0.901090681552887
0.9089483618736267
0.9165259003639221
0.9238840937614441
0.9310744404792786
0.9381406307220459
0.9451181888580322
0.9520357847213745
0.9589152336120605
0.9657729268074036
0.9726199507713318
0.9794636368751526
0.9863076210021973
0.9931532144546509
1.0
1.0068467855453491
1.0136923789978027
1.0205364227294922
1.0273799896240234
1.0342271327972412
1.0410847663879395
1.0479642152786255
1.0548818111419678
1.061859369277954
1.0689256191253662
1.0761158466339111
1.083474040031433
1.0910515785217285
1.0989092588424683
1.1071162223815918
1.1157509088516235
1.124900460243225
1.1346606016159058
1.1451348066329956
1.156434416770935
0.7665546536445618
0.783356785774231
0.79892897605896
0.813439130783081
0.8270431756973267
0.8398855924606323
0.8520970940589905
0.8637957572937012
0.8750852942466736
0.8860564827919006
0.8967861533164978
0.907339334487915
0.9177683591842651
0.9281154870986938
0.9384124875068665
0.948682963848114
0.9589426517486572
0.969201385974884
0.9794636368751526
0.9897304177284241
1.0
1.0102696418762207
1.0205364227294922
1.0307985544204712
1.0410573482513428
1.0513169765472412
1.0615875720977783
1.0718845129013062
1.0822316408157349
1.092660665512085
1.1032137870788574
1.1139434576034546
1.1249146461486816
1.1362042427062988
1.1479029655456543
1.1601144075393677
1.1729568243026733
1.186560869216919
1.20107102394104
1.216643214225769
1.233445405960083
0.69098299741745
0.7131096124649048
0.7336117625236511
0.7527148723602295
0.7706285119056702
0.7875463962554932
0.8036437034606934
0.8190781474113464
0.833987832069397
0.8484932780265808
0.8626960515975952
0.8766816258430481
0.8905183672904968
0.9042609930038452
0.9179500937461853
0.93161541223526
0.9452758431434631
0.9589426517486572
0.9726199507713318
0.9863071441650391
1.0
1.013692855834961
1.0273799896240234
1.0410573482513428
1.0547242164611816
1.0683846473693848
1.08204984664917
1.0957390069961548
1.1094815731048584
1.1233184337615967
1.1373039484024048
1.151506781578064
1.166012167930603
1.1809217929840088
1.1963562965393066
1.2124536037445068
1.2293715476989746
1.2472851276397705
1.2663882970809937
1.2868903875350952
1.3090169429779053
0.6173165440559387
0.6445288062095642
0.6697351336479187
0.6932204961776733
0.7152491807937622
0.736065685749054
0.7558900117874146
0.7749199867248535
0.7933278679847717
0.8112635016441345
0.8288522958755493
0.8461990356445312
0.8633868098258972
0.8804812431335449
0.8975303769111633
0.9145681262016296
0.93161541223526
0.948682963848114
0.9657729268074036
0.9828813672065735
1.0
1.0171186923980713
1.0342271327972412
1.0513169765472412
1.0683846473693848
1.0854318141937256
1.1024696826934814
1.119518756866455
1.1366132497787476
1.1538009643554688
1.1711477041244507
1.1887364387512207
1.206672191619873
1.2250800132751465
1.2441099882125854
1.2639343738555908
1.2847508192062378
1.3067795038223267
1.330264925956726
1.355471134185791
1.3826833963394165
0.5460094809532166
0.5780051350593567
0.6076303124427795
0.635231614112854
0.6611303687095642
0.6856229305267334
0.7089753746986389
0.7314258813858032
0.7531805634498596
0.7744179368019104
0.7952858805656433
0.8159071803092957
0.8363778591156006
0.8567726016044617
0.8771446347236633
0.8975303769111633
0.9179500937461853
0.9384124875068665
0.9589152336120605
0.9794492125511169
1.0
1.0205507278442383
1.0410847663879395
1.0615875720977783
1.08204984664917
1.1024696826934814
1.1228554248809814
1.1432273387908936
1.1636221408843994
1.1840927600860596
1.204714059829712
1.2255821228027344
1.2468194961547852
1.2685741186141968
1.2910245656967163
1.3143770694732666
1.338869571685791
1.364768385887146
1.3923696279525757
1.4219948053359985
1.4539904594421387
0.47750142216682434
0.5139133334159851
0.547610342502594
0.579004168510437
0.6084756851196289
0.6363754868507385
0.6630165576934814
0.688677966594696
0.7135993242263794
0.7379866242408752
0.762008786201477
0.7858044505119324
0.8094802498817444
0.8331177234649658
0.8567726016044617
0.8804812431335449
0.9042609930038452
0.9281154870986938
0.9520357847213745
0.9760050177574158
1.0
1.023995041847229
1.0479642152786255
1.0718845129013062
1.0957390069961548
1.119518756866455
1.1432273387908936
1.1668822765350342
1.1905196905136108
1.2141956090927124
1.237991213798523
1.26201331615448
1.2864006757736206
1.3113220930099487
1.3369834423065186
1.3636245727539062
1.391524314880371
1.420995831489563
1.4523897171020508
1.4860866069793701
1.522498607635498
0.4122147560119629
0.45260605216026306
0.48996251821517944
0.5247650742530823
0.5574579834938049
0.5884484052658081
0.6180979013442993
0.6467265486717224
0.6746069192886353
0.7019708156585693
0.7290060520172119
0.7558646202087402
0.7826610207557678
0.8094802498817444
0.8363778591156006
0.8633868098258972
0.8905183672904968
0.9177683591842651
0.9451181888580322
0.9725402593612671
1.0
1.027459740638733
1.0548818111419678
1.0822316408157349
1.1094815731048584
1.1366132497787476
1.1636221408843994
1.1905196905136108
1.2173389196395874
1.2441353797912598
1.270993947982788
1.2980291843414307
1.3253930807113647
1.3532733917236328
1.3819020986557007
1.411551594734192
1.4425419569015503
1.475234866142273
1.5100375413894653
1.5473939180374146
1.587785243988037
0.350551962852478
0.3944128453731537
0.4349469542503357
0.4727109670639038
0.5082170963287354
0.5419325232505798
0.5742690563201904
0.6055880188941956
0.6361934542655945
0.6663411259651184
0.6962348222732544
0.7260364294052124
0.7558646202087402
0.7858044505119324
0.8159071803092957
0.8461990356445312
0.8766816258430481
0.907339334487915
0.9381406307220459
0.9690439701080322
1.0
1.0309560298919678
1.061859369277954
1.092660665512085
1.1233184337615967
1.1538009643554688
1.1840927600860596
1.2141956090927124
1.2441353797912598
1.2739635705947876
1.3037651777267456
1.3336589336395264
1.3638066053390503
1.3944120407104492
1.4257309436798096
1.4580674171447754
1.4917829036712646
1.5272890329360962
1.565053105354309
1.605587124824524
1.649448037147522
0.2928932309150696
0.33963218331336975
0.38278621435165405
0.4229954183101654
0.4608464241027832
0.49687057733535767
0.531531572341919
0.5652317404747009
0.5983047485351562
0.6310271620750427
0.6636146306991577
0.6962348222732544
0.7290060520172119
0.762008786201477
0.7952858805656433
0.8288522958755493
0.8626960515975952
0.8967861533164978
0.9310744404792786
0.965501606464386
1.0
1.0344984531402588
1.0689256191253662
1.1032137870788574
1.1373039484024048
1.1711477041244507
1.204714059829712
1.237991213798523
1.270993947982788
1.3037651777267456
1.3363853693008423
1.368972897529602
1.4016952514648438
1.4347683191299438
1.468468427658081
1.5031293630599976
1.5391535758972168
1.5770045518875122
1.6172137260437012
1.6603678464889526
1.7071068286895752
0.23959402740001678
0.28853097558021545
0.3336634635925293
0.37572675943374634
0.4153902232646942
0.45325446128845215
0.48983654379844666
0.5255786776542664
0.5608410835266113
0.5959163308143616
0.6310271620750427
0.6663411259651184
0.7019708156585693
0.7379866242408752
0.7744179368019104
0.8112635016441345
0.8484932780265808
0.8860564827919006
0.9238840937614441
0.961895227432251
1.0
1.038104772567749
1.0761158466339111
1.1139434576034546
1.151506781578064
1.1887364387512207
1.2255821228027344
1.26201331615448
1.2980291843414307
1.3336589336395264
1.368972897529602
1.4040836095809937
1.4391589164733887
1.4744212627410889
1.510163426399231
1.5467455387115479
1.5846097469329834
1.6242731809616089
1.6663365364074707
1.711469054222107
1.7604060173034668
0.19098301231861115
0.24133318662643433
0.2877066135406494
0.33094897866249084
0.371823251247406
0.4110049605369568
0.44906529784202576
0.48648372292518616
0.5236414670944214
0.5608410835266113
0.5983047485351562
0.6361934542655945
0.6746069192886353
0.7135993242263794
0.7531805634498596
0.7933278679847717
0.833987832069397
0.8750852942466736
0.9165259003639221
0.9582028985023499
1.0
1.041797161102295
1.083474040031433
1.1249146461486816
1.166012167930603
1.206672191619873
1.2468194961547852
1.2864006757736206
1.3253930807113647
1.3638066053390503
1.4016952514648438
1.4391589164733887
1.4763585329055786
1.5135163068771362
1.5509346723556519
1.5889949798583984
1.6281766891479492
1.6690510511398315
1.7122933864593506
1.7586668729782104
1.8090169429779053
0.14735983312129974
0.1982184797525406
0.2449844926595688
0.28863680362701416
0.3300456702709198
0.36996766924858093
0.40902677178382874
0.4477340877056122
0.48648372292518616
0.5255786776542664
0.5652317404747009
0.6055880188941956
0.6467265486717224
0.688677966594696
0.7314258813858032
0.7749199867248535
0.8190781474113464
0.8637957572937012
0.9089483618736267
0.9543987512588501
1.0
1.04560124874115
1.0910515785217285
1.1362042427062988
1.1809217929840088
1.2250800132751465
1.2685741186141968
1.3113220930099487
1.3532733917236328
1.3944120407104492
1.4347683191299438
1.4744212627410889
1.5135163068771362
1.5522658824920654
1.5909732580184937
1.6300323009490967
1.6699542999267578
1.7113631963729858
1.75501549243927
1.8017815351486206
1.852640151977539
0.10899347811937332
0.15930309891700745
0.20547834038734436
0.2486620545387268
0.2898494005203247
0.32988178730010986
0.36943021416664124
0.40902677178382874
0.44906529784202576
0.48983654379844666
0.531531572341919
0.5742690563201904
0.6180979013442993
0.6630165576934814
0.7089753746986389
0.7558900117874146
0.8036437034606934
0.8520970940589905
0.901090681552887
0.9504523277282715
1.0
1.0495476722717285
1.0989092588424683
1.1479029655456543
1.1963562965393066
1.2441099882125854
1.2910245656967163
1.3369834423065186
1.3819020986557007
1.4257309436798096
1.468468427658081
1.510163426399231
1.5509346723556519
1.5909732580184937
1.6305698156356812
1.6701182126998901
1.7101505994796753
1.751338005065918
1.794521689414978
1.840696930885315
1.8910064697265625
0.07612046599388123
0.12463449686765671
0.1690700799226761
0.21078161895275116
0.25090739130973816
0.2903730869293213
0.32988178730010986
0.36996766924858093
0.4110049605369568
0.45325446128845215
0.49687057733535767
0.5419325232505798
0.5884484052658081
0.6363754868507385
0.6856229305267334
0.736065685749054
0.7875463962554932
0.8398855924606323
0.8928837776184082
0.9463291168212891
1.0
1.053670883178711
1.1071162223815918
1.1601144075393677
1.2124536037445068
1.2639343738555908
1.3143770694732666
1.3636245727539062
1.411551594734192
1.4580674171447754
1.5031293630599976
1.5467455387115479
1.5889949798583984
1.6300323009490967
1.6701182126998901
1.7096269130706787
1.7490925788879395
1.7892184257507324
1.8309298753738403
1.8753654956817627
1.9238795042037964
0.04894348233938217
0.09414501488208771
0.1354789286851883
0.1745690405368805
0.2127155363559723
0.25090739130973816
0.2898494005203247
0.3300456702709198
0.371823251247406
0.4153902232646942
0.4608464241027832
0.5082170963287354
0.5574579834938049
0.6084756851196289
0.6611303687095642
0.7152491807937622
0.7706285119056702
0.8270431756973267
0.8842490315437317
0.9419898390769958
1.0
1.058010220527649
1.1157509088516235
1.1729568243026733
1.2293715476989746
1.2847508192062378
1.338869571685791
1.391524314880371
1.4425419569015503
1.4917829036712646
1.5391535758972168
1.5846097469329834
1.6281766891479492
1.6699542999267578
1.7101505994796753
1.7490925788879395
1.78728449344635
1.825430989265442
1.8645210266113281
1.9058549404144287
1.9510564804077148
0.02763007953763008
0.06763172149658203
0.10421521216630936
0.1393824964761734
0.1745690405368805
0.21078161895275116
0.2486620545387268
0.28863680362701416
0.33094897866249084
0.37572675943374634
0.4229954183101654
0.4727109670639038
0.5247650742530823
0.579004168510437
0.635231614112854
0.6932204961776733
0.7527148723602295
0.813439130783081
0.8750995397567749
0.9373910427093506
1.0
1.0626089572906494
1.124900460243225
1.186560869216919
1.2472851276397705
1.3067795038223267
1.364768385887146
1.420995831489563
1.475234866142273
1.5272890329360962
1.5770045518875122
1.6242731809616089
1.6690510511398315
1.7113631963729858
1.751338005065918
1.7892184257507324
1.825430989265442
1.8606175184249878
1.8957847356796265
1.932368278503418
1.972369909286499
0.012311659753322601
0.044559504836797714
0.07441683858633041
0.10421521216630936
0.1354789286851883
0.1690700799226761
0.20547834038734436
0.2449844926595688
0.2877066135406494
0.3336634635925293
0.38278621435165405
0.4349469542503357
0.48996251821517944
0.547610342502594
0.6076303124427795
0.6697351336479187
0.7336117625236511
0.79892897605896
0.8653393983840942
0.932485044002533
1.0
1.0675150156021118
1.1346606016159058
1.20107102394104
1.2663882970809937
1.330264925956726
1.3923696279525757
1.4523897171020508
1.5100375413894653
1.565053105354309
1.6172137260437012
1.6663365364074707
1.7122933864593506
1.75501549243927
1.794521689414978
1.8309298753738403
1.8645210266113281
1.8957847356796265
1.9255831241607666
1.9554405212402344
1.9876883029937744
0.003082666313275695
0.024011429399251938
0.044559504836797714
0.06763172149658203
0.09414501488208771
0.12463449686765671
0.15930309891700745
0.1982184797525406
0.24133318662643433
0.28853097558021545
0.33963218331336975
0.3944128453731537
0.45260605216026306
0.5139133334159851
0.5780051350593567
0.6445288062095642
0.7131096124649048
0.783356785774231
0.8548651337623596
0.9272201657295227
1.0
1.072779893875122
1.1451348066329956
1.216643214225769
1.2868903875350952
1.355471134185791
1.4219948053359985
1.4860866069793701
1.5473939180374146
1.605587124824524
1.6603678464889526
1.711469054222107
1.7586668729782104
1.8017815351486206
1.840696930885315
1.8753654956817627
1.9058549404144287
1.932368278503418
1.9554405212402344
1.9759886264801025
1.9969173669815063
0.0
0.003082666313275695
0.012311659753322601
0.02763007953763008
0.04894348233938217
0.07612046599388123
0.10899347811937332
0.14735983312129974
0.19098301231861115
0.23959402740001678
0.2928932309150696
0.350551962852478
0.4122147560119629
0.47750142216682434
0.5460094809532166
0.6173165440559387
0.69098299741745
0.7665546536445618
0.8435655236244202
0.9215409159660339
1.0
1.0784591436386108
1.156434416770935
1.233445405960083
1.3090169429779053
1.3826833963394165
1.4539904594421387
1.522498607635498
1.587785243988037
1.649448037147522
1.7071068286895752
1.7604060173034668
1.8090169429779053
1.852640151977539
1.8910064697265625
1.9238795042037964
1.9510564804077148
1.972369909286499
1.9876883029937744
1.9969173669815063
2.0
