2.0
1.9969173669815063
1.9876883029937744
1.972369909286499
1.9510564804077148
1.9238795042037964
1.8910064697265625
1.852640151977539
1.8090169429779053
1.7604060173034668
1.7071068286895752
1.649448037147522
1.587785243988037
1.522498607635498
1.4539904594421387
1.3826833963394165
1.3090169429779053
1.233445405960083
1.156434416770935
1.0784591436386108
1.0
0.9215409159660339
0.8435655236244202
0.7665546536445618
0.69098299741745
0.6173165440559387
0.5460094809532166
0.47750142216682434
0.4122147560119629
0.350551962852478
0.2928932309150696
0.23959402740001678
0.19098301231861115
0.14735983312129974
0.10899347811937332
0.07612046599388123
0.04894348233938217
0.02763007953763008
0.012311659753322601
0.003082666313275695
0.0
1.9969173669815063
1.9759808778762817
1.955427885055542
1.9323523044586182
1.9058367013931274
1.8753457069396973
1.8406763076782227
1.8017606735229492
1.7586461305618286
1.7114489078521729
1.6603485345840454
1.6055690050125122
1.5473772287368774
1.4860715866088867
1.4219815731048584
1.3554599285125732
1.2868812084197998
1.216636300086975
1.1451301574707031
1.072777509689331
1.0
0.927222490310669
0.8548698425292969
0.7833637595176697
0.7131187915802002
0.6445400714874268
0.5780183672904968
0.5139284133911133
0.45262274146080017
0.394430935382843
0.3396514654159546
0.2885511517524719
0.24135389924049377
0.19823935627937317
0.15932367742061615
0.12465425580739975
0.09416330605745316
0.06764773279428482
0.0445721410214901
0.024019155651330948
0.003082666313275695
1.9876883029937744
1.955427885055542
1.925561547279358
1.8957568407058716
1.8644887208938599
1.8308945894241333
1.7944846153259277
1.754977822303772
1.712255835533142
1.6662999391555786
1.6171786785125732
1.565019965171814
1.5100070238113403
1.452362060546875
1.3923454284667969
1.3302441835403442
1.266371488571167
1.201058268547058
1.134652018547058
1.0675106048583984
1.0
0.9324893355369568
0.8653479814529419
0.7989417314529419
0.7336285710334778
0.669755756855011
0.6076545715332031
0.5476378798484802
0.48999303579330444
0.43498000502586365
0.38282135128974915
0.33370012044906616
0.2877441644668579
0.24502219259738922
0.20551535487174988
0.1691053807735443
0.13551130890846252
0.10424317419528961
0.07443845272064209
0.0445721410214901
0.012311659753322601
1.972369909286499
1.9323523044586182
1.8957568407058716
1.8605808019638062
1.825387954711914
1.7891710996627808
1.7512881755828857
1.7113122940063477
1.6690001487731934
1.6242234706878662
1.5769567489624023
1.527243971824646
1.4751932621002197
1.420958161354065
1.3647351264953613
1.3067512512207031
1.2472621202468872
1.186543345451355
1.1248886585235596
1.0626029968261719
1.0
0.9373970031738281
0.8751113414764404
0.813456654548645
0.7527379393577576
0.6932487487792969
0.6352648138999939
0.5790418386459351
0.5248067378997803
0.4727560579776764
0.42304325103759766
0.37577658891677856
0.33099988102912903
0.28868773579597473
0.24871183931827545
0.21082884073257446
0.17461203038692474
0.13941922783851624
0.10424317419528961
0.06764773279428482
0.02763007953763008
1.9510564804077148
1.9058367013931274
1.8644887208938599
1.825387954711914
1.7872337102890015
1.7490365505218506
1.710091233253479
1.6698932647705078
1.6281156539916992
1.5845497846603394
1.5390958786010742
1.49172842502594
1.4424915313720703
1.3914786577224731
1.3388293981552124
1.2847164869308472
1.2293435335159302
1.1729356050491333
1.1157366037368774
1.0580029487609863
1.0
0.9419969916343689
0.8842633366584778
0.8270643949508667
0.770656406879425
0.7152834534645081
0.6611706018447876
0.6085213422775269
0.5575084090232849
0.5082715749740601
0.4609041213989258
0.41545021533966064
0.37188437581062317
0.3301066756248474
0.2899087965488434
0.2509634792804718
0.21276625990867615
0.17461203038692474
0.13551130890846252
0.09416330605745316
0.04894348233938217
1.9238795042037964
1.8753457069396973
1.8308945894241333
1.7891710996627808
1.7490365505218506
1.7095645666122437
1.6700519323349
1.6299641132354736
1.5889264345169067
1.546678066253662
1.5030643939971924
1.4580060243606567
1.4114947319030762
1.3635729551315308
1.3143315315246582
1.2638955116271973
1.2124220132827759
1.160090446472168
1.107100009918213
1.0536627769470215
1.0
0.9463372230529785
0.8928999900817871
0.8399096131324768
0.7875779867172241
0.7361044883728027
0.685668408870697
0.6364269852638245
0.5885052680969238
0.5419939756393433
0.49693557620048523
0.4533218741416931
0.4110735356807709
0.37003591656684875
0.3299480378627777
0.2904353737831116
0.2509634792804718
0.21082884073257446
0.1691053807735443
0.12465425580739975
0.07612046599388123
1.8910064697265625
1.8406763076782227
1.7944846153259277
1.7512881755828857
1.710091233253479
1.6700519323349
1.6304991245269775
1.590900182723999
1.550861120223999
1.5100910663604736
1.4683984518051147
1.4256647825241089
1.381840705871582
1.3369277715682983
1.2909754514694214
1.2440680265426636
1.1963220834732056
1.1478769779205322
1.0988917350769043
1.0495388507843018
1.0
0.9504611492156982
0.9011082053184509
0.8521230816841125
0.8036778569221497
0.7559319138526917
0.7090244889259338
0.6630722284317017
0.618159294128418
0.5743352770805359
0.5316015481948853
0.48990896344184875
0.4491388201713562
0.4090997874736786
0.36950090527534485
0.3299480378627777
0.2899087965488434
0.24871183931827545
0.20551535487174988
0.15932367742061615
0.10899347811937332
1.852640151977539
1.8017606735229492
1.754977822303772
1.7113122940063477
1.6698932647705078
1.6299641132354736
1.590900182723999
1.5521903038024902
1.5134400129318237
1.4743460416793823
1.4346954822540283
1.3943430185317993
1.353209376335144
1.311263918876648
1.26852285861969
1.2250362634658813
1.180886149406433
1.1361770629882812
1.0910333395004272
1.0455920696258545
1.0
0.9544079303741455
0.9089667201042175
0.8638229966163635
0.8191139101982117
0.7749637961387634
0.7314771413803101
0.6887360215187073
0.6467905640602112
0.6056569218635559
0.5653045177459717
0.5256539583206177
0.48656001687049866
0.44780972599983215
0.4090997874736786
0.37003591656684875
0.3301066756248474
0.28868773579597473
0.24502219259738922
0.19823935627937317
0.14735983312129974
1.8090169429779053
1.7586461305618286
1.712255835533142
1.6690001487731934
1.6281156539916992
1.5889264345169067
1.550861120223999
1.5134400129318237
1.4762814044952393
1.4390827417373657
1.4016214609146118
1.363736629486084
1.3253281116485596
1.286341667175293
1.246767282485962
1.206627607345581
1.16597580909729
1.1248869895935059
1.0834554433822632
1.0417877435684204
1.0
0.9582122564315796
0.9165445566177368
0.8751129508018494
0.8340241312980652
0.793372392654419
0.7532327175140381
0.713658332824707
0.6746718883514404
0.636263370513916
0.5983784794807434
0.5609172582626343
0.5237185955047607
0.48656001687049866
0.4491388201713562
0.4110735356807709
0.37188437581062317
0.33099988102912903
0.2877441644668579
0.24135389924049377
0.19098301231861115
1.7604060173034668
1.7114489078521729
1.6662999391555786
1.6242234706878662
1.5845497846603394
1.546678066253662
1.5100910663604736
1.4743460416793823
1.4390827417373657
1.4040082693099976
1.3688998222351074
1.3335895538330078
1.2979648113250732
1.2619547843933105
1.2255302667617798
1.1886922121047974
1.15147066116333
1.113916039466858
1.0760973691940308
1.038095474243164
1.0
0.9619045257568359
0.9239026308059692
0.8860840201377869
0.8485293984413147
0.8113077878952026
0.7744696736335754
0.7380451560020447
0.7020352482795715
0.6664104461669922
0.6311001181602478
0.5959917306900024
0.5609172582626343
0.5256539583206177
0.48990896344184875
0.4533218741416931
0.41545021533966064
0.37577658891677856
0.33370012044906616
0.2885511517524719
0.23959402740001678
1.7071068286895752
1.6603485345840454
1.6171786785125732
1.5769567489624023
1.5390958786010742
1.5030643939971924
1.4683984518051147
1.4346954822540283
1.4016214609146118
1.3688998222351074
1.3363145589828491
1.303697943687439
1.270931363105774
1.2379343509674072
1.2046637535095215
1.1711046695709229
1.1372687816619873
1.103187084197998
1.0689074993133545
1.034489393234253
1.0
0.9655106663703918
0.9310924410820007
0.896812915802002
0.8627312183380127
0.8288953304290771
0.7953362464904785
0.7620657086372375
0.7290686368942261
0.6963021159172058
0.6636854410171509
0.6311001181602478
0.5983784794807434
0.5653045177459717
0.5316015481948853
0.49693557620048523
0.4609041213989258
0.42304325103759766
0.38282135128974915
0.3396514654159546
0.2928932309150696
1.649448037147522
1.6055690050125122
1.565019965171814
1.527243971824646
1.49172842502594
1.4580060243606567
1.4256647825241089
1.3943430185317993
1.363736629486084
1.3335895538330078
1.303697943687439
1.2738995552062988
1.2440757751464844
1.2141413688659668
1.1840448379516602
1.1537599563598633
1.123284935951233
1.092635154724121
1.0618422031402588
1.0309473276138306
1.0
0.9690526127815247
0.938157856464386
0.9073648452758789
0.8767151236534119
0.8462399840354919
0.8159551024436951
0.7858585715293884
0.7559242248535156
0.7261004447937012
0.6963021159172058
0.6664104461669922
0.636263370513916
0.6056569218635559
0.5743352770805359
0.5419939756393433
0.5082715749740601
0.4727560579776764
0.43498000502586365
0.394430935382843
0.350551962852478
1.587785243988037
1.5473772287368774
1.5100070238113403
1.4751932621002197
1.4424915313720703
1.4114947319030762
1.381840705871582
1.353209376335144
1.3253281116485596
1.2979648113250732
1.270931363105774
1.2440757751464844
1.2172834873199463
1.1904692649841309
1.1635774374008179
1.1365749835968018
1.109450340270996
1.0822079181671143
1.0548657178878784
1.0274516344070435
1.0
0.9725483655929565
0.9451342225074768
0.9177921414375305
0.8905496001243591
0.8634250164031982
0.8364225029945374
0.8095307350158691
0.7827165126800537
0.7559242248535156
0.7290686368942261
0.7020352482795715
0.6746718883514404
0.6467905640602112
0.618159294128418
0.5885052680969238
0.5575084090232849
0.5248067378997803
0.48999303579330444
0.45262274146080017
0.4122147560119629
1.522498607635498
1.4860715866088867
1.452362060546875
1.420958161354065
1.3914786577224731
1.3635729551315308
1.3369277715682983
1.311263918876648
1.286341667175293
1.2619547843933105
1.2379343509674072
1.2141413688659668
1.1904692649841309
1.1668363809585571
1.1431866884231567
1.1194839477539062
1.0957105159759521
1.071862816810608
1.0479495525360107
1.0239876508712769
1.0
0.9760123491287231
0.9520503878593445
0.9281371235847473
0.9042894840240479
0.8805160522460938
0.8568133115768433
0.8331636190414429
0.8095307350158691
0.7858585715293884
0.7620657086372375
0.7380451560020447
0.713658332824707
0.6887360215187073
0.6630722284317017
0.6364269852638245
0.6085213422775269
0.5790418386459351
0.5476378798484802
0.5139284133911133
0.47750142216682434
1.4539904594421387
1.4219815731048584
1.3923454284667969
1.3647351264953613
1.3388293981552124
1.3143315315246582
1.2909754514694214
1.26852285861969
1.246767282485962
1.2255302667617798
1.2046637535095215
1.1840448379516602
1.1635774374008179
1.1431866884231567
1.1228193044662476
1.1024388074874878
1.0820246934890747
1.0615683794021606
1.0410717725753784
1.0205442905426025
1.0
0.9794557094573975
0.9589281678199768
0.9384316802024841
0.9179753065109253
0.8975611925125122
0.8771806359291077
0.8568133115768433
0.8364225029945374
0.8159551024436951
0.7953362464904785
0.7744696736335754
0.7532327175140381
0.7314771413803101
0.7090244889259338
0.685668408870697
0.6611706018447876
0.6352648138999939
0.6076545715332031
0.5780183672904968
0.5460094809532166
1.3826833963394165
1.3554599285125732
1.3302441835403442
1.3067512512207031
1.2847164869308472
1.2638955116271973
1.2440680265426636
1.2250362634658813
1.206627607345581
1.1886922121047974
1.1711046695709229
1.1537599563598633
1.1365749835968018
1.1194839477539062
1.1024388074874878
1.0854054689407349
1.068363070487976
1.0513005256652832
1.034216046333313
1.0171130895614624
1.0
0.9828869104385376
0.9657840132713318
0.948699414730072
0.9316369891166687
0.9145945310592651
0.8975611925125122
0.8805160522460938
0.8634250164031982
0.8462399840354919
0.8288953304290771
0.8113077878952026
0.793372392654419
0.7749637961387634
0.7559319138526917
0.7361044883728027
0.7152834534645081
0.6932487487792969
0.669755756855011
0.6445400714874268
0.6173165440559387
1.3090169429779053
1.2868812084197998
1.266371488571167
1.2472621202468872
1.2293435335159302
1.2124220132827759
1.1963220834732056
1.180886149406433
1.16597580909729
1.15147066116333
1.1372687816619873
1.123284935951233
1.109450340270996
1.0957105159759521
1.0820246934890747
1.068363070487976
1.0547065734863281
1.0410438776016235
1.0273709297180176
1.013688325881958
1.0
0.986311674118042
0.9726290106773376
0.9589561223983765
0.9452934861183167
0.9316369891166687
0.9179753065109253
0.9042894840240479
0.8905496001243591
0.8767151236534119
0.8627312183380127
0.8485293984413147
0.8340241312980652
0.8191139101982117
0.8036778569221497
0.7875779867172241
0.770656406879425
0.7527379393577576
0.7336285710334778
0.7131187915802002
0.69098299741745
1.233445405960083
1.216636300086975
1.201058268547058
1.186543345451355
1.1729356050491333
1.160090446472168
1.1478769779205322
1.1361770629882812
1.1248869895935059
1.113916039466858
1.103187084197998
1.092635154724121
1.0822079181671143
1.071862816810608
1.0615683794021606
1.0513005256652832
1.0410438776016235
1.0307883024215698
1.0205295085906982
1.0102660655975342
1.0
0.989733874797821
0.9794705510139465
0.9692116379737854
0.9589561223983765
0.948699414730072
0.9384316802024841
0.9281371235847473
0.9177921414375305
0.9073648452758789
0.896812915802002
0.8860840201377869
0.8751129508018494
0.8638229966163635
0.8521230816841125
0.8399096131324768
0.8270643949508667
0.813456654548645
0.7989417314529419
0.7833637595176697
0.7665546536445618
1.156434416770935
1.1451301574707031
1.134652018547058
1.1248886585235596
1.1157366037368774
1.107100009918213
1.0988917350769043
1.0910333395004272
1.0834554433822632
1.0760973691940308
1.0689074993133545
1.0618422031402588
1.0548657178878784
1.0479495525360107
1.0410717725753784
1.034216046333313
1.0273709297180176
1.0205295085906982
1.0136877298355103
1.006844401359558
1.0
0.9931555390357971
0.9863122701644897
0.9794705510139465
0.9726290106773376
0.9657840132713318
0.9589281678199768
0.9520503878593445
0.9451342225074768
0.938157856464386
0.9310924410820007
0.9239026308059692
0.9165445566177368
0.9089667201042175
0.9011082053184509
0.8928999900817871
0.8842633366584778
0.8751113414764404
0.8653479814529419
0.8548698425292969
0.8435655236244202
1.0784591436386108
1.072777509689331
1.0675106048583984
1.0626029968261719
1.0580029487609863
1.0536627769470215
1.0495388507843018
1.0455920696258545
1.0417877435684204
1.038095474243164
1.034489393234253
1.0309473276138306
1.0274516344070435
1.0239876508712769
1.0205442905426025
1.0171130895614624
1.013688325881958
1.0102660655975342
1.006844401359558
1.0034223794937134
1.0
0.9965775609016418
0.9931555390357971
0.989733874797821
0.986311674118042
0.9828869104385376
0.9794557094573975
0.9760123491287231
0.9725483655929565
0.9690526127815247
0.9655106663703918
0.9619045257568359
0.9582122564315796
0.9544079303741455
0.9504611492156982
0.9463372230529785
0.9419969916343689
0.9373970031738281
0.9324893355369568
0.927222490310669
0.9215409159660339
1.0
1.0
1.0
1.0
1.0
1.0
1.0
1.0
1.0
1.0
1.0
1.0
1.0
1.0
1.0
1.0
1.0
1.0
1.0
1.0
1.0
1.0
1.0
1.0
1.0
1.0
1.0
1.0
1.0
1.0
1.0
1.0
1.0
1.0
1.0
1.0
1.0
1.0
1.0
1.0
1.0
0.9215409159660339
0.927222490310669
0.9324893355369568
0.9373970031738281
0.9419969916343689
0.9463372230529785
0.9504611492156982
0.9544079303741455
0.9582122564315796
0.9619045257568359
0.9655106663703918
0.9690526127815247
0.9725483655929565
0.9760123491287231
0.9794557094573975
0.9828869104385376
0.986311674118042
0.989733874797821
0.9931555390357971
0.9965775609016418
1.0
1.0034223794937134
1.006844401359558
1.0102660655975342
1.013688325881958
1.0171130895614624
1.0205442905426025
1.0239876508712769
1.0274516344070435
1.0309473276138306
1.034489393234253
1.038095474243164
1.0417877435684204
1.0455920696258545
1.0495388507843018
1.0536627769470215
1.0580029487609863
1.0626029968261719
1.0675106048583984
1.072777509689331
1.0784591436386108
0.8435655236244202
0.8548698425292969
0.8653479814529419
0.8751113414764404
0.8842633366584778
0.8928999900817871
0.9011082053184509
0.9089667201042175
0.9165445566177368
0.9239026308059692
0.9310924410820007
0.938157856464386
0.9451342225074768
0.9520503878593445
0.9589281678199768
0.9657840132713318
0.9726290106773376
0.9794705510139465
0.9863122701644897
0.9931555390357971
1.0
1.006844401359558
1.0136877298355103
1.0205295085906982
1.0273709297180176
1.034216046333313
1.0410717725753784
1.0479495525360107
1.0548657178878784
1.0618422031402588
1.0689074993133545
1.0760973691940308
1.0834554433822632
1.0910333395004272
1.0988917350769043
1.107100009918213
1.1157366037368774
1.1248886585235596
1.134652018547058
1.1451301574707031
1.156434416770935
0.7665546536445618
0.7833637595176697
0.7989417314529419
0.813456654548645
0.8270643949508667
0.8399096131324768
0.8521230816841125
0.8638229966163635
0.8751129508018494
0.8860840201377869
0.896812915802002
0.9073648452758789
0.9177921414375305
0.9281371235847473
0.9384316802024841
0.948699414730072
0.9589561223983765
0.9692116379737854
0.9794705510139465
0.989733874797821
1.0
1.0102660655975342
1.0205295085906982
1.0307883024215698
1.0410438776016235
1.0513005256652832
1.0615683794021606
1.071862816810608
1.0822079181671143
1.092635154724121
1.103187084197998
1.113916039466858
1.1248869895935059
1.1361770629882812
1.1478769779205322
1.160090446472168
1.1729356050491333
1.186543345451355
1.201058268547058
1.216636300086975
1.233445405960083
0.69098299741745
0.7131187915802002
0.7336285710334778
0.7527379393577576
0.770656406879425
0.7875779867172241
0.8036778569221497
0.8191139101982117
0.8340241312980652
0.8485293984413147
0.8627312183380127
0.8767151236534119
0.8905496001243591
0.9042894840240479
0.9179753065109253
0.9316369891166687
0.9452934861183167
0.9589561223983765
0.9726290106773376
0.986311674118042
1.0
1.013688325881958
1.0273709297180176
1.0410438776016235
1.0547065734863281
1.068363070487976
1.0820246934890747
1.0957105159759521
1.109450340270996
1.123284935951233
1.1372687816619873
1.15147066116333
1.16597580909729
1.180886149406433
1.1963220834732056
1.2124220132827759
1.2293435335159302
1.2472621202468872
1.266371488571167
1.2868812084197998
1.3090169429779053
0.6173165440559387
0.6445400714874268
0.669755756855011
0.6932487487792969
0.7152834534645081
0.7361044883728027
0.7559319138526917
0.7749637961387634
0.793372392654419
0.8113077878952026
0.8288953304290771
0.8462399840354919
0.8634250164031982
0.8805160522460938
0.8975611925125122
0.9145945310592651
0.9316369891166687
0.948699414730072
0.9657840132713318
0.9828869104385376
1.0
1.0171130895614624
1.034216046333313
1.0513005256652832
1.068363070487976
1.0854054689407349
1.1024388074874878
1.1194839477539062
1.1365749835968018
1.1537599563598633
1.1711046695709229
1.1886922121047974
1.206627607345581
1.2250362634658813
1.2440680265426636
1.2638955116271973
1.2847164869308472
1.3067512512207031
1.3302441835403442
1.3554599285125732
1.3826833963394165
0.5460094809532166
0.5780183672904968
0.6076545715332031
0.6352648138999939
0.6611706018447876
0.685668408870697
0.7090244889259338
0.7314771413803101
0.7532327175140381
0.7744696736335754
0.7953362464904785
0.8159551024436951
0.8364225029945374
0.8568133115768433
0.8771806359291077
0.8975611925125122
0.9179753065109253
0.9384316802024841
0.9589281678199768
0.9794557094573975
1.0
1.0205442905426025
1.0410717725753784
1.0615683794021606
1.0820246934890747
1.1024388074874878
1.1228193044662476
1.1431866884231567
1.1635774374008179
1.1840448379516602
1.2046637535095215
1.2255302667617798
1.246767282485962
1.26852285861969
1.2909754514694214
1.3143315315246582
1.3388293981552124
1.3647351264953613
1.3923454284667969
1.4219815731048584
1.4539904594421387
0.47750142216682434
0.5139284133911133
0.5476378798484802
0.5790418386459351
0.6085213422775269
0.6364269852638245
0.6630722284317017
0.6887360215187073
0.713658332824707
0.7380451560020447
0.7620657086372375
0.7858585715293884
0.8095307350158691
0.8331636190414429
0.8568133115768433
0.8805160522460938
0.9042894840240479
0.9281371235847473
0.9520503878593445
0.9760123491287231
1.0
1.0239876508712769
1.0479495525360107
1.071862816810608
1.0957105159759521
1.1194839477539062
1.1431866884231567
1.1668363809585571
1.1904692649841309
1.2141413688659668
1.2379343509674072
1.2619547843933105
1.286341667175293
1.311263918876648
1.3369277715682983
1.3635729551315308
1.3914786577224731
1.420958161354065
1.452362060546875
1.4860715866088867
1.522498607635498
0.4122147560119629
0.45262274146080017
0.48999303579330444
0.5248067378997803
0.5575084090232849
0.5885052680969238
0.618159294128418
0.6467905640602112
0.6746718883514404
0.7020352482795715
0.7290686368942261
0.7559242248535156
0.7827165126800537
0.8095307350158691
0.8364225029945374
0.8634250164031982
0.8905496001243591
0.9177921414375305
0.9451342225074768
0.9725483655929565
1.0
1.0274516344070435
1.0548657178878784
1.0822079181671143
1.109450340270996
1.1365749835968018
1.1635774374008179
1.1904692649841309
1.2172834873199463
1.2440757751464844
1.270931363105774
1.2979648113250732
1.3253281116485596
1.353209376335144
1.381840705871582
1.4114947319030762
1.4424915313720703
1.4751932621002197
1.5100070238113403
1.5473772287368774
1.587785243988037
0.350551962852478
0.394430935382843
0.43498000502586365
0.4727560579776764
0.5082715749740601
0.5419939756393433
0.5743352770805359
0.6056569218635559
0.636263370513916
0.6664104461669922
0.6963021159172058
0.7261004447937012
0.7559242248535156
0.7858585715293884
0.8159551024436951
0.8462399840354919
0.8767151236534119
0.9073648452758789
0.938157856464386
0.9690526127815247
1.0
1.0309473276138306
1.0618422031402588
1.092635154724121
1.123284935951233
1.1537599563598633
1.1840448379516602
1.2141413688659668
1.2440757751464844
1.2738995552062988
1.303697943687439
1.3335895538330078
1.363736629486084
1.3943430185317993
1.4256647825241089
1.4580060243606567
1.49172842502594
1.527243971824646
1.565019965171814
1.6055690050125122
1.649448037147522
0.2928932309150696
0.3396514654159546
0.38282135128974915
0.42304325103759766
0.4609041213989258
0.49693557620048523
0.5316015481948853
0.5653045177459717
0.5983784794807434
0.6311001181602478
0.6636854410171509
0.6963021159172058
0.7290686368942261
0.7620657086372375
0.7953362464904785
0.8288953304290771
0.8627312183380127
0.896812915802002
0.9310924410820007
0.9655106663703918
1.0
1.034489393234253
1.0689074993133545
1.103187084197998
1.1372687816619873
1.1711046695709229
1.2046637535095215
1.2379343509674072
1.270931363105774
1.303697943687439
1.3363145589828491
1.3688998222351074
1.4016214609146118
1.4346954822540283
1.4683984518051147
1.5030643939971924
1.5390958786010742
1.5769567489624023
1.6171786785125732
1.6603485345840454
1.7071068286895752
0.23959402740001678
0.2885511517524719
0.33370012044906616
0.37577658891677856
0.41545021533966064
0.4533218741416931
0.48990896344184875
0.5256539583206177
0.5609172582626343
0.5959917306900024
0.6311001181602478
0.6664104461669922
0.7020352482795715
0.7380451560020447
0.7744696736335754
0.8113077878952026
0.8485293984413147
0.8860840201377869
0.9239026308059692
0.9619045257568359
1.0
1.038095474243164
1.0760973691940308
1.113916039466858
1.15147066116333
1.1886922121047974
1.2255302667617798
1.2619547843933105
1.2979648113250732
1.3335895538330078
1.3688998222351074
1.4040082693099976
1.4390827417373657
1.4743460416793823
1.5100910663604736
1.546678066253662
1.5845497846603394
1.6242234706878662
1.6662999391555786
1.7114489078521729
1.7604060173034668
0.19098301231861115
0.24135389924049377
0.2877441644668579
0.33099988102912903
0.37188437581062317
0.4110735356807709
0.4491388201713562
0.48656001687049866
0.5237185955047607
0.5609172582626343
0.5983784794807434
0.636263370513916
0.6746718883514404
0.713658332824707
0.7532327175140381
0.793372392654419
0.8340241312980652
0.8751129508018494
0.9165445566177368
0.9582122564315796
1.0
1.0417877435684204
1.0834554433822632
1.1248869895935059
1.16597580909729
1.206627607345581
1.246767282485962
1.286341667175293
1.3253281116485596
1.363736629486084
1.4016214609146118
1.4390827417373657
1.4762814044952393
1.5134400129318237
1.550861120223999
1.5889264345169067
1.6281156539916992
1.6690001487731934
1.712255835533142
1.7586461305618286
1.8090169429779053
0.14735983312129974
0.19823935627937317
0.24502219259738922
0.28868773579597473
0.3301066756248474
0.37003591656684875
0.4090997874736786
0.44780972599983215
0.48656001687049866
0.5256539583206177
0.5653045177459717
0.6056569218635559
0.6467905640602112
0.6887360215187073
0.7314771413803101
0.7749637961387634
0.8191139101982117
0.8638229966163635
0.9089667201042175
0.9544079303741455
1.0
1.0455920696258545
1.0910333395004272
1.1361770629882812
1.180886149406433
1.2250362634658813
1.26852285861969
1.311263918876648
1.353209376335144
1.3943430185317993
1.4346954822540283
1.4743460416793823
1.5134400129318237
1.5521903038024902
1.590900182723999
1.6299641132354736
1.6698932647705078
1.7113122940063477
1.754977822303772
1.8017606735229492
1.852640151977539
0.10899347811937332
0.15932367742061615
0.20551535487174988
0.24871183931827545
0.2899087965488434
0.3299480378627777
0.36950090527534485
0.4090997874736786
0.4491388201713562
0.48990896344184875
0.5316015481948853
0.5743352770805359
0.618159294128418
0.6630722284317017
0.7090244889259338
0.7559319138526917
0.8036778569221497
0.8521230816841125
0.9011082053184509
0.9504611492156982
1.0
1.0495388507843018
1.0988917350769043
1.1478769779205322
1.1963220834732056
1.2440680265426636
1.2909754514694214
1.3369277715682983
1.381840705871582
1.4256647825241089
1.4683984518051147
1.5100910663604736
1.550861120223999
1.590900182723999
1.6304991245269775
1.6700519323349
1.710091233253479
1.7512881755828857
1.7944846153259277
1.8406763076782227
1.8910064697265625
0.07612046599388123
0.12465425580739975
0.1691053807735443
0.21082884073257446
0.2509634792804718
0.2904353737831116
0.3299480378627777
0.37003591656684875
0.4110735356807709
0.4533218741416931
0.49693557620048523
0.5419939756393433
0.5885052680969238
0.6364269852638245
0.685668408870697
0.7361044883728027
0.7875779867172241
0.8399096131324768
0.8928999900817871
0.9463372230529785
1.0
1.0536627769470215
1.107100009918213
1.160090446472168
1.2124220132827759
1.2638955116271973
1.3143315315246582
1.3635729551315308
1.4114947319030762
1.4580060243606567
1.5030643939971924
1.546678066253662
1.5889264345169067
1.6299641132354736
1.6700519323349
1.7095645666122437
1.7490365505218506
1.7891710996627808
1.8308945894241333
1.8753457069396973
1.9238795042037964
0.04894348233938217
0.09416330605745316
0.13551130890846252
0.17461203038692474
0.21276625990867615
0.2509634792804718
0.2899087965488434
0.3301066756248474
0.37188437581062317
0.41545021533966064
0.4609041213989258
0.5082715749740601
0.5575084090232849
0.6085213422775269
0.6611706018447876
0.7152834534645081
0.770656406879425
0.8270643949508667
0.8842633366584778
0.9419969916343689
1.0
1.0580029487609863
1.1157366037368774
1.1729356050491333
1.2293435335159302
1.2847164869308472
1.3388293981552124
1.3914786577224731
1.4424915313720703
1.49172842502594
1.5390958786010742
1.5845497846603394
1.6281156539916992
1.6698932647705078
1.710091233253479
1.7490365505218506
1.7872337102890015
1.825387954711914
1.8644887208938599
1.9058367013931274
1.9510564804077148
0.02763007953763008
0.06764773279428482
0.10424317419528961
0.13941922783851624
0.17461203038692474
0.21082884073257446
0.24871183931827545
0.28868773579597473
0.33099988102912903
0.37577658891677856
0.42304325103759766
0.4727560579776764
0.5248067378997803
0.5790418386459351
0.6352648138999939
0.6932487487792969
0.7527379393577576
0.813456654548645
0.8751113414764404
0.9373970031738281
1.0
1.0626029968261719
1.1248886585235596
1.186543345451355
1.2472621202468872
1.3067512512207031
1.3647351264953613
1.420958161354065
1.4751932621002197
1.527243971824646
1.5769567489624023
1.6242234706878662
1.6690001487731934
1.7113122940063477
1.7512881755828857
1.7891710996627808
1.825387954711914
1.8605808019638062
1.8957568407058716
1.9323523044586182
1.972369909286499
0.012311659753322601
0.0445721410214901
0.07443845272064209
0.10424317419528961
0.13551130890846252
0.1691053807735443
0.20551535487174988
0.24502219259738922
0.2877441644668579
0.33370012044906616
0.38282135128974915
0.43498000502586365
0.48999303579330444
0.5476378798484802
0.6076545715332031
0.669755756855011
0.7336285710334778
0.7989417314529419
0.8653479814529419
0.9324893355369568
1.0
1.0675106048583984
1.134652018547058
1.201058268547058
1.266371488571167
1.3302441835403442
1.3923454284667969
1.452362060546875
1.5100070238113403
1.565019965171814
1.6171786785125732
1.6662999391555786
1.712255835533142
1.754977822303772
1.7944846153259277
1.8308945894241333
1.8644887208938599
1.8957568407058716
1.925561547279358
1.955427885055542
1.9876883029937744
0.003082666313275695
0.024019155651330948
0.0445721410214901
0.06764773279428482
0.09416330605745316
0.12465425580739975
0.15932367742061615
0.19823935627937317
0.24135389924049377
0.2885511517524719
0.3396514654159546
0.394430935382843
0.45262274146080017
0.5139284133911133
0.5780183672904968
0.6445400714874268
0.7131187915802002
0.7833637595176697
0.8548698425292969
0.927222490310669
1.0
1.072777509689331
1.1451301574707031
1.216636300086975
1.2868812084197998
1.3554599285125732
1.4219815731048584
1.4860715866088867
1.5473772287368774
1.6055690050125122
1.6603485345840454
1.7114489078521729
1.7586461305618286
1.8017606735229492
1.8406763076782227
1.8753457069396973
1.9058367013931274
1.9323523044586182
1.955427885055542
1.9759808778762817
1.9969173669815063
0.0
0.003082666313275695
0.012311659753322601
0.02763007953763008
0.04894348233938217
0.07612046599388123
0.10899347811937332
0.14735983312129974
0.19098301231861115
0.23959402740001678
0.2928932309150696
0.350551962852478
0.4122147560119629
0.47750142216682434
0.5460094809532166
0.6173165440559387
0.69098299741745
0.7665546536445618
0.8435655236244202
0.9215409159660339
1.0
1.0784591436386108
1.156434416770935
1.233445405960083
1.3090169429779053
1.3826833963394165
1.4539904594421387
1.522498607635498
1.587785243988037
1.649448037147522
1.7071068286895752
1.7604060173034668
1.8090169429779053
1.852640151977539
1.8910064697265625
1.9238795042037964
1.9510564804077148
1.972369909286499
1.9876883029937744
1.9969173669815063
2.0
