2.0
1.9969173669815063
1.9876883029937744
1.972369909286499
1.9510564804077148
1.9238795042037964
1.8910064697265625
1.852640151977539
1.8090169429779053
1.7604060173034668
1.7071068286895752
1.649448037147522
1.587785243988037
1.522498607635498
1.4539904594421387
1.3826833963394165
1.3090169429779053
1.233445405960083
1.156434416770935
1.0784591436386108
1.0
0.9215409159660339
0.8435655236244202
0.7665546536445618
0.69098299741745
0.6173165440559387
0.5460094809532166
0.47750142216682434
0.4122147560119629
0.350551962852478
0.2928932309150696
0.23959402740001678
0.19098301231861115
0.14735983312129974
0.10899347811937332
0.07612046599388123
0.04894348233938217
0.02763007953763008
0.012311659753322601
0.003082666313275695
0.0
1.9969173669815063
1.9759819507598877
1.9554296731948853
1.9323545694351196
1.9058393239974976
1.875348687171936
1.8406792879104614
1.801763653755188
1.7586491107940674
1.711451768875122
1.6603513956069946
1.6055717468261719
1.547379732131958
1.4860738515853882
1.4219835996627808
1.355461597442627
1.2868825197219849
1.2166372537612915
1.1451308727264404
1.0727778673171997
1.0
0.9272221326828003
0.8548691272735596
0.7833627462387085
0.7131174206733704
0.6445384621620178
0.578016459941864
0.5139262080192566
0.4526202976703644
0.3944282829761505
0.33964863419532776
0.28854820132255554
0.24135085940361023
0.19823628664016724
0.159320667386055
0.12465135753154755
0.09416062384843826
0.06764538586139679
0.04457028582692146
0.024018021300435066
0.003082666313275695
1.9876883029937744
1.9554296731948853
1.9255647659301758
1.8957608938217163
1.864493489265442
1.8308998346328735
1.794490098953247
1.7549833059310913
1.7122613191604614
1.6663053035736084
1.617183804512024
1.5650248527526855
1.5100114345550537
1.4523661136627197
1.3923490047454834
1.3302472829818726
1.266373872756958
1.201060175895691
1.1346532106399536
1.0675113201141357
1.0
0.932488739490509
0.8653467297554016
0.7989398837089539
0.7336260676383972
0.6697527170181274
0.6076509952545166
0.5476338267326355
0.4899885356426239
0.43497514724731445
0.3828161954879761
0.333694726228714
0.2877386510372162
0.2450166642665863
0.20550991594791412
0.16910021007061005
0.1355065554380417
0.1042390689253807
0.0744352862238884
0.04457028582692146
0.012311659753322601
1.972369909286499
1.9323545694351196
1.8957608938217163
1.860586166381836
1.8253942728042603
1.7891781330108643
1.7512954473495483
1.7113196849822998
1.6690075397491455
1.6242307424545288
1.5769637823104858
1.5272505283355713
1.4751993417739868
1.4209636449813843
1.364740014076233
1.3067554235458374
1.2472654581069946
1.186545968055725
1.1248904466629028
1.0626038312911987
1.0
0.9373961091041565
0.8751096129417419
0.8134540915489197
0.7527345418930054
0.6932445764541626
0.6352599263191223
0.579036295413971
0.5248006582260132
0.4727494418621063
0.42303621768951416
0.3757692873477936
0.3309924304485321
0.2886802554130554
0.24870453774929047
0.21082191169261932
0.17460571229457855
0.13941383361816406
0.1042390689253807
0.06764538586139679
0.02763007953763008
1.9510564804077148
1.9058393239974976
1.864493489265442
1.8253942728042603
1.7872412204742432
1.7490447759628296
1.7100999355316162
1.6699023246765137
1.6281245946884155
1.5845586061477661
1.5391043424606323
1.4917364120483398
1.442499041557312
1.391485333442688
1.33883535861969
1.2847216129302979
1.2293477058410645
1.1729387044906616
1.1157387495040894
1.0580040216445923
1.0
0.9419959187507629
0.8842612504959106
0.8270612955093384
0.7706522941589355
0.7152784466743469
0.6611647009849548
0.6085146069526672
0.5575010180473328
0.5082635879516602
0.4608956575393677
0.4154413938522339
0.3718754053115845
0.3300977349281311
0.2899000942707062
0.2509552538394928
0.21275882422924042
0.17460571229457855
0.1355065554380417
0.09416062384843826
0.04894348233938217
1.9238795042037964
1.875348687171936
1.8308998346328735
1.7891781330108643
1.7490447759628296
1.709573745727539
1.670061707496643
1.629974126815796
1.5889365673065186
1.5466879606246948
1.5030739307403564
1.4580150842666626
1.4115030765533447
1.363580584526062
1.314338207244873
1.2639012336730957
1.2124266624450684
1.160093903541565
1.107102394104004
1.053663969039917
1.0
0.946336030960083
0.8928976058959961
0.8399060964584351
0.7875733971595764
0.7360987663269043
0.6856617331504822
0.6364194750785828
0.5884969234466553
0.5419849753379822
0.49692603945732117
0.4533119797706604
0.41106346249580383
0.3700259029865265
0.32993829250335693
0.29042625427246094
0.2509552538394928
0.21082191169261932
0.16910021007061005
0.12465135753154755
0.07612046599388123
1.8910064697265625
1.8406792879104614
1.794490098953247
1.7512954473495483
1.7100999355316162
1.670061707496643
1.6305094957351685
1.5909109115600586
1.5508719682693481
1.5101016759872437
1.4684087038040161
1.4256744384765625
1.381849765777588
1.3369359970092773
1.290982723236084
1.2440742254257202
1.1963272094726562
1.1478807926177979
1.0988943576812744
1.0495401620864868
1.0
0.9504598379135132
0.9011056423187256
0.8521192669868469
0.8036728501319885
0.7559257745742798
0.709017276763916
0.6630640625953674
0.6181502938270569
0.5743255615234375
0.5315912365913391
0.48989832401275635
0.44912803173065186
0.4090890884399414
0.36949053406715393
0.32993829250335693
0.2899000942707062
0.24870453774929047
0.20550991594791412
0.159320667386055
0.10899347811937332
1.852640151977539
1.801763653755188
1.7549833059310913
1.7113196849822998
1.6699023246765137
1.629974126815796
1.5909109115600586
1.5522013902664185
1.5134512186050415
1.4743571281433105
1.434706211090088
1.3943531513214111
1.3532187938690186
1.3112725019454956
1.2685303688049316
1.2250425815582275
1.1808913946151733
1.1361809968948364
1.0910359621047974
1.0455933809280396
1.0
0.9544065594673157
0.9089640378952026
0.8638190031051636
0.8191086649894714
0.7749573588371277
0.7314696311950684
0.6887274980545044
0.6467811465263367
0.6056468486785889
0.5652938485145569
0.5256429314613342
0.4865488111972809
0.44779860973358154
0.4090890884399414
0.3700259029865265
0.3300977349281311
0.2886802554130554
0.2450166642665863
0.19823628664016724
0.14735983312129974
1.8090169429779053
1.7586491107940674
1.7122613191604614
1.6690075397491455
1.6281245946884155
1.5889365673065186
1.5508719682693481
1.5134512186050415
1.4762927293777466
1.4390939474105835
1.401632308959961
1.3637468814849854
1.3253376483917236
1.2863503694534302
1.2467749118804932
1.2066341638565063
1.1659811735153198
1.1248910427093506
1.0834581851959229
1.041789174079895
1.0
0.9582108855247498
0.9165418148040771
0.8751088976860046
0.8340188264846802
0.7933658957481384
0.7532250285148621
0.7136496901512146
0.6746623516082764
0.6362531185150146
0.5983676910400391
0.5609060525894165
0.5237072706222534
0.4865488111972809
0.44912803173065186
0.41106346249580383
0.3718754053115845
0.3309924304485321
0.2877386510372162
0.24135085940361023
0.19098301231861115
1.7604060173034668
1.711451768875122
1.6663053035736084
1.6242307424545288
1.5845586061477661
1.5466879606246948
1.5101016759872437
1.4743571281433105
1.4390939474105835
1.4040193557739258
1.368910551071167
1.3335996866226196
1.2979742288589478
1.2619633674621582
1.225537896156311
1.1886987686157227
1.1514759063720703
1.1139200925827026
1.0761001110076904
1.0380967855453491
1.0
0.9619031548500061
0.9238999485969543
0.8860799670219421
0.8485240936279297
0.8113012909889221
0.774462103843689
0.738036572933197
0.7020257711410522
0.6664002537727356
0.631089448928833
0.5959806442260742
0.5609060525894165
0.5256429314613342
0.48989832401275635
0.4533119797706604
0.4154413938522339
0.3757692873477936
0.333694726228714
0.28854820132255554
0.23959402740001678
1.7071068286895752
1.6603513956069946
1.617183804512024
1.5769637823104858
1.5391043424606323
1.5030739307403564
1.4684087038040161
1.434706211090088
1.401632308959961
1.368910551071167
1.33632493019104
1.3037077188491821
1.2709405422210693
1.2379426956176758
1.2046711444854736
1.171110987663269
1.137273907661438
1.1031910181045532
1.0689102411270142
1.034490704536438
1.0
0.9655093550682068
0.9310898184776306
0.8968089818954468
0.8627260327339172
0.828889012336731
0.7953288555145264
0.762057363986969
0.7290594577789307
0.6962922215461731
0.66367506980896
0.631089448928833
0.5983676910400391
0.5652938485145569
0.5315912365913391
0.49692603945732117
0.4608956575393677
0.42303621768951416
0.3828161954879761
0.33964863419532776
0.2928932309150696
1.649448037147522
1.6055717468261719
1.5650248527526855
1.5272505283355713
1.4917364120483398
1.4580150842666626
1.4256744384765625
1.3943531513214111
1.3637468814849854
1.3335996866226196
1.3037077188491821
1.2739089727401733
1.2440845966339111
1.2141493558883667
1.1840518712997437
1.1537660360336304
1.1232898235321045
1.0926389694213867
1.0618447065353394
1.0309486389160156
1.0
0.9690513610839844
0.9381552934646606
0.9073610901832581
0.8767101764678955
0.8462340235710144
0.8159480690956116
0.7858506441116333
0.7559154629707336
0.7260910272598267
0.6962922215461731
0.6664002537727356
0.6362531185150146
0.6056468486785889
0.5743255615234375
0.5419849753379822
0.5082635879516602
0.4727494418621063
0.43497514724731445
0.3944282829761505
0.350551962852478
1.587785243988037
1.547379732131958
1.5100114345550537
1.4751993417739868
1.442499041557312
1.4115030765533447
1.381849765777588
1.3532187938690186
1.3253376483917236
1.2979742288589478
1.2709405422210693
1.2440845966339111
1.2172917127609253
1.190476655960083
1.1635839939117432
1.1365805864334106
1.1094549894332886
1.0822113752365112
1.0548681020736694
1.027452826499939
1.0
0.972547173500061
0.9451318979263306
0.9177886247634888
0.8905450105667114
0.8634194135665894
0.8364159464836121
0.809523344039917
0.7827083468437195
0.7559154629707336
0.7290594577789307
0.7020257711410522
0.6746623516082764
0.6467811465263367
0.6181502938270569
0.5884969234466553
0.5575010180473328
0.5248006582260132
0.4899885356426239
0.4526202976703644
0.4122147560119629
1.522498607635498
1.4860738515853882
1.4523661136627197
1.4209636449813843
1.391485333442688
1.363580584526062
1.3369359970092773
1.3112725019454956
1.2863503694534302
1.2619633674621582
1.2379426956176758
1.2141493558883667
1.190476655960083
1.166843056678772
1.1431926488876343
1.119489073753357
1.0957146883010864
1.0718660354614258
1.0479516983032227
1.0239887237548828
1.0
0.9760112762451172
0.9520482420921326
0.9281339645385742
0.9042853116989136
0.8805109858512878
0.856807291507721
0.8331568837165833
0.809523344039917
0.7858506441116333
0.762057363986969
0.738036572933197
0.7136496901512146
0.6887274980545044
0.6630640625953674
0.6364194750785828
0.6085146069526672
0.579036295413971
0.5476338267326355
0.5139262080192566
0.47750142216682434
1.4539904594421387
1.4219835996627808
1.3923490047454834
1.364740014076233
1.33883535861969
1.314338207244873
1.290982723236084
1.2685303688049316
1.2467749118804932
1.225537896156311
1.2046711444854736
1.1840518712997437
1.1635839939117432
1.1431926488876343
1.1228246688842773
1.1024433374404907
1.0820283889770508
1.0615711212158203
1.0410736799240112
1.020545244216919
1.0
0.979454755783081
0.958926260471344
0.9384288787841797
0.9179716110229492
0.8975566625595093
0.8771753311157227
0.856807291507721
0.8364159464836121
0.8159480690956116
0.7953288555145264
0.774462103843689
0.7532250285148621
0.7314696311950684
0.709017276763916
0.6856617331504822
0.6611647009849548
0.6352599263191223
0.6076509952545166
0.578016459941864
0.5460094809532166
1.3826833963394165
1.355461597442627
1.3302472829818726
1.3067554235458374
1.2847216129302979
1.2639012336730957
1.2440742254257202
1.2250425815582275
1.2066341638565063
1.1886987686157227
1.171110987663269
1.1537660360336304
1.1365805864334106
1.119489073753357
1.1024433374404907
1.0854092836380005
1.0683661699295044
1.0513030290603638
1.0342175960540771
1.0171139240264893
1.0
0.9828861355781555
0.9657823443412781
0.948697030544281
0.9316338300704956
0.9145906567573547
0.8975566625595093
0.8805109858512878
0.8634194135665894
0.8462340235710144
0.828889012336731
0.8113012909889221
0.7933658957481384
0.7749573588371277
0.7559257745742798
0.7360987663269043
0.7152784466743469
0.6932445764541626
0.6697527170181274
0.6445384621620178
0.6173165440559387
1.3090169429779053
1.2868825197219849
1.266373872756958
1.2472654581069946
1.2293477058410645
1.2124266624450684
1.1963272094726562
1.1808913946151733
1.1659811735153198
1.1514759063720703
1.137273907661438
1.1232898235321045
1.1094549894332886
1.0957146883010864
1.0820283889770508
1.0683661699295044
1.0547090768814087
1.041045904159546
1.0273722410202026
1.0136889219284058
1.0
0.9863110184669495
0.9726276993751526
0.9589541554450989
0.9452908635139465
0.9316338300704956
0.9179716110229492
0.9042853116989136
0.8905450105667114
0.8767101764678955
0.8627260327339172
0.8485240936279297
0.8340188264846802
0.8191086649894714
0.8036728501319885
0.7875733971595764
0.7706522941589355
0.7527345418930054
0.7336260676383972
0.7131174206733704
0.69098299741745
1.233445405960083
1.2166372537612915
1.201060175895691
1.186545968055725
1.1729387044906616
1.160093903541565
1.1478807926177979
1.1361809968948364
1.1248910427093506
1.1139200925827026
1.1031910181045532
1.0926389694213867
1.0822113752365112
1.0718660354614258
1.0615711212158203
1.0513030290603638
1.041045904159546
1.030789852142334
1.0205304622650146
1.010266661643982
1.0
0.9897333383560181
0.9794695377349854
0.969210147857666
0.9589541554450989
0.948697030544281
0.9384288787841797
0.9281339645385742
0.9177886247634888
0.9073610901832581
0.8968089818954468
0.8860799670219421
0.8751088976860046
0.8638190031051636
0.8521192669868469
0.8399060964584351
0.8270612955093384
0.8134540915489197
0.7989398837089539
0.7833627462387085
0.7665546536445618
1.156434416770935
1.1451308727264404
1.1346532106399536
1.1248904466629028
1.1157387495040894
1.107102394104004
1.0988943576812744
1.0910359621047974
1.0834581851959229
1.0761001110076904
1.0689102411270142
1.0618447065353394
1.0548681020736694
1.0479516983032227
1.0410736799240112
1.0342175960540771
1.0273722410202026
1.0205304622650146
1.0136884450912476
1.0068447589874268
1.0
0.9931551814079285
0.9863115549087524
0.9794695377349854
0.9726276993751526
0.9657823443412781
0.958926260471344
0.9520482420921326
0.9451318979263306
0.9381552934646606
0.9310898184776306
0.9238999485969543
0.9165418148040771
0.9089640378952026
0.9011056423187256
0.8928976058959961
0.8842612504959106
0.8751096129417419
0.8653467297554016
0.8548691272735596
0.8435655236244202
1.0784591436386108
1.0727778673171997
1.0675113201141357
1.0626038312911987
1.0580040216445923
1.053663969039917
1.0495401620864868
1.0455933809280396
1.041789174079895
1.0380967855453491
1.034490704536438
1.0309486389160156
1.027452826499939
1.0239887237548828
1.020545244216919
1.0171139240264893
1.0136889219284058
1.010266661643982
1.0068447589874268
1.0034226179122925
1.0
0.9965773820877075
0.9931551814079285
0.9897333383560181
0.9863110184669495
0.9828861355781555
0.979454755783081
0.9760112762451172
0.972547173500061
0.9690513610839844
0.9655093550682068
0.9619031548500061
0.9582108855247498
0.9544065594673157
0.9504598379135132
0.946336030960083
0.9419959187507629
0.9373961091041565
0.932488739490509
0.9272221326828003
0.9215409159660339
1.0
1.0
1.0
1.0
1.0
1.0
1.0
1.0
1.0
1.0
1.0
1.0
1.0
1.0
1.0
1.0
1.0
1.0
1.0
1.0
1.0
1.0
1.0
1.0
1.0
1.0
1.0
1.0
1.0
1.0
1.0
1.0
1.0
1.0
1.0
1.0
1.0
1.0
1.0
1.0
1.0
0.9215409159660339
0.9272221326828003
0.932488739490509
0.9373961091041565
0.9419959187507629
0.946336030960083
0.9504598379135132
0.9544065594673157
0.9582108855247498
0.9619031548500061
0.9655093550682068
0.9690513610839844
0.972547173500061
0.9760112762451172
0.979454755783081
0.9828861355781555
0.9863110184669495
0.9897333383560181
0.9931551814079285
0.9965773820877075
1.0
1.0034226179122925
1.0068447589874268
1.010266661643982
1.0136889219284058
1.0171139240264893
1.020545244216919
1.0239887237548828
1.027452826499939
1.0309486389160156
1.034490704536438
1.0380967855453491
1.041789174079895
1.0455933809280396
1.0495401620864868
1.053663969039917
1.0580040216445923
1.0626038312911987
1.0675113201141357
1.0727778673171997
1.0784591436386108
0.8435655236244202
0.8548691272735596
0.8653467297554016
0.8751096129417419
0.8842612504959106
0.8928976058959961
0.9011056423187256
0.9089640378952026
0.9165418148040771
0.9238999485969543
0.9310898184776306
0.9381552934646606
0.9451318979263306
0.9520482420921326
0.958926260471344
0.9657823443412781
0.9726276993751526
0.9794695377349854
0.9863115549087524
0.9931551814079285
1.0
1.0068447589874268
1.0136884450912476
1.0205304622650146
1.0273722410202026
1.0342175960540771
1.0410736799240112
1.0479516983032227
1.0548681020736694
1.0618447065353394
1.0689102411270142
1.0761001110076904
1.0834581851959229
1.0910359621047974
1.0988943576812744
1.107102394104004
1.1157387495040894
1.1248904466629028
1.1346532106399536
1.1451308727264404
1.156434416770935
0.7665546536445618
0.7833627462387085
0.7989398837089539
0.8134540915489197
0.8270612955093384
0.8399060964584351
0.8521192669868469
0.8638190031051636
0.8751088976860046
0.8860799670219421
0.8968089818954468
0.9073610901832581
0.9177886247634888
0.9281339645385742
0.9384288787841797
0.948697030544281
0.9589541554450989
0.969210147857666
0.9794695377349854
0.9897333383560181
1.0
1.010266661643982
1.0205304622650146
1.030789852142334
1.041045904159546
1.0513030290603638
1.0615711212158203
1.0718660354614258
1.0822113752365112
1.0926389694213867
1.1031910181045532
1.1139200925827026
1.1248910427093506
1.1361809968948364
1.1478807926177979
1.160093903541565
1.1729387044906616
1.186545968055725
1.201060175895691
1.2166372537612915
1.233445405960083
0.69098299741745
0.7131174206733704
0.7336260676383972
0.7527345418930054
0.7706522941589355
0.7875733971595764
0.8036728501319885
0.8191086649894714
0.8340188264846802
0.8485240936279297
0.8627260327339172
0.8767101764678955
0.8905450105667114
0.9042853116989136
0.9179716110229492
0.9316338300704956
0.9452908635139465
0.9589541554450989
0.9726276993751526
0.9863110184669495
1.0
1.0136889219284058
1.0273722410202026
1.041045904159546
1.0547090768814087
1.0683661699295044
1.0820283889770508
1.0957146883010864
1.1094549894332886
1.1232898235321045
1.137273907661438
1.1514759063720703
1.1659811735153198
1.1808913946151733
1.1963272094726562
1.2124266624450684
1.2293477058410645
1.2472654581069946
1.266373872756958
1.2868825197219849
1.3090169429779053
0.6173165440559387
0.6445384621620178
0.6697527170181274
0.6932445764541626
0.7152784466743469
0.7360987663269043
0.7559257745742798
0.7749573588371277
0.7933658957481384
0.8113012909889221
0.828889012336731
0.8462340235710144
0.8634194135665894
0.8805109858512878
0.8975566625595093
0.9145906567573547
0.9316338300704956
0.948697030544281
0.9657823443412781
0.9828861355781555
1.0
1.0171139240264893
1.0342175960540771
1.0513030290603638
1.0683661699295044
1.0854092836380005
1.1024433374404907
1.119489073753357
1.1365805864334106
1.1537660360336304
1.171110987663269
1.1886987686157227
1.2066341638565063
1.2250425815582275
1.2440742254257202
1.2639012336730957
1.2847216129302979
1.3067554235458374
1.3302472829818726
1.355461597442627
1.3826833963394165
0.5460094809532166
0.578016459941864
0.6076509952545166
0.6352599263191223
0.6611647009849548
0.6856617331504822
0.709017276763916
0.7314696311950684
0.7532250285148621
0.774462103843689
0.7953288555145264
0.8159480690956116
0.8364159464836121
0.856807291507721
0.8771753311157227
0.8975566625595093
0.9179716110229492
0.9384288787841797
0.958926260471344
0.979454755783081
1.0
1.020545244216919
1.0410736799240112
1.0615711212158203
1.0820283889770508
1.1024433374404907
1.1228246688842773
1.1431926488876343
1.1635839939117432
1.1840518712997437
1.2046711444854736
1.225537896156311
1.2467749118804932
1.2685303688049316
1.290982723236084
1.314338207244873
1.33883535861969
1.364740014076233
1.3923490047454834
1.4219835996627808
1.4539904594421387
0.47750142216682434
0.5139262080192566
0.5476338267326355
0.579036295413971
0.6085146069526672
0.6364194750785828
0.6630640625953674
0.6887274980545044
0.7136496901512146
0.738036572933197
0.762057363986969
0.7858506441116333
0.809523344039917
0.8331568837165833
0.856807291507721
0.8805109858512878
0.9042853116989136
0.9281339645385742
0.9520482420921326
0.9760112762451172
1.0
1.0239887237548828
1.0479516983032227
1.0718660354614258
1.0957146883010864
1.119489073753357
1.1431926488876343
1.166843056678772
1.190476655960083
1.2141493558883667
1.2379426956176758
1.2619633674621582
1.2863503694534302
1.3112725019454956
1.3369359970092773
1.363580584526062
1.391485333442688
1.4209636449813843
1.4523661136627197
1.4860738515853882
1.522498607635498
0.4122147560119629
0.4526202976703644
0.4899885356426239
0.5248006582260132
0.5575010180473328
0.5884969234466553
0.6181502938270569
0.6467811465263367
0.6746623516082764
0.7020257711410522
0.7290594577789307
0.7559154629707336
0.7827083468437195
0.809523344039917
0.8364159464836121
0.8634194135665894
0.8905450105667114
0.9177886247634888
0.9451318979263306
0.972547173500061
1.0
1.027452826499939
1.0548681020736694
1.0822113752365112
1.1094549894332886
1.1365805864334106
1.1635839939117432
1.190476655960083
1.2172917127609253
1.2440845966339111
1.2709405422210693
1.2979742288589478
1.3253376483917236
1.3532187938690186
1.381849765777588
1.4115030765533447
1.442499041557312
1.4751993417739868
1.5100114345550537
1.547379732131958
1.587785243988037
0.350551962852478
0.3944282829761505
0.43497514724731445
0.4727494418621063
0.5082635879516602
0.5419849753379822
0.5743255615234375
0.6056468486785889
0.6362531185150146
0.6664002537727356
0.6962922215461731
0.7260910272598267
0.7559154629707336
0.7858506441116333
0.8159480690956116
0.8462340235710144
0.8767101764678955
0.9073610901832581
0.9381552934646606
0.9690513610839844
1.0
1.0309486389160156
1.0618447065353394
1.0926389694213867
1.1232898235321045
1.1537660360336304
1.1840518712997437
1.2141493558883667
1.2440845966339111
1.2739089727401733
1.3037077188491821
1.3335996866226196
1.3637468814849854
1.3943531513214111
1.4256744384765625
1.4580150842666626
1.4917364120483398
1.5272505283355713
1.5650248527526855
1.6055717468261719
1.649448037147522
0.2928932309150696
0.33964863419532776
0.3828161954879761
0.42303621768951416
0.4608956575393677
0.49692603945732117
0.5315912365913391
0.5652938485145569
0.5983676910400391
0.631089448928833
0.66367506980896
0.6962922215461731
0.7290594577789307
0.762057363986969
0.7953288555145264
0.828889012336731
0.8627260327339172
0.8968089818954468
0.9310898184776306
0.9655093550682068
1.0
1.034490704536438
1.0689102411270142
1.1031910181045532
1.137273907661438
1.171110987663269
1.2046711444854736
1.2379426956176758
1.2709405422210693
1.3037077188491821
1.33632493019104
1.368910551071167
1.401632308959961
1.434706211090088
1.4684087038040161
1.5030739307403564
1.5391043424606323
1.5769637823104858
1.617183804512024
1.6603513956069946
1.7071068286895752
0.23959402740001678
0.28854820132255554
0.333694726228714
0.3757692873477936
0.4154413938522339
0.4533119797706604
0.48989832401275635
0.5256429314613342
0.5609060525894165
0.5959806442260742
0.631089448928833
0.6664002537727356
0.7020257711410522
0.738036572933197
0.774462103843689
0.8113012909889221
0.8485240936279297
0.8860799670219421
0.9238999485969543
0.9619031548500061
1.0
1.0380967855453491
1.0761001110076904
1.1139200925827026
1.1514759063720703
1.1886987686157227
1.225537896156311
1.2619633674621582
1.2979742288589478
1.3335996866226196
1.368910551071167
1.4040193557739258
1.4390939474105835
1.4743571281433105
1.5101016759872437
1.5466879606246948
1.5845586061477661
1.6242307424545288
1.6663053035736084
1.711451768875122
1.7604060173034668
0.19098301231861115
0.24135085940361023
0.2877386510372162
0.3309924304485321
0.3718754053115845
0.41106346249580383
0.44912803173065186
0.4865488111972809
0.5237072706222534
0.5609060525894165
0.5983676910400391
0.6362531185150146
0.6746623516082764
0.7136496901512146
0.7532250285148621
0.7933658957481384
0.8340188264846802
0.8751088976860046
0.9165418148040771
0.9582108855247498
1.0
1.041789174079895
1.0834581851959229
1.1248910427093506
1.1659811735153198
1.2066341638565063
1.2467749118804932
1.2863503694534302
1.3253376483917236
1.3637468814849854
1.401632308959961
1.4390939474105835
1.4762927293777466
1.5134512186050415
1.5508719682693481
1.5889365673065186
1.6281245946884155
1.6690075397491455
1.7122613191604614
1.7586491107940674
1.8090169429779053
0.14735983312129974
0.19823628664016724
0.2450166642665863
0.2886802554130554
0.3300977349281311
0.3700259029865265
0.4090890884399414
0.44779860973358154
0.4865488111972809
0.5256429314613342
0.5652938485145569
0.6056468486785889
0.6467811465263367
0.6887274980545044
0.7314696311950684
0.7749573588371277
0.8191086649894714
0.8638190031051636
0.9089640378952026
0.9544065594673157
1.0
1.0455933809280396
1.0910359621047974
1.1361809968948364
1.1808913946151733
1.2250425815582275
1.2685303688049316
1.3112725019454956
1.3532187938690186
1.3943531513214111
1.434706211090088
1.4743571281433105
1.5134512186050415
1.5522013902664185
1.5909109115600586
1.629974126815796
1.6699023246765137
1.7113196849822998
1.7549833059310913
1.801763653755188
1.852640151977539
0.10899347811937332
0.159320667386055
0.20550991594791412
0.24870453774929047
0.2899000942707062
0.32993829250335693
0.36949053406715393
0.4090890884399414
0.44912803173065186
0.48989832401275635
0.5315912365913391
0.5743255615234375
0.6181502938270569
0.6630640625953674
0.709017276763916
0.7559257745742798
0.8036728501319885
0.8521192669868469
0.9011056423187256
0.9504598379135132
1.0
1.0495401620864868
1.0988943576812744
1.1478807926177979
1.1963272094726562
1.2440742254257202
1.290982723236084
1.3369359970092773
1.381849765777588
1.4256744384765625
1.4684087038040161
1.5101016759872437
1.5508719682693481
1.5909109115600586
1.6305094957351685
1.670061707496643
1.7100999355316162
1.7512954473495483
1.794490098953247
1.8406792879104614
1.8910064697265625
0.07612046599388123
0.12465135753154755
0.16910021007061005
0.21082191169261932
0.2509552538394928
0.29042625427246094
0.32993829250335693
0.3700259029865265
0.41106346249580383
0.4533119797706604
0.49692603945732117
0.5419849753379822
0.5884969234466553
0.6364194750785828
0.6856617331504822
0.7360987663269043
0.7875733971595764
0.8399060964584351
0.8928976058959961
0.946336030960083
1.0
1.053663969039917
1.107102394104004
1.160093903541565
1.2124266624450684
1.2639012336730957
1.314338207244873
1.363580584526062
1.4115030765533447
1.4580150842666626
1.5030739307403564
1.5466879606246948
1.5889365673065186
1.629974126815796
1.670061707496643
1.709573745727539
1.7490447759628296
1.7891781330108643
1.8308998346328735
1.875348687171936
1.9238795042037964
0.04894348233938217
0.09416062384843826
0.1355065554380417
0.17460571229457855
0.21275882422924042
0.2509552538394928
0.2899000942707062
0.3300977349281311
0.3718754053115845
0.4154413938522339
0.4608956575393677
0.5082635879516602
0.5575010180473328
0.6085146069526672
0.6611647009849548
0.7152784466743469
0.7706522941589355
0.8270612955093384
0.8842612504959106
0.9419959187507629
1.0
1.0580040216445923
1.1157387495040894
1.1729387044906616
1.2293477058410645
1.2847216129302979
1.33883535861969
1.391485333442688
1.442499041557312
1.4917364120483398
1.5391043424606323
1.5845586061477661
1.6281245946884155
1.6699023246765137
1.7100999355316162
1.7490447759628296
1.7872412204742432
1.8253942728042603
1.864493489265442
1.9058393239974976
1.9510564804077148
0.02763007953763008
0.06764538586139679
0.1042390689253807
0.13941383361816406
0.17460571229457855
0.21082191169261932
0.24870453774929047
0.2886802554130554
0.3309924304485321
0.3757692873477936
0.42303621768951416
0.4727494418621063
0.5248006582260132
0.579036295413971
0.6352599263191223
0.6932445764541626
0.7527345418930054
0.8134540915489197
0.8751096129417419
0.9373961091041565
1.0
1.0626038312911987
1.1248904466629028
1.186545968055725
1.2472654581069946
1.3067554235458374
1.364740014076233
1.4209636449813843
1.4751993417739868
1.5272505283355713
1.5769637823104858
1.6242307424545288
1.6690075397491455
1.7113196849822998
1.7512954473495483
1.7891781330108643
1.8253942728042603
1.860586166381836
1.8957608938217163
1.9323545694351196
1.972369909286499
0.012311659753322601
0.04457028582692146
0.0744352862238884
0.1042390689253807
0.1355065554380417
0.16910021007061005
0.20550991594791412
0.2450166642665863
0.2877386510372162
0.333694726228714
0.3828161954879761
0.43497514724731445
0.4899885356426239
0.5476338267326355
0.6076509952545166
0.6697527170181274
0.7336260676383972
0.7989398837089539
0.8653467297554016
0.932488739490509
1.0
1.0675113201141357
1.1346532106399536
1.201060175895691
1.266373872756958
1.3302472829818726
1.3923490047454834
1.4523661136627197
1.5100114345550537
1.5650248527526855
1.617183804512024
1.6663053035736084
1.7122613191604614
1.7549833059310913
1.794490098953247
1.8308998346328735
1.864493489265442
1.8957608938217163
1.9255647659301758
1.9554296731948853
1.9876883029937744
0.003082666313275695
0.024018021300435066
0.04457028582692146
0.06764538586139679
0.09416062384843826
0.12465135753154755
0.159320667386055
0.19823628664016724
0.24135085940361023
0.28854820132255554
0.33964863419532776
0.3944282829761505
0.4526202976703644
0.5139262080192566
0.578016459941864
0.6445384621620178
0.7131174206733704
0.7833627462387085
0.8548691272735596
0.9272221326828003
1.0
1.0727778673171997
1.1451308727264404
1.2166372537612915
1.2868825197219849
1.355461597442627
1.4219835996627808
1.4860738515853882
1.547379732131958
1.6055717468261719
1.6603513956069946
1.711451768875122
1.7586491107940674
1.801763653755188
1.8406792879104614
1.875348687171936
1.9058393239974976
1.9323545694351196
1.9554296731948853
1.9759819507598877
1.9969173669815063
0.0
0.003082666313275695
0.012311659753322601
0.02763007953763008
0.04894348233938217
0.07612046599388123
0.10899347811937332
0.14735983312129974
0.19098301231861115
0.23959402740001678
0.2928932309150696
0.350551962852478
0.4122147560119629
0.47750142216682434
0.5460094809532166
0.6173165440559387
0.69098299741745
0.7665546536445618
0.8435655236244202
0.9215409159660339
1.0
1.0784591436386108
1.156434416770935
1.233445405960083
1.3090169429779053
1.3826833963394165
1.4539904594421387
1.522498607635498
1.587785243988037
1.649448037147522
1.7071068286895752
1.7604060173034668
1.8090169429779053
1.852640151977539
1.8910064697265625
1.9238795042037964
1.9510564804077148
1.972369909286499
1.9876883029937744
1.9969173669815063
2.0
