2.0
1.9969173669815063
1.9876883029937744
1.972369909286499
1.9510564804077148
1.9238795042037964
1.8910064697265625
1.852640151977539
1.8090169429779053
1.7604060173034668
1.7071068286895752
1.649448037147522
1.587785243988037
1.522498607635498
1.4539904594421387
1.3826833963394165
1.3090169429779053
1.233445405960083
1.156434416770935
1.0784591436386108
1.0
0.9215409159660339
0.8435655236244202
0.7665546536445618
0.69098299741745
0.6173165440559387
0.5460094809532166
0.47750142216682434
0.4122147560119629
0.350551962852478
0.2928932309150696
0.23959402740001678
0.19098301231861115
0.14735983312129974
0.10899347811937332
0.07612046599388123
0.04894348233938217
0.02763007953763008
0.012311659753322601
0.003082666313275695
0.0
1.9969173669815063
1.9759801626205444
1.955426812171936
1.9323508739471436
1.9058351516723633
1.8753440380096436
1.8406745195388794
1.8017587661743164
1.7586443424224854
1.7114471197128296
1.6603468656539917
1.605567455291748
1.5473757982254028
1.4860702753067017
1.4219805002212524
1.3554589748382568
1.286880373954773
1.2166357040405273
1.1451297998428345
1.072777271270752
1.0
0.927222728729248
0.8548702597618103
0.7833643555641174
0.7131195664405823
0.6445410847663879
0.5780195593833923
0.5139297246932983
0.45262420177459717
0.39443251490592957
0.3396531343460083
0.2885529100894928
0.24135570228099823
0.19824117422103882
0.1593254804611206
0.12465598434209824
0.0941649004817009
0.06764912605285645
0.04457324370741844
0.02401982992887497
0.003082666313275695
1.9876883029937744
1.955426812171936
1.925559639930725
1.895754337310791
1.8644858598709106
1.830891489982605
1.7944813966751099
1.7549744844436646
1.7122526168823242
1.6662967205047607
1.617175579071045
1.5650171041488647
1.5100042819976807
1.452359676361084
1.392343282699585
1.330242395401001
1.2663699388504028
1.2010570764541626
1.1346513032913208
1.0675102472305298
1.0
0.9324897527694702
0.865348756313324
0.7989428639411926
0.7336300015449524
0.6697575449943542
0.607656717300415
0.5476402640342712
0.48999568819999695
0.43498289585113525
0.3828244209289551
0.33370330929756165
0.28774744272232056
0.24502548575401306
0.20551857352256775
0.16910846531391144
0.13551414012908936
0.1042456105351448
0.07444034516811371
0.04457324370741844
0.012311659753322601
1.972369909286499
1.9323508739471436
1.895754337310791
1.8605775833129883
1.825384259223938
1.789167046546936
1.7512837648391724
1.7113077640533447
1.6689956188201904
1.6242190599441528
1.576952576637268
1.5272400379180908
1.4751895666122437
1.420954942703247
1.364732265472412
1.3067487478256226
1.2472600936889648
1.1865417957305908
1.1248875856399536
1.0626025199890137
1.0
0.9373974800109863
0.8751123547554016
0.8134581446647644
0.7527399063110352
0.6932511925697327
0.6352677345275879
0.5790451169013977
0.5248103737831116
0.47275999188423157
0.42304742336273193
0.37578094005584717
0.3310043215751648
0.2886921763420105
0.24871619045734406
0.21083296835422516
0.1746157854795456
0.1394224315881729
0.1042456105351448
0.06764912605285645
0.02763007953763008
1.9510564804077148
1.9058351516723633
1.8644858598709106
1.825384259223938
1.787229299545288
1.749031662940979
1.7100859880447388
1.6698880195617676
1.6281102895736694
1.5845445394515991
1.539090871810913
1.491723656654358
1.4424872398376465
1.391474723815918
1.3388259410858154
1.2847135066986084
1.2293411493301392
1.1729336977005005
1.115735411643982
1.0580023527145386
1.0
0.9419976472854614
0.8842645883560181
0.8270662426948547
0.7706588506698608
0.7152864933013916
0.6611741185188293
0.608525276184082
0.5575128197669983
0.5082763433456421
0.4609091579914093
0.4154554307460785
0.37188971042633057
0.3301120102405548
0.28991398215293884
0.2509683668613434
0.21277068555355072
0.1746157854795456
0.13551414012908936
0.0941649004817009
0.04894348233938217
1.9238795042037964
1.8753440380096436
1.830891489982605
1.789167046546936
1.749031662940979
1.7095592021942139
1.6700462102890015
1.629958152770996
1.5889204740524292
1.5466722249984741
1.5030587911605835
1.458000659942627
1.411489725112915
1.3635685443878174
1.314327597618103
1.2638921737670898
1.2124192714691162
1.160088300704956
1.1070985794067383
1.0536620616912842
1.0
0.9463379383087158
0.8929014205932617
0.839911699295044
0.7875807881355286
0.7361078262329102
0.685672402381897
0.6364315152168274
0.588510274887085
0.541999340057373
0.4969412386417389
0.4533277750015259
0.4110795259475708
0.3700418770313263
0.32995378971099854
0.2904408276081085
0.2509683668613434
0.21083296835422516
0.16910846531391144
0.12465598434209824
0.07612046599388123
1.8910064697265625
1.8406745195388794
1.7944813966751099
1.7512837648391724
1.7100859880447388
1.6700462102890015
1.630492925643921
1.5908938646316528
1.5508548021316528
1.5100847482681274
1.4683923721313477
1.425658941268921
1.3818353414535522
1.3369228839874268
1.290971279144287
1.244064450263977
1.1963191032409668
1.1478747129440308
1.0988903045654297
1.0495381355285645
1.0
0.9504619240760803
0.9011097550392151
0.852125346660614
0.8036808371543884
0.755935549736023
0.7090287804603577
0.6630770564079285
0.6181646585464478
0.5743410587310791
0.5316076278686523
0.48991528153419495
0.44914525747299194
0.40910616517066956
0.3695070743560791
0.32995378971099854
0.28991398215293884
0.24871619045734406
0.20551857352256775
0.1593254804611206
0.10899347811937332
1.852640151977539
1.8017587661743164
1.7549744844436646
1.7113077640533447
1.6698880195617676
1.629958152770996
1.5908938646316528
1.5521836280822754
1.5134333372116089
1.474339485168457
1.4346891641616821
1.3943370580673218
1.3532038927078247
1.3112589120864868
1.268518328666687
1.2250323295593262
1.1808830499649048
1.1361746788024902
1.0910316705703735
1.0455912351608276
1.0
0.9544087648391724
0.9089683294296265
0.8638253808021545
0.81911700963974
0.774967610836029
0.7314816117286682
0.6887410879135132
0.6467961668968201
0.6056629419326782
0.5653108358383179
0.525660514831543
0.4865666627883911
0.44781631231307983
0.40910616517066956
0.3700418770313263
0.3301120102405548
0.2886921763420105
0.24502548575401306
0.19824117422103882
0.14735983312129974
1.8090169429779053
1.7586443424224854
1.7122526168823242
1.6689956188201904
1.6281102895736694
1.5889204740524292
1.5508548021316528
1.5134333372116089
1.4762747287750244
1.4390760660171509
1.401615023612976
1.363730549812317
1.3253225088119507
1.2863365411758423
1.246762752532959
1.2066236734390259
1.1659727096557617
1.1248846054077148
1.0834537744522095
1.0417869091033936
1.0
0.9582130908966064
0.9165462255477905
0.8751153945922852
0.8340273499488831
0.7933762669563293
0.753237247467041
0.7136634588241577
0.6746775507926941
0.6362695097923279
0.5983849167823792
0.5609238743782043
0.5237253308296204
0.4865666627883911
0.44914525747299194
0.4110795259475708
0.37188971042633057
0.3310043215751648
0.28774744272232056
0.24135570228099823
0.19098301231861115
1.7604060173034668
1.7114471197128296
1.6662967205047607
1.6242190599441528
1.5845445394515991
1.5466722249984741
1.5100847482681274
1.474339485168457
1.4390760660171509
1.4040017127990723
1.3688935041427612
1.3335834741592407
1.2979590892791748
1.2619496583938599
1.2255257368087769
1.1886883974075317
1.1514674425125122
1.113913655281067
1.076095700263977
1.0380946397781372
1.0
0.9619053602218628
0.9239042401313782
0.8860864043235779
0.8485325574874878
0.811311662197113
0.7744742035865784
0.7380502820014954
0.7020408511161804
0.6664165258407593
0.6311064958572388
0.5959982872009277
0.5609238743782043
0.525660514831543
0.48991528153419495
0.4533277750015259
0.4154554307460785
0.37578094005584717
0.33370330929756165
0.2885529100894928
0.23959402740001678
1.7071068286895752
1.6603468656539917
1.617175579071045
1.576952576637268
1.539090871810913
1.5030587911605835
1.4683923721313477
1.4346891641616821
1.401615023612976
1.3688935041427612
1.3363083600997925
1.3036919832229614
1.2709258794784546
1.237929344177246
1.204659342765808
1.1711008548736572
1.137265682220459
1.103184700012207
1.0689059495925903
1.034488558769226
1.0
0.9655114412307739
0.9310940504074097
0.8968152403831482
0.8627342581748962
0.828899085521698
0.7953406572341919
0.7620706558227539
0.7290741205215454
0.6963079571723938
0.6636916399002075
0.6311064958572388
0.5983849167823792
0.5653108358383179
0.5316076278686523
0.4969412386417389
0.4609091579914093
0.42304742336273193
0.3828244209289551
0.3396531343460083
0.2928932309150696
1.649448037147522
1.605567455291748
1.5650171041488647
1.5272400379180908
1.491723656654358
1.458000659942627
1.425658941268921
1.3943370580673218
1.363730549812317
1.3335834741592407
1.3036919832229614
1.27389395236969
1.2440706491470337
1.2141367197036743
1.1840406656265259
1.1537563800811768
1.1232819557189941
1.0926330089569092
1.0618406534194946
1.0309466123580933
1.0
0.9690533876419067
0.9381593465805054
0.9073670506477356
0.8767180442810059
0.8462436199188232
0.8159593343734741
0.7858633399009705
0.7559294104576111
0.7261059880256653
0.6963079571723938
0.6664165258407593
0.6362695097923279
0.6056629419326782
0.5743410587310791
0.541999340057373
0.5082763433456421
0.47275999188423157
0.43498289585113525
0.39443251490592957
0.350551962852478
1.587785243988037
1.5473757982254028
1.5100042819976807
1.4751895666122437
1.4424872398376465
1.411489725112915
1.3818353414535522
1.3532038927078247
1.3253225088119507
1.2979590892791748
1.2709258794784546
1.2440706491470337
1.2172787189483643
1.1904648542404175
1.1635736227035522
1.1365716457366943
1.109447717666626
1.0822057723999023
1.0548644065856934
1.0274509191513062
1.0
0.9725490808486938
0.9451356530189514
0.9177942276000977
0.8905523419380188
0.8634283542633057
0.8364264369010925
0.8095351457595825
0.7827213406562805
0.7559294104576111
0.7290741205215454
0.7020408511161804
0.6746775507926941
0.6467961668968201
0.6181646585464478
0.588510274887085
0.5575128197669983
0.5248103737831116
0.48999568819999695
0.45262420177459717
0.4122147560119629
1.522498607635498
1.4860702753067017
1.452359676361084
1.420954942703247
1.391474723815918
1.3635685443878174
1.3369228839874268
1.3112589120864868
1.2863365411758423
1.2619496583938599
1.237929344177246
1.2141367197036743
1.1904648542404175
1.1668323278427124
1.1431831121444702
1.119480848312378
1.0957080125808716
1.071860909461975
1.0479483604431152
1.023987054824829
1.0
0.9760130047798157
0.9520516991615295
0.9281390309333801
0.9042919278144836
0.8805190920829773
0.856816828250885
0.8331676721572876
0.8095351457595825
0.7858633399009705
0.7620706558227539
0.7380502820014954
0.7136634588241577
0.6887410879135132
0.6630770564079285
0.6364315152168274
0.608525276184082
0.5790451169013977
0.5476402640342712
0.5139297246932983
0.47750142216682434
1.4539904594421387
1.4219805002212524
1.392343282699585
1.364732265472412
1.3388259410858154
1.314327597618103
1.290971279144287
1.268518328666687
1.246762752532959
1.2255257368087769
1.204659342765808
1.1840406656265259
1.1635736227035522
1.1431831121444702
1.1228162050247192
1.1024360656738281
1.0820224285125732
1.0615665912628174
1.0410706996917725
1.0205436944961548
1.0
0.9794563055038452
0.9589293003082275
0.9384333491325378
0.917977511882782
0.8975638747215271
0.8771837949752808
0.856816828250885
0.8364264369010925
0.8159593343734741
0.7953406572341919
0.7744742035865784
0.753237247467041
0.7314816117286682
0.7090287804603577
0.685672402381897
0.6611741185188293
0.6352677345275879
0.607656717300415
0.5780195593833923
0.5460094809532166
1.3826833963394165
1.3554589748382568
1.330242395401001
1.3067487478256226
1.2847135066986084
1.2638921737670898
1.244064450263977
1.2250323295593262
1.2066236734390259
1.1886883974075317
1.1711008548736572
1.1537563800811768
1.1365716457366943
1.119480848312378
1.1024360656738281
1.0854030847549438
1.0683611631393433
1.0512990951538086
1.034214973449707
1.0171126127243042
1.0
0.9828873872756958
0.9657849669456482
0.9487008452415466
0.9316388368606567
0.9145968556404114
0.8975638747215271
0.8805190920829773
0.8634283542633057
0.8462436199188232
0.828899085521698
0.811311662197113
0.7933762669563293
0.774967610836029
0.755935549736023
0.7361078262329102
0.7152864933013916
0.6932511925697327
0.6697575449943542
0.6445410847663879
0.6173165440559387
1.3090169429779053
1.286880373954773
1.2663699388504028
1.2472600936889648
1.2293411493301392
1.2124192714691162
1.1963191032409668
1.1808830499649048
1.1659727096557617
1.1514674425125122
1.137265682220459
1.1232819557189941
1.109447717666626
1.0957080125808716
1.0820224285125732
1.0683611631393433
1.054705023765564
1.041042685508728
1.0273702144622803
1.0136878490447998
1.0
0.9863120913505554
0.9726298451423645
0.958957314491272
0.9452950358390808
0.9316388368606567
0.917977511882782
0.9042919278144836
0.8905523419380188
0.8767180442810059
0.8627342581748962
0.8485325574874878
0.8340273499488831
0.81911700963974
0.8036808371543884
0.7875807881355286
0.7706588506698608
0.7527399063110352
0.7336300015449524
0.7131195664405823
0.69098299741745
1.233445405960083
1.2166357040405273
1.2010570764541626
1.1865417957305908
1.1729336977005005
1.160088300704956
1.1478747129440308
1.1361746788024902
1.1248846054077148
1.113913655281067
1.103184700012207
1.0926330089569092
1.0822057723999023
1.071860909461975
1.0615665912628174
1.0512990951538086
1.041042685508728
1.030787467956543
1.020528793334961
1.010265827178955
1.0
0.9897341728210449
0.9794711470603943
0.969212532043457
0.958957314491272
0.9487008452415466
0.9384333491325378
0.9281390309333801
0.9177942276000977
0.9073670506477356
0.8968152403831482
0.8860864043235779
0.8751153945922852
0.8638253808021545
0.852125346660614
0.839911699295044
0.8270662426948547
0.8134581446647644
0.7989428639411926
0.7833643555641174
0.7665546536445618
1.156434416770935
1.1451297998428345
1.1346513032913208
1.1248875856399536
1.115735411643982
1.1070985794067383
1.0988903045654297
1.0910316705703735
1.0834537744522095
1.076095700263977
1.0689059495925903
1.0618406534194946
1.0548644065856934
1.0479483604431152
1.0410706996917725
1.034214973449707
1.0273702144622803
1.020528793334961
1.0136873722076416
1.0068442821502686
1.0
0.9931557178497314
0.9863126873970032
0.9794711470603943
0.9726298451423645
0.9657849669456482
0.9589293003082275
0.9520516991615295
0.9451356530189514
0.9381593465805054
0.9310940504074097
0.9239042401313782
0.9165462255477905
0.9089683294296265
0.9011097550392151
0.8929014205932617
0.8842645883560181
0.8751123547554016
0.865348756313324
0.8548702597618103
0.8435655236244202
1.0784591436386108
1.072777271270752
1.0675102472305298
1.0626025199890137
1.0580023527145386
1.0536620616912842
1.0495381355285645
1.0455912351608276
1.0417869091033936
1.0380946397781372
1.034488558769226
1.0309466123580933
1.0274509191513062
1.023987054824829
1.0205436944961548
1.0171126127243042
1.0136878490447998
1.010265827178955
1.0068442821502686
1.0034222602844238
1.0
0.9965776801109314
0.9931557178497314
0.9897341728210449
0.9863120913505554
0.9828873872756958
0.9794563055038452
0.9760130047798157
0.9725490808486938
0.9690533876419067
0.9655114412307739
0.9619053602218628
0.9582130908966064
0.9544087648391724
0.9504619240760803
0.9463379383087158
0.9419976472854614
0.9373974800109863
0.9324897527694702
0.927222728729248
0.9215409159660339
1.0
1.0
1.0
1.0
1.0
1.0
1.0
1.0
1.0
1.0
1.0
1.0
1.0
1.0
1.0
1.0
1.0
1.0
1.0
1.0
1.0
1.0
1.0
1.0
1.0
1.0
1.0
1.0
1.0
1.0
1.0
1.0
1.0
1.0
1.0
1.0
1.0
1.0
1.0
1.0
1.0
0.9215409159660339
0.927222728729248
0.9324897527694702
0.9373974800109863
0.9419976472854614
0.9463379383087158
0.9504619240760803
0.9544087648391724
0.9582130908966064
0.9619053602218628
0.9655114412307739
0.9690533876419067
0.9725490808486938
0.9760130047798157
0.9794563055038452
0.9828873872756958
0.9863120913505554
0.9897341728210449
0.9931557178497314
0.9965776801109314
1.0
1.0034222602844238
1.0068442821502686
1.010265827178955
1.0136878490447998
1.0171126127243042
1.0205436944961548
1.023987054824829
1.0274509191513062
1.0309466123580933
1.034488558769226
1.0380946397781372
1.0417869091033936
1.0455912351608276
1.0495381355285645
1.0536620616912842
1.0580023527145386
1.0626025199890137
1.0675102472305298
1.072777271270752
1.0784591436386108
0.8435655236244202
0.8548702597618103
0.865348756313324
0.8751123547554016
0.8842645883560181
0.8929014205932617
0.9011097550392151
0.9089683294296265
0.9165462255477905
0.9239042401313782
0.9310940504074097
0.9381593465805054
0.9451356530189514
0.9520516991615295
0.9589293003082275
0.9657849669456482
0.9726298451423645
0.9794711470603943
0.9863126873970032
0.9931557178497314
1.0
1.0068442821502686
1.0136873722076416
1.020528793334961
1.0273702144622803
1.034214973449707
1.0410706996917725
1.0479483604431152
1.0548644065856934
1.0618406534194946
1.0689059495925903
1.076095700263977
1.0834537744522095
1.0910316705703735
1.0988903045654297
1.1070985794067383
1.115735411643982
1.1248875856399536
1.1346513032913208
1.1451297998428345
1.156434416770935
0.7665546536445618
0.7833643555641174
0.7989428639411926
0.8134581446647644
0.8270662426948547
0.839911699295044
0.852125346660614
0.8638253808021545
0.8751153945922852
0.8860864043235779
0.8968152403831482
0.9073670506477356
0.9177942276000977
0.9281390309333801
0.9384333491325378
0.9487008452415466
0.958957314491272
0.969212532043457
0.9794711470603943
0.9897341728210449
1.0
1.010265827178955
1.020528793334961
1.030787467956543
1.041042685508728
1.0512990951538086
1.0615665912628174
1.071860909461975
1.0822057723999023
1.0926330089569092
1.103184700012207
1.113913655281067
1.1248846054077148
1.1361746788024902
1.1478747129440308
1.160088300704956
1.1729336977005005
1.1865417957305908
1.2010570764541626
1.2166357040405273
1.233445405960083
0.69098299741745
0.7131195664405823
0.7336300015449524
0.7527399063110352
0.7706588506698608
0.7875807881355286
0.8036808371543884
0.81911700963974
0.8340273499488831
0.8485325574874878
0.8627342581748962
0.8767180442810059
0.8905523419380188
0.9042919278144836
0.917977511882782
0.9316388368606567
0.9452950358390808
0.958957314491272
0.9726298451423645
0.9863120913505554
1.0
1.0136878490447998
1.0273702144622803
1.041042685508728
1.054705023765564
1.0683611631393433
1.0820224285125732
1.0957080125808716
1.109447717666626
1.1232819557189941
1.137265682220459
1.1514674425125122
1.1659727096557617
1.1808830499649048
1.1963191032409668
1.2124192714691162
1.2293411493301392
1.2472600936889648
1.2663699388504028
1.286880373954773
1.3090169429779053
0.6173165440559387
0.6445410847663879
0.6697575449943542
0.6932511925697327
0.7152864933013916
0.7361078262329102
0.755935549736023
0.774967610836029
0.7933762669563293
0.811311662197113
0.828899085521698
0.8462436199188232
0.8634283542633057
0.8805190920829773
0.8975638747215271
0.9145968556404114
0.9316388368606567
0.9487008452415466
0.9657849669456482
0.9828873872756958
1.0
1.0171126127243042
1.034214973449707
1.0512990951538086
1.0683611631393433
1.0854030847549438
1.1024360656738281
1.119480848312378
1.1365716457366943
1.1537563800811768
1.1711008548736572
1.1886883974075317
1.2066236734390259
1.2250323295593262
1.244064450263977
1.2638921737670898
1.2847135066986084
1.3067487478256226
1.330242395401001
1.3554589748382568
1.3826833963394165
0.5460094809532166
0.5780195593833923
0.607656717300415
0.6352677345275879
0.6611741185188293
0.685672402381897
0.7090287804603577
0.7314816117286682
0.753237247467041
0.7744742035865784
0.7953406572341919
0.8159593343734741
0.8364264369010925
0.856816828250885
0.8771837949752808
0.8975638747215271
0.917977511882782
0.9384333491325378
0.9589293003082275
0.9794563055038452
1.0
1.0205436944961548
1.0410706996917725
1.0615665912628174
1.0820224285125732
1.1024360656738281
1.1228162050247192
1.1431831121444702
1.1635736227035522
1.1840406656265259
1.204659342765808
1.2255257368087769
1.246762752532959
1.268518328666687
1.290971279144287
1.314327597618103
1.3388259410858154
1.364732265472412
1.392343282699585
1.4219805002212524
1.4539904594421387
0.47750142216682434
0.5139297246932983
0.5476402640342712
0.5790451169013977
0.608525276184082
0.6364315152168274
0.6630770564079285
0.6887410879135132
0.7136634588241577
0.7380502820014954
0.7620706558227539
0.7858633399009705
0.8095351457595825
0.8331676721572876
0.856816828250885
0.8805190920829773
0.9042919278144836
0.9281390309333801
0.9520516991615295
0.9760130047798157
1.0
1.023987054824829
1.0479483604431152
1.071860909461975
1.0957080125808716
1.119480848312378
1.1431831121444702
1.1668323278427124
1.1904648542404175
1.2141367197036743
1.237929344177246
1.2619496583938599
1.2863365411758423
1.3112589120864868
1.3369228839874268
1.3635685443878174
1.391474723815918
1.420954942703247
1.452359676361084
1.4860702753067017
1.522498607635498
0.4122147560119629
0.45262420177459717
0.48999568819999695
0.5248103737831116
0.5575128197669983
0.588510274887085
0.6181646585464478
0.6467961668968201
0.6746775507926941
0.7020408511161804
0.7290741205215454
0.7559294104576111
0.7827213406562805
0.8095351457595825
0.8364264369010925
0.8634283542633057
0.8905523419380188
0.9177942276000977
0.9451356530189514
0.9725490808486938
1.0
1.0274509191513062
1.0548644065856934
1.0822057723999023
1.109447717666626
1.1365716457366943
1.1635736227035522
1.1904648542404175
1.2172787189483643
1.2440706491470337
1.2709258794784546
1.2979590892791748
1.3253225088119507
1.3532038927078247
1.3818353414535522
1.411489725112915
1.4424872398376465
1.4751895666122437
1.5100042819976807
1.5473757982254028
1.587785243988037
0.350551962852478
0.39443251490592957
0.43498289585113525
0.47275999188423157
0.5082763433456421
0.541999340057373
0.5743410587310791
0.6056629419326782
0.6362695097923279
0.6664165258407593
0.6963079571723938
0.7261059880256653
0.7559294104576111
0.7858633399009705
0.8159593343734741
0.8462436199188232
0.8767180442810059
0.9073670506477356
0.9381593465805054
0.9690533876419067
1.0
1.0309466123580933
1.0618406534194946
1.0926330089569092
1.1232819557189941
1.1537563800811768
1.1840406656265259
1.2141367197036743
1.2440706491470337
1.27389395236969
1.3036919832229614
1.3335834741592407
1.363730549812317
1.3943370580673218
1.425658941268921
1.458000659942627
1.491723656654358
1.5272400379180908
1.5650171041488647
1.605567455291748
1.649448037147522
0.2928932309150696
0.3396531343460083
0.3828244209289551
0.42304742336273193
0.4609091579914093
0.4969412386417389
0.5316076278686523
0.5653108358383179
0.5983849167823792
0.6311064958572388
0.6636916399002075
0.6963079571723938
0.7290741205215454
0.7620706558227539
0.7953406572341919
0.828899085521698
0.8627342581748962
0.8968152403831482
0.9310940504074097
0.9655114412307739
1.0
1.034488558769226
1.0689059495925903
1.103184700012207
1.137265682220459
1.1711008548736572
1.204659342765808
1.237929344177246
1.2709258794784546
1.3036919832229614
1.3363083600997925
1.3688935041427612
1.401615023612976
1.4346891641616821
1.4683923721313477
1.5030587911605835
1.539090871810913
1.576952576637268
1.617175579071045
1.6603468656539917
1.7071068286895752
0.23959402740001678
0.2885529100894928
0.33370330929756165
0.37578094005584717
0.4154554307460785
0.4533277750015259
0.48991528153419495
0.525660514831543
0.5609238743782043
0.5959982872009277
0.6311064958572388
0.6664165258407593
0.7020408511161804
0.7380502820014954
0.7744742035865784
0.811311662197113
0.8485325574874878
0.8860864043235779
0.9239042401313782
0.9619053602218628
1.0
1.0380946397781372
1.076095700263977
1.113913655281067
1.1514674425125122
1.1886883974075317
1.2255257368087769
1.2619496583938599
1.2979590892791748
1.3335834741592407
1.3688935041427612
1.4040017127990723
1.4390760660171509
1.474339485168457
1.5100847482681274
1.5466722249984741
1.5845445394515991
1.6242190599441528
1.6662967205047607
1.7114471197128296
1.7604060173034668
0.19098301231861115
0.24135570228099823
0.28774744272232056
0.3310043215751648
0.37188971042633057
0.4110795259475708
0.44914525747299194
0.4865666627883911
0.5237253308296204
0.5609238743782043
0.5983849167823792
0.6362695097923279
0.6746775507926941
0.7136634588241577
0.753237247467041
0.7933762669563293
0.8340273499488831
0.8751153945922852
0.9165462255477905
0.9582130908966064
1.0
1.0417869091033936
1.0834537744522095
1.1248846054077148
1.1659727096557617
1.2066236734390259
1.246762752532959
1.2863365411758423
1.3253225088119507
1.363730549812317
1.401615023612976
1.4390760660171509
1.4762747287750244
1.5134333372116089
1.5508548021316528
1.5889204740524292
1.6281102895736694
1.6689956188201904
1.7122526168823242
1.7586443424224854
1.8090169429779053
0.14735983312129974
0.19824117422103882
0.24502548575401306
0.2886921763420105
0.3301120102405548
0.3700418770313263
0.40910616517066956
0.44781631231307983
0.4865666627883911
0.525660514831543
0.5653108358383179
0.6056629419326782
0.6467961668968201
0.6887410879135132
0.7314816117286682
0.774967610836029
0.81911700963974
0.8638253808021545
0.9089683294296265
0.9544087648391724
1.0
1.0455912351608276
1.0910316705703735
1.1361746788024902
1.1808830499649048
1.2250323295593262
1.268518328666687
1.3112589120864868
1.3532038927078247
1.3943370580673218
1.4346891641616821
1.474339485168457
1.5134333372116089
1.5521836280822754
1.5908938646316528
1.629958152770996
1.6698880195617676
1.7113077640533447
1.7549744844436646
1.8017587661743164
1.852640151977539
0.10899347811937332
0.1593254804611206
0.20551857352256775
0.24871619045734406
0.28991398215293884
0.32995378971099854
0.3695070743560791
0.40910616517066956
0.44914525747299194
0.48991528153419495
0.5316076278686523
0.5743410587310791
0.6181646585464478
0.6630770564079285
0.7090287804603577
0.755935549736023
0.8036808371543884
0.852125346660614
0.9011097550392151
0.9504619240760803
1.0
1.0495381355285645
1.0988903045654297
1.1478747129440308
1.1963191032409668
1.244064450263977
1.290971279144287
1.3369228839874268
1.3818353414535522
1.425658941268921
1.4683923721313477
1.5100847482681274
1.5508548021316528
1.5908938646316528
1.630492925643921
1.6700462102890015
1.7100859880447388
1.7512837648391724
1.7944813966751099
1.8406745195388794
1.8910064697265625
0.07612046599388123
0.12465598434209824
0.16910846531391144
0.21083296835422516
0.2509683668613434
0.2904408276081085
0.32995378971099854
0.3700418770313263
0.4110795259475708
0.4533277750015259
0.4969412386417389
0.541999340057373
0.588510274887085
0.6364315152168274
0.685672402381897
0.7361078262329102
0.7875807881355286
0.839911699295044
0.8929014205932617
0.9463379383087158
1.0
1.0536620616912842
1.1070985794067383
1.160088300704956
1.2124192714691162
1.2638921737670898
1.314327597618103
1.3635685443878174
1.411489725112915
1.458000659942627
1.5030587911605835
1.5466722249984741
1.5889204740524292
1.629958152770996
1.6700462102890015
1.7095592021942139
1.749031662940979
1.789167046546936
1.830891489982605
1.8753440380096436
1.9238795042037964
0.04894348233938217
0.0941649004817009
0.13551414012908936
0.1746157854795456
0.21277068555355072
0.2509683668613434
0.28991398215293884
0.3301120102405548
0.37188971042633057
0.4154554307460785
0.4609091579914093
0.5082763433456421
0.5575128197669983
0.608525276184082
0.6611741185188293
0.7152864933013916
0.7706588506698608
0.8270662426948547
0.8842645883560181
0.9419976472854614
1.0
1.0580023527145386
1.115735411643982
1.1729336977005005
1.2293411493301392
1.2847135066986084
1.3388259410858154
1.391474723815918
1.4424872398376465
1.491723656654358
1.539090871810913
1.5845445394515991
1.6281102895736694
1.6698880195617676
1.7100859880447388
1.749031662940979
1.787229299545288
1.825384259223938
1.8644858598709106
1.9058351516723633
1.9510564804077148
0.02763007953763008
0.06764912605285645
0.1042456105351448
0.1394224315881729
0.1746157854795456
0.21083296835422516
0.24871619045734406
0.2886921763420105
0.3310043215751648
0.37578094005584717
0.42304742336273193
0.47275999188423157
0.5248103737831116
0.5790451169013977
0.6352677345275879
0.6932511925697327
0.7527399063110352
0.8134581446647644
0.8751123547554016
0.9373974800109863
1.0
1.0626025199890137
1.1248875856399536
1.1865417957305908
1.2472600936889648
1.3067487478256226
1.364732265472412
1.420954942703247
1.4751895666122437
1.5272400379180908
1.576952576637268
1.6242190599441528
1.6689956188201904
1.7113077640533447
1.7512837648391724
1.789167046546936
1.825384259223938
1.8605775833129883
1.895754337310791
1.9323508739471436
1.972369909286499
0.012311659753322601
0.04457324370741844
0.07444034516811371
0.1042456105351448
0.13551414012908936
0.16910846531391144
0.20551857352256775
0.24502548575401306
0.28774744272232056
0.33370330929756165
0.3828244209289551
0.43498289585113525
0.48999568819999695
0.5476402640342712
0.607656717300415
0.6697575449943542
0.7336300015449524
0.7989428639411926
0.865348756313324
0.9324897527694702
1.0
1.0675102472305298
1.1346513032913208
1.2010570764541626
1.2663699388504028
1.330242395401001
1.392343282699585
1.452359676361084
1.5100042819976807
1.5650171041488647
1.617175579071045
1.6662967205047607
1.7122526168823242
1.7549744844436646
1.7944813966751099
1.830891489982605
1.8644858598709106
1.895754337310791
1.925559639930725
1.955426812171936
1.9876883029937744
0.003082666313275695
0.02401982992887497
0.04457324370741844
0.06764912605285645
0.0941649004817009
0.12465598434209824
0.1593254804611206
0.19824117422103882
0.24135570228099823
0.2885529100894928
0.3396531343460083
0.39443251490592957
0.45262420177459717
0.5139297246932983
0.5780195593833923
0.6445410847663879
0.7131195664405823
0.7833643555641174
0.8548702597618103
0.927222728729248
1.0
1.072777271270752
1.1451297998428345
1.2166357040405273
1.286880373954773
1.3554589748382568
1.4219805002212524
1.4860702753067017
1.5473757982254028
1.605567455291748
1.6603468656539917
1.7114471197128296
1.7586443424224854
1.8017587661743164
1.8406745195388794
1.8753440380096436
1.9058351516723633
1.9323508739471436
1.955426812171936
1.9759801626205444
1.9969173669815063
0.0
0.003082666313275695
0.012311659753322601
0.02763007953763008
0.04894348233938217
0.07612046599388123
0.10899347811937332
0.14735983312129974
0.19098301231861115
0.23959402740001678
0.2928932309150696
0.350551962852478
0.4122147560119629
0.47750142216682434
0.5460094809532166
0.6173165440559387
0.69098299741745
0.7665546536445618
0.8435655236244202
0.9215409159660339
1.0
1.0784591436386108
1.156434416770935
1.233445405960083
1.3090169429779053
1.3826833963394165
1.4539904594421387
1.522498607635498
1.587785243988037
1.649448037147522
1.7071068286895752
1.7604060173034668
1.8090169429779053
1.852640151977539
1.8910064697265625
1.9238795042037964
1.9510564804077148
1.972369909286499
1.9876883029937744
1.9969173669815063
2.0
