2.0
1.9969173669815063
1.9876883029937744
1.972369909286499
1.9510564804077148
1.9238795042037964
1.8910064697265625
1.852640151977539
1.8090169429779053
1.7604060173034668
1.7071068286895752
1.649448037147522
1.587785243988037
1.522498607635498
1.4539904594421387
1.3826833963394165
1.3090169429779053
1.233445405960083
1.156434416770935
1.0784591436386108
1.0
0.9215409159660339
0.8435655236244202
0.7665546536445618
0.69098299741745
0.6173165440559387
0.5460094809532166
0.47750142216682434
0.4122147560119629
0.350551962852478
0.2928932309150696
0.23959402740001678
0.19098301231861115
0.14735983312129974
0.10899347811937332
0.07612046599388123
0.04894348233938217
0.02763007953763008
0.012311659753322601
0.003082666313275695
0.0
1.9969173669815063
1.9759804010391235
1.9554271697998047
1.9323513507843018
1.9058356285095215
1.8753446340560913
1.8406751155853271
1.8017594814300537
1.758644938468933
1.7114477157592773
1.6603474617004395
1.6055680513381958
1.547376275062561
1.4860707521438599
1.421980857849121
1.355459213256836
1.2868807315826416
1.216635823249817
1.145129919052124
1.0727773904800415
1.0
0.9272226095199585
0.854870080947876
0.7833641767501831
0.7131193280220032
0.6445407271385193
0.5780191421508789
0.5139293074607849
0.45262372493743896
0.394432008266449
0.33965256810188293
0.28855231404304504
0.24135509133338928
0.19824056327342987
0.15932488441467285
0.12465541064739227
0.09416437149047852
0.06764866411685944
0.04457287862896919
0.024019606411457062
0.003082666313275695
1.9876883029937744
1.9554271697998047
1.9255602359771729
1.8957551717758179
1.864486813545227
1.830892562866211
1.7944824695587158
1.7549755573272705
1.7122536897659302
1.6662977933883667
1.6171766519546509
1.5650180578231812
1.510005235671997
1.4523605108261108
1.3923439979553223
1.3302429914474487
1.266370415687561
1.2010575532913208
1.1346515417099
1.0675103664398193
1.0
0.9324896335601807
0.8653485178947449
0.798942506313324
0.7336295247077942
0.6697569489479065
0.6076560020446777
0.5476394891738892
0.4899947941303253
0.43498194217681885
0.3828234076499939
0.3337022364139557
0.2877463400363922
0.24502438306808472
0.2055175006389618
0.16910743713378906
0.13551320135593414
0.10424479842185974
0.07443971186876297
0.04457287862896919
0.012311659753322601
1.972369909286499
1.9323513507843018
1.8957551717758179
1.8605786561965942
1.8253854513168335
1.789168357849121
1.7512853145599365
1.7113093137741089
1.6689971685409546
1.6242204904556274
1.5769540071487427
1.5272413492202759
1.4751907587051392
1.420956015586853
1.3647332191467285
1.3067495822906494
1.2472606897354126
1.1865423917770386
1.1248879432678223
1.0626026391983032
1.0
0.9373973608016968
0.875111997127533
0.8134576678276062
0.7527392506599426
0.6932504177093506
0.6352667808532715
0.5790440440177917
0.5248091816902161
0.4727586805820465
0.4230460524559021
0.37577947974205017
0.3310028612613678
0.2886907160282135
0.24871474504470825
0.21083159744739532
0.1746145337820053
0.13942137360572815
0.10424479842185974
0.06764866411685944
0.02763007953763008
1.9510564804077148
1.9058356285095215
1.864486813545227
1.8253854513168335
1.7872307300567627
1.7490332126617432
1.710087776184082
1.6698898077011108
1.6281120777130127
1.5845463275909424
1.5390925407409668
1.491725206375122
1.442488670349121
1.391476035118103
1.3388270139694214
1.2847145795822144
1.229341983795166
1.1729344129562378
1.1157358884811401
1.0580025911331177
1.0
0.9419974088668823
0.8842641711235046
0.827065646648407
0.770658016204834
0.7152854800224304
0.6611729264259338
0.608523964881897
0.5575113296508789
0.5082747340202332
0.4609074890613556
0.41545370221138
0.3718879520893097
0.33011022210121155
0.28991228342056274
0.25096672773361206
0.21276922523975372
0.1746145337820053
0.13551320135593414
0.09416437149047852
0.04894348233938217
1.9238795042037964
1.8753446340560913
1.830892562866211
1.789168357849121
1.7490332126617432
1.7095609903335571
1.6700481176376343
1.629960060119629
1.5889225006103516
1.5466742515563965
1.5030606985092163
1.4580024480819702
1.4114913940429688
1.363569974899292
1.314328908920288
1.2638932466506958
1.212420105934143
1.1600890159606934
1.1070990562438965
1.0536623001098633
1.0
0.9463376998901367
0.8929009437561035
0.8399109840393066
0.7875798344612122
0.7361067533493042
0.6856710910797119
0.636430025100708
0.5885086059570312
0.5419975519180298
0.49693936109542847
0.4533258080482483
0.4110775291919708
0.3700399100780487
0.3299518823623657
0.29043900966644287
0.25096672773361206
0.21083159744739532
0.16910743713378906
0.12465541064739227
0.07612046599388123
1.8910064697265625
1.8406751155853271
1.7944824695587158
1.7512853145599365
1.710087776184082
1.6700481176376343
1.6304949522018433
1.5908960103988647
1.5508568286895752
1.5100867748260498
1.46839439868927
1.4256608486175537
1.3818371295928955
1.3369245529174805
1.2909725904464722
1.2440656423568726
1.1963201761245728
1.147875428199768
1.098890781402588
1.0495383739471436
1.0
0.9504616260528564
0.9011092185974121
0.8521245718002319
0.8036798238754272
0.7559343576431274
0.7090273499488831
0.6630754470825195
0.6181628704071045
0.5743390917778015
0.53160560131073
0.4899131953716278
0.44914311170578003
0.40910404920578003
0.36950501799583435
0.3299518823623657
0.28991228342056274
0.24871474504470825
0.2055175006389618
0.15932488441467285
0.10899347811937332
1.852640151977539
1.8017594814300537
1.7549755573272705
1.7113093137741089
1.6698898077011108
1.629960060119629
1.5908960103988647
1.5521858930587769
1.5134356021881104
1.474341630935669
1.434691309928894
1.3943390846252441
1.353205680847168
1.3112605810165405
1.2685198783874512
1.2250336408615112
1.1808840036392212
1.1361753940582275
1.0910322666168213
1.0455914735794067
1.0
0.9544084668159485
0.9089677929878235
0.8638245463371277
0.819115936756134
0.7749663591384888
0.7314801216125488
0.6887394189834595
0.646794319152832
0.6056609749794006
0.5653087496757507
0.5256583094596863
0.4865644574165344
0.44781413674354553
0.40910404920578003
0.3700399100780487
0.33011022210121155
0.2886907160282135
0.24502438306808472
0.19824056327342987
0.14735983312129974
1.8090169429779053
1.758644938468933
1.7122536897659302
1.6689971685409546
1.6281120777130127
1.5889225006103516
1.5508568286895752
1.5134356021881104
1.4762768745422363
1.4390783309936523
1.401617169380188
1.3637325763702393
1.325324296951294
1.286338210105896
1.2467643022537231
1.206624984741211
1.1659737825393677
1.1248854398727417
1.0834543704986572
1.0417871475219727
1.0
0.9582127928733826
0.9165456295013428
0.8751145601272583
0.8340262770652771
0.7933750152587891
0.7532357573509216
0.713661789894104
0.6746756434440613
0.6362674832344055
0.5983827710151672
0.5609216690063477
0.5237230658531189
0.4865644574165344
0.44914311170578003
0.4110775291919708
0.3718879520893097
0.3310028612613678
0.2877463400363922
0.24135509133338928
0.19098301231861115
1.7604060173034668
1.7114477157592773
1.6662977933883667
1.6242204904556274
1.5845463275909424
1.5466742515563965
1.5100867748260498
1.474341630935669
1.4390783309936523
1.4040038585662842
1.3688956499099731
1.333585500717163
1.2979609966278076
1.2619514465332031
1.225527286529541
1.1886895895004272
1.1514685153961182
1.1139143705368042
1.0760962963104248
1.0380948781967163
1.0
0.9619050621986389
0.9239037036895752
0.8860856294631958
0.8485314846038818
0.811310350894928
0.774472713470459
0.7380486130714417
0.7020390033721924
0.6664144992828369
0.6311044096946716
0.595996081829071
0.5609216690063477
0.5256583094596863
0.4899131953716278
0.4533258080482483
0.41545370221138
0.37577947974205017
0.3337022364139557
0.28855231404304504
0.23959402740001678
1.7071068286895752
1.6603474617004395
1.6171766519546509
1.5769540071487427
1.5390925407409668
1.5030606985092163
1.46839439868927
1.434691309928894
1.401617169380188
1.3688956499099731
1.3363103866577148
1.3036940097808838
1.2709276676177979
1.2379310131072998
1.2046607732772827
1.1711021661758423
1.137266755104065
1.1031855344772339
1.0689064264297485
1.0344887971878052
1.0
0.9655112028121948
0.9310935139656067
0.8968144655227661
0.8627332448959351
0.8288978338241577
0.7953391671180725
0.7620689868927002
0.7290723323822021
0.696306049823761
0.6636895537376404
0.6311044096946716
0.5983827710151672
0.5653087496757507
0.53160560131073
0.49693936109542847
0.4609074890613556
0.4230460524559021
0.3828234076499939
0.33965256810188293
0.2928932309150696
1.649448037147522
1.6055680513381958
1.5650180578231812
1.5272413492202759
1.491725206375122
1.4580024480819702
1.4256608486175537
1.3943390846252441
1.3637325763702393
1.333585500717163
1.3036940097808838
1.2738958597183228
1.2440723180770874
1.2141382694244385
1.1840420961380005
1.1537575721740723
1.1232829093933105
1.0926337242126465
1.0618411302566528
1.0309468507766724
1.0
0.9690531492233276
0.9381588101387024
0.9073663353919983
0.8767170310020447
0.8462424278259277
0.8159579038619995
0.7858617305755615
0.7559276819229126
0.7261041402816772
0.696306049823761
0.6664144992828369
0.6362674832344055
0.6056609749794006
0.5743390917778015
0.5419975519180298
0.5082747340202332
0.4727586805820465
0.43498194217681885
0.394432008266449
0.350551962852478
1.587785243988037
1.547376275062561
1.510005235671997
1.4751907587051392
1.442488670349121
1.4114913940429688
1.3818371295928955
1.353205680847168
1.325324296951294
1.2979609966278076
1.2709276676177979
1.2440723180770874
1.2172802686691284
1.190466284751892
1.1635749340057373
1.1365727186203003
1.1094485521316528
1.0822064876556396
1.0548648834228516
1.0274511575698853
1.0
0.9725488424301147
0.9451351761817932
0.9177935123443604
0.8905514478683472
0.8634272217750549
0.8364251255989075
0.8095336556434631
0.7827197313308716
0.7559276819229126
0.7290723323822021
0.7020390033721924
0.6746756434440613
0.646794319152832
0.6181628704071045
0.5885086059570312
0.5575113296508789
0.5248091816902161
0.4899947941303253
0.45262372493743896
0.4122147560119629
1.522498607635498
1.4860707521438599
1.4523605108261108
1.420956015586853
1.391476035118103
1.363569974899292
1.3369245529174805
1.3112605810165405
1.286338210105896
1.2619514465332031
1.2379310131072998
1.2141382694244385
1.190466284751892
1.1668336391448975
1.1431843042373657
1.1194819211959839
1.0957088470458984
1.0718616247177124
1.0479487180709839
1.0239871740341187
1.0
0.9760127663612366
0.9520512223243713
0.9281384348869324
0.9042910933494568
0.8805180788040161
0.8568156361579895
0.8331663012504578
0.8095336556434631
0.7858617305755615
0.7620689868927002
0.7380486130714417
0.713661789894104
0.6887394189834595
0.6630754470825195
0.636430025100708
0.608523964881897
0.5790440440177917
0.5476394891738892
0.5139293074607849
0.47750142216682434
1.4539904594421387
1.421980857849121
1.3923439979553223
1.3647332191467285
1.3388270139694214
1.314328908920288
1.2909725904464722
1.2685198783874512
1.2467643022537231
1.225527286529541
1.2046607732772827
1.1840420961380005
1.1635749340057373
1.1431843042373657
1.1228172779083252
1.1024370193481445
1.0820232629776
1.0615671873092651
1.0410710573196411
1.0205439329147339
1.0
0.9794561266899109
0.9589289426803589
0.9384328126907349
0.9179767966270447
0.8975629806518555
0.8771827220916748
0.8568156361579895
0.8364251255989075
0.8159579038619995
0.7953391671180725
0.774472713470459
0.7532357573509216
0.7314801216125488
0.7090273499488831
0.6856710910797119
0.6611729264259338
0.6352667808532715
0.6076560020446777
0.5780191421508789
0.5460094809532166
1.3826833963394165
1.355459213256836
1.3302429914474487
1.3067495822906494
1.2847145795822144
1.2638932466506958
1.2440656423568726
1.2250336408615112
1.206624984741211
1.1886895895004272
1.1711021661758423
1.1537575721740723
1.1365727186203003
1.1194819211959839
1.1024370193481445
1.0854039192199707
1.068361759185791
1.0512995719909668
1.0342153310775757
1.0171127319335938
1.0
0.9828872680664062
0.9657846689224243
0.9487003684043884
0.931638240814209
0.9145960807800293
0.8975629806518555
0.8805180788040161
0.8634272217750549
0.8462424278259277
0.8288978338241577
0.811310350894928
0.7933750152587891
0.7749663591384888
0.7559343576431274
0.7361067533493042
0.7152854800224304
0.6932504177093506
0.6697569489479065
0.6445407271385193
0.6173165440559387
1.3090169429779053
1.2868807315826416
1.266370415687561
1.2472606897354126
1.229341983795166
1.212420105934143
1.1963201761245728
1.1808840036392212
1.1659737825393677
1.1514685153961182
1.137266755104065
1.1232829093933105
1.1094485521316528
1.0957088470458984
1.0820232629776
1.068361759185791
1.0547055006027222
1.0410430431365967
1.0273704528808594
1.013688087463379
1.0
0.9863119721412659
0.9726295471191406
0.9589568972587585
0.9452944993972778
0.931638240814209
0.9179767966270447
0.9042910933494568
0.8905514478683472
0.8767170310020447
0.8627332448959351
0.8485314846038818
0.8340262770652771
0.819115936756134
0.8036798238754272
0.7875798344612122
0.770658016204834
0.7527392506599426
0.7336295247077942
0.7131193280220032
0.69098299741745
1.233445405960083
1.216635823249817
1.2010575532913208
1.1865423917770386
1.1729344129562378
1.1600890159606934
1.147875428199768
1.1361753940582275
1.1248854398727417
1.1139143705368042
1.1031855344772339
1.0926337242126465
1.0822064876556396
1.0718616247177124
1.0615671873092651
1.0512995719909668
1.0410430431365967
1.030787706375122
1.02052903175354
1.0102659463882446
1.0
0.9897340536117554
0.97947096824646
0.9692122340202332
0.9589568972587585
0.9487003684043884
0.9384328126907349
0.9281384348869324
0.9177935123443604
0.9073663353919983
0.8968144655227661
0.8860856294631958
0.8751145601272583
0.8638245463371277
0.8521245718002319
0.8399109840393066
0.827065646648407
0.8134576678276062
0.798942506313324
0.7833641767501831
0.7665546536445618
1.156434416770935
1.145129919052124
1.1346515417099
1.1248879432678223
1.1157358884811401
1.1070990562438965
1.098890781402588
1.0910322666168213
1.0834543704986572
1.0760962963104248
1.0689064264297485
1.0618411302566528
1.0548648834228516
1.0479487180709839
1.0410710573196411
1.0342153310775757
1.0273704528808594
1.02052903175354
1.0136874914169312
1.0068442821502686
1.0
0.9931556582450867
0.9863125085830688
0.97947096824646
0.9726295471191406
0.9657846689224243
0.9589289426803589
0.9520512223243713
0.9451351761817932
0.9381588101387024
0.9310935139656067
0.9239037036895752
0.9165456295013428
0.9089677929878235
0.9011092185974121
0.8929009437561035
0.8842641711235046
0.875111997127533
0.8653485178947449
0.854870080947876
0.8435655236244202
1.0784591436386108
1.0727773904800415
1.0675103664398193
1.0626026391983032
1.0580025911331177
1.0536623001098633
1.0495383739471436
1.0455914735794067
1.0417871475219727
1.0380948781967163
1.0344887971878052
1.0309468507766724
1.0274511575698853
1.0239871740341187
1.0205439329147339
1.0171127319335938
1.013688087463379
1.0102659463882446
1.0068442821502686
1.0034223794937134
1.0
0.9965776205062866
0.9931556582450867
0.9897340536117554
0.9863119721412659
0.9828872680664062
0.9794561266899109
0.9760127663612366
0.9725488424301147
0.9690531492233276
0.9655112028121948
0.9619050621986389
0.9582127928733826
0.9544084668159485
0.9504616260528564
0.9463376998901367
0.9419974088668823
0.9373973608016968
0.9324896335601807
0.9272226095199585
0.9215409159660339
1.0
1.0
1.0
1.0
1.0
1.0
1.0
1.0
1.0
1.0
1.0
1.0
1.0
1.0
1.0
1.0
1.0
1.0
1.0
1.0
1.0
1.0
1.0
1.0
1.0
1.0
1.0
1.0
1.0
1.0
1.0
1.0
1.0
1.0
1.0
1.0
1.0
1.0
1.0
1.0
1.0
0.9215409159660339
0.9272226095199585
0.9324896335601807
0.9373973608016968
0.9419974088668823
0.9463376998901367
0.9504616260528564
0.9544084668159485
0.9582127928733826
0.9619050621986389
0.9655112028121948
0.9690531492233276
0.9725488424301147
0.9760127663612366
0.9794561266899109
0.9828872680664062
0.9863119721412659
0.9897340536117554
0.9931556582450867
0.9965776205062866
1.0
1.0034223794937134
1.0068442821502686
1.0102659463882446
1.013688087463379
1.0171127319335938
1.0205439329147339
1.0239871740341187
1.0274511575698853
1.0309468507766724
1.0344887971878052
1.0380948781967163
1.0417871475219727
1.0455914735794067
1.0495383739471436
1.0536623001098633
1.0580025911331177
1.0626026391983032
1.0675103664398193
1.0727773904800415
1.0784591436386108
0.8435655236244202
0.854870080947876
0.8653485178947449
0.875111997127533
0.8842641711235046
0.8929009437561035
0.9011092185974121
0.9089677929878235
0.9165456295013428
0.9239037036895752
0.9310935139656067
0.9381588101387024
0.9451351761817932
0.9520512223243713
0.9589289426803589
0.9657846689224243
0.9726295471191406
0.97947096824646
0.9863125085830688
0.9931556582450867
1.0
1.0068442821502686
1.0136874914169312
1.02052903175354
1.0273704528808594
1.0342153310775757
1.0410710573196411
1.0479487180709839
1.0548648834228516
1.0618411302566528
1.0689064264297485
1.0760962963104248
1.0834543704986572
1.0910322666168213
1.098890781402588
1.1070990562438965
1.1157358884811401
1.1248879432678223
1.1346515417099
1.145129919052124
1.156434416770935
0.7665546536445618
0.7833641767501831
0.798942506313324
0.8134576678276062
0.827065646648407
0.8399109840393066
0.8521245718002319
0.8638245463371277
0.8751145601272583
0.8860856294631958
0.8968144655227661
0.9073663353919983
0.9177935123443604
0.9281384348869324
0.9384328126907349
0.9487003684043884
0.9589568972587585
0.9692122340202332
0.97947096824646
0.9897340536117554
1.0
1.0102659463882446
1.02052903175354
1.030787706375122
1.0410430431365967
1.0512995719909668
1.0615671873092651
1.0718616247177124
1.0822064876556396
1.0926337242126465
1.1031855344772339
1.1139143705368042
1.1248854398727417
1.1361753940582275
1.147875428199768
1.1600890159606934
1.1729344129562378
1.1865423917770386
1.2010575532913208
1.216635823249817
1.233445405960083
0.69098299741745
0.7131193280220032
0.7336295247077942
0.7527392506599426
0.770658016204834
0.7875798344612122
0.8036798238754272
0.819115936756134
0.8340262770652771
0.8485314846038818
0.8627332448959351
0.8767170310020447
0.8905514478683472
0.9042910933494568
0.9179767966270447
0.931638240814209
0.9452944993972778
0.9589568972587585
0.9726295471191406
0.9863119721412659
1.0
1.013688087463379
1.0273704528808594
1.0410430431365967
1.0547055006027222
1.068361759185791
1.0820232629776
1.0957088470458984
1.1094485521316528
1.1232829093933105
1.137266755104065
1.1514685153961182
1.1659737825393677
1.1808840036392212
1.1963201761245728
1.212420105934143
1.229341983795166
1.2472606897354126
1.266370415687561
1.2868807315826416
1.3090169429779053
0.6173165440559387
0.6445407271385193
0.6697569489479065
0.6932504177093506
0.7152854800224304
0.7361067533493042
0.7559343576431274
0.7749663591384888
0.7933750152587891
0.811310350894928
0.8288978338241577
0.8462424278259277
0.8634272217750549
0.8805180788040161
0.8975629806518555
0.9145960807800293
0.931638240814209
0.9487003684043884
0.9657846689224243
0.9828872680664062
1.0
1.0171127319335938
1.0342153310775757
1.0512995719909668
1.068361759185791
1.0854039192199707
1.1024370193481445
1.1194819211959839
1.1365727186203003
1.1537575721740723
1.1711021661758423
1.1886895895004272
1.206624984741211
1.2250336408615112
1.2440656423568726
1.2638932466506958
1.2847145795822144
1.3067495822906494
1.3302429914474487
1.355459213256836
1.3826833963394165
0.5460094809532166
0.5780191421508789
0.6076560020446777
0.6352667808532715
0.6611729264259338
0.6856710910797119
0.7090273499488831
0.7314801216125488
0.7532357573509216
0.774472713470459
0.7953391671180725
0.8159579038619995
0.8364251255989075
0.8568156361579895
0.8771827220916748
0.8975629806518555
0.9179767966270447
0.9384328126907349
0.9589289426803589
0.9794561266899109
1.0
1.0205439329147339
1.0410710573196411
1.0615671873092651
1.0820232629776
1.1024370193481445
1.1228172779083252
1.1431843042373657
1.1635749340057373
1.1840420961380005
1.2046607732772827
1.225527286529541
1.2467643022537231
1.2685198783874512
1.2909725904464722
1.314328908920288
1.3388270139694214
1.3647332191467285
1.3923439979553223
1.421980857849121
1.4539904594421387
0.47750142216682434
0.5139293074607849
0.5476394891738892
0.5790440440177917
0.608523964881897
0.636430025100708
0.6630754470825195
0.6887394189834595
0.713661789894104
0.7380486130714417
0.7620689868927002
0.7858617305755615
0.8095336556434631
0.8331663012504578
0.8568156361579895
0.8805180788040161
0.9042910933494568
0.9281384348869324
0.9520512223243713
0.9760127663612366
1.0
1.0239871740341187
1.0479487180709839
1.0718616247177124
1.0957088470458984
1.1194819211959839
1.1431843042373657
1.1668336391448975
1.190466284751892
1.2141382694244385
1.2379310131072998
1.2619514465332031
1.286338210105896
1.3112605810165405
1.3369245529174805
1.363569974899292
1.391476035118103
1.420956015586853
1.4523605108261108
1.4860707521438599
1.522498607635498
0.4122147560119629
0.45262372493743896
0.4899947941303253
0.5248091816902161
0.5575113296508789
0.5885086059570312
0.6181628704071045
0.646794319152832
0.6746756434440613
0.7020390033721924
0.7290723323822021
0.7559276819229126
0.7827197313308716
0.8095336556434631
0.8364251255989075
0.8634272217750549
0.8905514478683472
0.9177935123443604
0.9451351761817932
0.9725488424301147
1.0
1.0274511575698853
1.0548648834228516
1.0822064876556396
1.1094485521316528
1.1365727186203003
1.1635749340057373
1.190466284751892
1.2172802686691284
1.2440723180770874
1.2709276676177979
1.2979609966278076
1.325324296951294
1.353205680847168
1.3818371295928955
1.4114913940429688
1.442488670349121
1.4751907587051392
1.510005235671997
1.547376275062561
1.587785243988037
0.350551962852478
0.394432008266449
0.43498194217681885
0.4727586805820465
0.5082747340202332
0.5419975519180298
0.5743390917778015
0.6056609749794006
0.6362674832344055
0.6664144992828369
0.696306049823761
0.7261041402816772
0.7559276819229126
0.7858617305755615
0.8159579038619995
0.8462424278259277
0.8767170310020447
0.9073663353919983
0.9381588101387024
0.9690531492233276
1.0
1.0309468507766724
1.0618411302566528
1.0926337242126465
1.1232829093933105
1.1537575721740723
1.1840420961380005
1.2141382694244385
1.2440723180770874
1.2738958597183228
1.3036940097808838
1.333585500717163
1.3637325763702393
1.3943390846252441
1.4256608486175537
1.4580024480819702
1.491725206375122
1.5272413492202759
1.5650180578231812
1.6055680513381958
1.649448037147522
0.2928932309150696
0.33965256810188293
0.3828234076499939
0.4230460524559021
0.4609074890613556
0.49693936109542847
0.53160560131073
0.5653087496757507
0.5983827710151672
0.6311044096946716
0.6636895537376404
0.696306049823761
0.7290723323822021
0.7620689868927002
0.7953391671180725
0.8288978338241577
0.8627332448959351
0.8968144655227661
0.9310935139656067
0.9655112028121948
1.0
1.0344887971878052
1.0689064264297485
1.1031855344772339
1.137266755104065
1.1711021661758423
1.2046607732772827
1.2379310131072998
1.2709276676177979
1.3036940097808838
1.3363103866577148
1.3688956499099731
1.401617169380188
1.434691309928894
1.46839439868927
1.5030606985092163
1.5390925407409668
1.5769540071487427
1.6171766519546509
1.6603474617004395
1.7071068286895752
0.23959402740001678
0.28855231404304504
0.3337022364139557
0.37577947974205017
0.41545370221138
0.4533258080482483
0.4899131953716278
0.5256583094596863
0.5609216690063477
0.595996081829071
0.6311044096946716
0.6664144992828369
0.7020390033721924
0.7380486130714417
0.774472713470459
0.811310350894928
0.8485314846038818
0.8860856294631958
0.9239037036895752
0.9619050621986389
1.0
1.0380948781967163
1.0760962963104248
1.1139143705368042
1.1514685153961182
1.1886895895004272
1.225527286529541
1.2619514465332031
1.2979609966278076
1.333585500717163
1.3688956499099731
1.4040038585662842
1.4390783309936523
1.474341630935669
1.5100867748260498
1.5466742515563965
1.5845463275909424
1.6242204904556274
1.6662977933883667
1.7114477157592773
1.7604060173034668
0.19098301231861115
0.24135509133338928
0.2877463400363922
0.3310028612613678
0.3718879520893097
0.4110775291919708
0.44914311170578003
0.4865644574165344
0.5237230658531189
0.5609216690063477
0.5983827710151672
0.6362674832344055
0.6746756434440613
0.713661789894104
0.7532357573509216
0.7933750152587891
0.8340262770652771
0.8751145601272583
0.9165456295013428
0.9582127928733826
1.0
1.0417871475219727
1.0834543704986572
1.1248854398727417
1.1659737825393677
1.206624984741211
1.2467643022537231
1.286338210105896
1.325324296951294
1.3637325763702393
1.401617169380188
1.4390783309936523
1.4762768745422363
1.5134356021881104
1.5508568286895752
1.5889225006103516
1.6281120777130127
1.6689971685409546
1.7122536897659302
1.758644938468933
1.8090169429779053
0.14735983312129974
0.19824056327342987
0.24502438306808472
0.2886907160282135
0.33011022210121155
0.3700399100780487
0.40910404920578003
0.44781413674354553
0.4865644574165344
0.5256583094596863
0.5653087496757507
0.6056609749794006
0.646794319152832
0.6887394189834595
0.7314801216125488
0.7749663591384888
0.819115936756134
0.8638245463371277
0.9089677929878235
0.9544084668159485
1.0
1.0455914735794067
1.0910322666168213
1.1361753940582275
1.1808840036392212
1.2250336408615112
1.2685198783874512
1.3112605810165405
1.353205680847168
1.3943390846252441
1.434691309928894
1.474341630935669
1.5134356021881104
1.5521858930587769
1.5908960103988647
1.629960060119629
1.6698898077011108
1.7113093137741089
1.7549755573272705
1.8017594814300537
1.852640151977539
0.10899347811937332
0.15932488441467285
0.2055175006389618
0.24871474504470825
0.28991228342056274
0.3299518823623657
0.36950501799583435
0.40910404920578003
0.44914311170578003
0.4899131953716278
0.53160560131073
0.5743390917778015
0.6181628704071045
0.6630754470825195
0.7090273499488831
0.7559343576431274
0.8036798238754272
0.8521245718002319
0.9011092185974121
0.9504616260528564
1.0
1.0495383739471436
1.098890781402588
1.147875428199768
1.1963201761245728
1.2440656423568726
1.2909725904464722
1.3369245529174805
1.3818371295928955
1.4256608486175537
1.46839439868927
1.5100867748260498
1.5508568286895752
1.5908960103988647
1.6304949522018433
1.6700481176376343
1.710087776184082
1.7512853145599365
1.7944824695587158
1.8406751155853271
1.8910064697265625
0.07612046599388123
0.12465541064739227
0.16910743713378906
0.21083159744739532
0.25096672773361206
0.29043900966644287
0.3299518823623657
0.3700399100780487
0.4110775291919708
0.4533258080482483
0.49693936109542847
0.5419975519180298
0.5885086059570312
0.636430025100708
0.6856710910797119
0.7361067533493042
0.7875798344612122
0.8399109840393066
0.8929009437561035
0.9463376998901367
1.0
1.0536623001098633
1.1070990562438965
1.1600890159606934
1.212420105934143
1.2638932466506958
1.314328908920288
1.363569974899292
1.4114913940429688
1.4580024480819702
1.5030606985092163
1.5466742515563965
1.5889225006103516
1.629960060119629
1.6700481176376343
1.7095609903335571
1.7490332126617432
1.789168357849121
1.830892562866211
1.8753446340560913
1.9238795042037964
0.04894348233938217
0.09416437149047852
0.13551320135593414
0.1746145337820053
0.21276922523975372
0.25096672773361206
0.28991228342056274
0.33011022210121155
0.3718879520893097
0.41545370221138
0.4609074890613556
0.5082747340202332
0.5575113296508789
0.608523964881897
0.6611729264259338
0.7152854800224304
0.770658016204834
0.827065646648407
0.8842641711235046
0.9419974088668823
1.0
1.0580025911331177
1.1157358884811401
1.1729344129562378
1.229341983795166
1.2847145795822144
1.3388270139694214
1.391476035118103
1.442488670349121
1.491725206375122
1.5390925407409668
1.5845463275909424
1.6281120777130127
1.6698898077011108
1.710087776184082
1.7490332126617432
1.7872307300567627
1.8253854513168335
1.864486813545227
1.9058356285095215
1.9510564804077148
0.02763007953763008
0.06764866411685944
0.10424479842185974
0.13942137360572815
0.1746145337820053
0.21083159744739532
0.24871474504470825
0.2886907160282135
0.3310028612613678
0.37577947974205017
0.4230460524559021
0.4727586805820465
0.5248091816902161
0.5790440440177917
0.6352667808532715
0.6932504177093506
0.7527392506599426
0.8134576678276062
0.875111997127533
0.9373973608016968
1.0
1.0626026391983032
1.1248879432678223
1.1865423917770386
1.2472606897354126
1.3067495822906494
1.3647332191467285
1.420956015586853
1.4751907587051392
1.5272413492202759
1.5769540071487427
1.6242204904556274
1.6689971685409546
1.7113093137741089
1.7512853145599365
1.789168357849121
1.8253854513168335
1.8605786561965942
1.8957551717758179
1.9323513507843018
1.972369909286499
0.012311659753322601
0.04457287862896919
0.07443971186876297
0.10424479842185974
0.13551320135593414
0.16910743713378906
0.2055175006389618
0.24502438306808472
0.2877463400363922
0.3337022364139557
0.3828234076499939
0.43498194217681885
0.4899947941303253
0.5476394891738892
0.6076560020446777
0.6697569489479065
0.7336295247077942
0.798942506313324
0.8653485178947449
0.9324896335601807
1.0
1.0675103664398193
1.1346515417099
1.2010575532913208
1.266370415687561
1.3302429914474487
1.3923439979553223
1.4523605108261108
1.510005235671997
1.5650180578231812
1.6171766519546509
1.6662977933883667
1.7122536897659302
1.7549755573272705
1.7944824695587158
1.830892562866211
1.864486813545227
1.8957551717758179
1.9255602359771729
1.9554271697998047
1.9876883029937744
0.003082666313275695
0.024019606411457062
0.04457287862896919
0.06764866411685944
0.09416437149047852
0.12465541064739227
0.15932488441467285
0.19824056327342987
0.24135509133338928
0.28855231404304504
0.33965256810188293
0.394432008266449
0.45262372493743896
0.5139293074607849
0.5780191421508789
0.6445407271385193
0.7131193280220032
0.7833641767501831
0.854870080947876
0.9272226095199585
1.0
1.0727773904800415
1.145129919052124
1.216635823249817
1.2868807315826416
1.355459213256836
1.421980857849121
1.4860707521438599
1.547376275062561
1.6055680513381958
1.6603474617004395
1.7114477157592773
1.758644938468933
1.8017594814300537
1.8406751155853271
1.8753446340560913
1.9058356285095215
1.9323513507843018
1.9554271697998047
1.9759804010391235
1.9969173669815063
0.0
0.003082666313275695
0.012311659753322601
0.02763007953763008
0.04894348233938217
0.07612046599388123
0.10899347811937332
0.14735983312129974
0.19098301231861115
0.23959402740001678
0.2928932309150696
0.350551962852478
0.4122147560119629
0.47750142216682434
0.5460094809532166
0.6173165440559387
0.69098299741745
0.7665546536445618
0.8435655236244202
0.9215409159660339
1.0
1.0784591436386108
1.156434416770935
1.233445405960083
1.3090169429779053
1.3826833963394165
1.4539904594421387
1.522498607635498
1.587785243988037
1.649448037147522
1.7071068286895752
1.7604060173034668
1.8090169429779053
1.852640151977539
1.8910064697265625
1.9238795042037964
1.9510564804077148
1.972369909286499
1.9876883029937744
1.9969173669815063
2.0
