2.0
1.9969173669815063
1.9876883029937744
1.972369909286499
1.9510564804077148
1.9238795042037964
1.8910064697265625
1.852640151977539
1.8090169429779053
1.7604060173034668
1.7071068286895752
1.649448037147522
1.587785243988037
1.522498607635498
1.4539904594421387
1.3826833963394165
1.3090169429779053
1.233445405960083
1.156434416770935
1.0784591436386108
1.0
0.9215409159660339
0.8435655236244202
0.7665546536445618
0.69098299741745
0.6173165440559387
0.5460094809532166
0.47750142216682434
0.4122147560119629
0.350551962852478
0.2928932309150696
0.23959402740001678
0.19098301231861115
0.14735983312129974
0.10899347811937332
0.07612046599388123
0.04894348233938217
0.02763007953763008
0.012311659753322601
0.003082666313275695
0.0
1.9969173669815063
1.9759806394577026
1.9554275274276733
1.93235182762146
1.9058361053466797
1.8753451108932495
1.840675711631775
1.8017600774765015
1.7586455345153809
1.711448311805725
1.6603479385375977
1.605568528175354
1.5473767518997192
1.4860711097717285
1.4219812154769897
1.3554595708847046
1.2868809700012207
1.216636061668396
1.1451300382614136
1.0727773904800415
1.0
0.9272225499153137
0.8548699617385864
0.783363938331604
0.7131190299987793
0.6445404291152954
0.5780187845230103
0.5139288306236267
0.45262324810028076
0.394431471824646
0.33965203166007996
0.2885517477989197
0.24135449528694153
0.19823996722698212
0.1593242883682251
0.12465483695268631
0.09416384249925613
0.06764820218086243
0.044572509825229645
0.024019381031394005
0.003082666313275695
1.9876883029937744
1.9554275274276733
1.9255609512329102
1.8957560062408447
1.8644877672195435
1.830893635749817
1.7944835424423218
1.754976749420166
1.7122547626495361
1.6662988662719727
1.6171776056289673
1.5650190114974976
1.510006070137024
1.4523613452911377
1.3923447132110596
1.3302435874938965
1.2663710117340088
1.2010579109191895
1.134651780128479
1.0675104856491089
1.0
0.9324894547462463
0.865348219871521
0.7989421486854553
0.733629047870636
0.6697563529014587
0.6076552867889404
0.5476387143135071
0.4899939000606537
0.43498095870018005
0.3828223645687103
0.33370116353034973
0.28774523735046387
0.24502329528331757
0.20551642775535583
0.1691064089536667
0.13551224768161774
0.10424398630857468
0.07443908601999283
0.044572509825229645
0.012311659753322601
1.972369909286499
1.93235182762146
1.8957560062408447
1.8605797290802002
1.8253867626190186
1.7891697883605957
1.7512867450714111
1.7113107442855835
1.6689985990524292
1.624221920967102
1.5769553184509277
1.527242660522461
1.4751920700073242
1.420957088470459
1.364734172821045
1.3067504167556763
1.24726140499115
1.1865428686141968
1.124888300895691
1.0626028776168823
1.0
0.9373971819877625
0.8751116991043091
0.8134571313858032
0.7527385950088501
0.6932495832443237
0.6352657675743103
0.579042911529541
0.5248079895973206
0.47275736927986145
0.4230446517467499
0.37577804923057556
0.3310013711452484
0.2886892259120941
0.24871328473091125
0.2108302265405655
0.17461328208446503
0.1394203007221222
0.10424398630857468
0.06764820218086243
0.02763007953763008
1.9510564804077148
1.9058361053466797
1.8644877672195435
1.8253867626190186
1.7872322797775269
1.7490348815917969
1.7100894451141357
1.669891595840454
1.628113865852356
1.584547996520996
1.5390942096710205
1.4917268753051758
1.4424901008605957
1.391477346420288
1.338828206062317
1.2847155332565308
1.2293428182601929
1.1729350090026855
1.1157362461090088
1.0580028295516968
1.0
0.941997230052948
0.8842637538909912
0.8270649909973145
0.7706572413444519
0.7152844667434692
0.6611717343330383
0.6085226535797119
0.5575098991394043
0.508273184299469
0.4609057903289795
0.41545194387435913
0.37188616394996643
0.3301084637641907
0.28991055488586426
0.2509651184082031
0.21276775002479553
0.17461328208446503
0.13551224768161774
0.09416384249925613
0.04894348233938217
1.9238795042037964
1.8753451108932495
1.830893635749817
1.7891697883605957
1.7490348815917969
1.7095627784729004
1.670050024986267
1.6299620866775513
1.5889244079589844
1.5466761589050293
1.5030624866485596
1.4580042362213135
1.4114930629730225
1.3635715246200562
1.3143302202224731
1.2638944387435913
1.2124210596084595
1.1600897312164307
1.1070995330810547
1.0536625385284424
1.0
0.9463374614715576
0.8929004669189453
0.8399103283882141
0.7875789403915405
0.7361056208610535
0.6856697201728821
0.6364285349845886
0.5885069370269775
0.5419957637786865
0.49693745374679565
0.4533238410949707
0.41107553243637085
0.37003791332244873
0.3299499452114105
0.2904371917247772
0.2509651184082031
0.2108302265405655
0.1691064089536667
0.12465483695268631
0.07612046599388123
1.8910064697265625
1.840675711631775
1.7944835424423218
1.7512867450714111
1.7100894451141357
1.670050024986267
1.6304969787597656
1.590898036956787
1.550858974456787
1.5100889205932617
1.4683964252471924
1.4256627559661865
1.3818389177322388
1.3369261026382446
1.2909740209579468
1.244066834449768
1.1963211297988892
1.1478761434555054
1.098891258239746
1.0495386123657227
1.0
0.9504613876342773
0.9011087417602539
0.8521238565444946
0.8036788702011108
0.7559331655502319
0.7090259194374084
0.6630738377571106
0.6181610822677612
0.5743371844291687
0.5316035747528076
0.4899110794067383
0.4491409659385681
0.4091019332408905
0.3695029616355896
0.3299499452114105
0.28991055488586426
0.24871328473091125
0.20551642775535583
0.1593242883682251
0.10899347811937332
1.852640151977539
1.8017600774765015
1.754976749420166
1.7113107442855835
1.669891595840454
1.6299620866775513
1.590898036956787
1.5521880388259888
1.5134377479553223
1.4743438959121704
1.4346933364868164
1.394340991973877
1.3532075881958008
1.3112622499465942
1.2685213088989258
1.2250349521636963
1.1808850765228271
1.1361762285232544
1.0910327434539795
1.0455918312072754
1.0
0.9544082283973694
0.9089672565460205
0.8638237714767456
0.8191149234771729
0.7749650478363037
0.7314786314964294
0.6887377500534058
0.6467924118041992
0.6056589484214783
0.5653066039085388
0.5256561636924744
0.48656222224235535
0.44781193137168884
0.4091019332408905
0.37003791332244873
0.3301084637641907
0.2886892259120941
0.24502329528331757
0.19823996722698212
0.14735983312129974
1.8090169429779053
1.7586455345153809
1.7122547626495361
1.6689985990524292
1.628113865852356
1.5889244079589844
1.550858974456787
1.5134377479553223
1.4762791395187378
1.4390805959701538
1.4016193151474
1.3637346029281616
1.3253262042999268
1.2863399982452393
1.2467657327651978
1.206626296043396
1.165974736213684
1.1248862743377686
1.0834548473358154
1.0417875051498413
1.0
0.9582125544548035
0.9165450930595398
0.8751137852668762
0.8340252041816711
0.793373703956604
0.7532342076301575
0.7136600613594055
0.6746737957000732
0.6362653970718384
0.5983806848526001
0.560919463634491
0.5237208008766174
0.48656222224235535
0.4491409659385681
0.41107553243637085
0.37188616394996643
0.3310013711452484
0.28774523735046387
0.24135449528694153
0.19098301231861115
1.7604060173034668
1.711448311805725
1.6662988662719727
1.624221920967102
1.584547996520996
1.5466761589050293
1.5100889205932617
1.4743438959121704
1.4390805959701538
1.4040061235427856
1.3688976764678955
1.3335875272750854
1.2979629039764404
1.2619531154632568
1.2255288362503052
1.1886909008026123
1.1514695882797241
1.113915205001831
1.076096773147583
1.038095235824585
1.0
0.9619048237800598
0.9239031672477722
0.886084794998169
0.8485304713249207
0.8113090991973877
0.7744712233543396
0.7380468845367432
0.7020370960235596
0.6664124727249146
0.6311022639274597
0.5959938764572144
0.560919463634491
0.5256561636924744
0.4899110794067383
0.4533238410949707
0.41545194387435913
0.37577804923057556
0.33370116353034973
0.2885517477989197
0.23959402740001678
1.7071068286895752
1.6603479385375977
1.6171776056289673
1.5769553184509277
1.5390942096710205
1.5030624866485596
1.4683964252471924
1.4346933364868164
1.4016193151474
1.3688976764678955
1.3363125324249268
1.3036959171295166
1.2709295749664307
1.2379326820373535
1.2046623229980469
1.1711033582687378
1.137267827987671
1.1031862497329712
1.0689070224761963
1.0344890356063843
1.0
0.965510904788971
0.9310929775238037
0.896813690662384
0.8627322316169739
0.8288965821266174
0.7953376770019531
0.7620673179626465
0.7290704846382141
0.6963040828704834
0.663687527179718
0.6311022639274597
0.5983806848526001
0.5653066039085388
0.5316035747528076
0.49693745374679565
0.4609057903289795
0.4230446517467499
0.3828223645687103
0.33965203166007996
0.2928932309150696
1.649448037147522
1.605568528175354
1.5650190114974976
1.527242660522461
1.4917268753051758
1.4580042362213135
1.4256627559661865
1.394340991973877
1.3637346029281616
1.3335875272750854
1.3036959171295166
1.2738977670669556
1.2440741062164307
1.2141398191452026
1.184043526649475
1.1537587642669678
1.123283863067627
1.0926344394683838
1.061841607093811
1.0309470891952515
1.0
0.9690529108047485
0.9381583333015442
0.9073655605316162
0.8767160773277283
0.8462412357330322
0.8159565329551697
0.7858601808547974
0.7559259533882141
0.7261022925376892
0.6963040828704834
0.6664124727249146
0.6362653970718384
0.6056589484214783
0.5743371844291687
0.5419957637786865
0.508273184299469
0.47275736927986145
0.43498095870018005
0.394431471824646
0.350551962852478
1.587785243988037
1.5473767518997192
1.510006070137024
1.4751920700073242
1.4424901008605957
1.4114930629730225
1.3818389177322388
1.3532075881958008
1.3253262042999268
1.2979629039764404
1.2709295749664307
1.2440741062164307
1.2172819375991821
1.1904678344726562
1.1635761260986328
1.1365739107131958
1.1094495058059692
1.082207202911377
1.0548653602600098
1.0274513959884644
1.0
0.9725486040115356
0.945134699344635
0.9177928566932678
0.8905504941940308
0.8634260892868042
0.8364238142967224
0.8095322251319885
0.7827181220054626
0.7559259533882141
0.7290704846382141
0.7020370960235596
0.6746737957000732
0.6467924118041992
0.6181610822677612
0.5885069370269775
0.5575098991394043
0.5248079895973206
0.4899939000606537
0.45262324810028076
0.4122147560119629
1.522498607635498
1.4860711097717285
1.4523613452911377
1.420957088470459
1.391477346420288
1.3635715246200562
1.3369261026382446
1.3112622499465942
1.2863399982452393
1.2619531154632568
1.2379326820373535
1.2141398191452026
1.1904678344726562
1.166835069656372
1.1431854963302612
1.1194828748703003
1.0957096815109253
1.0718622207641602
1.047949194908142
1.0239874124526978
1.0
0.9760125875473022
0.9520508050918579
0.9281377792358398
0.9042903184890747
0.8805171251296997
0.8568145036697388
0.8331649899482727
0.8095322251319885
0.7858601808547974
0.7620673179626465
0.7380468845367432
0.7136600613594055
0.6887377500534058
0.6630738377571106
0.6364285349845886
0.6085226535797119
0.579042911529541
0.5476387143135071
0.5139288306236267
0.47750142216682434
1.4539904594421387
1.4219812154769897
1.3923447132110596
1.364734172821045
1.338828206062317
1.3143302202224731
1.2909740209579468
1.2685213088989258
1.2467657327651978
1.2255288362503052
1.2046623229980469
1.184043526649475
1.1635761260986328
1.1431854963302612
1.1228183507919312
1.1024378538131714
1.0820239782333374
1.061567783355713
1.0410714149475098
1.0205440521240234
1.0
0.9794559478759766
0.9589285254478455
0.9384322166442871
0.9179760813713074
0.8975620865821838
0.8771817088127136
0.8568145036697388
0.8364238142967224
0.8159565329551697
0.7953376770019531
0.7744712233543396
0.7532342076301575
0.7314786314964294
0.7090259194374084
0.6856697201728821
0.6611717343330383
0.6352657675743103
0.6076552867889404
0.5780187845230103
0.5460094809532166
1.3826833963394165
1.3554595708847046
1.3302435874938965
1.3067504167556763
1.2847155332565308
1.2638944387435913
1.244066834449768
1.2250349521636963
1.206626296043396
1.1886909008026123
1.1711033582687378
1.1537587642669678
1.1365739107131958
1.1194828748703003
1.1024378538131714
1.085404634475708
1.0683623552322388
1.051300048828125
1.0342156887054443
1.0171128511428833
1.0
0.9828870892524719
0.9657843112945557
0.9486998915672302
0.9316375851631165
0.9145953059196472
0.8975620865821838
0.8805171251296997
0.8634260892868042
0.8462412357330322
0.8288965821266174
0.8113090991973877
0.793373703956604
0.7749650478363037
0.7559331655502319
0.7361056208610535
0.7152844667434692
0.6932495832443237
0.6697563529014587
0.6445404291152954
0.6173165440559387
1.3090169429779053
1.2868809700012207
1.2663710117340088
1.24726140499115
1.2293428182601929
1.2124210596084595
1.1963211297988892
1.1808850765228271
1.165974736213684
1.1514695882797241
1.137267827987671
1.123283863067627
1.1094495058059692
1.0957096815109253
1.0820239782333374
1.0683623552322388
1.0547059774398804
1.0410435199737549
1.0273706912994385
1.0136882066726685
1.0
0.9863118529319763
0.9726293087005615
0.9589565396308899
0.9452939629554749
0.9316375851631165
0.9179760813713074
0.9042903184890747
0.8905504941940308
0.8767160773277283
0.8627322316169739
0.8485304713249207
0.8340252041816711
0.8191149234771729
0.8036788702011108
0.7875789403915405
0.7706572413444519
0.7527385950088501
0.733629047870636
0.7131190299987793
0.69098299741745
1.233445405960083
1.216636061668396
1.2010579109191895
1.1865428686141968
1.1729350090026855
1.1600897312164307
1.1478761434555054
1.1361762285232544
1.1248862743377686
1.113915205001831
1.1031862497329712
1.0926344394683838
1.082207202911377
1.0718622207641602
1.061567783355713
1.051300048828125
1.0410435199737549
1.0307880640029907
1.0205292701721191
1.0102660655975342
1.0
0.9897339940071106
0.9794707298278809
0.9692119359970093
0.9589565396308899
0.9486998915672302
0.9384322166442871
0.9281377792358398
0.9177928566932678
0.9073655605316162
0.896813690662384
0.886084794998169
0.8751137852668762
0.8638237714767456
0.8521238565444946
0.8399103283882141
0.8270649909973145
0.8134571313858032
0.7989421486854553
0.783363938331604
0.7665546536445618
1.156434416770935
1.1451300382614136
1.134651780128479
1.124888300895691
1.1157362461090088
1.1070995330810547
1.098891258239746
1.0910327434539795
1.0834548473358154
1.076096773147583
1.0689070224761963
1.061841607093811
1.0548653602600098
1.047949194908142
1.0410714149475098
1.0342156887054443
1.0273706912994385
1.0205292701721191
1.0136876106262207
1.006844401359558
1.0
0.9931555986404419
0.9863123893737793
0.9794707298278809
0.9726293087005615
0.9657843112945557
0.9589285254478455
0.9520508050918579
0.945134699344635
0.9381583333015442
0.9310929775238037
0.9239031672477722
0.9165450930595398
0.9089672565460205
0.9011087417602539
0.8929004669189453
0.8842637538909912
0.8751116991043091
0.865348219871521
0.8548699617385864
0.8435655236244202
1.0784591436386108
1.0727773904800415
1.0675104856491089
1.0626028776168823
1.0580028295516968
1.0536625385284424
1.0495386123657227
1.0455918312072754
1.0417875051498413
1.038095235824585
1.0344890356063843
1.0309470891952515
1.0274513959884644
1.0239874124526978
1.0205440521240234
1.0171128511428833
1.0136882066726685
1.0102660655975342
1.006844401359558
1.0034223794937134
1.0
0.9965776205062866
0.9931555986404419
0.9897339940071106
0.9863118529319763
0.9828870892524719
0.9794559478759766
0.9760125875473022
0.9725486040115356
0.9690529108047485
0.965510904788971
0.9619048237800598
0.9582125544548035
0.9544082283973694
0.9504613876342773
0.9463374614715576
0.941997230052948
0.9373971819877625
0.9324894547462463
0.9272225499153137
0.9215409159660339
1.0
1.0
1.0
1.0
1.0
1.0
1.0
1.0
1.0
1.0
1.0
1.0
1.0
1.0
1.0
1.0
1.0
1.0
1.0
1.0
1.0
1.0
1.0
1.0
1.0
1.0
1.0
1.0
1.0
1.0
1.0
1.0
1.0
1.0
1.0
1.0
1.0
1.0
1.0
1.0
1.0
0.9215409159660339
0.9272225499153137
0.9324894547462463
0.9373971819877625
0.941997230052948
0.9463374614715576
0.9504613876342773
0.9544082283973694
0.9582125544548035
0.9619048237800598
0.965510904788971
0.9690529108047485
0.9725486040115356
0.9760125875473022
0.9794559478759766
0.9828870892524719
0.9863118529319763
0.9897339940071106
0.9931555986404419
0.9965776205062866
1.0
1.0034223794937134
1.006844401359558
1.0102660655975342
1.0136882066726685
1.0171128511428833
1.0205440521240234
1.0239874124526978
1.0274513959884644
1.0309470891952515
1.0344890356063843
1.038095235824585
1.0417875051498413
1.0455918312072754
1.0495386123657227
1.0536625385284424
1.0580028295516968
1.0626028776168823
1.0675104856491089
1.0727773904800415
1.0784591436386108
0.8435655236244202
0.8548699617385864
0.865348219871521
0.8751116991043091
0.8842637538909912
0.8929004669189453
0.9011087417602539
0.9089672565460205
0.9165450930595398
0.9239031672477722
0.9310929775238037
0.9381583333015442
0.945134699344635
0.9520508050918579
0.9589285254478455
0.9657843112945557
0.9726293087005615
0.9794707298278809
0.9863123893737793
0.9931555986404419
1.0
1.006844401359558
1.0136876106262207
1.0205292701721191
1.0273706912994385
1.0342156887054443
1.0410714149475098
1.047949194908142
1.0548653602600098
1.061841607093811
1.0689070224761963
1.076096773147583
1.0834548473358154
1.0910327434539795
1.098891258239746
1.1070995330810547
1.1157362461090088
1.124888300895691
1.134651780128479
1.1451300382614136
1.156434416770935
0.7665546536445618
0.783363938331604
0.7989421486854553
0.8134571313858032
0.8270649909973145
0.8399103283882141
0.8521238565444946
0.8638237714767456
0.8751137852668762
0.886084794998169
0.896813690662384
0.9073655605316162
0.9177928566932678
0.9281377792358398
0.9384322166442871
0.9486998915672302
0.9589565396308899
0.9692119359970093
0.9794707298278809
0.9897339940071106
1.0
1.0102660655975342
1.0205292701721191
1.0307880640029907
1.0410435199737549
1.051300048828125
1.061567783355713
1.0718622207641602
1.082207202911377
1.0926344394683838
1.1031862497329712
1.113915205001831
1.1248862743377686
1.1361762285232544
1.1478761434555054
1.1600897312164307
1.1729350090026855
1.1865428686141968
1.2010579109191895
1.216636061668396
1.233445405960083
0.69098299741745
0.7131190299987793
0.733629047870636
0.7527385950088501
0.7706572413444519
0.7875789403915405
0.8036788702011108
0.8191149234771729
0.8340252041816711
0.8485304713249207
0.8627322316169739
0.8767160773277283
0.8905504941940308
0.9042903184890747
0.9179760813713074
0.9316375851631165
0.9452939629554749
0.9589565396308899
0.9726293087005615
0.9863118529319763
1.0
1.0136882066726685
1.0273706912994385
1.0410435199737549
1.0547059774398804
1.0683623552322388
1.0820239782333374
1.0957096815109253
1.1094495058059692
1.123283863067627
1.137267827987671
1.1514695882797241
1.165974736213684
1.1808850765228271
1.1963211297988892
1.2124210596084595
1.2293428182601929
1.24726140499115
1.2663710117340088
1.2868809700012207
1.3090169429779053
0.6173165440559387
0.6445404291152954
0.6697563529014587
0.6932495832443237
0.7152844667434692
0.7361056208610535
0.7559331655502319
0.7749650478363037
0.793373703956604
0.8113090991973877
0.8288965821266174
0.8462412357330322
0.8634260892868042
0.8805171251296997
0.8975620865821838
0.9145953059196472
0.9316375851631165
0.9486998915672302
0.9657843112945557
0.9828870892524719
1.0
1.0171128511428833
1.0342156887054443
1.051300048828125
1.0683623552322388
1.085404634475708
1.1024378538131714
1.1194828748703003
1.1365739107131958
1.1537587642669678
1.1711033582687378
1.1886909008026123
1.206626296043396
1.2250349521636963
1.244066834449768
1.2638944387435913
1.2847155332565308
1.3067504167556763
1.3302435874938965
1.3554595708847046
1.3826833963394165
0.5460094809532166
0.5780187845230103
0.6076552867889404
0.6352657675743103
0.6611717343330383
0.6856697201728821
0.7090259194374084
0.7314786314964294
0.7532342076301575
0.7744712233543396
0.7953376770019531
0.8159565329551697
0.8364238142967224
0.8568145036697388
0.8771817088127136
0.8975620865821838
0.9179760813713074
0.9384322166442871
0.9589285254478455
0.9794559478759766
1.0
1.0205440521240234
1.0410714149475098
1.061567783355713
1.0820239782333374
1.1024378538131714
1.1228183507919312
1.1431854963302612
1.1635761260986328
1.184043526649475
1.2046623229980469
1.2255288362503052
1.2467657327651978
1.2685213088989258
1.2909740209579468
1.3143302202224731
1.338828206062317
1.364734172821045
1.3923447132110596
1.4219812154769897
1.4539904594421387
0.47750142216682434
0.5139288306236267
0.5476387143135071
0.579042911529541
0.6085226535797119
0.6364285349845886
0.6630738377571106
0.6887377500534058
0.7136600613594055
0.7380468845367432
0.7620673179626465
0.7858601808547974
0.8095322251319885
0.8331649899482727
0.8568145036697388
0.8805171251296997
0.9042903184890747
0.9281377792358398
0.9520508050918579
0.9760125875473022
1.0
1.0239874124526978
1.047949194908142
1.0718622207641602
1.0957096815109253
1.1194828748703003
1.1431854963302612
1.166835069656372
1.1904678344726562
1.2141398191452026
1.2379326820373535
1.2619531154632568
1.2863399982452393
1.3112622499465942
1.3369261026382446
1.3635715246200562
1.391477346420288
1.420957088470459
1.4523613452911377
1.4860711097717285
1.522498607635498
0.4122147560119629
0.45262324810028076
0.4899939000606537
0.5248079895973206
0.5575098991394043
0.5885069370269775
0.6181610822677612
0.6467924118041992
0.6746737957000732
0.7020370960235596
0.7290704846382141
0.7559259533882141
0.7827181220054626
0.8095322251319885
0.8364238142967224
0.8634260892868042
0.8905504941940308
0.9177928566932678
0.945134699344635
0.9725486040115356
1.0
1.0274513959884644
1.0548653602600098
1.082207202911377
1.1094495058059692
1.1365739107131958
1.1635761260986328
1.1904678344726562
1.2172819375991821
1.2440741062164307
1.2709295749664307
1.2979629039764404
1.3253262042999268
1.3532075881958008
1.3818389177322388
1.4114930629730225
1.4424901008605957
1.4751920700073242
1.510006070137024
1.5473767518997192
1.587785243988037
0.350551962852478
0.394431471824646
0.43498095870018005
0.47275736927986145
0.508273184299469
0.5419957637786865
0.5743371844291687
0.6056589484214783
0.6362653970718384
0.6664124727249146
0.6963040828704834
0.7261022925376892
0.7559259533882141
0.7858601808547974
0.8159565329551697
0.8462412357330322
0.8767160773277283
0.9073655605316162
0.9381583333015442
0.9690529108047485
1.0
1.0309470891952515
1.061841607093811
1.0926344394683838
1.123283863067627
1.1537587642669678
1.184043526649475
1.2141398191452026
1.2440741062164307
1.2738977670669556
1.3036959171295166
1.3335875272750854
1.3637346029281616
1.394340991973877
1.4256627559661865
1.4580042362213135
1.4917268753051758
1.527242660522461
1.5650190114974976
1.605568528175354
1.649448037147522
0.2928932309150696
0.33965203166007996
0.3828223645687103
0.4230446517467499
0.4609057903289795
0.49693745374679565
0.5316035747528076
0.5653066039085388
0.5983806848526001
0.6311022639274597
0.663687527179718
0.6963040828704834
0.7290704846382141
0.7620673179626465
0.7953376770019531
0.8288965821266174
0.8627322316169739
0.896813690662384
0.9310929775238037
0.965510904788971
1.0
1.0344890356063843
1.0689070224761963
1.1031862497329712
1.137267827987671
1.1711033582687378
1.2046623229980469
1.2379326820373535
1.2709295749664307
1.3036959171295166
1.3363125324249268
1.3688976764678955
1.4016193151474
1.4346933364868164
1.4683964252471924
1.5030624866485596
1.5390942096710205
1.5769553184509277
1.6171776056289673
1.6603479385375977
1.7071068286895752
0.23959402740001678
0.2885517477989197
0.33370116353034973
0.37577804923057556
0.41545194387435913
0.4533238410949707
0.4899110794067383
0.5256561636924744
0.560919463634491
0.5959938764572144
0.6311022639274597
0.6664124727249146
0.7020370960235596
0.7380468845367432
0.7744712233543396
0.8113090991973877
0.8485304713249207
0.886084794998169
0.9239031672477722
0.9619048237800598
1.0
1.038095235824585
1.076096773147583
1.113915205001831
1.1514695882797241
1.1886909008026123
1.2255288362503052
1.2619531154632568
1.2979629039764404
1.3335875272750854
1.3688976764678955
1.4040061235427856
1.4390805959701538
1.4743438959121704
1.5100889205932617
1.5466761589050293
1.584547996520996
1.624221920967102
1.6662988662719727
1.711448311805725
1.7604060173034668
0.19098301231861115
0.24135449528694153
0.28774523735046387
0.3310013711452484
0.37188616394996643
0.41107553243637085
0.4491409659385681
0.48656222224235535
0.5237208008766174
0.560919463634491
0.5983806848526001
0.6362653970718384
0.6746737957000732
0.7136600613594055
0.7532342076301575
0.793373703956604
0.8340252041816711
0.8751137852668762
0.9165450930595398
0.9582125544548035
1.0
1.0417875051498413
1.0834548473358154
1.1248862743377686
1.165974736213684
1.206626296043396
1.2467657327651978
1.2863399982452393
1.3253262042999268
1.3637346029281616
1.4016193151474
1.4390805959701538
1.4762791395187378
1.5134377479553223
1.550858974456787
1.5889244079589844
1.628113865852356
1.6689985990524292
1.7122547626495361
1.7586455345153809
1.8090169429779053
0.14735983312129974
0.19823996722698212
0.24502329528331757
0.2886892259120941
0.3301084637641907
0.37003791332244873
0.4091019332408905
0.44781193137168884
0.48656222224235535
0.5256561636924744
0.5653066039085388
0.6056589484214783
0.6467924118041992
0.6887377500534058
0.7314786314964294
0.7749650478363037
0.8191149234771729
0.8638237714767456
0.9089672565460205
0.9544082283973694
1.0
1.0455918312072754
1.0910327434539795
1.1361762285232544
1.1808850765228271
1.2250349521636963
1.2685213088989258
1.3112622499465942
1.3532075881958008
1.394340991973877
1.4346933364868164
1.4743438959121704
1.5134377479553223
1.5521880388259888
1.590898036956787
1.6299620866775513
1.669891595840454
1.7113107442855835
1.754976749420166
1.8017600774765015
1.852640151977539
0.10899347811937332
0.1593242883682251
0.20551642775535583
0.24871328473091125
0.28991055488586426
0.3299499452114105
0.3695029616355896
0.4091019332408905
0.4491409659385681
0.4899110794067383
0.5316035747528076
0.5743371844291687
0.6181610822677612
0.6630738377571106
0.7090259194374084
0.7559331655502319
0.8036788702011108
0.8521238565444946
0.9011087417602539
0.9504613876342773
1.0
1.0495386123657227
1.098891258239746
1.1478761434555054
1.1963211297988892
1.244066834449768
1.2909740209579468
1.3369261026382446
1.3818389177322388
1.4256627559661865
1.4683964252471924
1.5100889205932617
1.550858974456787
1.590898036956787
1.6304969787597656
1.670050024986267
1.7100894451141357
1.7512867450714111
1.7944835424423218
1.840675711631775
1.8910064697265625
0.07612046599388123
0.12465483695268631
0.1691064089536667
0.2108302265405655
0.2509651184082031
0.2904371917247772
0.3299499452114105
0.37003791332244873
0.41107553243637085
0.4533238410949707
0.49693745374679565
0.5419957637786865
0.5885069370269775
0.6364285349845886
0.6856697201728821
0.7361056208610535
0.7875789403915405
0.8399103283882141
0.8929004669189453
0.9463374614715576
1.0
1.0536625385284424
1.1070995330810547
1.1600897312164307
1.2124210596084595
1.2638944387435913
1.3143302202224731
1.3635715246200562
1.4114930629730225
1.4580042362213135
1.5030624866485596
1.5466761589050293
1.5889244079589844
1.6299620866775513
1.670050024986267
1.7095627784729004
1.7490348815917969
1.7891697883605957
1.830893635749817
1.8753451108932495
1.9238795042037964
0.04894348233938217
0.09416384249925613
0.13551224768161774
0.17461328208446503
0.21276775002479553
0.2509651184082031
0.28991055488586426
0.3301084637641907
0.37188616394996643
0.41545194387435913
0.4609057903289795
0.508273184299469
0.5575098991394043
0.6085226535797119
0.6611717343330383
0.7152844667434692
0.7706572413444519
0.8270649909973145
0.8842637538909912
0.941997230052948
1.0
1.0580028295516968
1.1157362461090088
1.1729350090026855
1.2293428182601929
1.2847155332565308
1.338828206062317
1.391477346420288
1.4424901008605957
1.4917268753051758
1.5390942096710205
1.584547996520996
1.628113865852356
1.669891595840454
1.7100894451141357
1.7490348815917969
1.7872322797775269
1.8253867626190186
1.8644877672195435
1.9058361053466797
1.9510564804077148
0.02763007953763008
0.06764820218086243
0.10424398630857468
0.1394203007221222
0.17461328208446503
0.2108302265405655
0.24871328473091125
0.2886892259120941
0.3310013711452484
0.37577804923057556
0.4230446517467499
0.47275736927986145
0.5248079895973206
0.579042911529541
0.6352657675743103
0.6932495832443237
0.7527385950088501
0.8134571313858032
0.8751116991043091
0.9373971819877625
1.0
1.0626028776168823
1.124888300895691
1.1865428686141968
1.24726140499115
1.3067504167556763
1.364734172821045
1.420957088470459
1.4751920700073242
1.527242660522461
1.5769553184509277
1.624221920967102
1.6689985990524292
1.7113107442855835
1.7512867450714111
1.7891697883605957
1.8253867626190186
1.8605797290802002
1.8957560062408447
1.93235182762146
1.972369909286499
0.012311659753322601
0.044572509825229645
0.07443908601999283
0.10424398630857468
0.13551224768161774
0.1691064089536667
0.20551642775535583
0.24502329528331757
0.28774523735046387
0.33370116353034973
0.3828223645687103
0.43498095870018005
0.4899939000606537
0.5476387143135071
0.6076552867889404
0.6697563529014587
0.733629047870636
0.7989421486854553
0.865348219871521
0.9324894547462463
1.0
1.0675104856491089
1.134651780128479
1.2010579109191895
1.2663710117340088
1.3302435874938965
1.3923447132110596
1.4523613452911377
1.510006070137024
1.5650190114974976
1.6171776056289673
1.6662988662719727
1.7122547626495361
1.754976749420166
1.7944835424423218
1.830893635749817
1.8644877672195435
1.8957560062408447
1.9255609512329102
1.9554275274276733
1.9876883029937744
0.003082666313275695
0.024019381031394005
0.044572509825229645
0.06764820218086243
0.09416384249925613
0.12465483695268631
0.1593242883682251
0.19823996722698212
0.24135449528694153
0.2885517477989197
0.33965203166007996
0.394431471824646
0.45262324810028076
0.5139288306236267
0.5780187845230103
0.6445404291152954
0.7131190299987793
0.783363938331604
0.8548699617385864
0.9272225499153137
1.0
1.0727773904800415
1.1451300382614136
1.216636061668396
1.2868809700012207
1.3554595708847046
1.4219812154769897
1.4860711097717285
1.5473767518997192
1.605568528175354
1.6603479385375977
1.711448311805725
1.7586455345153809
1.8017600774765015
1.840675711631775
1.8753451108932495
1.9058361053466797
1.93235182762146
1.9554275274276733
1.9759806394577026
1.9969173669815063
0.0
0.003082666313275695
0.012311659753322601
0.02763007953763008
0.04894348233938217
0.07612046599388123
0.10899347811937332
0.14735983312129974
0.19098301231861115
0.23959402740001678
0.2928932309150696
0.350551962852478
0.4122147560119629
0.47750142216682434
0.5460094809532166
0.6173165440559387
0.69098299741745
0.7665546536445618
0.8435655236244202
0.9215409159660339
1.0
1.0784591436386108
1.156434416770935
1.233445405960083
1.3090169429779053
1.3826833963394165
1.4539904594421387
1.522498607635498
1.587785243988037
1.649448037147522
1.7071068286895752
1.7604060173034668
1.8090169429779053
1.852640151977539
1.8910064697265625
1.9238795042037964
1.9510564804077148
1.972369909286499
1.9876883029937744
1.9969173669815063
2.0
