2.0
1.9969173669815063
1.9876883029937744
1.972369909286499
1.9510564804077148
1.9238795042037964
1.8910064697265625
1.852640151977539
1.8090169429779053
1.7604060173034668
1.7071068286895752
1.649448037147522
1.587785243988037
1.522498607635498
1.4539904594421387
1.3826833963394165
1.3090169429779053
1.233445405960083
1.156434416770935
1.0784591436386108
1.0
0.9215409159660339
0.8435655236244202
0.7665546536445618
0.69098299741745
0.6173165440559387
0.5460094809532166
0.47750142216682434
0.4122147560119629
0.350551962852478
0.2928932309150696
0.23959402740001678
0.19098301231861115
0.14735983312129974
0.10899347811937332
0.07612046599388123
0.04894348233938217
0.02763007953763008
0.012311659753322601
0.003082666313275695
0.0
1.9969173669815063
1.9759923219680786
1.9554466009140015
1.9323760271072388
1.9058637619018555
1.8753750324249268
1.8407068252563477
1.8017915487289429
1.7586767673492432
1.7114787101745605
1.6603771448135376
1.6055958271026611
1.547402024269104
1.4860938787460327
1.4220012426376343
1.3554766178131104
1.2868947982788086
1.2166465520858765
1.145137071609497
1.072780966758728
1.0
0.927219033241272
0.8548629283905029
0.7833534479141235
0.7131052017211914
0.6445234417915344
0.5779987573623657
0.5139061212539673
0.45259803533554077
0.3944041430950165
0.3396229147911072
0.28852128982543945
0.24132323265075684
0.19820845127105713
0.15929320454597473
0.12462500482797623
0.09413623064756393
0.06762402504682541
0.04455343261361122
0.02400771714746952
0.003082666313275695
1.9876883029937744
1.9554466009140015
1.9255934953689575
1.8957982063293457
1.8645366430282593
1.830946922302246
1.794539451599121
1.7550336122512817
1.7123113870620728
1.6663541793823242
1.6172306537628174
1.5650689601898193
1.51005220413208
1.452402949333191
1.3923813104629517
1.3302748203277588
1.2663962841033936
1.2010771036148071
1.13466477394104
1.0675170421600342
1.0
0.9324829578399658
0.8653352856636047
0.7989228367805481
0.7336036562919617
0.669725239276886
0.6076186895370483
0.5475971102714539
0.4899478554725647
0.43493106961250305
0.3827693462371826
0.33364585041999817
0.28768858313560486
0.24496637284755707
0.2054605633020401
0.1690531224012375
0.13546337187290192
0.1042017787694931
0.0744064599275589
0.04455343261361122
0.012311659753322601
1.972369909286499
1.9323760271072388
1.8957982063293457
1.8606351613998413
1.8254516124725342
1.789241075515747
1.7513618469238281
1.7113876342773438
1.6690754890441895
1.6242971420288086
1.5770275592803955
1.5273107290267944
1.4752548933029175
1.4210139513015747
1.3647843599319458
1.3067930936813354
1.2472962141036987
1.1865692138671875
1.124906063079834
1.0626118183135986
1.0
0.9373882412910461
0.8750938773155212
0.8134307265281677
0.752703845500946
0.6932069063186646
0.635215699672699
0.5789860486984253
0.5247450470924377
0.47268930077552795
0.4229724109172821
0.375702828168869
0.33092454075813293
0.28861233592033386
0.24863813817501068
0.21075892448425293
0.17454838752746582
0.13936485350131989
0.1042017787694931
0.06762402504682541
0.02763007953763008
1.9510564804077148
1.9058637619018555
1.8645366430282593
1.8254516124725342
1.7873088121414185
1.749119520187378
1.710179090499878
1.6699836254119873
1.6282061338424683
1.5846385955810547
1.5391813516616821
1.4918090105056763
1.442566156387329
1.3915462493896484
1.3388888835906982
1.2847672700881958
1.2293848991394043
1.1729670763015747
1.1157578229904175
1.058013677597046
1.0
0.9419863820075989
0.8842421770095825
0.8270329833030701
0.7706151008605957
0.7152327299118042
0.661111056804657
0.6084538102149963
0.5574337840080261
0.508190929889679
0.46081870794296265
0.4153614342212677
0.3717938959598541
0.3300163745880127
0.2898208796977997
0.2508804500102997
0.21269117295742035
0.17454838752746582
0.13546337187290192
0.09413623064756393
0.04894348233938217
1.9238795042037964
1.8753750324249268
1.830946922302246
1.789241075515747
1.749119520187378
1.709656834602356
1.6701500415802002
1.6300650835037231
1.589028000831604
1.5467779636383057
1.5031605958938599
1.458096981048584
1.411578893661499
1.3636492490768433
1.3143988847732544
1.2639529705047607
1.2124687433242798
1.160125970840454
1.1071239709854126
1.0536748170852661
1.0
0.9463251829147339
0.8928760290145874
0.8398740291595459
0.7875311970710754
0.7360470294952393
0.6856011152267456
0.636350691318512
0.5884210467338562
0.541903018951416
0.49683937430381775
0.4532220959663391
0.4109720289707184
0.36993488669395447
0.3298499584197998
0.29034319519996643
0.2508804500102997
0.21075892448425293
0.1690531224012375
0.12462500482797623
0.07612046599388123
1.8910064697265625
1.8407068252563477
1.794539451599121
1.7513618469238281
1.710179090499878
1.6701500415802002
1.6306036710739136
1.5910083055496216
1.5509699583053589
1.5101982355117798
1.4685019254684448
1.42576265335083
1.3819315433502197
1.337010145187378
1.2910481691360474
1.2441301345825195
1.1963727474212646
1.1479154825210571
1.0989177227020264
1.0495519638061523
1.0
0.9504480957984924
0.9010822772979736
0.8520845770835876
0.8036272525787354
0.7558698654174805
0.7089517712593079
0.6629898548126221
0.6180684566497803
0.5742372870445251
0.5314980149269104
0.4898017644882202
0.44902998208999634
0.4089916944503784
0.36939626932144165
0.3298499584197998
0.2898208796977997
0.24863813817501068
0.2054605633020401
0.15929320454597473
0.10899347811937332
1.852640151977539
1.8017915487289429
1.7550336122512817
1.7113876342773438
1.6699836254119873
1.6300650835037231
1.5910083055496216
1.5523022413253784
1.5135529041290283
1.4744575023651123
1.4348032474517822
1.3944451808929443
1.353304147720337
1.3113499879837036
1.2685987949371338
1.2251009941101074
1.180938959121704
1.1362172365188599
1.0910604000091553
1.0456056594848633
1.0
0.9543942809104919
0.9089395999908447
0.8637827038764954
0.8190609812736511
0.7748989462852478
0.7314012050628662
0.6886500716209412
0.6466957926750183
0.6055548787117004
0.5651968121528625
0.5255425572395325
0.4864470660686493
0.44769778847694397
0.4089916944503784
0.36993488669395447
0.3300163745880127
0.28861233592033386
0.24496637284755707
0.19820845127105713
0.14735983312129974
1.8090169429779053
1.7586767673492432
1.7123113870620728
1.6690754890441895
1.6282061338424683
1.589028000831604
1.5509699583053589
1.5135529041290283
1.476395606994629
1.4391955137252808
1.4017306566238403
1.363840103149414
1.325424313545227
1.2864289283752441
1.2468445301055908
1.2066935300827026
1.166029691696167
1.1249279975891113
1.0834829807281494
1.0418015718460083
1.0
0.9581983685493469
0.9165169596672058
0.8750720024108887
0.8339703679084778
0.7933064699172974
0.753155529499054
0.7135710120201111
0.674575686454773
0.6361598372459412
0.5982693433761597
0.5608044862747192
0.5236044526100159
0.4864470660686493
0.44902998208999634
0.4109720289707184
0.3717938959598541
0.33092454075813293
0.28768858313560486
0.24132323265075684
0.19098301231861115
1.7604060173034668
1.7114787101745605
1.6663541793823242
1.6242971420288086
1.5846385955810547
1.5467779636383057
1.5101982355117798
1.4744575023651123
1.4391955137252808
1.404119849205017
1.36900794506073
1.333692193031311
1.2980601787567139
1.262041449546814
1.225606918334961
1.1887577772140503
1.1515240669250488
1.1139566898345947
1.0761247873306274
1.038109302520752
1.0
0.9618907570838928
0.9238752126693726
0.8860432505607605
0.8484759330749512
0.8112422823905945
0.7743930816650391
0.7379584908485413
0.7019398212432861
0.666307806968689
0.63099205493927
0.5958801507949829
0.5608044862747192
0.5255425572395325
0.4898017644882202
0.4532220959663391
0.4153614342212677
0.375702828168869
0.33364585041999817
0.28852128982543945
0.23959402740001678
1.7071068286895752
1.6603771448135376
1.6172306537628174
1.5770275592803955
1.5391813516616821
1.5031605958938599
1.4685019254684448
1.4348032474517822
1.4017306566238403
1.36900794506073
1.3364193439483643
1.3037974834442139
1.2710239887237549
1.23801851272583
1.2047382593154907
1.171168327331543
1.137320876121521
1.103226661682129
1.0689342021942139
1.0345027446746826
1.0
0.9654971957206726
0.9310657382011414
0.8967732787132263
0.8626791834831238
0.8288316130638123
0.7952617406845093
0.7619814872741699
0.7289760112762451
0.6962025165557861
0.663580596446991
0.63099205493927
0.5982693433761597
0.5651968121528625
0.5314980149269104
0.49683937430381775
0.46081870794296265
0.4229724109172821
0.3827693462371826
0.3396229147911072
0.2928932309150696
1.649448037147522
1.6055958271026611
1.5650689601898193
1.5273107290267944
1.4918090105056763
1.458096981048584
1.42576265335083
1.3944451808929443
1.363840103149414
1.333692193031311
1.3037974834442139
1.2739943265914917
1.244163990020752
1.2142215967178345
1.1841157674789429
1.1538206338882446
1.1233344078063965
1.0926729440689087
1.061867594718933
1.030960202217102
1.0
0.969039797782898
0.9381324052810669
0.9073270559310913
0.8766655325889587
0.8461793065071106
0.8158841729164124
0.7857784032821655
0.7558360695838928
0.7260057330131531
0.6962025165557861
0.666307806968689
0.6361598372459412
0.6055548787117004
0.5742372870445251
0.541903018951416
0.508190929889679
0.47268930077552795
0.43493106961250305
0.3944041430950165
0.350551962852478
1.587785243988037
1.547402024269104
1.51005220413208
1.4752548933029175
1.442566156387329
1.411578893661499
1.3819315433502197
1.353304147720337
1.325424313545227
1.2980601787567139
1.2710239887237549
1.244163990020752
1.2173656225204468
1.1905440092086792
1.1636435985565186
1.1366316080093384
1.1094965934753418
1.0822430849075317
1.0548895597457886
1.0274635553359985
1.0
0.9725363850593567
0.9451104998588562
0.9177569150924683
0.8905034065246582
0.8633684515953064
0.8363564014434814
0.8094560503959656
0.7826343774795532
0.7558360695838928
0.7289760112762451
0.7019398212432861
0.674575686454773
0.6466957926750183
0.6180684566497803
0.5884210467338562
0.5574337840080261
0.5247450470924377
0.4899478554725647
0.45259803533554077
0.4122147560119629
1.522498607635498
1.4860938787460327
1.452402949333191
1.4210139513015747
1.3915462493896484
1.3636492490768433
1.337010145187378
1.3113499879837036
1.2864289283752441
1.262041449546814
1.23801851272583
1.2142215967178345
1.1905440092086792
1.166904330253601
1.1432468891143799
1.1195354461669922
1.0957525968551636
1.071894884109497
1.047971248626709
1.023998498916626
1.0
0.9760014414787292
0.952028751373291
0.9281050562858582
0.9042473435401917
0.8804645538330078
0.8567531108856201
0.8330956697463989
0.8094560503959656
0.7857784032821655
0.7619814872741699
0.7379584908485413
0.7135710120201111
0.6886500716209412
0.6629898548126221
0.636350691318512
0.6084538102149963
0.5789860486984253
0.5475971102714539
0.5139061212539673
0.47750142216682434
1.4539904594421387
1.4220012426376343
1.3923813104629517
1.3647843599319458
1.3388888835906982
1.3143988847732544
1.2910481691360474
1.2685987949371338
1.2468445301055908
1.225606918334961
1.2047382593154907
1.1841157674789429
1.1636435985565186
1.1432468891143799
1.1228727102279663
1.1024844646453857
1.082062005996704
1.0615967512130737
1.041090965270996
1.0205539464950562
1.0
0.9794461131095886
0.9589089751243591
0.9384032487869263
0.9179379940032959
0.8975155353546143
0.8771272897720337
0.8567531108856201
0.8363564014434814
0.8158841729164124
0.7952617406845093
0.7743930816650391
0.753155529499054
0.7314012050628662
0.7089517712593079
0.6856011152267456
0.661111056804657
0.635215699672699
0.6076186895370483
0.5779987573623657
0.5460094809532166
1.3826833963394165
1.3554766178131104
1.3302748203277588
1.3067930936813354
1.2847672700881958
1.2639529705047607
1.2441301345825195
1.2251009941101074
1.2066935300827026
1.1887577772140503
1.171168327331543
1.1538206338882446
1.1366316080093384
1.1195354461669922
1.1024844646453857
1.0854445695877075
1.0683950185775757
1.0513249635696411
1.0342323780059814
1.0171213150024414
1.0
0.9828786849975586
0.9657675623893738
0.9486750960350037
0.9316050410270691
0.9145554900169373
0.8975155353546143
0.8804645538330078
0.8633684515953064
0.8461793065071106
0.8288316130638123
0.8112422823905945
0.7933064699172974
0.7748989462852478
0.7558698654174805
0.7360470294952393
0.7152327299118042
0.6932069063186646
0.669725239276886
0.6445234417915344
0.6173165440559387
1.3090169429779053
1.2868947982788086
1.2663962841033936
1.2472962141036987
1.2293848991394043
1.2124687433242798
1.1963727474212646
1.180938959121704
1.166029691696167
1.1515240669250488
1.137320876121521
1.1233344078063965
1.1094965934753418
1.0957525968551636
1.082062005996704
1.0683950185775757
1.0547326803207397
1.0410637855529785
1.0273844003677368
1.0136951208114624
1.0
0.9863049387931824
0.9726155996322632
0.9589362144470215
0.945267379283905
0.9316050410270691
0.9179379940032959
0.9042473435401917
0.8905034065246582
0.8766655325889587
0.8626791834831238
0.8484759330749512
0.8339703679084778
0.8190609812736511
0.8036272525787354
0.7875311970710754
0.7706151008605957
0.752703845500946
0.7336036562919617
0.7131052017211914
0.69098299741745
1.233445405960083
1.2166465520858765
1.2010771036148071
1.1865692138671875
1.1729670763015747
1.160125970840454
1.1479154825210571
1.1362172365188599
1.1249279975891113
1.1139566898345947
1.103226661682129
1.0926729440689087
1.0822430849075317
1.071894884109497
1.0615967512130737
1.0513249635696411
1.0410637855529785
1.0308035612106323
1.02053964138031
1.0102713108062744
1.0
0.9897287487983704
0.9794602990150452
0.9691964387893677
0.9589362144470215
0.9486750960350037
0.9384032487869263
0.9281050562858582
0.9177569150924683
0.9073270559310913
0.8967732787132263
0.8860432505607605
0.8750720024108887
0.8637827038764954
0.8520845770835876
0.8398740291595459
0.8270329833030701
0.8134307265281677
0.7989228367805481
0.7833534479141235
0.7665546536445618
1.156434416770935
1.145137071609497
1.13466477394104
1.124906063079834
1.1157578229904175
1.1071239709854126
1.0989177227020264
1.0910604000091553
1.0834829807281494
1.0761247873306274
1.0689342021942139
1.061867594718933
1.0548895597457886
1.047971248626709
1.041090965270996
1.0342323780059814
1.0273844003677368
1.02053964138031
1.0136946439743042
1.0068479776382446
1.0
0.9931520819664001
0.9863053560256958
0.9794602990150452
0.9726155996322632
0.9657675623893738
0.9589089751243591
0.952028751373291
0.9451104998588562
0.9381324052810669
0.9310657382011414
0.9238752126693726
0.9165169596672058
0.9089395999908447
0.9010822772979736
0.8928760290145874
0.8842421770095825
0.8750938773155212
0.8653352856636047
0.8548629283905029
0.8435655236244202
1.0784591436386108
1.072780966758728
1.0675170421600342
1.0626118183135986
1.058013677597046
1.0536748170852661
1.0495519638061523
1.0456056594848633
1.0418015718460083
1.038109302520752
1.0345027446746826
1.030960202217102
1.0274635553359985
1.023998498916626
1.0205539464950562
1.0171213150024414
1.0136951208114624
1.0102713108062744
1.0068479776382446
1.0034241676330566
1.0
0.9965758323669434
0.9931520819664001
0.9897287487983704
0.9863049387931824
0.9828786849975586
0.9794461131095886
0.9760014414787292
0.9725363850593567
0.969039797782898
0.9654971957206726
0.9618907570838928
0.9581983685493469
0.9543942809104919
0.9504480957984924
0.9463251829147339
0.9419863820075989
0.9373882412910461
0.9324829578399658
0.927219033241272
0.9215409159660339
1.0
1.0
1.0
1.0
1.0
1.0
1.0
1.0
1.0
1.0
1.0
1.0
1.0
1.0
1.0
1.0
1.0
1.0
1.0
1.0
1.0
1.0
1.0
1.0
1.0
1.0
1.0
1.0
1.0
1.0
1.0
1.0
1.0
1.0
1.0
1.0
1.0
1.0
1.0
1.0
1.0
0.9215409159660339
0.927219033241272
0.9324829578399658
0.9373882412910461
0.9419863820075989
0.9463251829147339
0.9504480957984924
0.9543942809104919
0.9581983685493469
0.9618907570838928
0.9654971957206726
0.969039797782898
0.9725363850593567
0.9760014414787292
0.9794461131095886
0.9828786849975586
0.9863049387931824
0.9897287487983704
0.9931520819664001
0.9965758323669434
1.0
1.0034241676330566
1.0068479776382446
1.0102713108062744
1.0136951208114624
1.0171213150024414
1.0205539464950562
1.023998498916626
1.0274635553359985
1.030960202217102
1.0345027446746826
1.038109302520752
1.0418015718460083
1.0456056594848633
1.0495519638061523
1.0536748170852661
1.058013677597046
1.0626118183135986
1.0675170421600342
1.072780966758728
1.0784591436386108
0.8435655236244202
0.8548629283905029
0.8653352856636047
0.8750938773155212
0.8842421770095825
0.8928760290145874
0.9010822772979736
0.9089395999908447
0.9165169596672058
0.9238752126693726
0.9310657382011414
0.9381324052810669
0.9451104998588562
0.952028751373291
0.9589089751243591
0.9657675623893738
0.9726155996322632
0.9794602990150452
0.9863053560256958
0.9931520819664001
1.0
1.0068479776382446
1.0136946439743042
1.02053964138031
1.0273844003677368
1.0342323780059814
1.041090965270996
1.047971248626709
1.0548895597457886
1.061867594718933
1.0689342021942139
1.0761247873306274
1.0834829807281494
1.0910604000091553
1.0989177227020264
1.1071239709854126
1.1157578229904175
1.124906063079834
1.13466477394104
1.145137071609497
1.156434416770935
0.7665546536445618
0.7833534479141235
0.7989228367805481
0.8134307265281677
0.8270329833030701
0.8398740291595459
0.8520845770835876
0.8637827038764954
0.8750720024108887
0.8860432505607605
0.8967732787132263
0.9073270559310913
0.9177569150924683
0.9281050562858582
0.9384032487869263
0.9486750960350037
0.9589362144470215
0.9691964387893677
0.9794602990150452
0.9897287487983704
1.0
1.0102713108062744
1.02053964138031
1.0308035612106323
1.0410637855529785
1.0513249635696411
1.0615967512130737
1.071894884109497
1.0822430849075317
1.0926729440689087
1.103226661682129
1.1139566898345947
1.1249279975891113
1.1362172365188599
1.1479154825210571
1.160125970840454
1.1729670763015747
1.1865692138671875
1.2010771036148071
1.2166465520858765
1.233445405960083
0.69098299741745
0.7131052017211914
0.7336036562919617
0.752703845500946
0.7706151008605957
0.7875311970710754
0.8036272525787354
0.8190609812736511
0.8339703679084778
0.8484759330749512
0.8626791834831238
0.8766655325889587
0.8905034065246582
0.9042473435401917
0.9179379940032959
0.9316050410270691
0.945267379283905
0.9589362144470215
0.9726155996322632
0.9863049387931824
1.0
1.0136951208114624
1.0273844003677368
1.0410637855529785
1.0547326803207397
1.0683950185775757
1.082062005996704
1.0957525968551636
1.1094965934753418
1.1233344078063965
1.137320876121521
1.1515240669250488
1.166029691696167
1.180938959121704
1.1963727474212646
1.2124687433242798
1.2293848991394043
1.2472962141036987
1.2663962841033936
1.2868947982788086
1.3090169429779053
0.6173165440559387
0.6445234417915344
0.669725239276886
0.6932069063186646
0.7152327299118042
0.7360470294952393
0.7558698654174805
0.7748989462852478
0.7933064699172974
0.8112422823905945
0.8288316130638123
0.8461793065071106
0.8633684515953064
0.8804645538330078
0.8975155353546143
0.9145554900169373
0.9316050410270691
0.9486750960350037
0.9657675623893738
0.9828786849975586
1.0
1.0171213150024414
1.0342323780059814
1.0513249635696411
1.0683950185775757
1.0854445695877075
1.1024844646453857
1.1195354461669922
1.1366316080093384
1.1538206338882446
1.171168327331543
1.1887577772140503
1.2066935300827026
1.2251009941101074
1.2441301345825195
1.2639529705047607
1.2847672700881958
1.3067930936813354
1.3302748203277588
1.3554766178131104
1.3826833963394165
0.5460094809532166
0.5779987573623657
0.6076186895370483
0.635215699672699
0.661111056804657
0.6856011152267456
0.7089517712593079
0.7314012050628662
0.753155529499054
0.7743930816650391
0.7952617406845093
0.8158841729164124
0.8363564014434814
0.8567531108856201
0.8771272897720337
0.8975155353546143
0.9179379940032959
0.9384032487869263
0.9589089751243591
0.9794461131095886
1.0
1.0205539464950562
1.041090965270996
1.0615967512130737
1.082062005996704
1.1024844646453857
1.1228727102279663
1.1432468891143799
1.1636435985565186
1.1841157674789429
1.2047382593154907
1.225606918334961
1.2468445301055908
1.2685987949371338
1.2910481691360474
1.3143988847732544
1.3388888835906982
1.3647843599319458
1.3923813104629517
1.4220012426376343
1.4539904594421387
0.47750142216682434
0.5139061212539673
0.5475971102714539
0.5789860486984253
0.6084538102149963
0.636350691318512
0.6629898548126221
0.6886500716209412
0.7135710120201111
0.7379584908485413
0.7619814872741699
0.7857784032821655
0.8094560503959656
0.8330956697463989
0.8567531108856201
0.8804645538330078
0.9042473435401917
0.9281050562858582
0.952028751373291
0.9760014414787292
1.0
1.023998498916626
1.047971248626709
1.071894884109497
1.0957525968551636
1.1195354461669922
1.1432468891143799
1.166904330253601
1.1905440092086792
1.2142215967178345
1.23801851272583
1.262041449546814
1.2864289283752441
1.3113499879837036
1.337010145187378
1.3636492490768433
1.3915462493896484
1.4210139513015747
1.452402949333191
1.4860938787460327
1.522498607635498
0.4122147560119629
0.45259803533554077
0.4899478554725647
0.5247450470924377
0.5574337840080261
0.5884210467338562
0.6180684566497803
0.6466957926750183
0.674575686454773
0.7019398212432861
0.7289760112762451
0.7558360695838928
0.7826343774795532
0.8094560503959656
0.8363564014434814
0.8633684515953064
0.8905034065246582
0.9177569150924683
0.9451104998588562
0.9725363850593567
1.0
1.0274635553359985
1.0548895597457886
1.0822430849075317
1.1094965934753418
1.1366316080093384
1.1636435985565186
1.1905440092086792
1.2173656225204468
1.244163990020752
1.2710239887237549
1.2980601787567139
1.325424313545227
1.353304147720337
1.3819315433502197
1.411578893661499
1.442566156387329
1.4752548933029175
1.51005220413208
1.547402024269104
1.587785243988037
0.350551962852478
0.3944041430950165
0.43493106961250305
0.47268930077552795
0.508190929889679
0.541903018951416
0.5742372870445251
0.6055548787117004
0.6361598372459412
0.666307806968689
0.6962025165557861
0.7260057330131531
0.7558360695838928
0.7857784032821655
0.8158841729164124
0.8461793065071106
0.8766655325889587
0.9073270559310913
0.9381324052810669
0.969039797782898
1.0
1.030960202217102
1.061867594718933
1.0926729440689087
1.1233344078063965
1.1538206338882446
1.1841157674789429
1.2142215967178345
1.244163990020752
1.2739943265914917
1.3037974834442139
1.333692193031311
1.363840103149414
1.3944451808929443
1.42576265335083
1.458096981048584
1.4918090105056763
1.5273107290267944
1.5650689601898193
1.6055958271026611
1.649448037147522
0.2928932309150696
0.3396229147911072
0.3827693462371826
0.4229724109172821
0.46081870794296265
0.49683937430381775
0.5314980149269104
0.5651968121528625
0.5982693433761597
0.63099205493927
0.663580596446991
0.6962025165557861
0.7289760112762451
0.7619814872741699
0.7952617406845093
0.8288316130638123
0.8626791834831238
0.8967732787132263
0.9310657382011414
0.9654971957206726
1.0
1.0345027446746826
1.0689342021942139
1.103226661682129
1.137320876121521
1.171168327331543
1.2047382593154907
1.23801851272583
1.2710239887237549
1.3037974834442139
1.3364193439483643
1.36900794506073
1.4017306566238403
1.4348032474517822
1.4685019254684448
1.5031605958938599
1.5391813516616821
1.5770275592803955
1.6172306537628174
1.6603771448135376
1.7071068286895752
0.23959402740001678
0.28852128982543945
0.33364585041999817
0.375702828168869
0.4153614342212677
0.4532220959663391
0.4898017644882202
0.5255425572395325
0.5608044862747192
0.5958801507949829
0.63099205493927
0.666307806968689
0.7019398212432861
0.7379584908485413
0.7743930816650391
0.8112422823905945
0.8484759330749512
0.8860432505607605
0.9238752126693726
0.9618907570838928
1.0
1.038109302520752
1.0761247873306274
1.1139566898345947
1.1515240669250488
1.1887577772140503
1.225606918334961
1.262041449546814
1.2980601787567139
1.333692193031311
1.36900794506073
1.404119849205017
1.4391955137252808
1.4744575023651123
1.5101982355117798
1.5467779636383057
1.5846385955810547
1.6242971420288086
1.6663541793823242
1.7114787101745605
1.7604060173034668
0.19098301231861115
0.24132323265075684
0.28768858313560486
0.33092454075813293
0.3717938959598541
0.4109720289707184
0.44902998208999634
0.4864470660686493
0.5236044526100159
0.5608044862747192
0.5982693433761597
0.6361598372459412
0.674575686454773
0.7135710120201111
0.753155529499054
0.7933064699172974
0.8339703679084778
0.8750720024108887
0.9165169596672058
0.9581983685493469
1.0
1.0418015718460083
1.0834829807281494
1.1249279975891113
1.166029691696167
1.2066935300827026
1.2468445301055908
1.2864289283752441
1.325424313545227
1.363840103149414
1.4017306566238403
1.4391955137252808
1.476395606994629
1.5135529041290283
1.5509699583053589
1.589028000831604
1.6282061338424683
1.6690754890441895
1.7123113870620728
1.7586767673492432
1.8090169429779053
0.14735983312129974
0.19820845127105713
0.24496637284755707
0.28861233592033386
0.3300163745880127
0.36993488669395447
0.4089916944503784
0.44769778847694397
0.4864470660686493
0.5255425572395325
0.5651968121528625
0.6055548787117004
0.6466957926750183
0.6886500716209412
0.7314012050628662
0.7748989462852478
0.8190609812736511
0.8637827038764954
0.9089395999908447
0.9543942809104919
1.0
1.0456056594848633
1.0910604000091553
1.1362172365188599
1.180938959121704
1.2251009941101074
1.2685987949371338
1.3113499879837036
1.353304147720337
1.3944451808929443
1.4348032474517822
1.4744575023651123
1.5135529041290283
1.5523022413253784
1.5910083055496216
1.6300650835037231
1.6699836254119873
1.7113876342773438
1.7550336122512817
1.8017915487289429
1.852640151977539
0.10899347811937332
0.15929320454597473
0.2054605633020401
0.24863813817501068
0.2898208796977997
0.3298499584197998
0.36939626932144165
0.4089916944503784
0.44902998208999634
0.4898017644882202
0.5314980149269104
0.5742372870445251
0.6180684566497803
0.6629898548126221
0.7089517712593079
0.7558698654174805
0.8036272525787354
0.8520845770835876
0.9010822772979736
0.9504480957984924
1.0
1.0495519638061523
1.0989177227020264
1.1479154825210571
1.1963727474212646
1.2441301345825195
1.2910481691360474
1.337010145187378
1.3819315433502197
1.42576265335083
1.4685019254684448
1.5101982355117798
1.5509699583053589
1.5910083055496216
1.6306036710739136
1.6701500415802002
1.710179090499878
1.7513618469238281
1.794539451599121
1.8407068252563477
1.8910064697265625
0.07612046599388123
0.12462500482797623
0.1690531224012375
0.21075892448425293
0.2508804500102997
0.29034319519996643
0.3298499584197998
0.36993488669395447
0.4109720289707184
0.4532220959663391
0.49683937430381775
0.541903018951416
0.5884210467338562
0.636350691318512
0.6856011152267456
0.7360470294952393
0.7875311970710754
0.8398740291595459
0.8928760290145874
0.9463251829147339
1.0
1.0536748170852661
1.1071239709854126
1.160125970840454
1.2124687433242798
1.2639529705047607
1.3143988847732544
1.3636492490768433
1.411578893661499
1.458096981048584
1.5031605958938599
1.5467779636383057
1.589028000831604
1.6300650835037231
1.6701500415802002
1.709656834602356
1.749119520187378
1.789241075515747
1.830946922302246
1.8753750324249268
1.9238795042037964
0.04894348233938217
0.09413623064756393
0.13546337187290192
0.17454838752746582
0.21269117295742035
0.2508804500102997
0.2898208796977997
0.3300163745880127
0.3717938959598541
0.4153614342212677
0.46081870794296265
0.508190929889679
0.5574337840080261
0.6084538102149963
0.661111056804657
0.7152327299118042
0.7706151008605957
0.8270329833030701
0.8842421770095825
0.9419863820075989
1.0
1.058013677597046
1.1157578229904175
1.1729670763015747
1.2293848991394043
1.2847672700881958
1.3388888835906982
1.3915462493896484
1.442566156387329
1.4918090105056763
1.5391813516616821
1.5846385955810547
1.6282061338424683
1.6699836254119873
1.710179090499878
1.749119520187378
1.7873088121414185
1.8254516124725342
1.8645366430282593
1.9058637619018555
1.9510564804077148
0.02763007953763008
0.06762402504682541
0.1042017787694931
0.13936485350131989
0.17454838752746582
0.21075892448425293
0.24863813817501068
0.28861233592033386
0.33092454075813293
0.375702828168869
0.4229724109172821
0.47268930077552795
0.5247450470924377
0.5789860486984253
0.635215699672699
0.6932069063186646
0.752703845500946
0.8134307265281677
0.8750938773155212
0.9373882412910461
1.0
1.0626118183135986
1.124906063079834
1.1865692138671875
1.2472962141036987
1.3067930936813354
1.3647843599319458
1.4210139513015747
1.4752548933029175
1.5273107290267944
1.5770275592803955
1.6242971420288086
1.6690754890441895
1.7113876342773438
1.7513618469238281
1.789241075515747
1.8254516124725342
1.8606351613998413
1.8957982063293457
1.9323760271072388
1.972369909286499
0.012311659753322601
0.04455343261361122
0.0744064599275589
0.1042017787694931
0.13546337187290192
0.1690531224012375
0.2054605633020401
0.24496637284755707
0.28768858313560486
0.33364585041999817
0.3827693462371826
0.43493106961250305
0.4899478554725647
0.5475971102714539
0.6076186895370483
0.669725239276886
0.7336036562919617
0.7989228367805481
0.8653352856636047
0.9324829578399658
1.0
1.0675170421600342
1.13466477394104
1.2010771036148071
1.2663962841033936
1.3302748203277588
1.3923813104629517
1.452402949333191
1.51005220413208
1.5650689601898193
1.6172306537628174
1.6663541793823242
1.7123113870620728
1.7550336122512817
1.794539451599121
1.830946922302246
1.8645366430282593
1.8957982063293457
1.9255934953689575
1.9554466009140015
1.9876883029937744
0.003082666313275695
0.02400771714746952
0.04455343261361122
0.06762402504682541
0.09413623064756393
0.12462500482797623
0.15929320454597473
0.19820845127105713
0.24132323265075684
0.28852128982543945
0.3396229147911072
0.3944041430950165
0.45259803533554077
0.5139061212539673
0.5779987573623657
0.6445234417915344
0.7131052017211914
0.7833534479141235
0.8548629283905029
0.927219033241272
1.0
1.072780966758728
1.145137071609497
1.2166465520858765
1.2868947982788086
1.3554766178131104
1.4220012426376343
1.4860938787460327
1.547402024269104
1.6055958271026611
1.6603771448135376
1.7114787101745605
1.7586767673492432
1.8017915487289429
1.8407068252563477
1.8753750324249268
1.9058637619018555
1.9323760271072388
1.9554466009140015
1.9759923219680786
1.9969173669815063
0.0
0.003082666313275695
0.012311659753322601
0.02763007953763008
0.04894348233938217
0.07612046599388123
0.10899347811937332
0.14735983312129974
0.19098301231861115
0.23959402740001678
0.2928932309150696
0.350551962852478
0.4122147560119629
0.47750142216682434
0.5460094809532166
0.6173165440559387
0.69098299741745
0.7665546536445618
0.8435655236244202
0.9215409159660339
1.0
1.0784591436386108
1.156434416770935
1.233445405960083
1.3090169429779053
1.3826833963394165
1.4539904594421387
1.522498607635498
1.587785243988037
1.649448037147522
1.7071068286895752
1.7604060173034668
1.8090169429779053
1.852640151977539
1.8910064697265625
1.9238795042037964
1.9510564804077148
1.972369909286499
1.9876883029937744
1.9969173669815063
2.0
