2.0
1.9969173669815063
1.9876883029937744
1.972369909286499
1.9510564804077148
1.9238795042037964
1.8910064697265625
1.852640151977539
1.8090169429779053
1.7604060173034668
1.7071068286895752
1.649448037147522
1.587785243988037
1.522498607635498
1.4539904594421387
1.3826833963394165
1.3090169429779053
1.233445405960083
1.156434416770935
1.0784591436386108
1.0
0.9215409159660339
0.8435655236244202
0.7665546536445618
0.69098299741745
0.6173165440559387
0.5460094809532166
0.47750142216682434
0.4122147560119629
0.350551962852478
0.2928932309150696
0.23959402740001678
0.19098301231861115
0.14735983312129974
0.10899347811937332
0.07612046599388123
0.04894348233938217
0.02763007953763008
0.012311659753322601
0.003082666313275695
0.0
1.9969173669815063
1.9759777784347534
1.9554227590560913
1.9323458671569824
1.9058293104171753
1.875337839126587
1.8406680822372437
1.8017522096633911
1.75863778591156
1.7114406824111938
1.6603407859802246
1.6055617332458496
1.5473705530166626
1.4860655069351196
1.4219763278961182
1.3554553985595703
1.2868775129318237
1.2166334390640259
1.1451282501220703
1.0727765560150146
1.0
0.9272234439849854
0.8548716902732849
0.7833665609359741
0.7131224870681763
0.6445446014404297
0.5780237317085266
0.5139344930648804
0.4526294767856598
0.394438236951828
0.3396592140197754
0.2885592579841614
0.24136222898960114
0.1982477456331253
0.15933196246623993
0.12466220557689667
0.09417066723108292
0.06765417754650116
0.0445772260427475
0.024022264406085014
0.003082666313275695
1.9876883029937744
1.9554227590560913
1.9255528450012207
1.8957456350326538
1.8644756078720093
1.8308804035186768
1.7944697141647339
1.754962682723999
1.7122406959533691
1.6662851572036743
1.6171644926071167
1.5650067329406738
1.5099947452545166
1.4523509740829468
1.3923356533050537
1.3302359580993652
1.2663646936416626
1.2010531425476074
1.1346485614776611
1.0675089359283447
1.0
0.9324910640716553
0.8653514385223389
0.7989469170570374
0.7336353063583374
0.6697641015052795
0.6076643466949463
0.5476489663124084
0.4900053143501282
0.43499329686164856
0.3828354775905609
0.3337148427963257
0.28775927424430847
0.24503736197948456
0.20553024113178253
0.16911958158016205
0.13552433252334595
0.10425441712141037
0.0744471549987793
0.0445772260427475
0.012311659753322601
1.972369909286499
1.9323458671569824
1.8957456350326538
1.8605660200119019
1.8253706693649292
1.7891521453857422
1.7512681484222412
1.711291790008545
1.6689796447753906
1.6242033243179321
1.5769374370574951
1.5272258520126343
1.475176453590393
1.420943021774292
1.3647217750549316
1.3067399263381958
1.2472528219223022
1.1865363121032715
1.1248838901519775
1.0626006126403809
1.0
0.9373993873596191
0.8751160502433777
0.8134636878967285
0.7527471780776978
0.693260133266449
0.6352781653404236
0.579056978225708
0.5248235464096069
0.4727742075920105
0.4230625033378601
0.3757966160774231
0.3310203552246094
0.28870823979377747
0.24873186647891998
0.21084783971309662
0.1746293306350708
0.13943400979042053
0.10425441712141037
0.06765417754650116
0.02763007953763008
1.9510564804077148
1.9058293104171753
1.8644756078720093
1.8253706693649292
1.7872133255004883
1.7490140199661255
1.7100672721862793
1.66986882686615
1.6280909776687622
1.58452570438385
1.5390726327896118
1.4917064905166626
1.4424712657928467
1.3914602994918823
1.3388131856918335
1.2847027778625488
1.2293323278427124
1.1729270219802856
1.115730881690979
1.058000087738037
1.0
0.9419999122619629
0.8842690587043762
0.8270729184150696
0.7706676721572876
0.715297281742096
0.6611867547035217
0.6085397005081177
0.5575286746025085
0.5082935094833374
0.4609273374080658
0.4154743254184723
0.3719089925289154
0.3301312327384949
0.2899326980113983
0.2509860396385193
0.21278667449951172
0.1746293306350708
0.13552433252334595
0.09417066723108292
0.04894348233938217
1.9238795042037964
1.875337839126587
1.8308804035186768
1.7891521453857422
1.7490140199661255
1.709539532661438
1.67002534866333
1.6299365758895874
1.5888988971710205
1.546651005744934
1.5030382871627808
1.4579813480377197
1.4114718437194824
1.363552212715149
1.314313292503357
1.2638798952102661
1.212409257888794
1.1600806713104248
1.1070934534072876
1.053659439086914
1.0
0.9463405013084412
0.8929064869880676
0.8399192690849304
0.787590742111206
0.7361200451850891
0.6856867074966431
0.6364477276802063
0.5885281562805176
0.5420186519622803
0.49696171283721924
0.4533489942550659
0.4111011326313019
0.3700633943080902
0.3299746811389923
0.2904604375362396
0.2509860396385193
0.21084783971309662
0.16911958158016205
0.12466220557689667
0.07612046599388123
1.8910064697265625
1.8406680822372437
1.7944697141647339
1.7512681484222412
1.7100672721862793
1.67002534866333
1.630470633506775
1.5908708572387695
1.5508315563201904
1.5100618600845337
1.4683703184127808
1.4256380796432495
1.381816029548645
1.3369053602218628
1.2909557819366455
1.244051218032837
1.1963083744049072
1.1478664875030518
1.0988847017288208
1.0495352745056152
1.0
0.95046466588974
0.9011152386665344
0.8521335124969482
0.8036916255950928
0.7559487819671631
0.7090442776679993
0.6630945801734924
0.618183970451355
0.5743618607521057
0.5316296219825745
0.4899381101131439
0.4491684138774872
0.40912917256355286
0.3695293366909027
0.3299746811389923
0.2899326980113983
0.24873186647891998
0.20553024113178253
0.15933196246623993
0.10899347811937332
1.852640151977539
1.8017522096633911
1.754962682723999
1.711291790008545
1.66986882686615
1.6299365758895874
1.5908708572387695
1.5521599054336548
1.5134092569351196
1.4743157625198364
1.4346662759780884
1.3943153619766235
1.353183627128601
1.311240553855896
1.2685022354125977
1.2250186204910278
1.1808717250823975
1.1361660957336426
1.091025948524475
1.0455883741378784
1.0
0.9544116258621216
0.9089740514755249
0.8638339042663574
0.8191282749176025
0.7749814391136169
0.7314977645874023
0.6887593865394592
0.6468163132667542
0.6056846976280212
0.5653337836265564
0.5256842374801636
0.486590713262558
0.44784015417099
0.40912917256355286
0.3700633943080902
0.3301312327384949
0.28870823979377747
0.24503736197948456
0.1982477456331253
0.14735983312129974
1.8090169429779053
1.75863778591156
1.7122406959533691
1.6689796447753906
1.6280909776687622
1.5888988971710205
1.5508315563201904
1.5134092569351196
1.476250410079956
1.4390521049499512
1.4015917778015137
1.36370849609375
1.325302004814148
1.2863179445266724
1.246746301651001
1.2066097259521484
1.1659612655639648
1.1248759031295776
1.0834479331970215
1.0417839288711548
1.0
0.9582160115242004
0.9165520668029785
0.8751240968704224
0.8340387940406799
0.7933903336524963
0.753253698348999
0.7136820554733276
0.674697995185852
0.63629150390625
0.5984081625938416
0.5609478950500488
0.523749589920044
0.486590713262558
0.4491684138774872
0.4111011326313019
0.3719089925289154
0.3310203552246094
0.28775927424430847
0.24136222898960114
0.19098301231861115
1.7604060173034668
1.7114406824111938
1.6662851572036743
1.6242033243179321
1.58452570438385
1.546651005744934
1.5100618600845337
1.4743157625198364
1.4390521049499512
1.4039779901504517
1.368870496749878
1.333561658859253
1.2979388236999512
1.261931300163269
1.225509524345398
1.1886744499206543
1.1514561176300049
1.1139049530029297
1.076089859008789
1.0380916595458984
1.0
0.9619082808494568
0.9239100813865662
0.8860950469970703
0.8485439419746399
0.8113256096839905
0.7744905352592468
0.7380687594413757
0.7020611763000488
0.6664383411407471
0.6311295032501221
0.5960220098495483
0.5609478950500488
0.5256842374801636
0.4899381101131439
0.4533489942550659
0.4154743254184723
0.3757966160774231
0.3337148427963257
0.2885592579841614
0.23959402740001678
1.7071068286895752
1.6603407859802246
1.6171644926071167
1.5769374370574951
1.5390726327896118
1.5030382871627808
1.4683703184127808
1.4346662759780884
1.4015917778015137
1.368870496749878
1.3362860679626465
1.303670883178711
1.2709062099456787
1.2379114627838135
1.2046434879302979
1.171087384223938
1.1372547149658203
1.1031763553619385
1.068900227546692
1.0344856977462769
1.0
0.9655143022537231
0.9310997128486633
0.8968237042427063
0.8627453446388245
0.8289126753807068
0.7953565120697021
0.7620885968208313
0.7290938496589661
0.6963291764259338
0.6637139320373535
0.6311295032501221
0.5984081625938416
0.5653337836265564
0.5316296219825745
0.49696171283721924
0.4609273374080658
0.4230625033378601
0.3828354775905609
0.3396592140197754
0.2928932309150696
1.649448037147522
1.6055617332458496
1.5650067329406738
1.5272258520126343
1.4917064905166626
1.4579813480377197
1.4256380796432495
1.3943153619766235
1.36370849609375
1.333561658859253
1.303670883178711
1.2738738059997559
1.2440518140792847
1.2141196727752686
1.1840256452560425
1.1537435054779053
1.1232714653015137
1.0926249027252197
1.0618352890014648
1.0309438705444336
1.0
0.9690561294555664
0.9381647706031799
0.9073750972747803
0.8767285943031311
0.8462564945220947
0.8159744143486023
0.7858803868293762
0.7559481263160706
0.7261261343955994
0.6963291764259338
0.6664383411407471
0.63629150390625
0.6056846976280212
0.5743618607521057
0.5420186519622803
0.5082935094833374
0.4727742075920105
0.43499329686164856
0.394438236951828
0.350551962852478
1.587785243988037
1.5473705530166626
1.5099947452545166
1.475176453590393
1.4424712657928467
1.4114718437194824
1.381816029548645
1.353183627128601
1.325302004814148
1.2979388236999512
1.2709062099456787
1.2440518140792847
1.2172611951828003
1.1904489994049072
1.1635595560073853
1.1365596055984497
1.1094378232955933
1.0821982622146606
1.0548592805862427
1.0274484157562256
1.0
0.9725515842437744
0.9451406598091125
0.9178016781806946
0.8905621767044067
0.8634403944015503
0.8364405035972595
0.8095510601997375
0.7827388048171997
0.7559481263160706
0.7290938496589661
0.7020611763000488
0.674697995185852
0.6468163132667542
0.618183970451355
0.5885281562805176
0.5575286746025085
0.5248235464096069
0.4900053143501282
0.4526294767856598
0.4122147560119629
1.522498607635498
1.4860655069351196
1.4523509740829468
1.420943021774292
1.3914602994918823
1.363552212715149
1.3369053602218628
1.311240553855896
1.2863179445266724
1.261931300163269
1.2379114627838135
1.2141196727752686
1.1904489994049072
1.1668179035186768
1.1431703567504883
1.1194698810577393
1.0956990718841553
1.0718541145324707
1.0479437112808228
1.023984670639038
1.0
0.9760153293609619
0.9520562887191772
0.9281458854675293
0.9043009281158447
0.880530059337616
0.8568296432495117
0.8331820964813232
0.8095510601997375
0.7858803868293762
0.7620885968208313
0.7380687594413757
0.7136820554733276
0.6887593865394592
0.6630945801734924
0.6364477276802063
0.6085397005081177
0.579056978225708
0.5476489663124084
0.5139344930648804
0.47750142216682434
1.4539904594421387
1.4219763278961182
1.3923356533050537
1.3647217750549316
1.3388131856918335
1.314313292503357
1.2909557819366455
1.2685022354125977
1.246746301651001
1.225509524345398
1.2046434879302979
1.1840256452560425
1.1635595560073853
1.1431703567504883
1.122804880142212
1.1024264097213745
1.082014560699463
1.0615606307983398
1.0410666465759277
1.0205416679382324
1.0
0.9794583916664124
0.958933413028717
0.9384394288063049
0.9179854393005371
0.8975735902786255
0.8771951198577881
0.8568296432495117
0.8364405035972595
0.8159744143486023
0.7953565120697021
0.7744905352592468
0.753253698348999
0.7314977645874023
0.7090442776679993
0.6856867074966431
0.6611867547035217
0.6352781653404236
0.6076643466949463
0.5780237317085266
0.5460094809532166
1.3826833963394165
1.3554553985595703
1.3302359580993652
1.3067399263381958
1.2847027778625488
1.2638798952102661
1.244051218032837
1.2250186204910278
1.2066097259521484
1.1886744499206543
1.171087384223938
1.1537435054779053
1.1365596055984497
1.1194698810577393
1.1024264097213745
1.0853948593139648
1.0683543682098389
1.051293969154358
1.03421151638031
1.017110824584961
1.0
0.9828891754150391
0.9657884836196899
0.9487060308456421
0.9316456317901611
0.9146052002906799
0.8975735902786255
0.880530059337616
0.8634403944015503
0.8462564945220947
0.8289126753807068
0.8113256096839905
0.7933903336524963
0.7749814391136169
0.7559487819671631
0.7361200451850891
0.715297281742096
0.693260133266449
0.6697641015052795
0.6445446014404297
0.6173165440559387
1.3090169429779053
1.2868775129318237
1.2663646936416626
1.2472528219223022
1.2293323278427124
1.212409257888794
1.1963083744049072
1.1808717250823975
1.1659612655639648
1.1514561176300049
1.1372547149658203
1.1232714653015137
1.1094378232955933
1.0956990718841553
1.082014560699463
1.0683543682098389
1.054699420928955
1.0410385131835938
1.027367353439331
1.0136864185333252
1.0
0.98631352186203
0.9726327061653137
0.958961546421051
0.9453005790710449
0.9316456317901611
0.9179854393005371
0.9043009281158447
0.8905621767044067
0.8767285943031311
0.8627453446388245
0.8485439419746399
0.8340387940406799
0.8191282749176025
0.8036916255950928
0.787590742111206
0.7706676721572876
0.7527471780776978
0.7336353063583374
0.7131224870681763
0.69098299741745
1.233445405960083
1.2166334390640259
1.2010531425476074
1.1865363121032715
1.1729270219802856
1.1600806713104248
1.1478664875030518
1.1361660957336426
1.1248759031295776
1.1139049530029297
1.1031763553619385
1.0926249027252197
1.0821982622146606
1.0718541145324707
1.0615606307983398
1.051293969154358
1.0410385131835938
1.030784249305725
1.020526647567749
1.0102647542953491
1.0
0.9897353053092957
0.979473352432251
0.9692157506942749
0.958961546421051
0.9487060308456421
0.9384394288063049
0.9281458854675293
0.9178016781806946
0.9073750972747803
0.8968237042427063
0.8860950469970703
0.8751240968704224
0.8638339042663574
0.8521335124969482
0.8399192690849304
0.8270729184150696
0.8134636878967285
0.7989469170570374
0.7833665609359741
0.7665546536445618
1.156434416770935
1.1451282501220703
1.1346485614776611
1.1248838901519775
1.115730881690979
1.1070934534072876
1.0988847017288208
1.091025948524475
1.0834479331970215
1.076089859008789
1.068900227546692
1.0618352890014648
1.0548592805862427
1.0479437112808228
1.0410666465759277
1.03421151638031
1.027367353439331
1.020526647567749
1.0136858224868774
1.0068435668945312
1.0
0.9931564927101135
0.9863141179084778
0.979473352432251
0.9726327061653137
0.9657884836196899
0.958933413028717
0.9520562887191772
0.9451406598091125
0.9381647706031799
0.9310997128486633
0.9239100813865662
0.9165520668029785
0.9089740514755249
0.9011152386665344
0.8929064869880676
0.8842690587043762
0.8751160502433777
0.8653514385223389
0.8548716902732849
0.8435655236244202
1.0784591436386108
1.0727765560150146
1.0675089359283447
1.0626006126403809
1.058000087738037
1.053659439086914
1.0495352745056152
1.0455883741378784
1.0417839288711548
1.0380916595458984
1.0344856977462769
1.0309438705444336
1.0274484157562256
1.023984670639038
1.0205416679382324
1.017110824584961
1.0136864185333252
1.0102647542953491
1.0068435668945312
1.0034219026565552
1.0
0.9965780377388
0.9931564927101135
0.9897353053092957
0.98631352186203
0.9828891754150391
0.9794583916664124
0.9760153293609619
0.9725515842437744
0.9690561294555664
0.9655143022537231
0.9619082808494568
0.9582160115242004
0.9544116258621216
0.95046466588974
0.9463405013084412
0.9419999122619629
0.9373993873596191
0.9324910640716553
0.9272234439849854
0.9215409159660339
1.0
1.0
1.0
1.0
1.0
1.0
1.0
1.0
1.0
1.0
1.0
1.0
1.0
1.0
1.0
1.0
1.0
1.0
1.0
1.0
1.0
1.0
1.0
1.0
1.0
1.0
1.0
1.0
1.0
1.0
1.0
1.0
1.0
1.0
1.0
1.0
1.0
1.0
1.0
1.0
1.0
0.9215409159660339
0.9272234439849854
0.9324910640716553
0.9373993873596191
0.9419999122619629
0.9463405013084412
0.95046466588974
0.9544116258621216
0.9582160115242004
0.9619082808494568
0.9655143022537231
0.9690561294555664
0.9725515842437744
0.9760153293609619
0.9794583916664124
0.9828891754150391
0.98631352186203
0.9897353053092957
0.9931564927101135
0.9965780377388
1.0
1.0034219026565552
1.0068435668945312
1.0102647542953491
1.0136864185333252
1.017110824584961
1.0205416679382324
1.023984670639038
1.0274484157562256
1.0309438705444336
1.0344856977462769
1.0380916595458984
1.0417839288711548
1.0455883741378784
1.0495352745056152
1.053659439086914
1.058000087738037
1.0626006126403809
1.0675089359283447
1.0727765560150146
1.0784591436386108
0.8435655236244202
0.8548716902732849
0.8653514385223389
0.8751160502433777
0.8842690587043762
0.8929064869880676
0.9011152386665344
0.9089740514755249
0.9165520668029785
0.9239100813865662
0.9310997128486633
0.9381647706031799
0.9451406598091125
0.9520562887191772
0.958933413028717
0.9657884836196899
0.9726327061653137
0.979473352432251
0.9863141179084778
0.9931564927101135
1.0
1.0068435668945312
1.0136858224868774
1.020526647567749
1.027367353439331
1.03421151638031
1.0410666465759277
1.0479437112808228
1.0548592805862427
1.0618352890014648
1.068900227546692
1.076089859008789
1.0834479331970215
1.091025948524475
1.0988847017288208
1.1070934534072876
1.115730881690979
1.1248838901519775
1.1346485614776611
1.1451282501220703
1.156434416770935
0.7665546536445618
0.7833665609359741
0.7989469170570374
0.8134636878967285
0.8270729184150696
0.8399192690849304
0.8521335124969482
0.8638339042663574
0.8751240968704224
0.8860950469970703
0.8968237042427063
0.9073750972747803
0.9178016781806946
0.9281458854675293
0.9384394288063049
0.9487060308456421
0.958961546421051
0.9692157506942749
0.979473352432251
0.9897353053092957
1.0
1.0102647542953491
1.020526647567749
1.030784249305725
1.0410385131835938
1.051293969154358
1.0615606307983398
1.0718541145324707
1.0821982622146606
1.0926249027252197
1.1031763553619385
1.1139049530029297
1.1248759031295776
1.1361660957336426
1.1478664875030518
1.1600806713104248
1.1729270219802856
1.1865363121032715
1.2010531425476074
1.2166334390640259
1.233445405960083
0.69098299741745
0.7131224870681763
0.7336353063583374
0.7527471780776978
0.7706676721572876
0.787590742111206
0.8036916255950928
0.8191282749176025
0.8340387940406799
0.8485439419746399
0.8627453446388245
0.8767285943031311
0.8905621767044067
0.9043009281158447
0.9179854393005371
0.9316456317901611
0.9453005790710449
0.958961546421051
0.9726327061653137
0.98631352186203
1.0
1.0136864185333252
1.027367353439331
1.0410385131835938
1.054699420928955
1.0683543682098389
1.082014560699463
1.0956990718841553
1.1094378232955933
1.1232714653015137
1.1372547149658203
1.1514561176300049
1.1659612655639648
1.1808717250823975
1.1963083744049072
1.212409257888794
1.2293323278427124
1.2472528219223022
1.2663646936416626
1.2868775129318237
1.3090169429779053
0.6173165440559387
0.6445446014404297
0.6697641015052795
0.693260133266449
0.715297281742096
0.7361200451850891
0.7559487819671631
0.7749814391136169
0.7933903336524963
0.8113256096839905
0.8289126753807068
0.8462564945220947
0.8634403944015503
0.880530059337616
0.8975735902786255
0.9146052002906799
0.9316456317901611
0.9487060308456421
0.9657884836196899
0.9828891754150391
1.0
1.017110824584961
1.03421151638031
1.051293969154358
1.0683543682098389
1.0853948593139648
1.1024264097213745
1.1194698810577393
1.1365596055984497
1.1537435054779053
1.171087384223938
1.1886744499206543
1.2066097259521484
1.2250186204910278
1.244051218032837
1.2638798952102661
1.2847027778625488
1.3067399263381958
1.3302359580993652
1.3554553985595703
1.3826833963394165
0.5460094809532166
0.5780237317085266
0.6076643466949463
0.6352781653404236
0.6611867547035217
0.6856867074966431
0.7090442776679993
0.7314977645874023
0.753253698348999
0.7744905352592468
0.7953565120697021
0.8159744143486023
0.8364405035972595
0.8568296432495117
0.8771951198577881
0.8975735902786255
0.9179854393005371
0.9384394288063049
0.958933413028717
0.9794583916664124
1.0
1.0205416679382324
1.0410666465759277
1.0615606307983398
1.082014560699463
1.1024264097213745
1.122804880142212
1.1431703567504883
1.1635595560073853
1.1840256452560425
1.2046434879302979
1.225509524345398
1.246746301651001
1.2685022354125977
1.2909557819366455
1.314313292503357
1.3388131856918335
1.3647217750549316
1.3923356533050537
1.4219763278961182
1.4539904594421387
0.47750142216682434
0.5139344930648804
0.5476489663124084
0.579056978225708
0.6085397005081177
0.6364477276802063
0.6630945801734924
0.6887593865394592
0.7136820554733276
0.7380687594413757
0.7620885968208313
0.7858803868293762
0.8095510601997375
0.8331820964813232
0.8568296432495117
0.880530059337616
0.9043009281158447
0.9281458854675293
0.9520562887191772
0.9760153293609619
1.0
1.023984670639038
1.0479437112808228
1.0718541145324707
1.0956990718841553
1.1194698810577393
1.1431703567504883
1.1668179035186768
1.1904489994049072
1.2141196727752686
1.2379114627838135
1.261931300163269
1.2863179445266724
1.311240553855896
1.3369053602218628
1.363552212715149
1.3914602994918823
1.420943021774292
1.4523509740829468
1.4860655069351196
1.522498607635498
0.4122147560119629
0.4526294767856598
0.4900053143501282
0.5248235464096069
0.5575286746025085
0.5885281562805176
0.618183970451355
0.6468163132667542
0.674697995185852
0.7020611763000488
0.7290938496589661
0.7559481263160706
0.7827388048171997
0.8095510601997375
0.8364405035972595
0.8634403944015503
0.8905621767044067
0.9178016781806946
0.9451406598091125
0.9725515842437744
1.0
1.0274484157562256
1.0548592805862427
1.0821982622146606
1.1094378232955933
1.1365596055984497
1.1635595560073853
1.1904489994049072
1.2172611951828003
1.2440518140792847
1.2709062099456787
1.2979388236999512
1.325302004814148
1.353183627128601
1.381816029548645
1.4114718437194824
1.4424712657928467
1.475176453590393
1.5099947452545166
1.5473705530166626
1.587785243988037
0.350551962852478
0.394438236951828
0.43499329686164856
0.4727742075920105
0.5082935094833374
0.5420186519622803
0.5743618607521057
0.6056846976280212
0.63629150390625
0.6664383411407471
0.6963291764259338
0.7261261343955994
0.7559481263160706
0.7858803868293762
0.8159744143486023
0.8462564945220947
0.8767285943031311
0.9073750972747803
0.9381647706031799
0.9690561294555664
1.0
1.0309438705444336
1.0618352890014648
1.0926249027252197
1.1232714653015137
1.1537435054779053
1.1840256452560425
1.2141196727752686
1.2440518140792847
1.2738738059997559
1.303670883178711
1.333561658859253
1.36370849609375
1.3943153619766235
1.4256380796432495
1.4579813480377197
1.4917064905166626
1.5272258520126343
1.5650067329406738
1.6055617332458496
1.649448037147522
0.2928932309150696
0.3396592140197754
0.3828354775905609
0.4230625033378601
0.4609273374080658
0.49696171283721924
0.5316296219825745
0.5653337836265564
0.5984081625938416
0.6311295032501221
0.6637139320373535
0.6963291764259338
0.7290938496589661
0.7620885968208313
0.7953565120697021
0.8289126753807068
0.8627453446388245
0.8968237042427063
0.9310997128486633
0.9655143022537231
1.0
1.0344856977462769
1.068900227546692
1.1031763553619385
1.1372547149658203
1.171087384223938
1.2046434879302979
1.2379114627838135
1.2709062099456787
1.303670883178711
1.3362860679626465
1.368870496749878
1.4015917778015137
1.4346662759780884
1.4683703184127808
1.5030382871627808
1.5390726327896118
1.5769374370574951
1.6171644926071167
1.6603407859802246
1.7071068286895752
0.23959402740001678
0.2885592579841614
0.3337148427963257
0.3757966160774231
0.4154743254184723
0.4533489942550659
0.4899381101131439
0.5256842374801636
0.5609478950500488
0.5960220098495483
0.6311295032501221
0.6664383411407471
0.7020611763000488
0.7380687594413757
0.7744905352592468
0.8113256096839905
0.8485439419746399
0.8860950469970703
0.9239100813865662
0.9619082808494568
1.0
1.0380916595458984
1.076089859008789
1.1139049530029297
1.1514561176300049
1.1886744499206543
1.225509524345398
1.261931300163269
1.2979388236999512
1.333561658859253
1.368870496749878
1.4039779901504517
1.4390521049499512
1.4743157625198364
1.5100618600845337
1.546651005744934
1.58452570438385
1.6242033243179321
1.6662851572036743
1.7114406824111938
1.7604060173034668
0.19098301231861115
0.24136222898960114
0.28775927424430847
0.3310203552246094
0.3719089925289154
0.4111011326313019
0.4491684138774872
0.486590713262558
0.523749589920044
0.5609478950500488
0.5984081625938416
0.63629150390625
0.674697995185852
0.7136820554733276
0.753253698348999
0.7933903336524963
0.8340387940406799
0.8751240968704224
0.9165520668029785
0.9582160115242004
1.0
1.0417839288711548
1.0834479331970215
1.1248759031295776
1.1659612655639648
1.2066097259521484
1.246746301651001
1.2863179445266724
1.325302004814148
1.36370849609375
1.4015917778015137
1.4390521049499512
1.476250410079956
1.5134092569351196
1.5508315563201904
1.5888988971710205
1.6280909776687622
1.6689796447753906
1.7122406959533691
1.75863778591156
1.8090169429779053
0.14735983312129974
0.1982477456331253
0.24503736197948456
0.28870823979377747
0.3301312327384949
0.3700633943080902
0.40912917256355286
0.44784015417099
0.486590713262558
0.5256842374801636
0.5653337836265564
0.6056846976280212
0.6468163132667542
0.6887593865394592
0.7314977645874023
0.7749814391136169
0.8191282749176025
0.8638339042663574
0.9089740514755249
0.9544116258621216
1.0
1.0455883741378784
1.091025948524475
1.1361660957336426
1.1808717250823975
1.2250186204910278
1.2685022354125977
1.311240553855896
1.353183627128601
1.3943153619766235
1.4346662759780884
1.4743157625198364
1.5134092569351196
1.5521599054336548
1.5908708572387695
1.6299365758895874
1.66986882686615
1.711291790008545
1.754962682723999
1.8017522096633911
1.852640151977539
0.10899347811937332
0.15933196246623993
0.20553024113178253
0.24873186647891998
0.2899326980113983
0.3299746811389923
0.3695293366909027
0.40912917256355286
0.4491684138774872
0.4899381101131439
0.5316296219825745
0.5743618607521057
0.618183970451355
0.6630945801734924
0.7090442776679993
0.7559487819671631
0.8036916255950928
0.8521335124969482
0.9011152386665344
0.95046466588974
1.0
1.0495352745056152
1.0988847017288208
1.1478664875030518
1.1963083744049072
1.244051218032837
1.2909557819366455
1.3369053602218628
1.381816029548645
1.4256380796432495
1.4683703184127808
1.5100618600845337
1.5508315563201904
1.5908708572387695
1.630470633506775
1.67002534866333
1.7100672721862793
1.7512681484222412
1.7944697141647339
1.8406680822372437
1.8910064697265625
0.07612046599388123
0.12466220557689667
0.16911958158016205
0.21084783971309662
0.2509860396385193
0.2904604375362396
0.3299746811389923
0.3700633943080902
0.4111011326313019
0.4533489942550659
0.49696171283721924
0.5420186519622803
0.5885281562805176
0.6364477276802063
0.6856867074966431
0.7361200451850891
0.787590742111206
0.8399192690849304
0.8929064869880676
0.9463405013084412
1.0
1.053659439086914
1.1070934534072876
1.1600806713104248
1.212409257888794
1.2638798952102661
1.314313292503357
1.363552212715149
1.4114718437194824
1.4579813480377197
1.5030382871627808
1.546651005744934
1.5888988971710205
1.6299365758895874
1.67002534866333
1.709539532661438
1.7490140199661255
1.7891521453857422
1.8308804035186768
1.875337839126587
1.9238795042037964
0.04894348233938217
0.09417066723108292
0.13552433252334595
0.1746293306350708
0.21278667449951172
0.2509860396385193
0.2899326980113983
0.3301312327384949
0.3719089925289154
0.4154743254184723
0.4609273374080658
0.5082935094833374
0.5575286746025085
0.6085397005081177
0.6611867547035217
0.715297281742096
0.7706676721572876
0.8270729184150696
0.8842690587043762
0.9419999122619629
1.0
1.058000087738037
1.115730881690979
1.1729270219802856
1.2293323278427124
1.2847027778625488
1.3388131856918335
1.3914602994918823
1.4424712657928467
1.4917064905166626
1.5390726327896118
1.58452570438385
1.6280909776687622
1.66986882686615
1.7100672721862793
1.7490140199661255
1.7872133255004883
1.8253706693649292
1.8644756078720093
1.9058293104171753
1.9510564804077148
0.02763007953763008
0.06765417754650116
0.10425441712141037
0.13943400979042053
0.1746293306350708
0.21084783971309662
0.24873186647891998
0.28870823979377747
0.3310203552246094
0.3757966160774231
0.4230625033378601
0.4727742075920105
0.5248235464096069
0.579056978225708
0.6352781653404236
0.693260133266449
0.7527471780776978
0.8134636878967285
0.8751160502433777
0.9373993873596191
1.0
1.0626006126403809
1.1248838901519775
1.1865363121032715
1.2472528219223022
1.3067399263381958
1.3647217750549316
1.420943021774292
1.475176453590393
1.5272258520126343
1.5769374370574951
1.6242033243179321
1.6689796447753906
1.711291790008545
1.7512681484222412
1.7891521453857422
1.8253706693649292
1.8605660200119019
1.8957456350326538
1.9323458671569824
1.972369909286499
0.012311659753322601
0.0445772260427475
0.0744471549987793
0.10425441712141037
0.13552433252334595
0.16911958158016205
0.20553024113178253
0.24503736197948456
0.28775927424430847
0.3337148427963257
0.3828354775905609
0.43499329686164856
0.4900053143501282
0.5476489663124084
0.6076643466949463
0.6697641015052795
0.7336353063583374
0.7989469170570374
0.8653514385223389
0.9324910640716553
1.0
1.0675089359283447
1.1346485614776611
1.2010531425476074
1.2663646936416626
1.3302359580993652
1.3923356533050537
1.4523509740829468
1.5099947452545166
1.5650067329406738
1.6171644926071167
1.6662851572036743
1.7122406959533691
1.754962682723999
1.7944697141647339
1.8308804035186768
1.8644756078720093
1.8957456350326538
1.9255528450012207
1.9554227590560913
1.9876883029937744
0.003082666313275695
0.024022264406085014
0.0445772260427475
0.06765417754650116
0.09417066723108292
0.12466220557689667
0.15933196246623993
0.1982477456331253
0.24136222898960114
0.2885592579841614
0.3396592140197754
0.394438236951828
0.4526294767856598
0.5139344930648804
0.5780237317085266
0.6445446014404297
0.7131224870681763
0.7833665609359741
0.8548716902732849
0.9272234439849854
1.0
1.0727765560150146
1.1451282501220703
1.2166334390640259
1.2868775129318237
1.3554553985595703
1.4219763278961182
1.4860655069351196
1.5473705530166626
1.6055617332458496
1.6603407859802246
1.7114406824111938
1.75863778591156
1.8017522096633911
1.8406680822372437
1.875337839126587
1.9058293104171753
1.9323458671569824
1.9554227590560913
1.9759777784347534
1.9969173669815063
0.0
0.003082666313275695
0.012311659753322601
0.02763007953763008
0.04894348233938217
0.07612046599388123
0.10899347811937332
0.14735983312129974
0.19098301231861115
0.23959402740001678
0.2928932309150696
0.350551962852478
0.4122147560119629
0.47750142216682434
0.5460094809532166
0.6173165440559387
0.69098299741745
0.7665546536445618
0.8435655236244202
0.9215409159660339
1.0
1.0784591436386108
1.156434416770935
1.233445405960083
1.3090169429779053
1.3826833963394165
1.4539904594421387
1.522498607635498
1.587785243988037
1.649448037147522
1.7071068286895752
1.7604060173034668
1.8090169429779053
1.852640151977539
1.8910064697265625
1.9238795042037964
1.9510564804077148
1.972369909286499
1.9876883029937744
1.9969173669815063
2.0
