2.0
1.9969173669815063
1.9876883029937744
1.972369909286499
1.9510564804077148
1.9238795042037964
1.8910064697265625
1.852640151977539
1.8090169429779053
1.7604060173034668
1.7071068286895752
1.649448037147522
1.587785243988037
1.522498607635498
1.4539904594421387
1.3826833963394165
1.3090169429779053
1.233445405960083
1.156434416770935
1.0784591436386108
1.0
0.9215409159660339
0.8435655236244202
0.7665546536445618
0.69098299741745
0.6173165440559387
0.5460094809532166
0.47750142216682434
0.4122147560119629
0.350551962852478
0.2928932309150696
0.23959402740001678
0.19098301231861115
0.14735983312129974
0.10899347811937332
0.07612046599388123
0.04894348233938217
0.02763007953763008
0.012311659753322601
0.003082666313275695
0.0
1.9969173669815063
1.9759738445281982
1.9554164409637451
1.9323378801345825
1.9058202505111694
1.8753279447555542
1.8406577110290527
1.8017418384552002
1.7586274147033691
1.7114306688308716
1.660331130027771
1.6055526733398438
1.547362208366394
1.486057996749878
1.4219696521759033
1.3554497957229614
1.2868729829788208
1.216629981994629
1.1451259851455688
1.0727753639221191
1.0
0.9272246360778809
0.8548740744590759
0.7833700180053711
0.7131270170211792
0.6445502638816833
0.5780302882194519
0.5139420032501221
0.45263779163360596
0.39444729685783386
0.3396688401699066
0.2885693311691284
0.24137257039546967
0.198258176445961
0.15934224426746368
0.12467207759618759
0.09417980164289474
0.06766217201948166
0.04458353668451309
0.02402612380683422
0.003082666313275695
1.9876883029937744
1.9554164409637451
1.9255419969558716
1.8957315683364868
1.86445951461792
1.8308627605438232
1.7944512367248535
1.75494384765625
1.7122219800949097
1.6662667989730835
1.6171469688415527
1.5649901628494263
1.509979486465454
1.4523372650146484
1.392323613166809
1.3302255868911743
1.266356348991394
1.2010467052459717
1.1346442699432373
1.0675067901611328
1.0
0.932493269443512
0.8653557300567627
0.7989532351493835
0.7336437106132507
0.6697744131088257
0.6076764464378357
0.5476627349853516
0.4900205433368683
0.43500980734825134
0.38285303115844727
0.3337331712245941
0.28777801990509033
0.24505619704723358
0.2055487185716629
0.16913722455501556
0.13554050028324127
0.1042683869600296
0.07445794343948364
0.04458353668451309
0.012311659753322601
1.972369909286499
1.9323378801345825
1.8957315683364868
1.860547661781311
1.82534921169281
1.7891285419464111
1.751243233680725
1.711266279220581
1.6689542531967163
1.6241785287857056
1.576913595199585
1.5272033214569092
1.4751557111740112
1.420924186706543
1.364705204963684
1.3067257404327393
1.2472413778305054
1.1865276098251343
1.1248780488967896
1.062597632408142
1.0
0.9374023079872131
0.8751219511032104
0.8134723901748657
0.7527586817741394
0.6932742595672607
0.6352947354316711
0.579075813293457
0.5248443484306335
0.4727967381477356
0.42308640480041504
0.3758215010166168
0.3310457766056061
0.28873366117477417
0.24875673651695251
0.21087142825126648
0.17465080320835114
0.13945235311985016
0.1042683869600296
0.06766217201948166
0.02763007953763008
1.9510564804077148
1.9058202505111694
1.86445951461792
1.82534921169281
1.787187933921814
1.748986005783081
1.7100375890731812
1.669838309288025
1.6280604600906372
1.5844956636428833
1.53904390335083
1.491679310798645
1.4424461126327515
1.3914375305175781
1.338793158531189
1.2846856117248535
1.229318380355835
1.1729164123535156
1.115723729133606
1.0579965114593506
1.0
0.9420034885406494
0.8842762112617493
0.8270835280418396
0.770681619644165
0.7153143882751465
0.661206841468811
0.6085624694824219
0.5575538873672485
0.508320689201355
0.4609561562538147
0.4155042767524719
0.3719395101070404
0.3301616907119751
0.28996238112449646
0.25101402401924133
0.21281200647354126
0.17465080320835114
0.13554050028324127
0.09417980164289474
0.04894348233938217
1.9238795042037964
1.8753279447555542
1.8308627605438232
1.7891285419464111
1.748986005783081
1.7095084190368652
1.669992208480835
1.6299024820327759
1.5888646841049194
1.5466173887252808
1.503005862236023
1.4579505920410156
1.4114433526992798
1.363526463508606
1.3142906427383423
1.2638605833053589
1.2123935222625732
1.1600687503814697
1.1070854663848877
1.0536553859710693
1.0
0.9463446140289307
0.8929145932197571
0.839931309223175
0.7876065373420715
0.7361394166946411
0.6857094168663025
0.6364734768867493
0.5885565876960754
0.5420493483543396
0.49699416756629944
0.453382670879364
0.41113537549972534
0.37009745836257935
0.33000776171684265
0.2904915511608124
0.25101402401924133
0.21087142825126648
0.16913722455501556
0.12467207759618759
0.07612046599388123
1.8910064697265625
1.8406577110290527
1.7944512367248535
1.751243233680725
1.7100375890731812
1.669992208480835
1.6304353475570679
1.590834379196167
1.5507948398590088
1.5100257396697998
1.4683353900909424
1.425605058670044
1.3817853927612305
1.3368775844573975
1.290931224822998
1.244030237197876
1.1962913274765015
1.1478534936904907
1.0988759994506836
1.0495309829711914
1.0
0.9504690766334534
0.9011240005493164
0.8521465063095093
0.8037086725234985
0.7559697031974792
0.709068775177002
0.6631224155426025
0.6182146072387695
0.574394941329956
0.5316645503044128
0.4899742901325226
0.4492051303386688
0.4091656506061554
0.36956462264060974
0.33000776171684265
0.28996238112449646
0.24875673651695251
0.2055487185716629
0.15934224426746368
0.10899347811937332
1.852640151977539
1.8017418384552002
1.75494384765625
1.711266279220581
1.669838309288025
1.6299024820327759
1.590834379196167
1.5521221160888672
1.513371229171753
1.474278211593628
1.4346299171447754
1.3942809104919434
1.3531516790390015
1.3112115859985352
1.2684766054153442
1.2249966859817505
1.1808538436889648
1.1361525058746338
1.0910167694091797
1.045583724975586
1.0
0.9544162750244141
0.9089832305908203
0.8638474941253662
0.8191460967063904
0.7750033140182495
0.7315233945846558
0.6887884140014648
0.6468482613563538
0.6057191491127014
0.5653701424598694
0.5257218480110168
0.48662880063056946
0.4478779137134552
0.4091656506061554
0.37009745836257935
0.3301616907119751
0.28873366117477417
0.24505619704723358
0.198258176445961
0.14735983312129974
1.8090169429779053
1.7586274147033691
1.7122219800949097
1.6689542531967163
1.6280604600906372
1.5888646841049194
1.5507948398590088
1.513371229171753
1.4762119054794312
1.4390140771865845
1.401555061340332
1.3636735677719116
1.3252695798873901
1.2862884998321533
1.246720314025879
1.2065874338150024
1.1659430265426636
1.1248620748519897
1.0834386348724365
1.0417792797088623
1.0
0.9582207202911377
0.9165613651275635
0.8751379251480103
0.8340569138526917
0.7934125661849976
0.7532796859741211
0.7137115001678467
0.6747304797172546
0.6363264322280884
0.5984449982643127
0.5609859228134155
0.5237880945205688
0.48662880063056946
0.4492051303386688
0.41113537549972534
0.3719395101070404
0.3310457766056061
0.28777801990509033
0.24137257039546967
0.19098301231861115
1.7604060173034668
1.7114306688308716
1.6662667989730835
1.6241785287857056
1.5844956636428833
1.5466173887252808
1.5100257396697998
1.474278211593628
1.4390140771865845
1.4039403200149536
1.3688340187072754
1.3335270881652832
1.2979066371917725
1.2619019746780396
1.2254836559295654
1.1886522769927979
1.1514379978179932
1.1138912439346313
1.0760806798934937
1.038087010383606
1.0
0.9619129300117493
0.9239193797111511
0.8861088156700134
0.8485619425773621
0.8113476634025574
0.7745164036750793
0.7380979657173157
0.7020933628082275
0.6664729714393616
0.6311659812927246
0.5960596799850464
0.5609859228134155
0.5257218480110168
0.4899742901325226
0.453382670879364
0.4155042767524719
0.3758215010166168
0.3337331712245941
0.2885693311691284
0.23959402740001678
1.7071068286895752
1.660331130027771
1.6171469688415527
1.576913595199585
1.53904390335083
1.503005862236023
1.4683353900909424
1.4346299171447754
1.401555061340332
1.3688340187072754
1.33625066280365
1.3036372661590576
1.2708748579025269
1.2378829717636108
1.2046183347702026
1.1710658073425293
1.1372370719909668
1.1031628847122192
1.0688912868499756
1.034481167793274
1.0
0.9655188322067261
0.9311087131500244
0.896837055683136
0.8627628684043884
0.8289341330528259
0.7953816056251526
0.7621169686317444
0.7291250824928284
0.6963627934455872
0.6637492775917053
0.6311659812927246
0.5984449982643127
0.5653701424598694
0.5316645503044128
0.49699416756629944
0.4609561562538147
0.42308640480041504
0.38285303115844727
0.3396688401699066
0.2928932309150696
1.649448037147522
1.6055526733398438
1.5649901628494263
1.5272033214569092
1.491679310798645
1.4579505920410156
1.425605058670044
1.3942809104919434
1.3636735677719116
1.3335270881652832
1.3036372661590576
1.2738418579101562
1.2440221309661865
1.2140926122665405
1.1840016841888428
1.1537230014801025
1.123254656791687
1.0926121473312378
1.0618267059326172
1.0309395790100098
1.0
0.9690604209899902
0.9381733536720276
0.9073878526687622
0.8767452836036682
0.8462769985198975
0.815998375415802
0.7859074473381042
0.7559778690338135
0.726158082485199
0.6963627934455872
0.6664729714393616
0.6363264322280884
0.6057191491127014
0.574394941329956
0.5420493483543396
0.508320689201355
0.4727967381477356
0.43500980734825134
0.39444729685783386
0.350551962852478
1.587785243988037
1.547362208366394
1.509979486465454
1.4751557111740112
1.4424461126327515
1.4114433526992798
1.3817853927612305
1.3531516790390015
1.3252695798873901
1.2979066371917725
1.2708748579025269
1.2440221309661865
1.2172335386276245
1.1904237270355225
1.1635371446609497
1.1365405321121216
1.109422206878662
1.0821864604949951
1.0548512935638428
1.0274443626403809
1.0
0.9725556373596191
0.9451487064361572
0.9178135991096497
0.8905777931213379
0.8634594678878784
0.8364627957344055
0.8095762133598328
0.7827665209770203
0.7559778690338135
0.7291250824928284
0.7020933628082275
0.6747304797172546
0.6468482613563538
0.6182146072387695
0.5885565876960754
0.5575538873672485
0.5248443484306335
0.4900205433368683
0.45263779163360596
0.4122147560119629
1.522498607635498
1.486057996749878
1.4523372650146484
1.420924186706543
1.3914375305175781
1.363526463508606
1.3368775844573975
1.3112115859985352
1.2862884998321533
1.2619019746780396
1.2378829717636108
1.2140926122665405
1.1904237270355225
1.1667948961257935
1.1431500911712646
1.1194524765014648
1.0956848859786987
1.0718432664871216
1.0479364395141602
1.023980975151062
1.0
0.9760189652442932
0.9520635604858398
0.9281566739082336
0.9043151140213013
0.8805474638938904
0.8568499684333801
0.8332050442695618
0.8095762133598328
0.7859074473381042
0.7621169686317444
0.7380979657173157
0.7137115001678467
0.6887884140014648
0.6631224155426025
0.6364734768867493
0.6085624694824219
0.579075813293457
0.5476627349853516
0.5139420032501221
0.47750142216682434
1.4539904594421387
1.4219696521759033
1.392323613166809
1.364705204963684
1.338793158531189
1.3142906427383423
1.290931224822998
1.2684766054153442
1.246720314025879
1.2254836559295654
1.2046183347702026
1.1840016841888428
1.1635371446609497
1.1431500911712646
1.1227868795394897
1.1024110317230225
1.0820019245147705
1.0615509748458862
1.0410600900650024
1.020538330078125
1.0
0.9794616103172302
0.9589398503303528
0.9384490251541138
0.9179980754852295
0.8975890278816223
0.8772131204605103
0.8568499684333801
0.8364627957344055
0.815998375415802
0.7953816056251526
0.7745164036750793
0.7532796859741211
0.7315233945846558
0.709068775177002
0.6857094168663025
0.661206841468811
0.6352947354316711
0.6076764464378357
0.5780302882194519
0.5460094809532166
1.3826833963394165
1.3554497957229614
1.3302255868911743
1.3067257404327393
1.2846856117248535
1.2638605833053589
1.244030237197876
1.2249966859817505
1.2065874338150024
1.1886522769927979
1.1710658073425293
1.1537230014801025
1.1365405321121216
1.1194524765014648
1.1024110317230225
1.0853816270828247
1.0683435201644897
1.051285743713379
1.0342060327529907
1.0171080827713013
1.0
0.9828919768333435
0.965794026851654
0.9487142562866211
0.9316564202308655
0.9146183729171753
0.8975890278816223
0.8805474638938904
0.8634594678878784
0.8462769985198975
0.8289341330528259
0.8113476634025574
0.7934125661849976
0.7750033140182495
0.7559697031974792
0.7361394166946411
0.7153143882751465
0.6932742595672607
0.6697744131088257
0.6445502638816833
0.6173165440559387
1.3090169429779053
1.2868729829788208
1.266356348991394
1.2472413778305054
1.229318380355835
1.2123935222625732
1.1962913274765015
1.1808538436889648
1.1659430265426636
1.1514379978179932
1.1372370719909668
1.123254656791687
1.109422206878662
1.0956848859786987
1.0820019245147705
1.0683435201644897
1.0546905994415283
1.0410317182540894
1.0273628234863281
1.0136841535568237
1.0
0.9863157868385315
0.9726372361183167
0.9589682221412659
0.9453094005584717
0.9316564202308655
0.9179980754852295
0.9043151140213013
0.8905777931213379
0.8767452836036682
0.8627628684043884
0.8485619425773621
0.8340569138526917
0.8191460967063904
0.8037086725234985
0.7876065373420715
0.770681619644165
0.7527586817741394
0.7336437106132507
0.7131270170211792
0.69098299741745
1.233445405960083
1.216629981994629
1.2010467052459717
1.1865276098251343
1.1729164123535156
1.1600687503814697
1.1478534936904907
1.1361525058746338
1.1248620748519897
1.1138912439346313
1.1031628847122192
1.0926121473312378
1.0821864604949951
1.0718432664871216
1.0615509748458862
1.051285743713379
1.0410317182540894
1.0307791233062744
1.020523190498352
1.0102629661560059
1.0
0.9897370338439941
0.979476809501648
0.9692208766937256
0.9589682221412659
0.9487142562866211
0.9384490251541138
0.9281566739082336
0.9178135991096497
0.9073878526687622
0.896837055683136
0.8861088156700134
0.8751379251480103
0.8638474941253662
0.8521465063095093
0.839931309223175
0.8270835280418396
0.8134723901748657
0.7989532351493835
0.7833700180053711
0.7665546536445618
1.156434416770935
1.1451259851455688
1.1346442699432373
1.1248780488967896
1.115723729133606
1.1070854663848877
1.0988759994506836
1.0910167694091797
1.0834386348724365
1.0760806798934937
1.0688912868499756
1.0618267059326172
1.0548512935638428
1.0479364395141602
1.0410600900650024
1.0342060327529907
1.0273628234863281
1.020523190498352
1.013683557510376
1.0068423748016357
1.0
0.993157684803009
0.986316442489624
0.979476809501648
0.9726372361183167
0.965794026851654
0.9589398503303528
0.9520635604858398
0.9451487064361572
0.9381733536720276
0.9311087131500244
0.9239193797111511
0.9165613651275635
0.9089832305908203
0.9011240005493164
0.8929145932197571
0.8842762112617493
0.8751219511032104
0.8653557300567627
0.8548740744590759
0.8435655236244202
1.0784591436386108
1.0727753639221191
1.0675067901611328
1.062597632408142
1.0579965114593506
1.0536553859710693
1.0495309829711914
1.045583724975586
1.0417792797088623
1.038087010383606
1.034481167793274
1.0309395790100098
1.0274443626403809
1.023980975151062
1.020538330078125
1.0171080827713013
1.0136841535568237
1.0102629661560059
1.0068423748016357
1.0034213066101074
1.0
0.9965786337852478
0.993157684803009
0.9897370338439941
0.9863157868385315
0.9828919768333435
0.9794616103172302
0.9760189652442932
0.9725556373596191
0.9690604209899902
0.9655188322067261
0.9619129300117493
0.9582207202911377
0.9544162750244141
0.9504690766334534
0.9463446140289307
0.9420034885406494
0.9374023079872131
0.932493269443512
0.9272246360778809
0.9215409159660339
1.0
1.0
1.0
1.0
1.0
1.0
1.0
1.0
1.0
1.0
1.0
1.0
1.0
1.0
1.0
1.0
1.0
1.0
1.0
1.0
1.0
1.0
1.0
1.0
1.0
1.0
1.0
1.0
1.0
1.0
1.0
1.0
1.0
1.0
1.0
1.0
1.0
1.0
1.0
1.0
1.0
0.9215409159660339
0.9272246360778809
0.932493269443512
0.9374023079872131
0.9420034885406494
0.9463446140289307
0.9504690766334534
0.9544162750244141
0.9582207202911377
0.9619129300117493
0.9655188322067261
0.9690604209899902
0.9725556373596191
0.9760189652442932
0.9794616103172302
0.9828919768333435
0.9863157868385315
0.9897370338439941
0.993157684803009
0.9965786337852478
1.0
1.0034213066101074
1.0068423748016357
1.0102629661560059
1.0136841535568237
1.0171080827713013
1.020538330078125
1.023980975151062
1.0274443626403809
1.0309395790100098
1.034481167793274
1.038087010383606
1.0417792797088623
1.045583724975586
1.0495309829711914
1.0536553859710693
1.0579965114593506
1.062597632408142
1.0675067901611328
1.0727753639221191
1.0784591436386108
0.8435655236244202
0.8548740744590759
0.8653557300567627
0.8751219511032104
0.8842762112617493
0.8929145932197571
0.9011240005493164
0.9089832305908203
0.9165613651275635
0.9239193797111511
0.9311087131500244
0.9381733536720276
0.9451487064361572
0.9520635604858398
0.9589398503303528
0.965794026851654
0.9726372361183167
0.979476809501648
0.986316442489624
0.993157684803009
1.0
1.0068423748016357
1.013683557510376
1.020523190498352
1.0273628234863281
1.0342060327529907
1.0410600900650024
1.0479364395141602
1.0548512935638428
1.0618267059326172
1.0688912868499756
1.0760806798934937
1.0834386348724365
1.0910167694091797
1.0988759994506836
1.1070854663848877
1.115723729133606
1.1248780488967896
1.1346442699432373
1.1451259851455688
1.156434416770935
0.7665546536445618
0.7833700180053711
0.7989532351493835
0.8134723901748657
0.8270835280418396
0.839931309223175
0.8521465063095093
0.8638474941253662
0.8751379251480103
0.8861088156700134
0.896837055683136
0.9073878526687622
0.9178135991096497
0.9281566739082336
0.9384490251541138
0.9487142562866211
0.9589682221412659
0.9692208766937256
0.979476809501648
0.9897370338439941
1.0
1.0102629661560059
1.020523190498352
1.0307791233062744
1.0410317182540894
1.051285743713379
1.0615509748458862
1.0718432664871216
1.0821864604949951
1.0926121473312378
1.1031628847122192
1.1138912439346313
1.1248620748519897
1.1361525058746338
1.1478534936904907
1.1600687503814697
1.1729164123535156
1.1865276098251343
1.2010467052459717
1.216629981994629
1.233445405960083
0.69098299741745
0.7131270170211792
0.7336437106132507
0.7527586817741394
0.770681619644165
0.7876065373420715
0.8037086725234985
0.8191460967063904
0.8340569138526917
0.8485619425773621
0.8627628684043884
0.8767452836036682
0.8905777931213379
0.9043151140213013
0.9179980754852295
0.9316564202308655
0.9453094005584717
0.9589682221412659
0.9726372361183167
0.9863157868385315
1.0
1.0136841535568237
1.0273628234863281
1.0410317182540894
1.0546905994415283
1.0683435201644897
1.0820019245147705
1.0956848859786987
1.109422206878662
1.123254656791687
1.1372370719909668
1.1514379978179932
1.1659430265426636
1.1808538436889648
1.1962913274765015
1.2123935222625732
1.229318380355835
1.2472413778305054
1.266356348991394
1.2868729829788208
1.3090169429779053
0.6173165440559387
0.6445502638816833
0.6697744131088257
0.6932742595672607
0.7153143882751465
0.7361394166946411
0.7559697031974792
0.7750033140182495
0.7934125661849976
0.8113476634025574
0.8289341330528259
0.8462769985198975
0.8634594678878784
0.8805474638938904
0.8975890278816223
0.9146183729171753
0.9316564202308655
0.9487142562866211
0.965794026851654
0.9828919768333435
1.0
1.0171080827713013
1.0342060327529907
1.051285743713379
1.0683435201644897
1.0853816270828247
1.1024110317230225
1.1194524765014648
1.1365405321121216
1.1537230014801025
1.1710658073425293
1.1886522769927979
1.2065874338150024
1.2249966859817505
1.244030237197876
1.2638605833053589
1.2846856117248535
1.3067257404327393
1.3302255868911743
1.3554497957229614
1.3826833963394165
0.5460094809532166
0.5780302882194519
0.6076764464378357
0.6352947354316711
0.661206841468811
0.6857094168663025
0.709068775177002
0.7315233945846558
0.7532796859741211
0.7745164036750793
0.7953816056251526
0.815998375415802
0.8364627957344055
0.8568499684333801
0.8772131204605103
0.8975890278816223
0.9179980754852295
0.9384490251541138
0.9589398503303528
0.9794616103172302
1.0
1.020538330078125
1.0410600900650024
1.0615509748458862
1.0820019245147705
1.1024110317230225
1.1227868795394897
1.1431500911712646
1.1635371446609497
1.1840016841888428
1.2046183347702026
1.2254836559295654
1.246720314025879
1.2684766054153442
1.290931224822998
1.3142906427383423
1.338793158531189
1.364705204963684
1.392323613166809
1.4219696521759033
1.4539904594421387
0.47750142216682434
0.5139420032501221
0.5476627349853516
0.579075813293457
0.6085624694824219
0.6364734768867493
0.6631224155426025
0.6887884140014648
0.7137115001678467
0.7380979657173157
0.7621169686317444
0.7859074473381042
0.8095762133598328
0.8332050442695618
0.8568499684333801
0.8805474638938904
0.9043151140213013
0.9281566739082336
0.9520635604858398
0.9760189652442932
1.0
1.023980975151062
1.0479364395141602
1.0718432664871216
1.0956848859786987
1.1194524765014648
1.1431500911712646
1.1667948961257935
1.1904237270355225
1.2140926122665405
1.2378829717636108
1.2619019746780396
1.2862884998321533
1.3112115859985352
1.3368775844573975
1.363526463508606
1.3914375305175781
1.420924186706543
1.4523372650146484
1.486057996749878
1.522498607635498
0.4122147560119629
0.45263779163360596
0.4900205433368683
0.5248443484306335
0.5575538873672485
0.5885565876960754
0.6182146072387695
0.6468482613563538
0.6747304797172546
0.7020933628082275
0.7291250824928284
0.7559778690338135
0.7827665209770203
0.8095762133598328
0.8364627957344055
0.8634594678878784
0.8905777931213379
0.9178135991096497
0.9451487064361572
0.9725556373596191
1.0
1.0274443626403809
1.0548512935638428
1.0821864604949951
1.109422206878662
1.1365405321121216
1.1635371446609497
1.1904237270355225
1.2172335386276245
1.2440221309661865
1.2708748579025269
1.2979066371917725
1.3252695798873901
1.3531516790390015
1.3817853927612305
1.4114433526992798
1.4424461126327515
1.4751557111740112
1.509979486465454
1.547362208366394
1.587785243988037
0.350551962852478
0.39444729685783386
0.43500980734825134
0.4727967381477356
0.508320689201355
0.5420493483543396
0.574394941329956
0.6057191491127014
0.6363264322280884
0.6664729714393616
0.6963627934455872
0.726158082485199
0.7559778690338135
0.7859074473381042
0.815998375415802
0.8462769985198975
0.8767452836036682
0.9073878526687622
0.9381733536720276
0.9690604209899902
1.0
1.0309395790100098
1.0618267059326172
1.0926121473312378
1.123254656791687
1.1537230014801025
1.1840016841888428
1.2140926122665405
1.2440221309661865
1.2738418579101562
1.3036372661590576
1.3335270881652832
1.3636735677719116
1.3942809104919434
1.425605058670044
1.4579505920410156
1.491679310798645
1.5272033214569092
1.5649901628494263
1.6055526733398438
1.649448037147522
0.2928932309150696
0.3396688401699066
0.38285303115844727
0.42308640480041504
0.4609561562538147
0.49699416756629944
0.5316645503044128
0.5653701424598694
0.5984449982643127
0.6311659812927246
0.6637492775917053
0.6963627934455872
0.7291250824928284
0.7621169686317444
0.7953816056251526
0.8289341330528259
0.8627628684043884
0.896837055683136
0.9311087131500244
0.9655188322067261
1.0
1.034481167793274
1.0688912868499756
1.1031628847122192
1.1372370719909668
1.1710658073425293
1.2046183347702026
1.2378829717636108
1.2708748579025269
1.3036372661590576
1.33625066280365
1.3688340187072754
1.401555061340332
1.4346299171447754
1.4683353900909424
1.503005862236023
1.53904390335083
1.576913595199585
1.6171469688415527
1.660331130027771
1.7071068286895752
0.23959402740001678
0.2885693311691284
0.3337331712245941
0.3758215010166168
0.4155042767524719
0.453382670879364
0.4899742901325226
0.5257218480110168
0.5609859228134155
0.5960596799850464
0.6311659812927246
0.6664729714393616
0.7020933628082275
0.7380979657173157
0.7745164036750793
0.8113476634025574
0.8485619425773621
0.8861088156700134
0.9239193797111511
0.9619129300117493
1.0
1.038087010383606
1.0760806798934937
1.1138912439346313
1.1514379978179932
1.1886522769927979
1.2254836559295654
1.2619019746780396
1.2979066371917725
1.3335270881652832
1.3688340187072754
1.4039403200149536
1.4390140771865845
1.474278211593628
1.5100257396697998
1.5466173887252808
1.5844956636428833
1.6241785287857056
1.6662667989730835
1.7114306688308716
1.7604060173034668
0.19098301231861115
0.24137257039546967
0.28777801990509033
0.3310457766056061
0.3719395101070404
0.41113537549972534
0.4492051303386688
0.48662880063056946
0.5237880945205688
0.5609859228134155
0.5984449982643127
0.6363264322280884
0.6747304797172546
0.7137115001678467
0.7532796859741211
0.7934125661849976
0.8340569138526917
0.8751379251480103
0.9165613651275635
0.9582207202911377
1.0
1.0417792797088623
1.0834386348724365
1.1248620748519897
1.1659430265426636
1.2065874338150024
1.246720314025879
1.2862884998321533
1.3252695798873901
1.3636735677719116
1.401555061340332
1.4390140771865845
1.4762119054794312
1.513371229171753
1.5507948398590088
1.5888646841049194
1.6280604600906372
1.6689542531967163
1.7122219800949097
1.7586274147033691
1.8090169429779053
0.14735983312129974
0.198258176445961
0.24505619704723358
0.28873366117477417
0.3301616907119751
0.37009745836257935
0.4091656506061554
0.4478779137134552
0.48662880063056946
0.5257218480110168
0.5653701424598694
0.6057191491127014
0.6468482613563538
0.6887884140014648
0.7315233945846558
0.7750033140182495
0.8191460967063904
0.8638474941253662
0.9089832305908203
0.9544162750244141
1.0
1.045583724975586
1.0910167694091797
1.1361525058746338
1.1808538436889648
1.2249966859817505
1.2684766054153442
1.3112115859985352
1.3531516790390015
1.3942809104919434
1.4346299171447754
1.474278211593628
1.513371229171753
1.5521221160888672
1.590834379196167
1.6299024820327759
1.669838309288025
1.711266279220581
1.75494384765625
1.8017418384552002
1.852640151977539
0.10899347811937332
0.15934224426746368
0.2055487185716629
0.24875673651695251
0.28996238112449646
0.33000776171684265
0.36956462264060974
0.4091656506061554
0.4492051303386688
0.4899742901325226
0.5316645503044128
0.574394941329956
0.6182146072387695
0.6631224155426025
0.709068775177002
0.7559697031974792
0.8037086725234985
0.8521465063095093
0.9011240005493164
0.9504690766334534
1.0
1.0495309829711914
1.0988759994506836
1.1478534936904907
1.1962913274765015
1.244030237197876
1.290931224822998
1.3368775844573975
1.3817853927612305
1.425605058670044
1.4683353900909424
1.5100257396697998
1.5507948398590088
1.590834379196167
1.6304353475570679
1.669992208480835
1.7100375890731812
1.751243233680725
1.7944512367248535
1.8406577110290527
1.8910064697265625
0.07612046599388123
0.12467207759618759
0.16913722455501556
0.21087142825126648
0.25101402401924133
0.2904915511608124
0.33000776171684265
0.37009745836257935
0.41113537549972534
0.453382670879364
0.49699416756629944
0.5420493483543396
0.5885565876960754
0.6364734768867493
0.6857094168663025
0.7361394166946411
0.7876065373420715
0.839931309223175
0.8929145932197571
0.9463446140289307
1.0
1.0536553859710693
1.1070854663848877
1.1600687503814697
1.2123935222625732
1.2638605833053589
1.3142906427383423
1.363526463508606
1.4114433526992798
1.4579505920410156
1.503005862236023
1.5466173887252808
1.5888646841049194
1.6299024820327759
1.669992208480835
1.7095084190368652
1.748986005783081
1.7891285419464111
1.8308627605438232
1.8753279447555542
1.9238795042037964
0.04894348233938217
0.09417980164289474
0.13554050028324127
0.17465080320835114
0.21281200647354126
0.25101402401924133
0.28996238112449646
0.3301616907119751
0.3719395101070404
0.4155042767524719
0.4609561562538147
0.508320689201355
0.5575538873672485
0.6085624694824219
0.661206841468811
0.7153143882751465
0.770681619644165
0.8270835280418396
0.8842762112617493
0.9420034885406494
1.0
1.0579965114593506
1.115723729133606
1.1729164123535156
1.229318380355835
1.2846856117248535
1.338793158531189
1.3914375305175781
1.4424461126327515
1.491679310798645
1.53904390335083
1.5844956636428833
1.6280604600906372
1.669838309288025
1.7100375890731812
1.748986005783081
1.787187933921814
1.82534921169281
1.86445951461792
1.9058202505111694
1.9510564804077148
0.02763007953763008
0.06766217201948166
0.1042683869600296
0.13945235311985016
0.17465080320835114
0.21087142825126648
0.24875673651695251
0.28873366117477417
0.3310457766056061
0.3758215010166168
0.42308640480041504
0.4727967381477356
0.5248443484306335
0.579075813293457
0.6352947354316711
0.6932742595672607
0.7527586817741394
0.8134723901748657
0.8751219511032104
0.9374023079872131
1.0
1.062597632408142
1.1248780488967896
1.1865276098251343
1.2472413778305054
1.3067257404327393
1.364705204963684
1.420924186706543
1.4751557111740112
1.5272033214569092
1.576913595199585
1.6241785287857056
1.6689542531967163
1.711266279220581
1.751243233680725
1.7891285419464111
1.82534921169281
1.860547661781311
1.8957315683364868
1.9323378801345825
1.972369909286499
0.012311659753322601
0.04458353668451309
0.07445794343948364
0.1042683869600296
0.13554050028324127
0.16913722455501556
0.2055487185716629
0.24505619704723358
0.28777801990509033
0.3337331712245941
0.38285303115844727
0.43500980734825134
0.4900205433368683
0.5476627349853516
0.6076764464378357
0.6697744131088257
0.7336437106132507
0.7989532351493835
0.8653557300567627
0.932493269443512
1.0
1.0675067901611328
1.1346442699432373
1.2010467052459717
1.266356348991394
1.3302255868911743
1.392323613166809
1.4523372650146484
1.509979486465454
1.5649901628494263
1.6171469688415527
1.6662667989730835
1.7122219800949097
1.75494384765625
1.7944512367248535
1.8308627605438232
1.86445951461792
1.8957315683364868
1.9255419969558716
1.9554164409637451
1.9876883029937744
0.003082666313275695
0.02402612380683422
0.04458353668451309
0.06766217201948166
0.09417980164289474
0.12467207759618759
0.15934224426746368
0.198258176445961
0.24137257039546967
0.2885693311691284
0.3396688401699066
0.39444729685783386
0.45263779163360596
0.5139420032501221
0.5780302882194519
0.6445502638816833
0.7131270170211792
0.7833700180053711
0.8548740744590759
0.9272246360778809
1.0
1.0727753639221191
1.1451259851455688
1.216629981994629
1.2868729829788208
1.3554497957229614
1.4219696521759033
1.486057996749878
1.547362208366394
1.6055526733398438
1.660331130027771
1.7114306688308716
1.7586274147033691
1.8017418384552002
1.8406577110290527
1.8753279447555542
1.9058202505111694
1.9323378801345825
1.9554164409637451
1.9759738445281982
1.9969173669815063
0.0
0.003082666313275695
0.012311659753322601
0.02763007953763008
0.04894348233938217
0.07612046599388123
0.10899347811937332
0.14735983312129974
0.19098301231861115
0.23959402740001678
0.2928932309150696
0.350551962852478
0.4122147560119629
0.47750142216682434
0.5460094809532166
0.6173165440559387
0.69098299741745
0.7665546536445618
0.8435655236244202
0.9215409159660339
1.0
1.0784591436386108
1.156434416770935
1.233445405960083
1.3090169429779053
1.3826833963394165
1.4539904594421387
1.522498607635498
1.587785243988037
1.649448037147522
1.7071068286895752
1.7604060173034668
1.8090169429779053
1.852640151977539
1.8910064697265625
1.9238795042037964
1.9510564804077148
1.972369909286499
1.9876883029937744
1.9969173669815063
2.0
