2.0
1.9969173669815063
1.9876883029937744
1.972369909286499
1.9510564804077148
1.9238795042037964
1.8910064697265625
1.852640151977539
1.8090169429779053
1.7604060173034668
1.7071068286895752
1.649448037147522
1.587785243988037
1.522498607635498
1.4539904594421387
1.3826833963394165
1.3090169429779053
1.233445405960083
1.156434416770935
1.0784591436386108
1.0
0.9215409159660339
0.8435655236244202
0.7665546536445618
0.69098299741745
0.6173165440559387
0.5460094809532166
0.47750142216682434
0.4122147560119629
0.350551962852478
0.2928932309150696
0.23959402740001678
0.19098301231861115
0.14735983312129974
0.10899347811937332
0.07612046599388123
0.04894348233938217
0.02763007953763008
0.012311659753322601
0.003082666313275695
0.0
1.9969173669815063
1.9759620428085327
1.955397129058838
1.932313323020935
1.9057921171188354
1.8752976655960083
1.8406262397766113
1.801709771156311
1.7585957050323486
1.711399793624878
1.6603015661239624
1.6055248975753784
1.5473365783691406
1.486034870147705
1.4219493865966797
1.3554325103759766
1.2868589162826538
1.2166192531585693
1.1451187133789062
1.0727717876434326
1.0
0.9272282123565674
0.854881227016449
0.7833806872367859
0.7131410837173462
0.6445675492286682
0.5780506134033203
0.5139650702476501
0.452663391828537
0.3944750428199768
0.3396984040737152
0.28860023617744446
0.24140432476997375
0.1982901692390442
0.15937380492687225
0.12470237910747528
0.09420784562826157
0.06768672168254852
0.04460291191935539
0.02403797022998333
0.003082666313275695
1.9876883029937744
1.955397129058838
1.925508975982666
1.895688772201538
1.8644098043441772
1.8308086395263672
1.7943944931030273
1.7548860311508179
1.7121644020080566
1.666210651397705
1.6170930862426758
1.5649394989013672
1.5099326372146606
1.4522950649261475
1.3922864198684692
1.3301939964294434
1.2663304805755615
1.2010271549224854
1.1346310377120972
1.067500114440918
1.0
0.932499885559082
0.8653689026832581
0.7989728450775146
0.7336694598197937
0.6698060631752014
0.6077136397361755
0.5477049946784973
0.49006733298301697
0.4350605010986328
0.3829069137573242
0.3337893784046173
0.28783556818962097
0.24511399865150452
0.20560546219348907
0.16919134557247162
0.13559015095233917
0.1043112576007843
0.07449108362197876
0.04460291191935539
0.012311659753322601
1.972369909286499
1.932313323020935
1.895688772201538
1.8604912757873535
1.8252832889556885
1.7890561819076538
1.7511669397354126
1.7111881971359253
1.6688761711120605
1.6241021156311035
1.5768402814865112
1.5271341800689697
1.4750916957855225
1.4208664894104004
1.3646544218063354
1.3066824674606323
1.2472059726715088
1.1865007877349854
1.1248600482940674
1.0625885725021362
1.0
0.9374114274978638
0.8751400113105774
0.8134992718696594
0.7527939677238464
0.6933175921440125
0.6353456377983093
0.5791335701942444
0.5249082446098328
0.47286587953567505
0.42315974831581116
0.3758978843688965
0.33112382888793945
0.2888117730617523
0.2488330751657486
0.21094383299350739
0.17471671104431152
0.1395086795091629
0.1043112576007843
0.06768672168254852
0.02763007953763008
1.9510564804077148
1.9057921171188354
1.8644098043441772
1.8252832889556885
1.7871102094650269
1.748900055885315
1.7099465131759644
1.669744849205017
1.6279667615890503
1.5844037532806396
1.5389553308486938
1.49159574508667
1.4423688650131226
1.3913676738739014
1.3387315273284912
1.2846330404281616
1.2292755842208862
1.1728838682174683
1.1157019138336182
1.057985544204712
1.0
0.9420145153999329
0.8842981457710266
0.827116072177887
0.7707244157791138
0.7153669595718384
0.6612684726715088
0.6086323857307434
0.5576311349868774
0.5084041953086853
0.4610446095466614
0.41559621691703796
0.3720332086086273
0.3302552103996277
0.29005342721939087
0.25110000371932983
0.21288979053497314
0.17471671104431152
0.13559015095233917
0.09420784562826157
0.04894348233938217
1.9238795042037964
1.8752976655960083
1.8308086395263672
1.7890561819076538
1.748900055885315
1.709412932395935
1.6698906421661377
1.6297979354858398
1.5887595415115356
1.5465140342712402
1.5029062032699585
1.4578564167022705
1.4113562107086182
1.3634475469589233
1.314220905303955
1.263801097869873
1.212345004081726
1.160031795501709
1.1070605516433716
1.0536428689956665
1.0
0.9463570713996887
0.8929393887519836
0.8399681448936462
0.7876549959182739
0.736198902130127
0.6857790946960449
0.6365525126457214
0.5886438488960266
0.5421435236930847
0.4970937669277191
0.45348602533340454
0.41124048829078674
0.37020209431648254
0.33010929822921753
0.29058703780174255
0.25110000371932983
0.21094383299350739
0.16919134557247162
0.12470237910747528
0.07612046599388123
1.8910064697265625
1.8406262397766113
1.7943944931030273
1.7511669397354126
1.7099465131759644
1.6698906421661377
1.6303269863128662
1.5907224416732788
1.5506821870803833
1.5099146366119385
1.4682282209396362
1.4255036115646362
1.381691336631775
1.3367923498153687
1.290855884552002
1.243965983390808
1.1962388753890991
1.1478135585784912
1.0988491773605347
1.0495173931121826
1.0
0.9504826068878174
0.9011508822441101
0.852186381816864
0.8037610650062561
0.7560339570045471
0.7091440558433533
0.6632077097892761
0.6183087229728699
0.5744963884353638
0.5317717790603638
0.49008530378341675
0.4493178725242615
0.4092775881290436
0.3696729838848114
0.33010929822921753
0.29005342721939087
0.2488330751657486
0.20560546219348907
0.15937380492687225
0.10899347811937332
1.852640151977539
1.801709771156311
1.7548860311508179
1.7111881971359253
1.669744849205017
1.6297979354858398
1.5907224416732788
1.5520061254501343
1.5132542848587036
1.4741628170013428
1.4345183372497559
1.3941751718521118
1.3530535697937012
1.3111225366592407
1.2683979272842407
1.2249295711517334
1.180799126625061
1.136110782623291
1.0909886360168457
1.045569658279419
1.0
0.9544304013252258
0.9090113043785095
0.863889217376709
0.819200873374939
0.7750704288482666
0.7316020131111145
0.6888774037361145
0.6469464302062988
0.6058248281478882
0.5654816627502441
0.525837242603302
0.4867457449436188
0.44799384474754333
0.4092775881290436
0.37020209431648254
0.3302552103996277
0.2888117730617523
0.24511399865150452
0.1982901692390442
0.14735983312129974
1.8090169429779053
1.7585957050323486
1.7121644020080566
1.6688761711120605
1.6279667615890503
1.5887595415115356
1.5506821870803833
1.5132542848587036
1.4760936498641968
1.4388972520828247
1.4014419317245483
1.363566279411316
1.3251699209213257
1.2861980199813843
1.2466403245925903
1.2065191268920898
1.1658873558044434
1.1248196363449097
1.0834100246429443
1.0417648553848267
1.0
0.9582350850105286
0.9165899753570557
0.8751803636550903
0.8341126441955566
0.7934808731079102
0.7533596158027649
0.7138019800186157
0.6748300790786743
0.6364336609840393
0.5985580086708069
0.5611026883125305
0.5239062905311584
0.4867457449436188
0.4493178725242615
0.41124048829078674
0.3720332086086273
0.33112382888793945
0.28783556818962097
0.24140432476997375
0.19098301231861115
1.7604060173034668
1.711399793624878
1.666210651397705
1.6241021156311035
1.5844037532806396
1.5465140342712402
1.5099146366119385
1.4741628170013428
1.4388972520828247
1.403824806213379
1.3687220811843872
1.333420753479004
1.2978078126907349
1.2618122100830078
1.2254042625427246
1.1885844469070435
1.1513826847076416
1.1138490438461304
1.076052188873291
1.0380727052688599
1.0
0.9619272351264954
0.9239477515220642
0.8861509561538696
0.8486173748970032
0.8114155530929565
0.7745957374572754
0.7381877303123474
0.7021921873092651
0.6665792465209961
0.6312779188156128
0.5961751937866211
0.5611026883125305
0.525837242603302
0.49008530378341675
0.45348602533340454
0.41559621691703796
0.3758978843688965
0.3337893784046173
0.28860023617744446
0.23959402740001678
1.7071068286895752
1.6603015661239624
1.6170930862426758
1.5768402814865112
1.5389553308486938
1.5029062032699585
1.4682282209396362
1.4345183372497559
1.4014419317245483
1.3687220811843872
1.3361421823501587
1.3035340309143066
1.2707788944244385
1.2377958297729492
1.2045412063598633
1.1709998846054077
1.1371831893920898
1.1031218767166138
1.0688636302947998
1.0344672203063965
1.0
0.9655327796936035
0.9311363697052002
0.8968781232833862
0.8628167510032654
0.8290001153945923
0.7954587936401367
0.7622042298316956
0.7292210459709167
0.6964659094810486
0.6638578176498413
0.6312779188156128
0.5985580086708069
0.5654816627502441
0.5317717790603638
0.4970937669277191
0.4610446095466614
0.42315974831581116
0.3829069137573242
0.3396984040737152
0.2928932309150696
1.649448037147522
1.6055248975753784
1.5649394989013672
1.5271341800689697
1.49159574508667
1.4578564167022705
1.4255036115646362
1.3941751718521118
1.363566279411316
1.333420753479004
1.3035340309143066
1.2737438678741455
1.2439308166503906
1.2140095233917236
1.18392813205719
1.1536601781845093
1.1232033967971802
1.0925730466842651
1.061800241470337
1.0309263467788696
1.0
0.9690737128257751
0.9381996989250183
0.9074269533157349
0.8767966032028198
0.8463398218154907
0.8160718083381653
0.7859904766082764
0.7560691833496094
0.7262561917304993
0.6964659094810486
0.6665792465209961
0.6364336609840393
0.6058248281478882
0.5744963884353638
0.5421435236930847
0.5084041953086853
0.47286587953567505
0.4350605010986328
0.3944750428199768
0.350551962852478
1.587785243988037
1.5473365783691406
1.5099326372146606
1.4750916957855225
1.4423688650131226
1.4113562107086182
1.381691336631775
1.3530535697937012
1.3251699209213257
1.2978078126907349
1.2707788944244385
1.2439308166503906
1.2171484231948853
1.190346360206604
1.1634687185287476
1.1364818811416626
1.1093744039535522
1.0821499824523926
1.0548267364501953
1.0274319648742676
1.0
0.9725680351257324
0.9451732635498047
0.9178500771522522
0.8906256556510925
0.8635180592536926
0.8365312814712524
0.8096535801887512
0.78285151720047
0.7560691833496094
0.7292210459709167
0.7021921873092651
0.6748300790786743
0.6469464302062988
0.6183087229728699
0.5886438488960266
0.5576311349868774
0.5249082446098328
0.49006733298301697
0.452663391828537
0.4122147560119629
1.522498607635498
1.486034870147705
1.4522950649261475
1.4208664894104004
1.3913676738739014
1.3634475469589233
1.3367923498153687
1.3111225366592407
1.2861980199813843
1.2618122100830078
1.2377958297729492
1.2140095233917236
1.190346360206604
1.1667245626449585
1.14308762550354
1.1193991899490356
1.0956412553787231
1.0718101263046265
1.0479140281677246
1.0239697694778442
1.0
0.9760302901268005
0.9520859718322754
0.9281899333000183
0.9043586850166321
0.8806008100509644
0.8569123148918152
0.8332754969596863
0.8096535801887512
0.7859904766082764
0.7622042298316956
0.7381877303123474
0.7138019800186157
0.6888774037361145
0.6632077097892761
0.6365525126457214
0.6086323857307434
0.5791335701942444
0.5477049946784973
0.5139650702476501
0.47750142216682434
1.4539904594421387
1.4219493865966797
1.3922864198684692
1.3646544218063354
1.3387315273284912
1.314220905303955
1.290855884552002
1.2683979272842407
1.2466403245925903
1.2254042625427246
1.2045412063598633
1.18392813205719
1.1634687185287476
1.14308762550354
1.1227316856384277
1.1023637056350708
1.081963300704956
1.0615215301513672
1.041040301322937
1.0205284357070923
1.0
0.9794716238975525
0.958959698677063
0.9384784698486328
0.918036699295044
0.8976362943649292
0.877268373966217
0.8569123148918152
0.8365312814712524
0.8160718083381653
0.7954587936401367
0.7745957374572754
0.7533596158027649
0.7316020131111145
0.7091440558433533
0.6857790946960449
0.6612684726715088
0.6353456377983093
0.6077136397361755
0.5780506134033203
0.5460094809532166
1.3826833963394165
1.3554325103759766
1.3301939964294434
1.3066824674606323
1.2846330404281616
1.263801097869873
1.243965983390808
1.2249295711517334
1.2065191268920898
1.1885844469070435
1.1709998846054077
1.1536601781845093
1.1364818811416626
1.1193991899490356
1.1023637056350708
1.0853410959243774
1.0683104991912842
1.0512604713439941
1.034188985824585
1.0170994997024536
1.0
0.9829005002975464
0.965811014175415
0.9487394690513611
0.9316895008087158
0.9146588444709778
0.8976362943649292
0.8806008100509644
0.8635180592536926
0.8463398218154907
0.8290001153945923
0.8114155530929565
0.7934808731079102
0.7750704288482666
0.7560339570045471
0.736198902130127
0.7153669595718384
0.6933175921440125
0.6698060631752014
0.6445675492286682
0.6173165440559387
1.3090169429779053
1.2868589162826538
1.2663304805755615
1.2472059726715088
1.2292755842208862
1.212345004081726
1.1962388753890991
1.180799126625061
1.1658873558044434
1.1513826847076416
1.1371831893920898
1.1232033967971802
1.1093744039535522
1.0956412553787231
1.081963300704956
1.0683104991912842
1.0546635389328003
1.041011095046997
1.0273488759994507
1.0136772394180298
1.0
0.986322820186615
0.9726511240005493
0.9589888453483582
0.9453364610671997
0.9316895008087158
0.918036699295044
0.9043586850166321
0.8906256556510925
0.8767966032028198
0.8628167510032654
0.8486173748970032
0.8341126441955566
0.819200873374939
0.8037610650062561
0.7876549959182739
0.7707244157791138
0.7527939677238464
0.7336694598197937
0.7131410837173462
0.69098299741745
1.233445405960083
1.2166192531585693
1.2010271549224854
1.1865007877349854
1.1728838682174683
1.160031795501709
1.1478135585784912
1.136110782623291
1.1248196363449097
1.1138490438461304
1.1031218767166138
1.0925730466842651
1.0821499824523926
1.0718101263046265
1.0615215301513672
1.0512604713439941
1.041011095046997
1.0307633876800537
1.020512580871582
1.010257601737976
1.0
0.9897423386573792
0.979487419128418
0.9692366123199463
0.9589888453483582
0.9487394690513611
0.9384784698486328
0.9281899333000183
0.9178500771522522
0.9074269533157349
0.8968781232833862
0.8861509561538696
0.8751803636550903
0.863889217376709
0.852186381816864
0.8399681448936462
0.827116072177887
0.8134992718696594
0.7989728450775146
0.7833806872367859
0.7665546536445618
1.156434416770935
1.1451187133789062
1.1346310377120972
1.1248600482940674
1.1157019138336182
1.1070605516433716
1.0988491773605347
1.0909886360168457
1.0834100246429443
1.076052188873291
1.0688636302947998
1.061800241470337
1.0548267364501953
1.0479140281677246
1.041040301322937
1.034188985824585
1.0273488759994507
1.020512580871582
1.013676404953003
1.0068387985229492
1.0
0.9931612610816956
0.9863235950469971
0.979487419128418
0.9726511240005493
0.965811014175415
0.958959698677063
0.9520859718322754
0.9451732635498047
0.9381996989250183
0.9311363697052002
0.9239477515220642
0.9165899753570557
0.9090113043785095
0.9011508822441101
0.8929393887519836
0.8842981457710266
0.8751400113105774
0.8653689026832581
0.854881227016449
0.8435655236244202
1.0784591436386108
1.0727717876434326
1.067500114440918
1.0625885725021362
1.057985544204712
1.0536428689956665
1.0495173931121826
1.045569658279419
1.0417648553848267
1.0380727052688599
1.0344672203063965
1.0309263467788696
1.0274319648742676
1.0239697694778442
1.0205284357070923
1.0170994997024536
1.0136772394180298
1.010257601737976
1.0068387985229492
1.0034195184707642
1.0
0.9965804815292358
0.9931612610816956
0.9897423386573792
0.986322820186615
0.9829005002975464
0.9794716238975525
0.9760302901268005
0.9725680351257324
0.9690737128257751
0.9655327796936035
0.9619272351264954
0.9582350850105286
0.9544304013252258
0.9504826068878174
0.9463570713996887
0.9420145153999329
0.9374114274978638
0.932499885559082
0.9272282123565674
0.9215409159660339
1.0
1.0
1.0
1.0
1.0
1.0
1.0
1.0
1.0
1.0
1.0
1.0
1.0
1.0
1.0
1.0
1.0
1.0
1.0
1.0
1.0
1.0
1.0
1.0
1.0
1.0
1.0
1.0
1.0
1.0
1.0
1.0
1.0
1.0
1.0
1.0
1.0
1.0
1.0
1.0
1.0
0.9215409159660339
0.9272282123565674
0.932499885559082
0.9374114274978638
0.9420145153999329
0.9463570713996887
0.9504826068878174
0.9544304013252258
0.9582350850105286
0.9619272351264954
0.9655327796936035
0.9690737128257751
0.9725680351257324
0.9760302901268005
0.9794716238975525
0.9829005002975464
0.986322820186615
0.9897423386573792
0.9931612610816956
0.9965804815292358
1.0
1.0034195184707642
1.0068387985229492
1.010257601737976
1.0136772394180298
1.0170994997024536
1.0205284357070923
1.0239697694778442
1.0274319648742676
1.0309263467788696
1.0344672203063965
1.0380727052688599
1.0417648553848267
1.045569658279419
1.0495173931121826
1.0536428689956665
1.057985544204712
1.0625885725021362
1.067500114440918
1.0727717876434326
1.0784591436386108
0.8435655236244202
0.854881227016449
0.8653689026832581
0.8751400113105774
0.8842981457710266
0.8929393887519836
0.9011508822441101
0.9090113043785095
0.9165899753570557
0.9239477515220642
0.9311363697052002
0.9381996989250183
0.9451732635498047
0.9520859718322754
0.958959698677063
0.965811014175415
0.9726511240005493
0.979487419128418
0.9863235950469971
0.9931612610816956
1.0
1.0068387985229492
1.013676404953003
1.020512580871582
1.0273488759994507
1.034188985824585
1.041040301322937
1.0479140281677246
1.0548267364501953
1.061800241470337
1.0688636302947998
1.076052188873291
1.0834100246429443
1.0909886360168457
1.0988491773605347
1.1070605516433716
1.1157019138336182
1.1248600482940674
1.1346310377120972
1.1451187133789062
1.156434416770935
0.7665546536445618
0.7833806872367859
0.7989728450775146
0.8134992718696594
0.827116072177887
0.8399681448936462
0.852186381816864
0.863889217376709
0.8751803636550903
0.8861509561538696
0.8968781232833862
0.9074269533157349
0.9178500771522522
0.9281899333000183
0.9384784698486328
0.9487394690513611
0.9589888453483582
0.9692366123199463
0.979487419128418
0.9897423386573792
1.0
1.010257601737976
1.020512580871582
1.0307633876800537
1.041011095046997
1.0512604713439941
1.0615215301513672
1.0718101263046265
1.0821499824523926
1.0925730466842651
1.1031218767166138
1.1138490438461304
1.1248196363449097
1.136110782623291
1.1478135585784912
1.160031795501709
1.1728838682174683
1.1865007877349854
1.2010271549224854
1.2166192531585693
1.233445405960083
0.69098299741745
0.7131410837173462
0.7336694598197937
0.7527939677238464
0.7707244157791138
0.7876549959182739
0.8037610650062561
0.819200873374939
0.8341126441955566
0.8486173748970032
0.8628167510032654
0.8767966032028198
0.8906256556510925
0.9043586850166321
0.918036699295044
0.9316895008087158
0.9453364610671997
0.9589888453483582
0.9726511240005493
0.986322820186615
1.0
1.0136772394180298
1.0273488759994507
1.041011095046997
1.0546635389328003
1.0683104991912842
1.081963300704956
1.0956412553787231
1.1093744039535522
1.1232033967971802
1.1371831893920898
1.1513826847076416
1.1658873558044434
1.180799126625061
1.1962388753890991
1.212345004081726
1.2292755842208862
1.2472059726715088
1.2663304805755615
1.2868589162826538
1.3090169429779053
0.6173165440559387
0.6445675492286682
0.6698060631752014
0.6933175921440125
0.7153669595718384
0.736198902130127
0.7560339570045471
0.7750704288482666
0.7934808731079102
0.8114155530929565
0.8290001153945923
0.8463398218154907
0.8635180592536926
0.8806008100509644
0.8976362943649292
0.9146588444709778
0.9316895008087158
0.9487394690513611
0.965811014175415
0.9829005002975464
1.0
1.0170994997024536
1.034188985824585
1.0512604713439941
1.0683104991912842
1.0853410959243774
1.1023637056350708
1.1193991899490356
1.1364818811416626
1.1536601781845093
1.1709998846054077
1.1885844469070435
1.2065191268920898
1.2249295711517334
1.243965983390808
1.263801097869873
1.2846330404281616
1.3066824674606323
1.3301939964294434
1.3554325103759766
1.3826833963394165
0.5460094809532166
0.5780506134033203
0.6077136397361755
0.6353456377983093
0.6612684726715088
0.6857790946960449
0.7091440558433533
0.7316020131111145
0.7533596158027649
0.7745957374572754
0.7954587936401367
0.8160718083381653
0.8365312814712524
0.8569123148918152
0.877268373966217
0.8976362943649292
0.918036699295044
0.9384784698486328
0.958959698677063
0.9794716238975525
1.0
1.0205284357070923
1.041040301322937
1.0615215301513672
1.081963300704956
1.1023637056350708
1.1227316856384277
1.14308762550354
1.1634687185287476
1.18392813205719
1.2045412063598633
1.2254042625427246
1.2466403245925903
1.2683979272842407
1.290855884552002
1.314220905303955
1.3387315273284912
1.3646544218063354
1.3922864198684692
1.4219493865966797
1.4539904594421387
0.47750142216682434
0.5139650702476501
0.5477049946784973
0.5791335701942444
0.6086323857307434
0.6365525126457214
0.6632077097892761
0.6888774037361145
0.7138019800186157
0.7381877303123474
0.7622042298316956
0.7859904766082764
0.8096535801887512
0.8332754969596863
0.8569123148918152
0.8806008100509644
0.9043586850166321
0.9281899333000183
0.9520859718322754
0.9760302901268005
1.0
1.0239697694778442
1.0479140281677246
1.0718101263046265
1.0956412553787231
1.1193991899490356
1.14308762550354
1.1667245626449585
1.190346360206604
1.2140095233917236
1.2377958297729492
1.2618122100830078
1.2861980199813843
1.3111225366592407
1.3367923498153687
1.3634475469589233
1.3913676738739014
1.4208664894104004
1.4522950649261475
1.486034870147705
1.522498607635498
0.4122147560119629
0.452663391828537
0.49006733298301697
0.5249082446098328
0.5576311349868774
0.5886438488960266
0.6183087229728699
0.6469464302062988
0.6748300790786743
0.7021921873092651
0.7292210459709167
0.7560691833496094
0.78285151720047
0.8096535801887512
0.8365312814712524
0.8635180592536926
0.8906256556510925
0.9178500771522522
0.9451732635498047
0.9725680351257324
1.0
1.0274319648742676
1.0548267364501953
1.0821499824523926
1.1093744039535522
1.1364818811416626
1.1634687185287476
1.190346360206604
1.2171484231948853
1.2439308166503906
1.2707788944244385
1.2978078126907349
1.3251699209213257
1.3530535697937012
1.381691336631775
1.4113562107086182
1.4423688650131226
1.4750916957855225
1.5099326372146606
1.5473365783691406
1.587785243988037
0.350551962852478
0.3944750428199768
0.4350605010986328
0.47286587953567505
0.5084041953086853
0.5421435236930847
0.5744963884353638
0.6058248281478882
0.6364336609840393
0.6665792465209961
0.6964659094810486
0.7262561917304993
0.7560691833496094
0.7859904766082764
0.8160718083381653
0.8463398218154907
0.8767966032028198
0.9074269533157349
0.9381996989250183
0.9690737128257751
1.0
1.0309263467788696
1.061800241470337
1.0925730466842651
1.1232033967971802
1.1536601781845093
1.18392813205719
1.2140095233917236
1.2439308166503906
1.2737438678741455
1.3035340309143066
1.333420753479004
1.363566279411316
1.3941751718521118
1.4255036115646362
1.4578564167022705
1.49159574508667
1.5271341800689697
1.5649394989013672
1.6055248975753784
1.649448037147522
0.2928932309150696
0.3396984040737152
0.3829069137573242
0.42315974831581116
0.4610446095466614
0.4970937669277191
0.5317717790603638
0.5654816627502441
0.5985580086708069
0.6312779188156128
0.6638578176498413
0.6964659094810486
0.7292210459709167
0.7622042298316956
0.7954587936401367
0.8290001153945923
0.8628167510032654
0.8968781232833862
0.9311363697052002
0.9655327796936035
1.0
1.0344672203063965
1.0688636302947998
1.1031218767166138
1.1371831893920898
1.1709998846054077
1.2045412063598633
1.2377958297729492
1.2707788944244385
1.3035340309143066
1.3361421823501587
1.3687220811843872
1.4014419317245483
1.4345183372497559
1.4682282209396362
1.5029062032699585
1.5389553308486938
1.5768402814865112
1.6170930862426758
1.6603015661239624
1.7071068286895752
0.23959402740001678
0.28860023617744446
0.3337893784046173
0.3758978843688965
0.41559621691703796
0.45348602533340454
0.49008530378341675
0.525837242603302
0.5611026883125305
0.5961751937866211
0.6312779188156128
0.6665792465209961
0.7021921873092651
0.7381877303123474
0.7745957374572754
0.8114155530929565
0.8486173748970032
0.8861509561538696
0.9239477515220642
0.9619272351264954
1.0
1.0380727052688599
1.076052188873291
1.1138490438461304
1.1513826847076416
1.1885844469070435
1.2254042625427246
1.2618122100830078
1.2978078126907349
1.333420753479004
1.3687220811843872
1.403824806213379
1.4388972520828247
1.4741628170013428
1.5099146366119385
1.5465140342712402
1.5844037532806396
1.6241021156311035
1.666210651397705
1.711399793624878
1.7604060173034668
0.19098301231861115
0.24140432476997375
0.28783556818962097
0.33112382888793945
0.3720332086086273
0.41124048829078674
0.4493178725242615
0.4867457449436188
0.5239062905311584
0.5611026883125305
0.5985580086708069
0.6364336609840393
0.6748300790786743
0.7138019800186157
0.7533596158027649
0.7934808731079102
0.8341126441955566
0.8751803636550903
0.9165899753570557
0.9582350850105286
1.0
1.0417648553848267
1.0834100246429443
1.1248196363449097
1.1658873558044434
1.2065191268920898
1.2466403245925903
1.2861980199813843
1.3251699209213257
1.363566279411316
1.4014419317245483
1.4388972520828247
1.4760936498641968
1.5132542848587036
1.5506821870803833
1.5887595415115356
1.6279667615890503
1.6688761711120605
1.7121644020080566
1.7585957050323486
1.8090169429779053
0.14735983312129974
0.1982901692390442
0.24511399865150452
0.2888117730617523
0.3302552103996277
0.37020209431648254
0.4092775881290436
0.44799384474754333
0.4867457449436188
0.525837242603302
0.5654816627502441
0.6058248281478882
0.6469464302062988
0.6888774037361145
0.7316020131111145
0.7750704288482666
0.819200873374939
0.863889217376709
0.9090113043785095
0.9544304013252258
1.0
1.045569658279419
1.0909886360168457
1.136110782623291
1.180799126625061
1.2249295711517334
1.2683979272842407
1.3111225366592407
1.3530535697937012
1.3941751718521118
1.4345183372497559
1.4741628170013428
1.5132542848587036
1.5520061254501343
1.5907224416732788
1.6297979354858398
1.669744849205017
1.7111881971359253
1.7548860311508179
1.801709771156311
1.852640151977539
0.10899347811937332
0.15937380492687225
0.20560546219348907
0.2488330751657486
0.29005342721939087
0.33010929822921753
0.3696729838848114
0.4092775881290436
0.4493178725242615
0.49008530378341675
0.5317717790603638
0.5744963884353638
0.6183087229728699
0.6632077097892761
0.7091440558433533
0.7560339570045471
0.8037610650062561
0.852186381816864
0.9011508822441101
0.9504826068878174
1.0
1.0495173931121826
1.0988491773605347
1.1478135585784912
1.1962388753890991
1.243965983390808
1.290855884552002
1.3367923498153687
1.381691336631775
1.4255036115646362
1.4682282209396362
1.5099146366119385
1.5506821870803833
1.5907224416732788
1.6303269863128662
1.6698906421661377
1.7099465131759644
1.7511669397354126
1.7943944931030273
1.8406262397766113
1.8910064697265625
0.07612046599388123
0.12470237910747528
0.16919134557247162
0.21094383299350739
0.25110000371932983
0.29058703780174255
0.33010929822921753
0.37020209431648254
0.41124048829078674
0.45348602533340454
0.4970937669277191
0.5421435236930847
0.5886438488960266
0.6365525126457214
0.6857790946960449
0.736198902130127
0.7876549959182739
0.8399681448936462
0.8929393887519836
0.9463570713996887
1.0
1.0536428689956665
1.1070605516433716
1.160031795501709
1.212345004081726
1.263801097869873
1.314220905303955
1.3634475469589233
1.4113562107086182
1.4578564167022705
1.5029062032699585
1.5465140342712402
1.5887595415115356
1.6297979354858398
1.6698906421661377
1.709412932395935
1.748900055885315
1.7890561819076538
1.8308086395263672
1.8752976655960083
1.9238795042037964
0.04894348233938217
0.09420784562826157
0.13559015095233917
0.17471671104431152
0.21288979053497314
0.25110000371932983
0.29005342721939087
0.3302552103996277
0.3720332086086273
0.41559621691703796
0.4610446095466614
0.5084041953086853
0.5576311349868774
0.6086323857307434
0.6612684726715088
0.7153669595718384
0.7707244157791138
0.827116072177887
0.8842981457710266
0.9420145153999329
1.0
1.057985544204712
1.1157019138336182
1.1728838682174683
1.2292755842208862
1.2846330404281616
1.3387315273284912
1.3913676738739014
1.4423688650131226
1.49159574508667
1.5389553308486938
1.5844037532806396
1.6279667615890503
1.669744849205017
1.7099465131759644
1.748900055885315
1.7871102094650269
1.8252832889556885
1.8644098043441772
1.9057921171188354
1.9510564804077148
0.02763007953763008
0.06768672168254852
0.1043112576007843
0.1395086795091629
0.17471671104431152
0.21094383299350739
0.2488330751657486
0.2888117730617523
0.33112382888793945
0.3758978843688965
0.42315974831581116
0.47286587953567505
0.5249082446098328
0.5791335701942444
0.6353456377983093
0.6933175921440125
0.7527939677238464
0.8134992718696594
0.8751400113105774
0.9374114274978638
1.0
1.0625885725021362
1.1248600482940674
1.1865007877349854
1.2472059726715088
1.3066824674606323
1.3646544218063354
1.4208664894104004
1.4750916957855225
1.5271341800689697
1.5768402814865112
1.6241021156311035
1.6688761711120605
1.7111881971359253
1.7511669397354126
1.7890561819076538
1.8252832889556885
1.8604912757873535
1.895688772201538
1.932313323020935
1.972369909286499
0.012311659753322601
0.04460291191935539
0.07449108362197876
0.1043112576007843
0.13559015095233917
0.16919134557247162
0.20560546219348907
0.24511399865150452
0.28783556818962097
0.3337893784046173
0.3829069137573242
0.4350605010986328
0.49006733298301697
0.5477049946784973
0.6077136397361755
0.6698060631752014
0.7336694598197937
0.7989728450775146
0.8653689026832581
0.932499885559082
1.0
1.067500114440918
1.1346310377120972
1.2010271549224854
1.2663304805755615
1.3301939964294434
1.3922864198684692
1.4522950649261475
1.5099326372146606
1.5649394989013672
1.6170930862426758
1.666210651397705
1.7121644020080566
1.7548860311508179
1.7943944931030273
1.8308086395263672
1.8644098043441772
1.895688772201538
1.925508975982666
1.955397129058838
1.9876883029937744
0.003082666313275695
0.02403797022998333
0.04460291191935539
0.06768672168254852
0.09420784562826157
0.12470237910747528
0.15937380492687225
0.1982901692390442
0.24140432476997375
0.28860023617744446
0.3396984040737152
0.3944750428199768
0.452663391828537
0.5139650702476501
0.5780506134033203
0.6445675492286682
0.7131410837173462
0.7833806872367859
0.854881227016449
0.9272282123565674
1.0
1.0727717876434326
1.1451187133789062
1.2166192531585693
1.2868589162826538
1.3554325103759766
1.4219493865966797
1.486034870147705
1.5473365783691406
1.6055248975753784
1.6603015661239624
1.711399793624878
1.7585957050323486
1.801709771156311
1.8406262397766113
1.8752976655960083
1.9057921171188354
1.932313323020935
1.955397129058838
1.9759620428085327
1.9969173669815063
0.0
0.003082666313275695
0.012311659753322601
0.02763007953763008
0.04894348233938217
0.07612046599388123
0.10899347811937332
0.14735983312129974
0.19098301231861115
0.23959402740001678
0.2928932309150696
0.350551962852478
0.4122147560119629
0.47750142216682434
0.5460094809532166
0.6173165440559387
0.69098299741745
0.7665546536445618
0.8435655236244202
0.9215409159660339
1.0
1.0784591436386108
1.156434416770935
1.233445405960083
1.3090169429779053
1.3826833963394165
1.4539904594421387
1.522498607635498
1.587785243988037
1.649448037147522
1.7071068286895752
1.7604060173034668
1.8090169429779053
1.852640151977539
1.8910064697265625
1.9238795042037964
1.9510564804077148
1.972369909286499
1.9876883029937744
1.9969173669815063
2.0
