2.0
1.9969173669815063
1.9876883029937744
1.972369909286499
1.9510564804077148
1.9238795042037964
1.8910064697265625
1.852640151977539
1.8090169429779053
1.7604060173034668
1.7071068286895752
1.649448037147522
1.587785243988037
1.522498607635498
1.4539904594421387
1.3826833963394165
1.3090169429779053
1.233445405960083
1.156434416770935
1.0784591436386108
1.0
0.9215409159660339
0.8435655236244202
0.7665546536445618
0.69098299741745
0.6173165440559387
0.5460094809532166
0.47750142216682434
0.4122147560119629
0.350551962852478
0.2928932309150696
0.23959402740001678
0.19098301231861115
0.14735983312129974
0.10899347811937332
0.07612046599388123
0.04894348233938217
0.02763007953763008
0.012311659753322601
0.003082666313275695
0.0
1.9969173669815063
1.9759610891342163
1.9553955793380737
1.9323114156723022
1.9057899713516235
1.8752952814102173
1.8406237363815308
1.80170738697052
1.758593201637268
1.7113972902297974
1.660299301147461
1.6055227518081665
1.5473345518112183
1.4860330820083618
1.4219478368759155
1.355431079864502
1.2868578433990479
1.216618537902832
1.145118236541748
1.0727715492248535
1.0
0.9272285103797913
0.8548818230628967
0.7833815217018127
0.7131421566009521
0.6445688605308533
0.5780522227287292
0.5139668583869934
0.45266538858413696
0.3944772183895111
0.33970069885253906
0.28860265016555786
0.24140679836273193
0.19829267263412476
0.15937624871730804
0.12470473349094391
0.09421002864837646
0.06768863648176193
0.04460442066192627
0.0240388922393322
0.003082666313275695
1.9876883029937744
1.9553955793380737
1.925506353378296
1.8956854343414307
1.8644059896469116
1.830804467201233
1.794390082359314
1.754881501197815
1.7121599912643433
1.6662062406539917
1.6170889139175415
1.564935564994812
1.5099290609359741
1.45229172706604
1.3922834396362305
1.3301914930343628
1.2663285732269287
1.2010256052017212
1.1346300840377808
1.0674996376037598
1.0
0.9325003623962402
0.8653699159622192
0.798974335193634
0.7336714863777161
0.6698085069656372
0.6077165007591248
0.54770827293396
0.49007096886634827
0.4350644648075104
0.3829110860824585
0.3337937295436859
0.2878400683403015
0.24511849880218506
0.20560987293720245
0.16919556260108948
0.13559402525424957
0.10431459546089172
0.0744936615228653
0.04460442066192627
0.012311659753322601
1.972369909286499
1.9323114156723022
1.8956854343414307
1.8604869842529297
1.8252781629562378
1.789050579071045
1.751160979270935
1.7111821174621582
1.6688700914382935
1.624096155166626
1.5768345594406128
1.5271286964416504
1.4750868082046509
1.4208619594573975
1.3646503686904907
1.3066790103912354
1.2472032308578491
1.1864986419677734
1.1248586177825928
1.062587857246399
1.0
0.9374121427536011
0.8751413822174072
0.8135013580322266
0.7527967095375061
0.6933209300041199
0.6353495717048645
0.5791380405426025
0.5249132513999939
0.47287124395370483
0.4231654703617096
0.375903844833374
0.33112987875938416
0.2888178527355194
0.24883900582790375
0.21094948053359985
0.1747218370437622
0.1395130604505539
0.10431459546089172
0.06768863648176193
0.02763007953763008
1.9510564804077148
1.9057899713516235
1.8644059896469116
1.8252781629562378
1.7871041297912598
1.7488932609558105
1.7099394798278809
1.669737458229065
1.6279594898223877
1.5843966007232666
1.5389485359191895
1.4915893077850342
1.4423627853393555
1.391362190246582
1.3387267589569092
1.284628987312317
1.2292722463607788
1.1728813648223877
1.115700125694275
1.0579845905303955
1.0
0.9420153498649597
0.8842998147010803
0.8271186351776123
0.7707277536392212
0.7153710126876831
0.6612733006477356
0.608637809753418
0.5576371550559998
0.5084106922149658
0.4610515236854553
0.4156033992767334
0.3720405101776123
0.3302624821662903
0.29006052017211914
0.2511066794395447
0.21289584040641785
0.1747218370437622
0.13559402525424957
0.09421002864837646
0.04894348233938217
1.9238795042037964
1.8752952814102173
1.830804467201233
1.789050579071045
1.7488932609558105
1.709405541419983
1.6698827743530273
1.6297897100448608
1.5887513160705566
1.5465059280395508
1.5028984546661377
1.457849144935608
1.4113494157791138
1.3634413480758667
1.3142154216766357
1.2637964487075806
1.21234130859375
1.1600289344787598
1.1070586442947388
1.05364191532135
1.0
0.9463580250740051
0.8929413557052612
0.8399710059165955
0.7876587510108948
0.7362035512924194
0.6857845187187195
0.6365586519241333
0.588650643825531
0.5421508550643921
0.4971015453338623
0.4534940719604492
0.41124865412712097
0.3702102303504944
0.33011722564697266
0.2905944883823395
0.2511066794395447
0.21094948053359985
0.16919556260108948
0.12470473349094391
0.07612046599388123
1.8910064697265625
1.8406237363815308
1.794390082359314
1.751160979270935
1.7099394798278809
1.6698827743530273
1.630318522453308
1.5907137393951416
1.5506733655929565
1.5099060535430908
1.4682198762893677
1.4254957437515259
1.3816839456558228
1.3367856740951538
1.290850043296814
1.243960976600647
1.1962348222732544
1.147810459136963
1.0988470315933228
1.0495163202285767
1.0
0.9504836201667786
0.9011529684066772
0.8521894812583923
0.8037651777267456
0.7560389637947083
0.709149956703186
0.6632143259048462
0.6183160543441772
0.5745043158531189
0.5317801237106323
0.49009397625923157
0.44932663440704346
0.4092862904071808
0.3696814477443695
0.33011722564697266
0.29006052017211914
0.24883900582790375
0.20560987293720245
0.15937624871730804
0.10899347811937332
1.852640151977539
1.80170738697052
1.754881501197815
1.7111821174621582
1.669737458229065
1.6297897100448608
1.5907137393951416
1.551997184753418
1.5132451057434082
1.474153757095337
1.4345096349716187
1.3941669464111328
1.35304594039917
1.3111156225204468
1.2683918476104736
1.2249243259429932
1.1807948350906372
1.1361075639724731
1.0909864902496338
1.0455684661865234
1.0
0.9544314742088318
0.9090135097503662
0.8638924360275269
0.8192051649093628
0.7750756740570068
0.7316081523895264
0.6888843774795532
0.6469540596008301
0.6058330535888672
0.5654903650283813
0.5258461833000183
0.4867548644542694
0.4480028450489044
0.4092862904071808
0.3702102303504944
0.3302624821662903
0.2888178527355194
0.24511849880218506
0.19829267263412476
0.14735983312129974
1.8090169429779053
1.758593201637268
1.7121599912643433
1.6688700914382935
1.6279594898223877
1.5887513160705566
1.5506733655929565
1.5132451057434082
1.4760844707489014
1.4388881921768188
1.4014332294464111
1.3635579347610474
1.3251621723175049
1.2861909866333008
1.2466341257095337
1.2065138816833496
1.1658830642700195
1.1248162984848022
1.0834077596664429
1.0417637825012207
1.0
0.9582362174987793
0.9165921807289124
0.875183641910553
0.8341169953346252
0.7934861779212952
0.7533658742904663
0.7138090133666992
0.6748378276824951
0.6364420056343079
0.5985668301582336
0.5611118078231812
0.5239154696464539
0.4867548644542694
0.44932663440704346
0.41124865412712097
0.3720405101776123
0.33112987875938416
0.2878400683403015
0.24140679836273193
0.19098301231861115
1.7604060173034668
1.7113972902297974
1.6662062406539917
1.624096155166626
1.5843966007232666
1.5465059280395508
1.5099060535430908
1.474153757095337
1.4388881921768188
1.4038158655166626
1.36871337890625
1.333412528038025
1.2978001832962036
1.2618052959442139
1.225398063659668
1.1885792016983032
1.1513783931732178
1.113845705986023
1.076050043106079
1.038071632385254
1.0
0.9619283676147461
0.9239500164985657
0.886154294013977
0.848621666431427
0.8114207983016968
0.774601936340332
0.7381947040557861
0.7021998763084412
0.6665875315666199
0.63128662109375
0.5961841940879822
0.5611118078231812
0.5258461833000183
0.49009397625923157
0.4534940719604492
0.4156033992767334
0.375903844833374
0.3337937295436859
0.28860265016555786
0.23959402740001678
1.7071068286895752
1.660299301147461
1.6170889139175415
1.5768345594406128
1.5389485359191895
1.5028984546661377
1.4682198762893677
1.4345096349716187
1.4014332294464111
1.36871337890625
1.3361337184906006
1.3035260438919067
1.2707715034484863
1.2377890348434448
1.2045352458953857
1.170994758605957
1.1371790170669556
1.103118658065796
1.068861484527588
1.0344661474227905
1.0
0.9655338525772095
0.9311385750770569
0.8968812823295593
0.8628209829330444
0.829005241394043
0.795464813709259
0.7622110247612
0.7292285561561584
0.6964739561080933
0.6638662815093994
0.63128662109375
0.5985668301582336
0.5654903650283813
0.5317801237106323
0.4971015453338623
0.4610515236854553
0.4231654703617096
0.3829110860824585
0.33970069885253906
0.2928932309150696
1.649448037147522
1.6055227518081665
1.564935564994812
1.5271286964416504
1.4915893077850342
1.457849144935608
1.4254957437515259
1.3941669464111328
1.3635579347610474
1.333412528038025
1.3035260438919067
1.2737362384796143
1.2439236640930176
1.214003086090088
1.1839224100112915
1.1536552906036377
1.1231993436813354
1.0925700664520264
1.0617982149124146
1.0309252738952637
1.0
0.9690747261047363
0.9382017850875854
0.9074299931526184
0.8768006563186646
0.8463447093963623
0.8160775303840637
0.7859969139099121
0.7560762763023376
0.7262638211250305
0.6964739561080933
0.6665875315666199
0.6364420056343079
0.6058330535888672
0.5745043158531189
0.5421508550643921
0.5084106922149658
0.47287124395370483
0.4350644648075104
0.3944772183895111
0.350551962852478
1.587785243988037
1.5473345518112183
1.5099290609359741
1.4750868082046509
1.4423627853393555
1.4113494157791138
1.3816839456558228
1.35304594039917
1.3251621723175049
1.2978001832962036
1.2707715034484863
1.2439236640930176
1.21714186668396
1.1903403997421265
1.1634633541107178
1.1364773511886597
1.1093705892562866
1.0821471214294434
1.0548248291015625
1.0274310111999512
1.0
0.9725689888000488
0.9451752305030823
0.9178529381752014
0.8906293511390686
0.8635226488113403
0.8365366458892822
0.8096596002578735
0.78285813331604
0.7560762763023376
0.7292285561561584
0.7021998763084412
0.6748378276824951
0.6469540596008301
0.6183160543441772
0.588650643825531
0.5576371550559998
0.5249132513999939
0.49007096886634827
0.45266538858413696
0.4122147560119629
1.522498607635498
1.4860330820083618
1.45229172706604
1.4208619594573975
1.391362190246582
1.3634413480758667
1.3367856740951538
1.3111156225204468
1.2861909866333008
1.2618052959442139
1.2377890348434448
1.214003086090088
1.1903403997421265
1.1667190790176392
1.143082857131958
1.1193950176239014
1.0956379175186157
1.0718075037002563
1.0479122400283813
1.0239688158035278
1.0
0.9760311245918274
0.9520877003669739
0.9281924962997437
0.9043620824813843
0.8806049823760986
0.8569172024726868
0.8332809805870056
0.8096596002578735
0.7859969139099121
0.7622110247612
0.7381947040557861
0.7138090133666992
0.6888843774795532
0.6632143259048462
0.6365586519241333
0.608637809753418
0.5791380405426025
0.54770827293396
0.5139668583869934
0.47750142216682434
1.4539904594421387
1.4219478368759155
1.3922834396362305
1.3646503686904907
1.3387267589569092
1.3142154216766357
1.290850043296814
1.2683918476104736
1.2466341257095337
1.225398063659668
1.2045352458953857
1.1839224100112915
1.1634633541107178
1.143082857131958
1.1227272748947144
1.1023600101470947
1.0819603204727173
1.0615192651748657
1.0410387516021729
1.0205276012420654
1.0
0.9794723987579346
0.9589612483978271
0.9384807348251343
0.9180396795272827
0.8976399898529053
0.8772726655006409
0.8569172024726868
0.8365366458892822
0.8160775303840637
0.795464813709259
0.774601936340332
0.7533658742904663
0.7316081523895264
0.709149956703186
0.6857845187187195
0.6612733006477356
0.6353495717048645
0.6077165007591248
0.5780522227287292
0.5460094809532166
1.3826833963394165
1.355431079864502
1.3301914930343628
1.3066790103912354
1.284628987312317
1.2637964487075806
1.243960976600647
1.2249243259429932
1.2065138816833496
1.1885792016983032
1.170994758605957
1.1536552906036377
1.1364773511886597
1.1193950176239014
1.1023600101470947
1.0853379964828491
1.068307876586914
1.0512585639953613
1.0341876745224
1.0170987844467163
1.0
0.9829012155532837
0.9658123254776001
0.9487414360046387
0.9316921234130859
0.9146620035171509
0.8976399898529053
0.8806049823760986
0.8635226488113403
0.8463447093963623
0.829005241394043
0.8114207983016968
0.7934861779212952
0.7750756740570068
0.7560389637947083
0.7362035512924194
0.7153710126876831
0.6933209300041199
0.6698085069656372
0.6445688605308533
0.6173165440559387
1.3090169429779053
1.2868578433990479
1.2663285732269287
1.2472032308578491
1.2292722463607788
1.21234130859375
1.1962348222732544
1.1807948350906372
1.1658830642700195
1.1513783931732178
1.1371790170669556
1.1231993436813354
1.1093705892562866
1.0956379175186157
1.0819603204727173
1.068307876586914
1.054661512374878
1.041009545326233
1.0273478031158447
1.013676643371582
1.0
0.986323356628418
0.9726521968841553
0.9589904546737671
0.9453385472297668
0.9316921234130859
0.9180396795272827
0.9043620824813843
0.8906293511390686
0.8768006563186646
0.8628209829330444
0.848621666431427
0.8341169953346252
0.8192051649093628
0.8037651777267456
0.7876587510108948
0.7707277536392212
0.7527967095375061
0.7336714863777161
0.7131421566009521
0.69098299741745
1.233445405960083
1.216618537902832
1.2010256052017212
1.1864986419677734
1.1728813648223877
1.1600289344787598
1.147810459136963
1.1361075639724731
1.1248162984848022
1.113845705986023
1.103118658065796
1.0925700664520264
1.0821471214294434
1.0718075037002563
1.0615192651748657
1.0512585639953613
1.041009545326233
1.0307621955871582
1.0205117464065552
1.0102572441101074
1.0
0.9897427558898926
0.9794881939888
0.9692378640174866
0.9589904546737671
0.9487414360046387
0.9384807348251343
0.9281924962997437
0.9178529381752014
0.9074299931526184
0.8968812823295593
0.886154294013977
0.875183641910553
0.8638924360275269
0.8521894812583923
0.8399710059165955
0.8271186351776123
0.8135013580322266
0.798974335193634
0.7833815217018127
0.7665546536445618
1.156434416770935
1.145118236541748
1.1346300840377808
1.1248586177825928
1.115700125694275
1.1070586442947388
1.0988470315933228
1.0909864902496338
1.0834077596664429
1.076050043106079
1.068861484527588
1.0617982149124146
1.0548248291015625
1.0479122400283813
1.0410387516021729
1.0341876745224
1.0273478031158447
1.0205117464065552
1.0136758089065552
1.0068384408950806
1.0
0.9931615591049194
0.9863241910934448
0.9794881939888
0.9726521968841553
0.9658123254776001
0.9589612483978271
0.9520877003669739
0.9451752305030823
0.9382017850875854
0.9311385750770569
0.9239500164985657
0.9165921807289124
0.9090135097503662
0.9011529684066772
0.8929413557052612
0.8842998147010803
0.8751413822174072
0.8653699159622192
0.8548818230628967
0.8435655236244202
1.0784591436386108
1.0727715492248535
1.0674996376037598
1.062587857246399
1.0579845905303955
1.05364191532135
1.0495163202285767
1.0455684661865234
1.0417637825012207
1.038071632385254
1.0344661474227905
1.0309252738952637
1.0274310111999512
1.0239688158035278
1.0205276012420654
1.0170987844467163
1.013676643371582
1.0102572441101074
1.0068384408950806
1.0034193992614746
1.0
0.9965806007385254
0.9931615591049194
0.9897427558898926
0.986323356628418
0.9829012155532837
0.9794723987579346
0.9760311245918274
0.9725689888000488
0.9690747261047363
0.9655338525772095
0.9619283676147461
0.9582362174987793
0.9544314742088318
0.9504836201667786
0.9463580250740051
0.9420153498649597
0.9374121427536011
0.9325003623962402
0.9272285103797913
0.9215409159660339
1.0
1.0
1.0
1.0
1.0
1.0
1.0
1.0
1.0
1.0
1.0
1.0
1.0
1.0
1.0
1.0
1.0
1.0
1.0
1.0
1.0
1.0
1.0
1.0
1.0
1.0
1.0
1.0
1.0
1.0
1.0
1.0
1.0
1.0
1.0
1.0
1.0
1.0
1.0
1.0
1.0
0.9215409159660339
0.9272285103797913
0.9325003623962402
0.9374121427536011
0.9420153498649597
0.9463580250740051
0.9504836201667786
0.9544314742088318
0.9582362174987793
0.9619283676147461
0.9655338525772095
0.9690747261047363
0.9725689888000488
0.9760311245918274
0.9794723987579346
0.9829012155532837
0.986323356628418
0.9897427558898926
0.9931615591049194
0.9965806007385254
1.0
1.0034193992614746
1.0068384408950806
1.0102572441101074
1.013676643371582
1.0170987844467163
1.0205276012420654
1.0239688158035278
1.0274310111999512
1.0309252738952637
1.0344661474227905
1.038071632385254
1.0417637825012207
1.0455684661865234
1.0495163202285767
1.05364191532135
1.0579845905303955
1.062587857246399
1.0674996376037598
1.0727715492248535
1.0784591436386108
0.8435655236244202
0.8548818230628967
0.8653699159622192
0.8751413822174072
0.8842998147010803
0.8929413557052612
0.9011529684066772
0.9090135097503662
0.9165921807289124
0.9239500164985657
0.9311385750770569
0.9382017850875854
0.9451752305030823
0.9520877003669739
0.9589612483978271
0.9658123254776001
0.9726521968841553
0.9794881939888
0.9863241910934448
0.9931615591049194
1.0
1.0068384408950806
1.0136758089065552
1.0205117464065552
1.0273478031158447
1.0341876745224
1.0410387516021729
1.0479122400283813
1.0548248291015625
1.0617982149124146
1.068861484527588
1.076050043106079
1.0834077596664429
1.0909864902496338
1.0988470315933228
1.1070586442947388
1.115700125694275
1.1248586177825928
1.1346300840377808
1.145118236541748
1.156434416770935
0.7665546536445618
0.7833815217018127
0.798974335193634
0.8135013580322266
0.8271186351776123
0.8399710059165955
0.8521894812583923
0.8638924360275269
0.875183641910553
0.886154294013977
0.8968812823295593
0.9074299931526184
0.9178529381752014
0.9281924962997437
0.9384807348251343
0.9487414360046387
0.9589904546737671
0.9692378640174866
0.9794881939888
0.9897427558898926
1.0
1.0102572441101074
1.0205117464065552
1.0307621955871582
1.041009545326233
1.0512585639953613
1.0615192651748657
1.0718075037002563
1.0821471214294434
1.0925700664520264
1.103118658065796
1.113845705986023
1.1248162984848022
1.1361075639724731
1.147810459136963
1.1600289344787598
1.1728813648223877
1.1864986419677734
1.2010256052017212
1.216618537902832
1.233445405960083
0.69098299741745
0.7131421566009521
0.7336714863777161
0.7527967095375061
0.7707277536392212
0.7876587510108948
0.8037651777267456
0.8192051649093628
0.8341169953346252
0.848621666431427
0.8628209829330444
0.8768006563186646
0.8906293511390686
0.9043620824813843
0.9180396795272827
0.9316921234130859
0.9453385472297668
0.9589904546737671
0.9726521968841553
0.986323356628418
1.0
1.013676643371582
1.0273478031158447
1.041009545326233
1.054661512374878
1.068307876586914
1.0819603204727173
1.0956379175186157
1.1093705892562866
1.1231993436813354
1.1371790170669556
1.1513783931732178
1.1658830642700195
1.1807948350906372
1.1962348222732544
1.21234130859375
1.2292722463607788
1.2472032308578491
1.2663285732269287
1.2868578433990479
1.3090169429779053
0.6173165440559387
0.6445688605308533
0.6698085069656372
0.6933209300041199
0.7153710126876831
0.7362035512924194
0.7560389637947083
0.7750756740570068
0.7934861779212952
0.8114207983016968
0.829005241394043
0.8463447093963623
0.8635226488113403
0.8806049823760986
0.8976399898529053
0.9146620035171509
0.9316921234130859
0.9487414360046387
0.9658123254776001
0.9829012155532837
1.0
1.0170987844467163
1.0341876745224
1.0512585639953613
1.068307876586914
1.0853379964828491
1.1023600101470947
1.1193950176239014
1.1364773511886597
1.1536552906036377
1.170994758605957
1.1885792016983032
1.2065138816833496
1.2249243259429932
1.243960976600647
1.2637964487075806
1.284628987312317
1.3066790103912354
1.3301914930343628
1.355431079864502
1.3826833963394165
0.5460094809532166
0.5780522227287292
0.6077165007591248
0.6353495717048645
0.6612733006477356
0.6857845187187195
0.709149956703186
0.7316081523895264
0.7533658742904663
0.774601936340332
0.795464813709259
0.8160775303840637
0.8365366458892822
0.8569172024726868
0.8772726655006409
0.8976399898529053
0.9180396795272827
0.9384807348251343
0.9589612483978271
0.9794723987579346
1.0
1.0205276012420654
1.0410387516021729
1.0615192651748657
1.0819603204727173
1.1023600101470947
1.1227272748947144
1.143082857131958
1.1634633541107178
1.1839224100112915
1.2045352458953857
1.225398063659668
1.2466341257095337
1.2683918476104736
1.290850043296814
1.3142154216766357
1.3387267589569092
1.3646503686904907
1.3922834396362305
1.4219478368759155
1.4539904594421387
0.47750142216682434
0.5139668583869934
0.54770827293396
0.5791380405426025
0.608637809753418
0.6365586519241333
0.6632143259048462
0.6888843774795532
0.7138090133666992
0.7381947040557861
0.7622110247612
0.7859969139099121
0.8096596002578735
0.8332809805870056
0.8569172024726868
0.8806049823760986
0.9043620824813843
0.9281924962997437
0.9520877003669739
0.9760311245918274
1.0
1.0239688158035278
1.0479122400283813
1.0718075037002563
1.0956379175186157
1.1193950176239014
1.143082857131958
1.1667190790176392
1.1903403997421265
1.214003086090088
1.2377890348434448
1.2618052959442139
1.2861909866333008
1.3111156225204468
1.3367856740951538
1.3634413480758667
1.391362190246582
1.4208619594573975
1.45229172706604
1.4860330820083618
1.522498607635498
0.4122147560119629
0.45266538858413696
0.49007096886634827
0.5249132513999939
0.5576371550559998
0.588650643825531
0.6183160543441772
0.6469540596008301
0.6748378276824951
0.7021998763084412
0.7292285561561584
0.7560762763023376
0.78285813331604
0.8096596002578735
0.8365366458892822
0.8635226488113403
0.8906293511390686
0.9178529381752014
0.9451752305030823
0.9725689888000488
1.0
1.0274310111999512
1.0548248291015625
1.0821471214294434
1.1093705892562866
1.1364773511886597
1.1634633541107178
1.1903403997421265
1.21714186668396
1.2439236640930176
1.2707715034484863
1.2978001832962036
1.3251621723175049
1.35304594039917
1.3816839456558228
1.4113494157791138
1.4423627853393555
1.4750868082046509
1.5099290609359741
1.5473345518112183
1.587785243988037
0.350551962852478
0.3944772183895111
0.4350644648075104
0.47287124395370483
0.5084106922149658
0.5421508550643921
0.5745043158531189
0.6058330535888672
0.6364420056343079
0.6665875315666199
0.6964739561080933
0.7262638211250305
0.7560762763023376
0.7859969139099121
0.8160775303840637
0.8463447093963623
0.8768006563186646
0.9074299931526184
0.9382017850875854
0.9690747261047363
1.0
1.0309252738952637
1.0617982149124146
1.0925700664520264
1.1231993436813354
1.1536552906036377
1.1839224100112915
1.214003086090088
1.2439236640930176
1.2737362384796143
1.3035260438919067
1.333412528038025
1.3635579347610474
1.3941669464111328
1.4254957437515259
1.457849144935608
1.4915893077850342
1.5271286964416504
1.564935564994812
1.6055227518081665
1.649448037147522
0.2928932309150696
0.33970069885253906
0.3829110860824585
0.4231654703617096
0.4610515236854553
0.4971015453338623
0.5317801237106323
0.5654903650283813
0.5985668301582336
0.63128662109375
0.6638662815093994
0.6964739561080933
0.7292285561561584
0.7622110247612
0.795464813709259
0.829005241394043
0.8628209829330444
0.8968812823295593
0.9311385750770569
0.9655338525772095
1.0
1.0344661474227905
1.068861484527588
1.103118658065796
1.1371790170669556
1.170994758605957
1.2045352458953857
1.2377890348434448
1.2707715034484863
1.3035260438919067
1.3361337184906006
1.36871337890625
1.4014332294464111
1.4345096349716187
1.4682198762893677
1.5028984546661377
1.5389485359191895
1.5768345594406128
1.6170889139175415
1.660299301147461
1.7071068286895752
0.23959402740001678
0.28860265016555786
0.3337937295436859
0.375903844833374
0.4156033992767334
0.4534940719604492
0.49009397625923157
0.5258461833000183
0.5611118078231812
0.5961841940879822
0.63128662109375
0.6665875315666199
0.7021998763084412
0.7381947040557861
0.774601936340332
0.8114207983016968
0.848621666431427
0.886154294013977
0.9239500164985657
0.9619283676147461
1.0
1.038071632385254
1.076050043106079
1.113845705986023
1.1513783931732178
1.1885792016983032
1.225398063659668
1.2618052959442139
1.2978001832962036
1.333412528038025
1.36871337890625
1.4038158655166626
1.4388881921768188
1.474153757095337
1.5099060535430908
1.5465059280395508
1.5843966007232666
1.624096155166626
1.6662062406539917
1.7113972902297974
1.7604060173034668
0.19098301231861115
0.24140679836273193
0.2878400683403015
0.33112987875938416
0.3720405101776123
0.41124865412712097
0.44932663440704346
0.4867548644542694
0.5239154696464539
0.5611118078231812
0.5985668301582336
0.6364420056343079
0.6748378276824951
0.7138090133666992
0.7533658742904663
0.7934861779212952
0.8341169953346252
0.875183641910553
0.9165921807289124
0.9582362174987793
1.0
1.0417637825012207
1.0834077596664429
1.1248162984848022
1.1658830642700195
1.2065138816833496
1.2466341257095337
1.2861909866333008
1.3251621723175049
1.3635579347610474
1.4014332294464111
1.4388881921768188
1.4760844707489014
1.5132451057434082
1.5506733655929565
1.5887513160705566
1.6279594898223877
1.6688700914382935
1.7121599912643433
1.758593201637268
1.8090169429779053
0.14735983312129974
0.19829267263412476
0.24511849880218506
0.2888178527355194
0.3302624821662903
0.3702102303504944
0.4092862904071808
0.4480028450489044
0.4867548644542694
0.5258461833000183
0.5654903650283813
0.6058330535888672
0.6469540596008301
0.6888843774795532
0.7316081523895264
0.7750756740570068
0.8192051649093628
0.8638924360275269
0.9090135097503662
0.9544314742088318
1.0
1.0455684661865234
1.0909864902496338
1.1361075639724731
1.1807948350906372
1.2249243259429932
1.2683918476104736
1.3111156225204468
1.35304594039917
1.3941669464111328
1.4345096349716187
1.474153757095337
1.5132451057434082
1.551997184753418
1.5907137393951416
1.6297897100448608
1.669737458229065
1.7111821174621582
1.754881501197815
1.80170738697052
1.852640151977539
0.10899347811937332
0.15937624871730804
0.20560987293720245
0.24883900582790375
0.29006052017211914
0.33011722564697266
0.3696814477443695
0.4092862904071808
0.44932663440704346
0.49009397625923157
0.5317801237106323
0.5745043158531189
0.6183160543441772
0.6632143259048462
0.709149956703186
0.7560389637947083
0.8037651777267456
0.8521894812583923
0.9011529684066772
0.9504836201667786
1.0
1.0495163202285767
1.0988470315933228
1.147810459136963
1.1962348222732544
1.243960976600647
1.290850043296814
1.3367856740951538
1.3816839456558228
1.4254957437515259
1.4682198762893677
1.5099060535430908
1.5506733655929565
1.5907137393951416
1.630318522453308
1.6698827743530273
1.7099394798278809
1.751160979270935
1.794390082359314
1.8406237363815308
1.8910064697265625
0.07612046599388123
0.12470473349094391
0.16919556260108948
0.21094948053359985
0.2511066794395447
0.2905944883823395
0.33011722564697266
0.3702102303504944
0.41124865412712097
0.4534940719604492
0.4971015453338623
0.5421508550643921
0.588650643825531
0.6365586519241333
0.6857845187187195
0.7362035512924194
0.7876587510108948
0.8399710059165955
0.8929413557052612
0.9463580250740051
1.0
1.05364191532135
1.1070586442947388
1.1600289344787598
1.21234130859375
1.2637964487075806
1.3142154216766357
1.3634413480758667
1.4113494157791138
1.457849144935608
1.5028984546661377
1.5465059280395508
1.5887513160705566
1.6297897100448608
1.6698827743530273
1.709405541419983
1.7488932609558105
1.789050579071045
1.830804467201233
1.8752952814102173
1.9238795042037964
0.04894348233938217
0.09421002864837646
0.13559402525424957
0.1747218370437622
0.21289584040641785
0.2511066794395447
0.29006052017211914
0.3302624821662903
0.3720405101776123
0.4156033992767334
0.4610515236854553
0.5084106922149658
0.5576371550559998
0.608637809753418
0.6612733006477356
0.7153710126876831
0.7707277536392212
0.8271186351776123
0.8842998147010803
0.9420153498649597
1.0
1.0579845905303955
1.115700125694275
1.1728813648223877
1.2292722463607788
1.284628987312317
1.3387267589569092
1.391362190246582
1.4423627853393555
1.4915893077850342
1.5389485359191895
1.5843966007232666
1.6279594898223877
1.669737458229065
1.7099394798278809
1.7488932609558105
1.7871041297912598
1.8252781629562378
1.8644059896469116
1.9057899713516235
1.9510564804077148
0.02763007953763008
0.06768863648176193
0.10431459546089172
0.1395130604505539
0.1747218370437622
0.21094948053359985
0.24883900582790375
0.2888178527355194
0.33112987875938416
0.375903844833374
0.4231654703617096
0.47287124395370483
0.5249132513999939
0.5791380405426025
0.6353495717048645
0.6933209300041199
0.7527967095375061
0.8135013580322266
0.8751413822174072
0.9374121427536011
1.0
1.062587857246399
1.1248586177825928
1.1864986419677734
1.2472032308578491
1.3066790103912354
1.3646503686904907
1.4208619594573975
1.4750868082046509
1.5271286964416504
1.5768345594406128
1.624096155166626
1.6688700914382935
1.7111821174621582
1.751160979270935
1.789050579071045
1.8252781629562378
1.8604869842529297
1.8956854343414307
1.9323114156723022
1.972369909286499
0.012311659753322601
0.04460442066192627
0.0744936615228653
0.10431459546089172
0.13559402525424957
0.16919556260108948
0.20560987293720245
0.24511849880218506
0.2878400683403015
0.3337937295436859
0.3829110860824585
0.4350644648075104
0.49007096886634827
0.54770827293396
0.6077165007591248
0.6698085069656372
0.7336714863777161
0.798974335193634
0.8653699159622192
0.9325003623962402
1.0
1.0674996376037598
1.1346300840377808
1.2010256052017212
1.2663285732269287
1.3301914930343628
1.3922834396362305
1.45229172706604
1.5099290609359741
1.564935564994812
1.6170889139175415
1.6662062406539917
1.7121599912643433
1.754881501197815
1.794390082359314
1.830804467201233
1.8644059896469116
1.8956854343414307
1.925506353378296
1.9553955793380737
1.9876883029937744
0.003082666313275695
0.0240388922393322
0.04460442066192627
0.06768863648176193
0.09421002864837646
0.12470473349094391
0.15937624871730804
0.19829267263412476
0.24140679836273193
0.28860265016555786
0.33970069885253906
0.3944772183895111
0.45266538858413696
0.5139668583869934
0.5780522227287292
0.6445688605308533
0.7131421566009521
0.7833815217018127
0.8548818230628967
0.9272285103797913
1.0
1.0727715492248535
1.145118236541748
1.216618537902832
1.2868578433990479
1.355431079864502
1.4219478368759155
1.4860330820083618
1.5473345518112183
1.6055227518081665
1.660299301147461
1.7113972902297974
1.758593201637268
1.80170738697052
1.8406237363815308
1.8752952814102173
1.9057899713516235
1.9323114156723022
1.9553955793380737
1.9759610891342163
1.9969173669815063
0.0
0.003082666313275695
0.012311659753322601
0.02763007953763008
0.04894348233938217
0.07612046599388123
0.10899347811937332
0.14735983312129974
0.19098301231861115
0.23959402740001678
0.2928932309150696
0.350551962852478
0.4122147560119629
0.47750142216682434
0.5460094809532166
0.6173165440559387
0.69098299741745
0.7665546536445618
0.8435655236244202
0.9215409159660339
1.0
1.0784591436386108
1.156434416770935
1.233445405960083
1.3090169429779053
1.3826833963394165
1.4539904594421387
1.522498607635498
1.587785243988037
1.649448037147522
1.7071068286895752
1.7604060173034668
1.8090169429779053
1.852640151977539
1.8910064697265625
1.9238795042037964
1.9510564804077148
1.972369909286499
1.9876883029937744
1.9969173669815063
2.0
