2.0
1.9969173669815063
1.9876883029937744
1.972369909286499
1.9510564804077148
1.9238795042037964
1.8910064697265625
1.852640151977539
1.8090169429779053
1.7604060173034668
1.7071068286895752
1.649448037147522
1.587785243988037
1.522498607635498
1.4539904594421387
1.3826833963394165
1.3090169429779053
1.233445405960083
1.156434416770935
1.0784591436386108
1.0
0.9215409159660339
0.8435655236244202
0.7665546536445618
0.69098299741745
0.6173165440559387
0.5460094809532166
0.47750142216682434
0.4122147560119629
0.350551962852478
0.2928932309150696
0.23959402740001678
0.19098301231861115
0.14735983312129974
0.10899347811937332
0.07612046599388123
0.04894348233938217
0.02763007953763008
0.012311659753322601
0.003082666313275695
0.0
1.9969173669815063
1.975968360900879
1.9554075002670288
1.9323264360427856
1.9058071374893188
1.8753137588500977
1.840643048286438
1.8017269372940063
1.7586126327514648
1.711416244506836
1.6603174209594727
1.6055397987365723
1.547350287437439
1.4860472679138184
1.4219602346420288
1.355441689491272
1.2868664264678955
1.2166249752044678
1.1451226472854614
1.0727736949920654
1.0
0.9272263050079346
0.8548774123191833
0.7833749651908875
0.7131335735321045
0.644558310508728
0.5780397653579712
0.5139527320861816
0.45264971256256104
0.39446020126342773
0.33968260884284973
0.2885837256908417
0.24138735234737396
0.19827307760715485
0.15935693681240082
0.12468618154525757
0.09419285506010056
0.06767360121011734
0.04459255933761597
0.024031639099121094
0.003082666313275695
1.9876883029937744
1.9554075002670288
1.9255266189575195
1.8957116603851318
1.864436388015747
1.830837607383728
1.7944248914718628
1.7549169063568115
1.7121951580047607
1.6662406921386719
1.617121934890747
1.5649665594100952
1.5099576711654663
1.4523175954818726
1.3923062086105347
1.3302109241485596
1.2663443088531494
1.2010376453399658
1.1346380710601807
1.0675036907196045
1.0
0.9324963092803955
0.8653618693351746
0.7989623546600342
0.7336556911468506
0.6697891354560852
0.6076937317848206
0.5476824045181274
0.4900423288345337
0.4350334107875824
0.3828781247138977
0.3337593376636505
0.28780481219291687
0.24508310854434967
0.2055751383304596
0.16916242241859436
0.13556362688541412
0.10428833961486816
0.07447337359189987
0.04459255933761597
0.012311659753322601
1.972369909286499
1.9323264360427856
1.8957116603851318
1.8605214357376099
1.8253185749053955
1.7890948057174683
1.751207709312439
1.711229920387268
1.6689178943634033
1.6241428852081299
1.5768795013427734
1.5271711349487305
1.4751259088516235
1.4208972454071045
1.364681601524353
1.3067055940628052
1.2472249269485474
1.1865150928497314
1.1248695850372314
1.0625934600830078
1.0
0.9374065399169922
0.8751303553581238
0.8134849071502686
0.7527751326560974
0.6932944059371948
0.635318398475647
0.5791026949882507
0.5248740911483765
0.4728289246559143
0.42312055826187134
0.37585708498954773
0.3310821056365967
0.28877002000808716
0.24879227578639984
0.21090513467788696
0.17468148469924927
0.13947857916355133
0.10428833961486816
0.06767360121011734
0.02763007953763008
1.9510564804077148
1.9058071374893188
1.864436388015747
1.8253185749053955
1.78715181350708
1.748945951461792
1.7099952697753906
1.6697947978973389
1.6280168294906616
1.5844528675079346
1.5390026569366455
1.4916404485702515
1.4424101114273071
1.3914049863815308
1.3387644290924072
1.2846611738204956
1.22929847240448
1.1729012727737427
1.1157135963439941
1.0579913854599
1.0
0.9420086145401001
0.8842864036560059
0.8270986676216125
0.77070152759552
0.7153388261795044
0.661235511302948
0.6085950136184692
0.5575898289680481
0.5083595514297485
0.4609973430633545
0.41554710268974304
0.371983140707016
0.3302052319049835
0.29000476002693176
0.251054048538208
0.2128482162952423
0.17468148469924927
0.13556362688541412
0.09419285506010056
0.04894348233938217
1.9238795042037964
1.8753137588500977
1.830837607383728
1.7890948057174683
1.748945951461792
1.7094639539718628
1.6699450016021729
1.6298538446426392
1.588815689086914
1.5465692281723022
1.5029594898223877
1.4579068422317505
1.4114028215408325
1.3634897470474243
1.314258098602295
1.263832926750183
1.2123708724975586
1.1600515842437744
1.1070739030838013
1.0536495447158813
1.0
0.9463503956794739
0.8929261565208435
0.8399484753608704
0.7876290678977966
0.7361671328544617
0.6857418417930603
0.6365102529525757
0.5885972380638123
0.5420932173728943
0.4970405399799347
0.45343077182769775
0.41118431091308594
0.3701461851596832
0.33005502820014954
0.2905360162258148
0.251054048538208
0.21090513467788696
0.16916242241859436
0.12468618154525757
0.07612046599388123
1.8910064697265625
1.840643048286438
1.7944248914718628
1.751207709312439
1.7099952697753906
1.6699450016021729
1.630384922027588
1.5907822847366333
1.5507423877716064
1.5099740028381348
1.4682855606079102
1.4255578517913818
1.3817415237426758
1.336837887763977
1.2908961772918701
1.2440003156661987
1.1962668895721436
1.1478348970413208
1.0988634824752808
1.0495246648788452
1.0
0.9504753351211548
0.9011365175247192
0.8521651029586792
0.8037330508232117
0.7559996247291565
0.7091038227081299
0.663162112236023
0.6182584166526794
0.5744421482086182
0.5317144989967346
0.49002596735954285
0.44925761222839355
0.4092177450656891
0.3696150779724121
0.33005502820014954
0.29000476002693176
0.24879227578639984
0.2055751383304596
0.15935693681240082
0.10899347811937332
1.852640151977539
1.8017269372940063
1.7549169063568115
1.711229920387268
1.6697947978973389
1.6298538446426392
1.5907822847366333
1.5520681142807007
1.5133167505264282
1.4742244482040405
1.4345779418945312
1.3942316770553589
1.3531060218811035
1.311170220375061
1.2684400081634521
1.2249654531478882
1.1808284521102905
1.136133074760437
1.091003656387329
1.0455771684646606
1.0
0.9544228315353394
0.9089962840080261
0.863866925239563
0.8191716074943542
0.7750345468521118
0.7315599918365479
0.6888298392295837
0.6468939781188965
0.6057683229446411
0.5654220581054688
0.5257755517959595
0.4866832494735718
0.4479318857192993
0.4092177450656891
0.3701461851596832
0.3302052319049835
0.28877002000808716
0.24508310854434967
0.19827307760715485
0.14735983312129974
1.8090169429779053
1.7586126327514648
1.7121951580047607
1.6689178943634033
1.6280168294906616
1.588815689086914
1.5507423877716064
1.5133167505264282
1.4761568307876587
1.4389597177505493
1.4015023708343506
1.3636236190795898
1.3252232074737549
1.286246418952942
1.246683120727539
1.2065556049346924
1.165917158126831
1.1248422861099243
1.0834252834320068
1.0417726039886475
1.0
0.9582273960113525
0.9165747165679932
0.8751576542854309
0.834082841873169
0.7934443354606628
0.7533169388771057
0.7137536406517029
0.6747768521308899
0.6363763809204102
0.5984976291656494
0.5610402822494507
0.5238431096076965
0.4866832494735718
0.44925761222839355
0.41118431091308594
0.371983140707016
0.3310821056365967
0.28780481219291687
0.24138735234737396
0.19098301231861115
1.7604060173034668
1.711416244506836
1.6662406921386719
1.6241428852081299
1.5844528675079346
1.5465692281723022
1.5099740028381348
1.4742244482040405
1.4389597177505493
1.4038865566253662
1.3687819242477417
1.3334776163101196
1.2978606224060059
1.2618602514266968
1.2254467010498047
1.188620686531067
1.1514122486114502
1.1138715744018555
1.0760674476623535
1.0380803346633911
1.0
0.9619196057319641
0.9239326119422913
0.8861284255981445
0.8485877513885498
0.8113792538642883
0.7745533585548401
0.7381397485733032
0.7021393775939941
0.6665224432945251
0.6312180757522583
0.5961134433746338
0.5610402822494507
0.5257755517959595
0.49002596735954285
0.45343077182769775
0.41554710268974304
0.37585708498954773
0.3337593376636505
0.2885837256908417
0.23959402740001678
1.7071068286895752
1.6603174209594727
1.617121934890747
1.5768795013427734
1.5390026569366455
1.5029594898223877
1.4682855606079102
1.4345779418945312
1.4015023708343506
1.3687819242477417
1.3362001180648804
1.3035892248153687
1.2708302736282349
1.2378424406051636
1.2045824527740479
1.1710351705551147
1.1372120380401611
1.1031438112258911
1.068878412246704
1.0344747304916382
1.0
0.9655253291130066
0.9311215877532959
0.8968561887741089
0.8627879619598389
0.82896488904953
0.7954175472259521
0.7621576189994812
0.7291697859764099
0.6964107751846313
0.6637998223304749
0.6312180757522583
0.5984976291656494
0.5654220581054688
0.5317144989967346
0.4970405399799347
0.4609973430633545
0.42312055826187134
0.3828781247138977
0.33968260884284973
0.2928932309150696
1.649448037147522
1.6055397987365723
1.5649665594100952
1.5271711349487305
1.4916404485702515
1.4579068422317505
1.4255578517913818
1.3942316770553589
1.3636236190795898
1.3334776163101196
1.3035892248153687
1.2737962007522583
1.243979573249817
1.2140538692474365
1.1839674711227417
1.1536937952041626
1.1232308149337769
1.0925939083099365
1.0618144273757935
1.0309333801269531
1.0
0.9690666198730469
0.9381856322288513
0.9074060320854187
0.8767691850662231
0.8463062644004822
0.8160325288772583
0.7859460711479187
0.7560203671455383
0.7262037396430969
0.6964107751846313
0.6665224432945251
0.6363763809204102
0.6057683229446411
0.5744421482086182
0.5420932173728943
0.5083595514297485
0.4728289246559143
0.4350334107875824
0.39446020126342773
0.350551962852478
1.587785243988037
1.547350287437439
1.5099576711654663
1.4751259088516235
1.4424101114273071
1.4114028215408325
1.3817415237426758
1.3531060218811035
1.3252232074737549
1.2978606224060059
1.2708302736282349
1.243979573249817
1.2171939611434937
1.1903877258300781
1.1635053157806396
1.1365132331848145
1.1093999147415161
1.0821694135665894
1.054839849472046
1.0274386405944824
1.0
0.9725614190101624
0.9451601505279541
0.9178305864334106
0.8906000256538391
0.8634867668151855
0.8364946842193604
0.8096122741699219
0.7828060984611511
0.7560203671455383
0.7291697859764099
0.7021393775939941
0.6747768521308899
0.6468939781188965
0.6182584166526794
0.5885972380638123
0.5575898289680481
0.5248740911483765
0.4900423288345337
0.45264971256256104
0.4122147560119629
1.522498607635498
1.4860472679138184
1.4523175954818726
1.4208972454071045
1.3914049863815308
1.3634897470474243
1.336837887763977
1.311170220375061
1.286246418952942
1.2618602514266968
1.2378424406051636
1.2140538692474365
1.1903877258300781
1.166762113571167
1.1431210041046143
1.1194276809692383
1.095664620399475
1.0718278884887695
1.0479259490966797
1.0239757299423218
1.0
0.9760242104530334
0.9520739912986755
0.9281721711158752
0.9043353796005249
0.8805723190307617
0.8568789958953857
0.8332378268241882
0.8096122741699219
0.7859460711479187
0.7621576189994812
0.7381397485733032
0.7137536406517029
0.6888298392295837
0.663162112236023
0.6365102529525757
0.6085950136184692
0.5791026949882507
0.5476824045181274
0.5139527320861816
0.47750142216682434
1.4539904594421387
1.4219602346420288
1.3923062086105347
1.364681601524353
1.3387644290924072
1.314258098602295
1.2908961772918701
1.2684400081634521
1.246683120727539
1.2254467010498047
1.2045824527740479
1.1839674711227417
1.1635053157806396
1.1431210041046143
1.1227611303329468
1.1023889780044556
1.0819839239120483
1.061537265777588
1.041050910949707
1.0205336809158325
1.0
0.9794662594795227
0.958949089050293
0.9384627342224121
0.9180160164833069
0.8976110219955444
0.8772388696670532
0.8568789958953857
0.8364946842193604
0.8160325288772583
0.7954175472259521
0.7745533585548401
0.7533169388771057
0.7315599918365479
0.7091038227081299
0.6857418417930603
0.661235511302948
0.635318398475647
0.6076937317848206
0.5780397653579712
0.5460094809532166
1.3826833963394165
1.355441689491272
1.3302109241485596
1.3067055940628052
1.2846611738204956
1.263832926750183
1.2440003156661987
1.2249654531478882
1.2065556049346924
1.188620686531067
1.1710351705551147
1.1536937952041626
1.1365132331848145
1.1194276809692383
1.1023889780044556
1.0853627920150757
1.0683281421661377
1.0512739419937134
1.0341980457305908
1.0171040296554565
1.0
0.9828959703445435
0.9658018946647644
0.9487259984016418
0.9316718578338623
0.9146372079849243
0.8976110219955444
0.8805723190307617
0.8634867668151855
0.8463062644004822
0.82896488904953
0.8113792538642883
0.7934443354606628
0.7750345468521118
0.7559996247291565
0.7361671328544617
0.7153388261795044
0.6932944059371948
0.6697891354560852
0.644558310508728
0.6173165440559387
1.3090169429779053
1.2868664264678955
1.2663443088531494
1.2472249269485474
1.22929847240448
1.2123708724975586
1.1962668895721436
1.1808284521102905
1.165917158126831
1.1514122486114502
1.1372120380401611
1.1232308149337769
1.1093999147415161
1.095664620399475
1.0819839239120483
1.0683281421661377
1.0546780824661255
1.0410221815109253
1.0273562669754028
1.0136809349060059
1.0
0.9863190650939941
0.9726436734199524
0.9589778184890747
0.9453219771385193
0.9316718578338623
0.9180160164833069
0.9043353796005249
0.8906000256538391
0.8767691850662231
0.8627879619598389
0.8485877513885498
0.834082841873169
0.8191716074943542
0.8037330508232117
0.7876290678977966
0.77070152759552
0.7527751326560974
0.7336556911468506
0.7131335735321045
0.69098299741745
1.233445405960083
1.2166249752044678
1.2010376453399658
1.1865150928497314
1.1729012727737427
1.1600515842437744
1.1478348970413208
1.136133074760437
1.1248422861099243
1.1138715744018555
1.1031438112258911
1.0925939083099365
1.0821694135665894
1.0718278884887695
1.061537265777588
1.0512739419937134
1.0410221815109253
1.0307717323303223
1.0205183029174805
1.0102604627609253
1.0
0.9897394776344299
0.9794816970825195
0.969228208065033
0.9589778184890747
0.9487259984016418
0.9384627342224121
0.9281721711158752
0.9178305864334106
0.9074060320854187
0.8968561887741089
0.8861284255981445
0.8751576542854309
0.863866925239563
0.8521651029586792
0.8399484753608704
0.8270986676216125
0.8134849071502686
0.7989623546600342
0.7833749651908875
0.7665546536445618
1.156434416770935
1.1451226472854614
1.1346380710601807
1.1248695850372314
1.1157135963439941
1.1070739030838013
1.0988634824752808
1.091003656387329
1.0834252834320068
1.0760674476623535
1.068878412246704
1.0618144273757935
1.054839849472046
1.0479259490966797
1.041050910949707
1.0341980457305908
1.0273562669754028
1.0205183029174805
1.0136802196502686
1.006840705871582
1.0
0.9931593537330627
0.9863197803497314
0.9794816970825195
0.9726436734199524
0.9658018946647644
0.958949089050293
0.9520739912986755
0.9451601505279541
0.9381856322288513
0.9311215877532959
0.9239326119422913
0.9165747165679932
0.9089962840080261
0.9011365175247192
0.8929261565208435
0.8842864036560059
0.8751303553581238
0.8653618693351746
0.8548774123191833
0.8435655236244202
1.0784591436386108
1.0727736949920654
1.0675036907196045
1.0625934600830078
1.0579913854599
1.0536495447158813
1.0495246648788452
1.0455771684646606
1.0417726039886475
1.0380803346633911
1.0344747304916382
1.0309333801269531
1.0274386405944824
1.0239757299423218
1.0205336809158325
1.0171040296554565
1.0136809349060059
1.0102604627609253
1.006840705871582
1.0034204721450806
1.0
0.9965794682502747
0.9931593537330627
0.9897394776344299
0.9863190650939941
0.9828959703445435
0.9794662594795227
0.9760242104530334
0.9725614190101624
0.9690666198730469
0.9655253291130066
0.9619196057319641
0.9582273960113525
0.9544228315353394
0.9504753351211548
0.9463503956794739
0.9420086145401001
0.9374065399169922
0.9324963092803955
0.9272263050079346
0.9215409159660339
1.0
1.0
1.0
1.0
1.0
1.0
1.0
1.0
1.0
1.0
1.0
1.0
1.0
1.0
1.0
1.0
1.0
1.0
1.0
1.0
1.0
1.0
1.0
1.0
1.0
1.0
1.0
1.0
1.0
1.0
1.0
1.0
1.0
1.0
1.0
1.0
1.0
1.0
1.0
1.0
1.0
0.9215409159660339
0.9272263050079346
0.9324963092803955
0.9374065399169922
0.9420086145401001
0.9463503956794739
0.9504753351211548
0.9544228315353394
0.9582273960113525
0.9619196057319641
0.9655253291130066
0.9690666198730469
0.9725614190101624
0.9760242104530334
0.9794662594795227
0.9828959703445435
0.9863190650939941
0.9897394776344299
0.9931593537330627
0.9965794682502747
1.0
1.0034204721450806
1.006840705871582
1.0102604627609253
1.0136809349060059
1.0171040296554565
1.0205336809158325
1.0239757299423218
1.0274386405944824
1.0309333801269531
1.0344747304916382
1.0380803346633911
1.0417726039886475
1.0455771684646606
1.0495246648788452
1.0536495447158813
1.0579913854599
1.0625934600830078
1.0675036907196045
1.0727736949920654
1.0784591436386108
0.8435655236244202
0.8548774123191833
0.8653618693351746
0.8751303553581238
0.8842864036560059
0.8929261565208435
0.9011365175247192
0.9089962840080261
0.9165747165679932
0.9239326119422913
0.9311215877532959
0.9381856322288513
0.9451601505279541
0.9520739912986755
0.958949089050293
0.9658018946647644
0.9726436734199524
0.9794816970825195
0.9863197803497314
0.9931593537330627
1.0
1.006840705871582
1.0136802196502686
1.0205183029174805
1.0273562669754028
1.0341980457305908
1.041050910949707
1.0479259490966797
1.054839849472046
1.0618144273757935
1.068878412246704
1.0760674476623535
1.0834252834320068
1.091003656387329
1.0988634824752808
1.1070739030838013
1.1157135963439941
1.1248695850372314
1.1346380710601807
1.1451226472854614
1.156434416770935
0.7665546536445618
0.7833749651908875
0.7989623546600342
0.8134849071502686
0.8270986676216125
0.8399484753608704
0.8521651029586792
0.863866925239563
0.8751576542854309
0.8861284255981445
0.8968561887741089
0.9074060320854187
0.9178305864334106
0.9281721711158752
0.9384627342224121
0.9487259984016418
0.9589778184890747
0.969228208065033
0.9794816970825195
0.9897394776344299
1.0
1.0102604627609253
1.0205183029174805
1.0307717323303223
1.0410221815109253
1.0512739419937134
1.061537265777588
1.0718278884887695
1.0821694135665894
1.0925939083099365
1.1031438112258911
1.1138715744018555
1.1248422861099243
1.136133074760437
1.1478348970413208
1.1600515842437744
1.1729012727737427
1.1865150928497314
1.2010376453399658
1.2166249752044678
1.233445405960083
0.69098299741745
0.7131335735321045
0.7336556911468506
0.7527751326560974
0.77070152759552
0.7876290678977966
0.8037330508232117
0.8191716074943542
0.834082841873169
0.8485877513885498
0.8627879619598389
0.8767691850662231
0.8906000256538391
0.9043353796005249
0.9180160164833069
0.9316718578338623
0.9453219771385193
0.9589778184890747
0.9726436734199524
0.9863190650939941
1.0
1.0136809349060059
1.0273562669754028
1.0410221815109253
1.0546780824661255
1.0683281421661377
1.0819839239120483
1.095664620399475
1.1093999147415161
1.1232308149337769
1.1372120380401611
1.1514122486114502
1.165917158126831
1.1808284521102905
1.1962668895721436
1.2123708724975586
1.22929847240448
1.2472249269485474
1.2663443088531494
1.2868664264678955
1.3090169429779053
0.6173165440559387
0.644558310508728
0.6697891354560852
0.6932944059371948
0.7153388261795044
0.7361671328544617
0.7559996247291565
0.7750345468521118
0.7934443354606628
0.8113792538642883
0.82896488904953
0.8463062644004822
0.8634867668151855
0.8805723190307617
0.8976110219955444
0.9146372079849243
0.9316718578338623
0.9487259984016418
0.9658018946647644
0.9828959703445435
1.0
1.0171040296554565
1.0341980457305908
1.0512739419937134
1.0683281421661377
1.0853627920150757
1.1023889780044556
1.1194276809692383
1.1365132331848145
1.1536937952041626
1.1710351705551147
1.188620686531067
1.2065556049346924
1.2249654531478882
1.2440003156661987
1.263832926750183
1.2846611738204956
1.3067055940628052
1.3302109241485596
1.355441689491272
1.3826833963394165
0.5460094809532166
0.5780397653579712
0.6076937317848206
0.635318398475647
0.661235511302948
0.6857418417930603
0.7091038227081299
0.7315599918365479
0.7533169388771057
0.7745533585548401
0.7954175472259521
0.8160325288772583
0.8364946842193604
0.8568789958953857
0.8772388696670532
0.8976110219955444
0.9180160164833069
0.9384627342224121
0.958949089050293
0.9794662594795227
1.0
1.0205336809158325
1.041050910949707
1.061537265777588
1.0819839239120483
1.1023889780044556
1.1227611303329468
1.1431210041046143
1.1635053157806396
1.1839674711227417
1.2045824527740479
1.2254467010498047
1.246683120727539
1.2684400081634521
1.2908961772918701
1.314258098602295
1.3387644290924072
1.364681601524353
1.3923062086105347
1.4219602346420288
1.4539904594421387
0.47750142216682434
0.5139527320861816
0.5476824045181274
0.5791026949882507
0.6085950136184692
0.6365102529525757
0.663162112236023
0.6888298392295837
0.7137536406517029
0.7381397485733032
0.7621576189994812
0.7859460711479187
0.8096122741699219
0.8332378268241882
0.8568789958953857
0.8805723190307617
0.9043353796005249
0.9281721711158752
0.9520739912986755
0.9760242104530334
1.0
1.0239757299423218
1.0479259490966797
1.0718278884887695
1.095664620399475
1.1194276809692383
1.1431210041046143
1.166762113571167
1.1903877258300781
1.2140538692474365
1.2378424406051636
1.2618602514266968
1.286246418952942
1.311170220375061
1.336837887763977
1.3634897470474243
1.3914049863815308
1.4208972454071045
1.4523175954818726
1.4860472679138184
1.522498607635498
0.4122147560119629
0.45264971256256104
0.4900423288345337
0.5248740911483765
0.5575898289680481
0.5885972380638123
0.6182584166526794
0.6468939781188965
0.6747768521308899
0.7021393775939941
0.7291697859764099
0.7560203671455383
0.7828060984611511
0.8096122741699219
0.8364946842193604
0.8634867668151855
0.8906000256538391
0.9178305864334106
0.9451601505279541
0.9725614190101624
1.0
1.0274386405944824
1.054839849472046
1.0821694135665894
1.1093999147415161
1.1365132331848145
1.1635053157806396
1.1903877258300781
1.2171939611434937
1.243979573249817
1.2708302736282349
1.2978606224060059
1.3252232074737549
1.3531060218811035
1.3817415237426758
1.4114028215408325
1.4424101114273071
1.4751259088516235
1.5099576711654663
1.547350287437439
1.587785243988037
0.350551962852478
0.39446020126342773
0.4350334107875824
0.4728289246559143
0.5083595514297485
0.5420932173728943
0.5744421482086182
0.6057683229446411
0.6363763809204102
0.6665224432945251
0.6964107751846313
0.7262037396430969
0.7560203671455383
0.7859460711479187
0.8160325288772583
0.8463062644004822
0.8767691850662231
0.9074060320854187
0.9381856322288513
0.9690666198730469
1.0
1.0309333801269531
1.0618144273757935
1.0925939083099365
1.1232308149337769
1.1536937952041626
1.1839674711227417
1.2140538692474365
1.243979573249817
1.2737962007522583
1.3035892248153687
1.3334776163101196
1.3636236190795898
1.3942316770553589
1.4255578517913818
1.4579068422317505
1.4916404485702515
1.5271711349487305
1.5649665594100952
1.6055397987365723
1.649448037147522
0.2928932309150696
0.33968260884284973
0.3828781247138977
0.42312055826187134
0.4609973430633545
0.4970405399799347
0.5317144989967346
0.5654220581054688
0.5984976291656494
0.6312180757522583
0.6637998223304749
0.6964107751846313
0.7291697859764099
0.7621576189994812
0.7954175472259521
0.82896488904953
0.8627879619598389
0.8968561887741089
0.9311215877532959
0.9655253291130066
1.0
1.0344747304916382
1.068878412246704
1.1031438112258911
1.1372120380401611
1.1710351705551147
1.2045824527740479
1.2378424406051636
1.2708302736282349
1.3035892248153687
1.3362001180648804
1.3687819242477417
1.4015023708343506
1.4345779418945312
1.4682855606079102
1.5029594898223877
1.5390026569366455
1.5768795013427734
1.617121934890747
1.6603174209594727
1.7071068286895752
0.23959402740001678
0.2885837256908417
0.3337593376636505
0.37585708498954773
0.41554710268974304
0.45343077182769775
0.49002596735954285
0.5257755517959595
0.5610402822494507
0.5961134433746338
0.6312180757522583
0.6665224432945251
0.7021393775939941
0.7381397485733032
0.7745533585548401
0.8113792538642883
0.8485877513885498
0.8861284255981445
0.9239326119422913
0.9619196057319641
1.0
1.0380803346633911
1.0760674476623535
1.1138715744018555
1.1514122486114502
1.188620686531067
1.2254467010498047
1.2618602514266968
1.2978606224060059
1.3334776163101196
1.3687819242477417
1.4038865566253662
1.4389597177505493
1.4742244482040405
1.5099740028381348
1.5465692281723022
1.5844528675079346
1.6241428852081299
1.6662406921386719
1.711416244506836
1.7604060173034668
0.19098301231861115
0.24138735234737396
0.28780481219291687
0.3310821056365967
0.371983140707016
0.41118431091308594
0.44925761222839355
0.4866832494735718
0.5238431096076965
0.5610402822494507
0.5984976291656494
0.6363763809204102
0.6747768521308899
0.7137536406517029
0.7533169388771057
0.7934443354606628
0.834082841873169
0.8751576542854309
0.9165747165679932
0.9582273960113525
1.0
1.0417726039886475
1.0834252834320068
1.1248422861099243
1.165917158126831
1.2065556049346924
1.246683120727539
1.286246418952942
1.3252232074737549
1.3636236190795898
1.4015023708343506
1.4389597177505493
1.4761568307876587
1.5133167505264282
1.5507423877716064
1.588815689086914
1.6280168294906616
1.6689178943634033
1.7121951580047607
1.7586126327514648
1.8090169429779053
0.14735983312129974
0.19827307760715485
0.24508310854434967
0.28877002000808716
0.3302052319049835
0.3701461851596832
0.4092177450656891
0.4479318857192993
0.4866832494735718
0.5257755517959595
0.5654220581054688
0.6057683229446411
0.6468939781188965
0.6888298392295837
0.7315599918365479
0.7750345468521118
0.8191716074943542
0.863866925239563
0.9089962840080261
0.9544228315353394
1.0
1.0455771684646606
1.091003656387329
1.136133074760437
1.1808284521102905
1.2249654531478882
1.2684400081634521
1.311170220375061
1.3531060218811035
1.3942316770553589
1.4345779418945312
1.4742244482040405
1.5133167505264282
1.5520681142807007
1.5907822847366333
1.6298538446426392
1.6697947978973389
1.711229920387268
1.7549169063568115
1.8017269372940063
1.852640151977539
0.10899347811937332
0.15935693681240082
0.2055751383304596
0.24879227578639984
0.29000476002693176
0.33005502820014954
0.3696150779724121
0.4092177450656891
0.44925761222839355
0.49002596735954285
0.5317144989967346
0.5744421482086182
0.6182584166526794
0.663162112236023
0.7091038227081299
0.7559996247291565
0.8037330508232117
0.8521651029586792
0.9011365175247192
0.9504753351211548
1.0
1.0495246648788452
1.0988634824752808
1.1478348970413208
1.1962668895721436
1.2440003156661987
1.2908961772918701
1.336837887763977
1.3817415237426758
1.4255578517913818
1.4682855606079102
1.5099740028381348
1.5507423877716064
1.5907822847366333
1.630384922027588
1.6699450016021729
1.7099952697753906
1.751207709312439
1.7944248914718628
1.840643048286438
1.8910064697265625
0.07612046599388123
0.12468618154525757
0.16916242241859436
0.21090513467788696
0.251054048538208
0.2905360162258148
0.33005502820014954
0.3701461851596832
0.41118431091308594
0.45343077182769775
0.4970405399799347
0.5420932173728943
0.5885972380638123
0.6365102529525757
0.6857418417930603
0.7361671328544617
0.7876290678977966
0.8399484753608704
0.8929261565208435
0.9463503956794739
1.0
1.0536495447158813
1.1070739030838013
1.1600515842437744
1.2123708724975586
1.263832926750183
1.314258098602295
1.3634897470474243
1.4114028215408325
1.4579068422317505
1.5029594898223877
1.5465692281723022
1.588815689086914
1.6298538446426392
1.6699450016021729
1.7094639539718628
1.748945951461792
1.7890948057174683
1.830837607383728
1.8753137588500977
1.9238795042037964
0.04894348233938217
0.09419285506010056
0.13556362688541412
0.17468148469924927
0.2128482162952423
0.251054048538208
0.29000476002693176
0.3302052319049835
0.371983140707016
0.41554710268974304
0.4609973430633545
0.5083595514297485
0.5575898289680481
0.6085950136184692
0.661235511302948
0.7153388261795044
0.77070152759552
0.8270986676216125
0.8842864036560059
0.9420086145401001
1.0
1.0579913854599
1.1157135963439941
1.1729012727737427
1.22929847240448
1.2846611738204956
1.3387644290924072
1.3914049863815308
1.4424101114273071
1.4916404485702515
1.5390026569366455
1.5844528675079346
1.6280168294906616
1.6697947978973389
1.7099952697753906
1.748945951461792
1.78715181350708
1.8253185749053955
1.864436388015747
1.9058071374893188
1.9510564804077148
0.02763007953763008
0.06767360121011734
0.10428833961486816
0.13947857916355133
0.17468148469924927
0.21090513467788696
0.24879227578639984
0.28877002000808716
0.3310821056365967
0.37585708498954773
0.42312055826187134
0.4728289246559143
0.5248740911483765
0.5791026949882507
0.635318398475647
0.6932944059371948
0.7527751326560974
0.8134849071502686
0.8751303553581238
0.9374065399169922
1.0
1.0625934600830078
1.1248695850372314
1.1865150928497314
1.2472249269485474
1.3067055940628052
1.364681601524353
1.4208972454071045
1.4751259088516235
1.5271711349487305
1.5768795013427734
1.6241428852081299
1.6689178943634033
1.711229920387268
1.751207709312439
1.7890948057174683
1.8253185749053955
1.8605214357376099
1.8957116603851318
1.9323264360427856
1.972369909286499
0.012311659753322601
0.04459255933761597
0.07447337359189987
0.10428833961486816
0.13556362688541412
0.16916242241859436
0.2055751383304596
0.24508310854434967
0.28780481219291687
0.3337593376636505
0.3828781247138977
0.4350334107875824
0.4900423288345337
0.5476824045181274
0.6076937317848206
0.6697891354560852
0.7336556911468506
0.7989623546600342
0.8653618693351746
0.9324963092803955
1.0
1.0675036907196045
1.1346380710601807
1.2010376453399658
1.2663443088531494
1.3302109241485596
1.3923062086105347
1.4523175954818726
1.5099576711654663
1.5649665594100952
1.617121934890747
1.6662406921386719
1.7121951580047607
1.7549169063568115
1.7944248914718628
1.830837607383728
1.864436388015747
1.8957116603851318
1.9255266189575195
1.9554075002670288
1.9876883029937744
0.003082666313275695
0.024031639099121094
0.04459255933761597
0.06767360121011734
0.09419285506010056
0.12468618154525757
0.15935693681240082
0.19827307760715485
0.24138735234737396
0.2885837256908417
0.33968260884284973
0.39446020126342773
0.45264971256256104
0.5139527320861816
0.5780397653579712
0.644558310508728
0.7131335735321045
0.7833749651908875
0.8548774123191833
0.9272263050079346
1.0
1.0727736949920654
1.1451226472854614
1.2166249752044678
1.2868664264678955
1.355441689491272
1.4219602346420288
1.4860472679138184
1.547350287437439
1.6055397987365723
1.6603174209594727
1.711416244506836
1.7586126327514648
1.8017269372940063
1.840643048286438
1.8753137588500977
1.9058071374893188
1.9323264360427856
1.9554075002670288
1.975968360900879
1.9969173669815063
0.0
0.003082666313275695
0.012311659753322601
0.02763007953763008
0.04894348233938217
0.07612046599388123
0.10899347811937332
0.14735983312129974
0.19098301231861115
0.23959402740001678
0.2928932309150696
0.350551962852478
0.4122147560119629
0.47750142216682434
0.5460094809532166
0.6173165440559387
0.69098299741745
0.7665546536445618
0.8435655236244202
0.9215409159660339
1.0
1.0784591436386108
1.156434416770935
1.233445405960083
1.3090169429779053
1.3826833963394165
1.4539904594421387
1.522498607635498
1.587785243988037
1.649448037147522
1.7071068286895752
1.7604060173034668
1.8090169429779053
1.852640151977539
1.8910064697265625
1.9238795042037964
1.9510564804077148
1.972369909286499
1.9876883029937744
1.9969173669815063
2.0
