0.0
0.0
0.0
0.0
0.0
0.0
0.0
0.0
0.0
0.0
0.0
0.0
0.0
0.0
0.0
0.0
0.0
0.0
0.0
0.0
0.0
0.0
0.0
0.0
0.0
0.0
0.0
0.0
0.0
0.0
0.0
0.0
0.0
0.0
0.0
0.0
0.0
0.0
0.0
0.0
0.0
0.0
9.384426675751456e-07
1.8658904537005583e-06
2.771556864900049e-06
3.645122205853113e-06
4.4768707994080614e-06
5.257973953121109e-06
5.980538389849244e-06
6.6378838710079435e-06
7.224495675473008e-06
7.736259249213617e-06
8.170322871592361e-06
8.525259545422159e-06
8.800856448942795e-06
8.998192242870573e-06
9.119375135924201e-06
9.167540156340692e-06
9.146579031948932e-06
9.061065611604135e-06
8.916016668081284e-06
8.716778211237397e-06
8.468835403618868e-06
8.177685231203213e-06
7.848716450098436e-06
7.487086350010941e-06
7.09766982254223e-06
6.6849543145508505e-06
6.253043466131203e-06
5.805582077300642e-06
5.345797035261057e-06
4.876446837442927e-06
4.399888894113246e-06
3.918051788787125e-06
3.4325116757827345e-06
2.94448386739532e-06
2.4549008230678737e-06
1.964416242117295e-06
1.4734800970472861e-06
9.823547770793084e-07
4.911796054329898e-07
0.0
0.0
1.887924781840411e-06
3.7536367472057464e-06
5.575343948294176e-06
7.3322021307831164e-06
9.004588719108142e-06
1.0574678526609205e-05
1.2026546755805612e-05
1.3346724699658807e-05
1.4524111065838952e-05
1.5550445823464543e-05
1.6420031897723675e-05
1.713006349746138e-05
1.768019501469098e-05
1.8072700186166912e-05
1.8311930034542456e-05
1.8404314687359147e-05
1.835780312831048e-05
1.8181715859100223e-05
1.788625195331406e-05
1.7482261682744138e-05
1.698085543466732e-05
1.6393150872318074e-05
1.573003282828722e-05
1.5001897736510728e-05
1.4218557225831319e-05
1.3389028936217073e-05
1.2521549251687247e-05
1.1623413229244761e-05
1.0701074643293396e-05
9.76003229880007e-06
8.80498282640474e-06
7.839748832338955e-06
6.867450792924501e-06
5.8904797697323374e-06
4.910658844892168e-06
3.929254944523564e-06
2.9471229936461896e-06
1.9647447970783105e-06
9.823547770793084e-07
0.0
0.0
2.8596946322068106e-06
5.685506494046422e-06
8.44419719214784e-06
1.1103979886684101e-05
1.3634938113682438e-05
1.6009915270842612e-05
1.8204664229415357e-05
2.0198713173158467e-05
2.197523099312093e-05
2.352174669795204e-05
2.4829729227349162e-05
2.589509495010134e-05
2.6717532819020562e-05
2.730074083956424e-05
2.7651602067635395e-05
2.7780159143730998e-05
2.7698761186911725e-05
2.742182186921127e-05
2.6965066354023293e-05
2.6345158403273672e-05
2.5579131033737212e-05
2.4683969968464226e-05
2.3676262571825646e-05
2.257181222375948e-05
2.1385492800618522e-05
2.0130937627982348e-05
1.882056130853016e-05
1.746532871038653e-05
1.607490958122071e-05
1.465751847717911e-05
1.3220133951108437e-05
1.1768418517021928e-05
1.0306962394679431e-05
8.839254405756947e-06
7.367927992163459e-06
5.894773948966758e-06
4.4209682528162375e-06
2.9471229936461896e-06
1.4734800970472861e-06
0.0
0.0
3.865485723508755e-06
7.684726369916461e-06
1.1412362255214248e-05
1.5005019122327212e-05
1.8421895219944417e-05
2.1625977751682512e-05
2.4584260245319456e-05
2.7268932171864435e-05
2.9657197956112213e-05
3.1732284696772695e-05
3.348285463289358e-05
3.4903692721854895e-05
3.599478441174142e-05
3.676162668853067e-05
3.7214071198832244e-05
3.736628423212096e-05
3.723553891177289e-05
3.684189141495153e-05
3.6207107768859714e-05
3.535416544764303e-05
3.430645301705226e-05
3.308720624772832e-05
3.1719035177957267e-05
3.0223394787753932e-05
2.862040673790034e-05
2.6928435545414686e-05
2.5164148610201664e-05
2.334219971089624e-05
2.147545455954969e-05
1.9574787074816413e-05
1.7649386791163124e-05
1.570665517647285e-05
1.3752543964073993e-05
1.1791516953962855e-05
9.826891982811503e-06
7.860856385377701e-06
5.894773948966758e-06
3.929254944523564e-06
1.964416242117295e-06
0.0
0.0
4.917678325000452e-06
9.775802936928812e-06
1.4515961083816364e-05
1.9082313883700408e-05
2.3422357116942294e-05
2.7488496925798245e-05
3.1238352676155046e-05
3.4636312193470076e-05
3.765330620808527e-05
4.0268118027597666e-05
4.246663229423575e-05
4.424272628966719e-05
4.559706212603487e-05
4.6537446905858815e-05
4.7077333874767646e-05
4.723570600617677e-05
4.7035529860295355e-05
4.650323899113573e-05
4.5667384256375954e-05
4.4557920773513615e-05
4.320520019973628e-05
4.163922494626604e-05
3.9889047911856323e-05
3.798210309469141e-05
3.594400186557323e-05
3.37979945470579e-05
3.156508319079876e-05
2.9263615942909382e-05
2.6909627194982022e-05
2.451656291668769e-05
2.2095715394243598e-05
1.9656086806207895e-05
1.7204834875883535e-05
1.4747236491530202e-05
1.2287119716347661e-05
9.826891982811503e-06
7.367927992163459e-06
4.910658844892168e-06
2.4549008230678737e-06
0.0
0.0
6.02967065788107e-06
1.1985252058366314e-05
1.779407830326818e-05
2.3386701286653988e-05
2.8697839297819883e-05
3.366837336216122e-05
3.824574378086254e-05
4.238591645844281e-05
4.605311914929189e-05
4.9221518565900624e-05
5.1874278142349795e-05
5.400466397986747e-05
5.561450598179363e-05
5.6714638049015775e-05
5.7322955399286e-05
5.7464229030301794e-05
5.7168090279446915e-05
5.646836871164851e-05
5.5401353165507317e-05
5.400486406870186e-05
5.2316998335300013e-05
5.037517621531151e-05
4.821543552679941e-05
4.587158764479682e-05
4.3375021050451323e-05
4.0754042856860906e-05
3.803406798397191e-05
3.5237146221334115e-05
3.238240969949402e-05
2.9485758204828016e-05
2.6560432161204517e-05
2.361684528295882e-05
2.066316119453404e-05
1.7705251593724824e-05
1.4747236491530202e-05
1.1791516953962855e-05
8.839254405756947e-06
5.8904797697323374e-06
2.94448386739532e-06
0.0
0.0
7.216005997179309e-06
1.4341859241540078e-05
2.1289140931912698e-05
2.7973350370302796e-05
3.4315082302782685e-05
4.024249210488051e-05
4.569179509417154e-05
5.0609742174856365e-05
5.495331788551994e-05
5.869183951290324e-05
6.180580385262147e-05
6.428827327908948e-05
6.614290759898722e-05
6.738449883414432e-05
6.80364973959513e-05
6.81306846672669e-05
6.770467734895647e-05
6.680098158540204e-05
6.546485383296385e-05
6.374309305101633e-05
6.168251275084913e-05
5.932876229053363e-05
5.672550469171256e-05
5.3913398005533963e-05
5.092993887956254e-05
4.780866584042087e-05
4.457947943592444e-05
4.126809290028177e-05
3.789662878261879e-05
3.4483276976970956e-05
3.104300776612945e-05
2.758741356956307e-05
2.4125396521412767e-05
2.066316119453404e-05
1.7204834875883535e-05
1.3752543964073993e-05
1.0306962394679431e-05
6.867450792924501e-06
3.4325116757827345e-06
0.0
0.0
8.492866072629113e-06
1.687765688984655e-05
2.504836447769776e-05
3.290367385488935e-05
4.0348375478060916e-05
4.7296391130657867e-05
5.3671396017307416e-05
5.940991104580462e-05
6.446096085710451e-05
6.878872227389365e-05
7.2371112764813e-05
7.52014821046032e-05
7.728621858404949e-05
7.864527287892997e-05
7.930909487186e-05
7.931809523142874e-05
7.871953130234033e-05
7.756624108878896e-05
7.591399480588734e-05
7.381992327282205e-05
7.13407716830261e-05
6.853136437712237e-05
6.54437390039675e-05
6.212593143573031e-05
5.862188118044287e-05
5.497054007719271e-05
5.120631249155849e-05
4.7358502342831343e-05
4.345204069977626e-05
3.950718019041233e-05
3.554034265107475e-05
3.1563973607262596e-05
2.758741356956307e-05
2.361684528295882e-05
1.9656086806207895e-05
1.570665517647285e-05
1.1768418517021928e-05
7.839748832338955e-06
3.918051788787125e-06
0.0
0.0
9.87816929409746e-06
1.9628123482107185e-05
2.9124072170816362e-05
3.824574378086254e-05
4.688008993980475e-05
5.492490890901536e-05
6.228969868971035e-05
6.889944052090868e-05
7.469430420314893e-05
7.963291864143685e-05
8.369072020286694e-05
8.686202636454254e-05
8.915707439882681e-05
9.060253069037572e-05
9.123771451413631e-05
9.111375402426347e-05
9.028965723700821e-05
8.883063856046647e-05
8.680488826939836e-05
8.428159344475716e-05
8.132881339406595e-05
7.801166793797165e-05
7.439143519150093e-05
7.052407454466447e-05
6.646032124990597e-05
6.224464596016333e-05
5.791596049675718e-05
5.3506966651184484e-05
4.9045178457163274e-05
4.4552565668709576e-05
4.0046645153779536e-05
3.554034265107475e-05
3.104300776612945e-05
2.6560432161204517e-05
2.2095715394243598e-05
1.7649386791163124e-05
1.3220133951108437e-05
8.80498282640474e-06
4.399888894113246e-06
0.0
0.0
1.1392204214644153e-05
2.2633455955656245e-05
3.357559398864396e-05
4.407684173202142e-05
5.400381633080542e-05
6.32358860457316e-05
7.166627619881183e-05
7.920676580397412e-05
8.578746201237664e-05
9.136091102845967e-05
9.590019180905074e-05
9.940144082065672e-05
0.00010188018495682627
0.00010337189451092854
0.00010392717376817018
0.00010361048771301284
0.00010249532351735979
0.00010066186223411933
9.819309343583882e-05
9.517224680166692e-05
9.168039105134085e-05
8.77942075021565e-05
8.35851242300123e-05
7.911761349532753e-05
7.444948278134689e-05
6.963079067645594e-05
6.470480002462864e-05
5.9707355831051245e-05
5.46681803825777e-05
4.9610534915700555e-05
4.4552565668709576e-05
3.950718019041233e-05
3.4483276976970956e-05
2.9485758204828016e-05
2.451656291668769e-05
1.9574787074816413e-05
1.465751847717911e-05
9.76003229880007e-06
4.876446837442927e-06
0.0
0.0
1.3057680007477757e-05
2.5938681574189104e-05
3.846947583951987e-05
5.048377352068201e-05
6.18248523096554e-05
7.235079101519659e-05
8.193590474547818e-05
9.047659841598943e-05
9.78913449216634e-05
0.00010412587289465591
0.00010915099119301885
0.00011296574666630477
0.00011559289850993082
0.00011707936209859326
0.00011749014811357483
0.00011690649262163788
0.00011541978165041655
0.00011312840069876984
0.00011013301991624758
0.00010653333447407931
0.00010242536518489942
9.789876639842987e-05
9.303606930188835e-05
8.791079017100856e-05
8.258801244664937e-05
7.71232953411527e-05
7.156399806262925e-05
6.59486759104766e-05
6.0308739193715155e-05
5.46681803825777e-05
4.9045178457163274e-05
4.345204069977626e-05
3.789662878261879e-05
3.238240969949402e-05
2.6909627194982022e-05
2.147545455954969e-05
1.607490958122071e-05
1.0701074643293396e-05
5.345797035261057e-06
0.0
0.0
1.4900468158884905e-05
2.9595168598461896e-05
4.3881809688173234e-05
5.756607060902752e-05
7.046431710477918e-05
8.240972238127142e-05
9.325434075435624e-05
0.00010287632903782651
0.00011118036491097882
0.00011810430441983044
0.000123616773635149
0.00012772112677339464
0.00013044984370935708
0.0001318647846346721
0.000132049506646581
0.00013110645522829145
0.00012914929538965225
0.00012629864795599133
0.0001226764143211767
0.0001184016145998612
0.00011358741903677583
0.00010833795386133716
0.00010274780652252957
9.689992293715477e-05
9.086673526326194e-05
8.470899774692953e-05
7.847768574720249e-05
7.221344276331365e-05
6.59486759104766e-05
5.9707355831051245e-05
5.3506966651184484e-05
4.7358502342831343e-05
4.126809290028177e-05
3.5237146221334115e-05
2.9263615942909382e-05
2.334219971089624e-05
1.746532871038653e-05
1.1623413229244761e-05
5.805582077300642e-06
0.0
0.0
1.6949530618148856e-05
3.3660511689959094e-05
4.989813533029519e-05
6.543603376485407e-05
8.005932613741606e-05
9.35718635446392e-05
0.00010579904483165592
0.00011659695155685768
0.00012585351942107081
0.00013349720393307507
0.00013949441199656576
0.00014385461690835655
0.0001466233079554513
0.00014788193220738322
0.00014773801376577467
0.00014632093370892107
0.000143772253068164
0.00014023989206179976
0.00013587127614300698
0.0001308080682065338
0.0001251830399269238
0.00011911633919226006
0.00011271541734458879
0.00010607287549646571
9.92682616924867e-05
9.236697223968804e-05
8.542282739654183e-05
7.847768574720249e-05
7.156399806262925e-05
6.470480002462864e-05
5.791596049675718e-05
5.120631249155849e-05
4.457947943592444e-05
3.803406798397191e-05
3.156508319079876e-05
2.5164148610201664e-05
1.882056130853016e-05
1.2521549251687247e-05
6.253043466131203e-06
0.0
0.0
1.923756644828245e-05
3.819990160991438e-05
5.661571049131453e-05
7.422206545015797e-05
9.076771675609052e-05
0.00010602155089145526
0.00011977656686212867
0.00013186152500566095
0.00014214348630048335
0.00015053914103191346
0.000157012531417422
0.00016158155631273985
0.0001643090945435688
0.0001653024519328028
0.00016470027912873775
0.00016266651800833642
0.00015937784337438643
0.0001550157758174464
0.00014975847443565726
0.00014377407205756754
0.00013721754658035934
0.00013022648636251688
0.00012292183237150311
0.00011540565901668742
0.0001077639899449423
0.0001000659103738144
9.236697223968804e-05
8.470899774692953e-05
7.71232953411527e-05
6.963079067645594e-05
6.224464596016333e-05
5.497054007719271e-05
4.780866584042087e-05
4.0754042856860906e-05
3.37979945470579e-05
2.6928435545414686e-05
2.0130937627982348e-05
1.3389028936217073e-05
6.6849543145508505e-06
0.0
0.0
2.1800555259687826e-05
4.3285253923386335e-05
6.414238305296749e-05
8.40674911160022e-05
0.00010276692046318203
0.00011996745888609439
0.00013542210217565298
0.00014892511535435915
0.0001603167038410902
0.00016949849668890238
0.00017643159662839025
0.00018114531121682376
0.00018372580234427005
0.000184314587386325
0.00018309112056158483
0.0001802638143999502
0.00017605377070140094
0.00017068401211872697
0.00016436960140708834
0.00015730943414382637
0.00014968340110499412
0.0001416477025486529
0.00013333687093108892
0.00012486176274251193
0.00011631372035481036
0.0001077639899449423
9.92682616924867e-05
9.086673526326194e-05
8.258801244664937e-05
7.444948278134689e-05
6.646032124990597e-05
5.862188118044287e-05
5.092993887956254e-05
4.3375021050451323e-05
3.594400186557323e-05
2.862040673790034e-05
2.1385492800618522e-05
1.4218557225831319e-05
7.09766982254223e-06
0.0
0.0
2.467757076374255e-05
4.899495615973137e-05
7.259661651914939e-05
9.513144323136657e-05
0.00011625624028965831
0.000135646594571881
0.0001530053123133257
0.0001680820860201493
0.0001806818472687155
0.0001906859688460827
0.0001980515953619033
0.00020282331388443708
0.0002051185438176617
0.00020512437913566828
0.00020307408703956753
0.0001992337784031406
0.00019388094369787723
0.00018728988652583212
0.00017971996567212045
0.00017140542331617326
0.00016255360969807953
0.00015333990450017154
0.00014391186414286494
0.00013438759197015315
0.00012486176274251193
0.00011540565901668742
0.00010607287549646571
9.689992293715477e-05
8.791079017100856e-05
7.911761349532753e-05
7.052407454466447e-05
6.212593143573031e-05
5.3913398005533963e-05
4.587158764479682e-05
3.798210309469141e-05
3.0223394787753932e-05
2.257181222375948e-05
1.5001897736510728e-05
7.487086350010941e-06
0.0
0.0
2.7909180062124506e-05
5.5410735512850806e-05
8.210305531974882e-05
0.00010758334246929735
0.00013145057891961187
0.00015331761096604168
0.00017282346379943192
0.00018965934577863663
0.00020358292385935783
0.00021444780577439815
0.00022220528626348823
0.00022692023776471615
0.00022875206195749342
0.00022794878168497235
0.00022481488122139126
0.00021969139925204217
0.00021292766905389726
0.00020486126595642418
0.00019580434309318662
0.0001860313641373068
0.00017577911785338074
0.00016524190141353756
0.00015457857807632536
0.00014391186414286494
0.00013333687093108892
0.00012292183237150311
0.00011271541734458879
0.00010274780652252957
9.303606930188835e-05
8.35851242300123e-05
7.439143519150093e-05
6.54437390039675e-05
5.672550469171256e-05
4.821543552679941e-05
3.9889047911856323e-05
3.1719035177957267e-05
2.3676262571825646e-05
1.573003282828722e-05
7.848716450098436e-06
0.0
0.0
3.1534367735730484e-05
6.261152884690091e-05
9.278395009459928e-05
0.00012159271136624739
0.00014856967027299106
0.00017325022781733423
0.00019519150373525918
0.00021400718833319843
0.00022939074551686645
0.00024115720589179546
0.000249248871114105
0.0002537574036978185
0.0002548985357861966
0.0002530017518438399
0.00024846597807481885
0.00024172970734070987
0.00023323367349803448
0.00022339318820741028
0.0002125829050783068
0.00020112210768274963
0.0001892781292553991
0.0001772624091245234
0.00016524190141353756
0.00015333990450017154
0.0001416477025486529
0.00013022648636251688
0.00011911633919226006
0.00010833795386133716
9.789876639842987e-05
8.77942075021565e-05
7.801166793797165e-05
6.853136437712237e-05
5.932876229053363e-05
5.037517621531151e-05
4.163922494626604e-05
3.308720624772832e-05
2.4683969968464226e-05
1.6393150872318074e-05
8.177685231203213e-06
0.0
0.0
3.5586108424467966e-05
7.066472608130425e-05
0.00010474603186594322
0.00013731193030253053
0.00016781674639787525
0.0001957002532435581
0.0002204141637776047
0.00024146909709088504
0.00025847138022072613
0.00027118241996504366
0.00027953070821240544
0.00028364299214445055
0.00028381001902744174
0.00028046980150975287
0.000274145626462996
0.00026540225371718407
0.00025479597388766706
0.00024283707898575813
0.00022997324413154274
0.00021657256002072245
0.00020293255511205643
0.0001892781292553991
0.00017577911785338074
0.00016255360969807953
0.00014968340110499412
0.00013721754658035934
0.0001251830399269238
0.00011358741903677583
0.00010242536518489942
9.168039105134085e-05
8.132881339406595e-05
7.13407716830261e-05
6.168251275084913e-05
5.2316998335300013e-05
4.320520019973628e-05
3.430645301705226e-05
2.5579131033737212e-05
1.698085543466732e-05
8.468835403618868e-06
0.0
0.0
4.0081460610963404e-05
7.960609946167096e-05
0.00011805070971604437
0.00015483713650610298
0.00018933125829789788
0.00022085507225710899
0.00024872535141184926
0.0002723167126532644
0.00029111828189343214
0.00030481768772006035
0.0003133228456135839
0.0003168057883158326
0.00031565604149363935
0.00031045437208376825
0.0003018861752934754
0.00029067794093862176
0.0002775305474642664
0.00026306891231797636
0.0002478246751707047
0.00023221751325763762
0.00021657256002072245
0.00020112210768274963
0.0001860313641373068
0.00017140542331617326
0.00015730943414382637
0.00014377407205756754
0.0001308080682065338
0.0001184016145998612
0.00010653333447407931
9.517224680166692e-05
8.428159344475716e-05
7.381992327282205e-05
6.374309305101633e-05
5.400486406870186e-05
4.4557920773513615e-05
3.535416544764303e-05
2.6345158403273672e-05
1.7482261682744138e-05
8.716778211237397e-06
0.0
0.0
4.501269359025173e-05
8.942206477513537e-05
0.0001326867932220921
0.0001741708256304264
0.00021314051991794258
0.00024877465330064297
0.0002802194794639945
0.00030667331884615123
0.00032747071236371994
0.0003422000736463815
0.0003507399233058095
0.0003533196577336639
0.00035045621916651726
0.00034291460178792477
0.0003315875364933163
0.0003174049488734454
0.0003012458037119359
0.0002838708460330963
0.0002659064484760165
0.0002478246751707047
0.00022997324413154274
0.0002125829050783068
0.00019580434309318662
0.00017971996567212045
0.00016436960140708834
0.00014975847443565726
0.00013587127614300698
0.0001226764143211767
0.00011013301991624758
9.819309343583882e-05
8.680488826939836e-05
7.591399480588734e-05
6.546485383296385e-05
5.5401353165507317e-05
4.5667384256375954e-05
3.6207107768859714e-05
2.6965066354023293e-05
1.788625195331406e-05
8.916016668081284e-06
0.0
0.0
5.032743138144724e-05
0.00010000961628975347
0.00014850932348053902
0.00019513836014084518
0.00023905356647446752
0.00027926292386837304
0.0003147026873193681
0.0003443487803451717
0.000367337983334437
0.00038313018740154803
0.0003915635170415044
0.00039293812005780637
0.00038793086423538625
0.0003775375080294907
0.0003629087295848876
0.00034522355417720973
0.0003255747724324465
0.0003048804064746946
0.0002838708460330963
0.00026306891231797636
0.00024283707898575813
0.00022339318820741028
0.00020486126595642418
0.00018728988652583212
0.00017068401211872697
0.0001550157758174464
0.00014023989206179976
0.00012629864795599133
0.00011312840069876984
0.00010066186223411933
8.883063856046647e-05
7.756624108878896e-05
6.680098158540204e-05
5.646836871164851e-05
4.650323899113573e-05
3.684189141495153e-05
2.742182186921127e-05
1.8181715859100223e-05
9.061065611604135e-06
0.0
0.0
5.591864828602411e-05
0.00011115607048850507
0.0001652076025493443
0.00021734234178438783
0.00026659993454813957
0.00031179049983620644
0.00035159988328814507
0.00038473366294056177
0.0004100855439901352
0.0004269553173799068
0.00043512877891771495
0.0004349905648268759
0.00042741085053421557
0.000413664267398417
0.00039521101280115545
0.0003735252539627254
0.00034994835732504725
0.0003255747724324465
0.0003012458037119359
0.0002775305474642664
0.00025479597388766706
0.00023323367349803448
0.00021292766905389726
0.00019388094369787723
0.00017605377070140094
0.00015937784337438643
0.000143772253068164
0.00012914929538965225
0.00011541978165041655
0.00010249532351735979
9.028965723700821e-05
7.871953130234033e-05
6.770467734895647e-05
5.7168090279446915e-05
4.7035529860295355e-05
3.723553891177289e-05
2.7698761186911725e-05
1.835780312831048e-05
9.146579031948932e-06
0.0
0.0
6.160193152027205e-05
0.00012249371502548456
0.00018223442020826042
0.00024006310559343547
0.00029489834560081363
0.00034533036523498595
0.00038975957431830466
0.00042657862650230527
0.00045439705718308687
0.00047232594806700945
0.00048008744488470256
0.00047816248843446374
0.0004676440148614347
0.00045012799091637135
0.00042742909863591194
0.0004013554425910115
0.0003735252539627254
0.00034522355417720973
0.0003174049488734454
0.00029067794093862176
0.00026540225371718407
0.00024172970734070987
0.00021969139925204217
0.0001992337784031406
0.0001802638143999502
0.00016266651800833642
0.00014632093370892107
0.00013110645522829145
0.00011690649262163788
0.00010361048771301284
9.111375402426347e-05
7.931809523142874e-05
6.81306846672669e-05
5.7464229030301794e-05
4.723570600617677e-05
3.736628423212096e-05
2.7780159143730998e-05
1.8404314687359147e-05
9.167540156340692e-06
0.0
0.0
6.711827882099897e-05
0.0001335048582404852
0.00019881257321685553
0.00026226468617096543
0.00032266060588881373
0.0003783580323215574
0.00042744973325170577
0.0004679861303884536
0.0004982639220543206
0.0005171847296878695
0.0005243984633125365
0.0005204901681281626
0.0005067953024990857
0.0004852598358411342
0.00045808235881850123
0.00042742909863591194
0.00039521101280115545
0.0003629087295848876
0.0003315875364933163
0.0003018861752934754
0.000274145626462996
0.00024846597807481885
0.00022481488122139126
0.00020307408703956753
0.00018309112056158483
0.00016470027912873775
0.00014773801376577467
0.000132049506646581
0.00011749014811357483
0.00010392717376817018
9.123771451413631e-05
7.930909487186e-05
6.80364973959513e-05
5.7322955399286e-05
4.7077333874767646e-05
3.7214071198832244e-05
2.7651602067635395e-05
1.8311930034542456e-05
9.119375135924201e-06
0.0
0.0
7.213198114186525e-05
0.00014351851132232696
0.00021392769122030586
0.00028258099337108433
0.0003481675812508911
0.00040881586028262973
0.0004623093700502068
0.0005063512362539768
0.0005389184225350618
0.0005586975021287799
0.0005652627442032099
0.0005593040841631591
0.0005424029659479856
0.0005168595816940069
0.0004852598358411342
0.00045012799091637135
0.000413664267398417
0.0003775375080294907
0.00034291460178792477
0.00031045437208376825
0.00028046980150975287
0.0002530017518438399
0.00022794878168497235
0.00020512437913566828
0.000184314587386325
0.0001653024519328028
0.00014788193220738322
0.0001318647846346721
0.00011707936209859326
0.00010337189451092854
9.060253069037572e-05
7.864527287892997e-05
6.738449883414432e-05
5.6714638049015775e-05
4.6537446905858815e-05
3.676162668853067e-05
2.730074083956424e-05
1.8072700186166912e-05
8.998192242870573e-06
0.0
0.0
7.626216392964125e-05
0.00015177291061263531
0.000226423580897972
0.00029944564448669553
0.0003694350307341665
0.0004343134060036391
0.0004915810422971845
0.0005386197590269148
0.0005731090786866844
0.0005935347871854901
0.0005993996746838093
0.0005914902430959046
0.0005716154701076448
0.0005424029659479856
0.0005067953024990857
0.0004676440148614347
0.00042741085053421557
0.00038793086423538625
0.00035045621916651726
0.00031565604149363935
0.00028381001902744174
0.0002548985357861966
0.00022875206195749342
0.0002051185438176617
0.00018372580234427005
0.0001643090945435688
0.0001466233079554513
0.00013044984370935708
0.00011559289850993082
0.00010188018495682627
8.915707439882681e-05
7.728621858404949e-05
6.614290759898722e-05
5.561450598179363e-05
4.559706212603487e-05
3.599478441174142e-05
2.6717532819020562e-05
1.768019501469098e-05
8.800856448942795e-06
0.0
0.0
7.912213186500594e-05
0.00015749492740724236
0.00023512322513852268
0.000311256357235834
0.00038442236836999655
0.0004523800453171134
0.0005124026793055236
0.0005616118432953954
0.0005974452942609787
0.0006182247307151556
0.0006233940366655588
0.0006138179451227188
0.0005914902430959046
0.0005593040841631591
0.0005204901681281626
0.00047816248843446374
0.0004349905648268759
0.00039293812005780637
0.0003533196577336639
0.0003168057883158326
0.00028364299214445055
0.0002537574036978185
0.00022692023776471615
0.00020282331388443708
0.00018114531121682376
0.00016158155631273985
0.00014385461690835655
0.00012772112677339464
0.00011296574666630477
9.940144082065672e-05
8.686202636454254e-05
7.52014821046032e-05
6.428827327908948e-05
5.400466397986747e-05
4.424272628966719e-05
3.4903692721854895e-05
2.589509495010134e-05
1.713006349746138e-05
8.525259545422159e-06
0.0
0.0
8.036936196731403e-05
0.0001600000396138057
0.00023898272775113583
0.0003165886737406254
0.0003913103137165308
0.0004608072922565043
0.0005222101463004947
0.0005724743823520839
0.0006088822265155613
0.0006296493811532855
0.0006341815460473299
0.0006233940366655588
0.0005993996746838093
0.0005652627442032099
0.0005243984633125365
0.00048008744488470256
0.00043512877891771495
0.0003915635170415044
0.0003507399233058095
0.0003133228456135839
0.00027953070821240544
0.000249248871114105
0.00022220528626348823
0.0001980515953619033
0.00017643159662839025
0.000157012531417422
0.00013949441199656576
0.000123616773635149
0.00010915099119301885
9.590019180905074e-05
8.369072020286694e-05
7.2371112764813e-05
6.180580385262147e-05
5.1874278142349795e-05
4.246663229423575e-05
3.348285463289358e-05
2.4829729227349162e-05
1.6420031897723675e-05
8.170322871592361e-06
0.0
0.0
7.976775668794289e-05
0.00015881619765423238
0.0002372823510086164
0.00031446016510017216
0.00038884393870830536
0.0004580712993629277
0.0005192339885979891
0.0005692383856512606
0.0006053188699297607
0.0006256579654291272
0.0006296493811532855
0.0006182247307151556
0.0005935347871854901
0.0005586975021287799
0.0005171847296878695
0.00047232594806700945
0.0004269553173799068
0.00038313018740154803
0.0003422000736463815
0.00030481768772006035
0.00027118241996504366
0.00024115720589179546
0.00021444780577439815
0.0001906859688460827
0.00016949849668890238
0.00015053914103191346
0.00013349720393307507
0.00011810430441983044
0.00010412587289465591
9.136091102845967e-05
7.963291864143685e-05
6.878872227389365e-05
5.869183951290324e-05
4.9221518565900624e-05
4.0268118027597666e-05
3.1732284696772695e-05
2.352174669795204e-05
1.5550445823464543e-05
7.736259249213617e-06
0.0
0.0
7.721177826169878e-05
0.00015373321366496384
0.00022970259306021035
0.00030443683499470353
0.00037647158023901284
0.00044350544339977205
0.0005027033621445298
0.0005510486080311239
0.0005858444492332637
0.0006053188699297607
0.0006088822265155613
0.0005974452942609787
0.0005731090786866844
0.0005389184225350618
0.0004982639220543206
0.00045439705718308687
0.0004100855439901352
0.000367337983334437
0.00032747071236371994
0.00029111828189343214
0.00025847138022072613
0.00022939074551686645
0.00020358292385935783
0.0001806818472687155
0.0001603167038410902
0.00014214348630048335
0.00012585351942107081
0.00011118036491097882
9.78913449216634e-05
8.578746201237664e-05
7.469430420314893e-05
6.446096085710451e-05
5.495331788551994e-05
4.605311914929189e-05
3.765330620808527e-05
2.9657197956112213e-05
2.197523099312093e-05
1.4524111065838952e-05
7.224495675473008e-06
0.0
0.0
7.275844836840406e-05
0.0001448650873498991
0.00021642078354489058
0.0002867672883439809
0.0003545200452208519
0.00041751714888960123
0.00047310173977166414
0.0005184520268812776
0.0005510486080311239
0.0005692383856512606
0.0005724743823520839
0.0005616118432953954
0.0005386197590269148
0.0005063512362539768
0.0004679861303884536
0.00042657862650230527
0.00038473366294056177
0.0003443487803451717
0.00030667331884615123
0.0002723167126532644
0.00024146909709088504
0.00021400718833319843
0.00018965934577863663
0.0001680820860201493
0.00014892511535435915
0.00013186152500566095
0.00011659695155685768
0.00010287632903782651
9.047659841598943e-05
7.920676580397412e-05
6.889944052090868e-05
5.940991104580462e-05
5.0609742174856365e-05
4.238591645844281e-05
3.4636312193470076e-05
2.7268932171864435e-05
2.0198713173158467e-05
1.3346724699658807e-05
6.6378838710079435e-06
0.0
0.0
6.659457721980289e-05
0.00013258603576105088
0.0001980119850486517
0.0002622449246700853
0.0003240147780161351
0.00038136521470732987
0.0004319043655414134
0.00047310173977166414
0.0005027033621445298
0.0005192339885979891
0.0005222101463004947
0.0005124026793055236
0.0004915810422971845
0.0004623093700502068
0.00042744973325170577
0.00038975957431830466
0.00035159988328814507
0.0003147026873193681
0.0002802194794639945
0.00024872535141184926
0.0002204141637776047
0.00019519150373525918
0.00017282346379943192
0.0001530053123133257
0.00013542210217565298
0.00011977656686212867
0.00010579904483165592
9.325434075435624e-05
8.193590474547818e-05
7.166627619881183e-05
6.228969868971035e-05
5.3671396017307416e-05
4.569179509417154e-05
3.824574378086254e-05
3.1238352676155046e-05
2.4584260245319456e-05
1.8204664229415357e-05
1.2026546755805612e-05
5.980538389849244e-06
0.0
0.0
5.901172335143201e-05
0.00011747931421268731
0.00017536974337417632
0.0002320972562301904
0.00028653486515395343
0.00033697966136969626
0.00038136521470732987
0.00041751714888960123
0.00044350544339977205
0.0004580712993629277
0.0004608072922565043
0.0004523800453171134
0.0004343134060036391
0.00040881586028262973
0.0003783580323215574
0.00034533036523498595
0.00031179049983620644
0.00027926292386837304
0.00024877465330064297
0.00022085507225710899
0.0001957002532435581
0.00017325022781733423
0.00015331761096604168
0.000135646594571881
0.00011996745888609439
0.00010602155089145526
9.35718635446392e-05
8.240972238127142e-05
7.235079101519659e-05
6.32358860457316e-05
5.492490890901536e-05
4.7296391130657867e-05
4.024249210488051e-05
3.366837336216122e-05
2.7488496925798245e-05
2.1625977751682512e-05
1.6009915270842612e-05
1.0574678526609205e-05
5.257973953121109e-06
0.0
0.0
5.0343598559265956e-05
0.00010021238267654553
0.0001495137403253466
0.00019771915685851127
0.0002438666415400803
0.00028653486515395343
0.0003240147780161351
0.0003545200452208519
0.00037647158023901284
0.00038884393870830536
0.0003913103137165308
0.00038442236836999655
0.0003694350307341665
0.0003481675812508911
0.00032266060588881373
0.00029489834560081363
0.00026659993454813957
0.00023905356647446752
0.00021314051991794258
0.00018933125829789788
0.00016781674639787525
0.00014856967027299106
0.00013145057891961187
0.00011625624028965831
0.00010276692046318203
9.076771675609052e-05
8.005932613741606e-05
7.046431710477918e-05
6.18248523096554e-05
5.400381633080542e-05
4.688008993980475e-05
4.0348375478060916e-05
3.4315082302782685e-05
2.8697839297819883e-05
2.3422357116942294e-05
1.8421895219944417e-05
1.3634938113682438e-05
9.004588719108142e-06
4.4768707994080614e-06
0.0
0.0
4.091543087270111e-05
8.143567538354546e-05
0.00012143306230427697
0.00016045483062043786
0.00019771915685851127
0.0002320972562301904
0.0002622449246700853
0.0002867672883439809
0.00030443683499470353
0.00031446016510017216
0.0003165886737406254
0.000311256357235834
0.00029944564448669553
0.00028258099337108433
0.00026226468617096543
0.00024006310559343547
0.00021734234178438783
0.00019513836014084518
0.0001741708256304264
0.00015483713650610298
0.00013731193030253053
0.00012159271136624739
0.00010758334246929735
9.513144323136657e-05
8.40674911160022e-05
7.422206545015797e-05
6.543603376485407e-05
5.756607060902752e-05
5.048377352068201e-05
4.407684173202142e-05
3.824574378086254e-05
3.290367385488935e-05
2.7973350370302796e-05
2.3386701286653988e-05
1.9082313883700408e-05
1.5005019122327212e-05
1.1103979886684101e-05
7.3322021307831164e-06
3.645122205853113e-06
0.0
0.0
3.100506364717148e-05
6.17036348558031e-05
9.196564496960491e-05
0.00012143306230427697
0.0001495137403253466
0.00017536974337417632
0.0001980119850486517
0.00021642078354489058
0.00022970259306021035
0.0002372823510086164
0.00023898272775113583
0.00023512322513852268
0.000226423580897972
0.00021392769122030586
0.00019881257321685553
0.00018223442020826042
0.0001652076025493443
0.00014850932348053902
0.0001326867932220921
0.00011805070971604437
0.00010474603186594322
9.278395009459928e-05
8.210305531974882e-05
7.259661651914939e-05
6.414238305296749e-05
5.661571049131453e-05
4.989813533029519e-05
4.3881809688173234e-05
3.846947583951987e-05
3.357559398864396e-05
2.9124072170816362e-05
2.504836447769776e-05
2.1289140931912698e-05
1.779407830326818e-05
1.4515961083816364e-05
1.1412362255214248e-05
8.44419719214784e-06
5.575343948294176e-06
2.771556864900049e-06
0.0
0.0
2.081191269098781e-05
4.141362660448067e-05
6.17036348558031e-05
8.143567538354546e-05
0.00010021238267654553
0.00011747931421268731
0.00013258603576105088
0.0001448650873498991
0.00015373321366496384
0.00015881619765423238
0.0001600000396138057
0.00015749492740724236
0.00015177291061263531
0.00014351851132232696
0.0001335048582404852
0.00012249371502548456
0.00011115607048850507
0.00010000961628975347
8.942206477513537e-05
7.960609946167096e-05
7.066472608130425e-05
6.261152884690091e-05
5.5410735512850806e-05
4.899495615973137e-05
4.3285253923386335e-05
3.819990160991438e-05
3.3660511689959094e-05
2.9595168598461896e-05
2.5938681574189104e-05
2.2633455955656245e-05
1.9628123482107185e-05
1.687765688984655e-05
1.4341859241540078e-05
1.1985252058366314e-05
9.775802936928812e-06
7.684726369916461e-06
5.685506494046422e-06
3.7536367472057464e-06
1.8658904537005583e-06
0.0
0.0
1.046122815751005e-05
2.081191269098781e-05
3.100506364717148e-05
4.091543087270111e-05
5.0343598559265956e-05
5.901172335143201e-05
6.659457721980289e-05
7.275844836840406e-05
7.721177826169878e-05
7.976775668794289e-05
8.036936196731403e-05
7.912213186500594e-05
7.626216392964125e-05
7.213198114186525e-05
6.711827882099897e-05
6.160193152027205e-05
5.591864828602411e-05
5.032743138144724e-05
4.501269359025173e-05
4.0081460610963404e-05
3.5586108424467966e-05
3.1534367735730484e-05
2.7909180062124506e-05
2.467757076374255e-05
2.1800555259687826e-05
1.923756644828245e-05
1.6949530618148856e-05
1.4900468158884905e-05
1.3057680007477757e-05
1.1392204214644153e-05
9.87816929409746e-06
8.492866072629113e-06
7.216005997179309e-06
6.02967065788107e-06
4.917678325000452e-06
3.865485723508755e-06
2.8596946322068106e-06
1.887924781840411e-06
9.384426675751456e-07
0.0
0.0
0.0
0.0
0.0
0.0
0.0
0.0
0.0
0.0
0.0
0.0
0.0
0.0
0.0
0.0
0.0
0.0
0.0
0.0
0.0
0.0
0.0
0.0
0.0
0.0
0.0
0.0
0.0
0.0
0.0
0.0
0.0
0.0
0.0
0.0
0.0
0.0
0.0
0.0
0.0
0.0
