2.0
1.9969173669815063
1.9876883029937744
1.972369909286499
1.9510564804077148
1.9238795042037964
1.8910064697265625
1.852640151977539
1.8090169429779053
1.7604060173034668
1.7071068286895752
1.649448037147522
1.587785243988037
1.522498607635498
1.4539904594421387
1.3826833963394165
1.3090169429779053
1.233445405960083
1.156434416770935
1.0784591436386108
1.0
0.9215409159660339
0.8435655236244202
0.7665546536445618
0.69098299741745
0.6173165440559387
0.5460094809532166
0.47750142216682434
0.4122147560119629
0.350551962852478
0.2928932309150696
0.23959402740001678
0.19098301231861115
0.14735983312129974
0.10899347811937332
0.07612046599388123
0.04894348233938217
0.02763007953763008
0.012311659753322601
0.003082666313275695
0.0
1.9969173669815063
1.9759681224822998
1.9554071426391602
1.9323259592056274
1.9058066606521606
1.8753132820129395
1.8406425714492798
1.8017263412475586
1.7586121559143066
1.7114157676696777
1.6603169441223145
1.605539321899414
1.5473498106002808
1.4860469102859497
1.4219598770141602
1.3554414510726929
1.2868661880493164
1.2166248559951782
1.1451225280761719
1.0727736949920654
1.0
0.9272263646125793
0.8548775315284729
0.7833751440048218
0.7131338119506836
0.6445586085319519
0.5780401229858398
0.5139531493186951
0.45265015959739685
0.39446067810058594
0.3396831154823303
0.28858423233032227
0.24138787388801575
0.19827361404895782
0.1593574583530426
0.12468668818473816
0.09419332444667816
0.06767401099205017
0.04459288343787193
0.024031836539506912
0.003082666313275695
1.9876883029937744
1.9554071426391602
1.9255260229110718
1.8957109451293945
1.8644355535507202
1.8308366537094116
1.7944239377975464
1.7549159526824951
1.7121942043304443
1.6662397384643555
1.6171209812164307
1.5649657249450684
1.509956955909729
1.4523168802261353
1.392305612564087
1.3302103281021118
1.2663438320159912
1.2010372877120972
1.1346379518508911
1.067503571510315
1.0
0.9324964284896851
0.8653621077537537
0.7989627122879028
0.733656108379364
0.6697896718978882
0.6076943874359131
0.5476831197738647
0.49004310369491577
0.43503427505493164
0.38287901878356934
0.33376026153564453
0.2878057658672333
0.24508407711982727
0.205576092004776
0.169163316488266
0.13556444644927979
0.10428906232118607
0.07447392493486404
0.04459288343787193
0.012311659753322601
1.972369909286499
1.9323259592056274
1.8957109451293945
1.8605204820632935
1.8253173828125
1.7890936136245728
1.751206398010254
1.711228609085083
1.6689165830612183
1.6241416931152344
1.5768781900405884
1.527169942855835
1.4751248359680176
1.420896291732788
1.3646807670593262
1.3067048788070679
1.2472243309020996
1.1865146160125732
1.1248693466186523
1.0625933408737183
1.0
0.9374067187309265
0.8751306533813477
0.8134853839874268
0.7527757287025452
0.6932951211929321
0.6353192925453186
0.5791036486625671
0.5248751640319824
0.4728300869464874
0.42312178015708923
0.375858336687088
0.33108341693878174
0.2887713313102722
0.2487935572862625
0.21090635657310486
0.1746825873851776
0.13947951793670654
0.10428906232118607
0.06767401099205017
0.02763007953763008
1.9510564804077148
1.9058066606521606
1.8644355535507202
1.8253173828125
1.787150502204895
1.7489445209503174
1.7099937200546265
1.6697932481765747
1.6280152797698975
1.5844513177871704
1.539001226425171
1.4916390180587769
1.4424089193344116
1.3914037942886353
1.3387634754180908
1.2846602201461792
1.2292977571487427
1.1729007959365845
1.1157132387161255
1.0579911470413208
1.0
0.9420087933540344
0.8842868208885193
0.8270992636680603
0.7707022428512573
0.715339720249176
0.661236584186554
0.6085962057113647
0.5575911402702332
0.5083609819412231
0.4609988331794739
0.4155486226081848
0.37198469042778015
0.3302067816257477
0.29000627994537354
0.2510554790496826
0.21284951269626617
0.1746825873851776
0.13556444644927979
0.09419332444667816
0.04894348233938217
1.9238795042037964
1.8753132820129395
1.8308366537094116
1.7890936136245728
1.7489445209503174
1.7094624042510986
1.6699432134628296
1.629852056503296
1.5888139009475708
1.546567440032959
1.502957820892334
1.4579051733016968
1.4114012718200684
1.3634884357452393
1.314257025718689
1.2638318538665771
1.2123701572418213
1.160050868988037
1.107073426246643
1.0536494255065918
1.0
0.946350634098053
0.8929265737533569
0.8399490714073181
0.7876299023628235
0.7361680865287781
0.6857430338859558
0.6365116238594055
0.5885986685752869
0.5420947670936584
0.4970422089099884
0.45343253016471863
0.4111860692501068
0.3701479136943817
0.33005672693252563
0.29053759574890137
0.2510554790496826
0.21090635657310486
0.169163316488266
0.12468668818473816
0.07612046599388123
1.8910064697265625
1.8406425714492798
1.7944239377975464
1.751206398010254
1.7099937200546265
1.6699432134628296
1.6303831338882446
1.5907803773880005
1.5507404804229736
1.5099722146987915
1.468283772468567
1.4255561828613281
1.3817399740219116
1.3368364572525024
1.290894865989685
1.2439992427825928
1.1962660551071167
1.1478341817855835
1.0988630056381226
1.0495244264602661
1.0
0.9504755735397339
0.9011369943618774
0.8521657586097717
0.8037339448928833
0.7560006976127625
0.7091050744056702
0.6631635427474976
0.6182600259780884
0.5744438767433167
0.5317162871360779
0.49002784490585327
0.449259489774704
0.4092196226119995
0.36961689591407776
0.33005672693252563
0.29000627994537354
0.2487935572862625
0.205576092004776
0.1593574583530426
0.10899347811937332
1.852640151977539
1.8017263412475586
1.7549159526824951
1.711228609085083
1.6697932481765747
1.629852056503296
1.5907803773880005
1.5520662069320679
1.5133148431777954
1.4742225408554077
1.4345760345458984
1.3942298889160156
1.3531043529510498
1.3111686706542969
1.268438696861267
1.2249643802642822
1.1808274984359741
1.1361323595046997
1.091003179550171
1.0455769300460815
1.0
0.9544230699539185
0.9089967608451843
0.8638676404953003
0.8191725015640259
0.7750356793403625
0.7315613031387329
0.6888313293457031
0.6468955874443054
0.6057701110839844
0.5654239058494568
0.5257774591445923
0.48668521642684937
0.4479338228702545
0.4092196226119995
0.3701479136943817
0.3302067816257477
0.2887713313102722
0.24508407711982727
0.19827361404895782
0.14735983312129974
1.8090169429779053
1.7586121559143066
1.7121942043304443
1.6689165830612183
1.6280152797698975
1.5888139009475708
1.5507404804229736
1.5133148431777954
1.4761549234390259
1.438957691192627
1.4015004634857178
1.3636218309402466
1.3252215385437012
1.2862448692321777
1.2466816902160645
1.2065545320510864
1.1659162044525146
1.124841570854187
1.0834248065948486
1.0417723655700684
1.0
0.9582276344299316
0.9165751934051514
0.8751583695411682
0.8340837955474854
0.7934455275535583
0.7533182501792908
0.7137551307678223
0.6747785210609436
0.6363781690597534
0.5984994769096375
0.5610422492027283
0.5238450765609741
0.48668521642684937
0.449259489774704
0.4111860692501068
0.37198469042778015
0.33108341693878174
0.2878057658672333
0.24138787388801575
0.19098301231861115
1.7604060173034668
1.7114157676696777
1.6662397384643555
1.6241416931152344
1.5844513177871704
1.546567440032959
1.5099722146987915
1.4742225408554077
1.438957691192627
1.4038846492767334
1.3687800168991089
1.3334758281707764
1.2978589534759521
1.2618587017059326
1.2254453897476196
1.188619613647461
1.1514112949371338
1.1138708591461182
1.0760669708251953
1.038080096244812
1.0
0.9619198441505432
0.9239330887794495
0.8861291408538818
0.8485887050628662
0.8113803863525391
0.7745546698570251
0.7381412982940674
0.7021409869194031
0.6665242314338684
0.6312199831008911
0.5961153507232666
0.5610422492027283
0.5257774591445923
0.49002784490585327
0.45343253016471863
0.4155486226081848
0.375858336687088
0.33376026153564453
0.28858423233032227
0.23959402740001678
1.7071068286895752
1.6603169441223145
1.6171209812164307
1.5768781900405884
1.539001226425171
1.502957820892334
1.468283772468567
1.4345760345458984
1.4015004634857178
1.3687800168991089
1.336198329925537
1.3035874366760254
1.2708286046981812
1.2378408908843994
1.2045811414718628
1.1710339784622192
1.1372110843658447
1.1031430959701538
1.068877935409546
1.034474492073059
1.0
0.9655255675315857
0.9311220645904541
0.8968568444252014
0.8627888560295105
0.828965961933136
0.7954188585281372
0.7621590495109558
0.7291713953018188
0.6964125037193298
0.6638016104698181
0.6312199831008911
0.5984994769096375
0.5654239058494568
0.5317162871360779
0.4970422089099884
0.4609988331794739
0.42312178015708923
0.38287901878356934
0.3396831154823303
0.2928932309150696
1.649448037147522
1.605539321899414
1.5649657249450684
1.527169942855835
1.4916390180587769
1.4579051733016968
1.4255561828613281
1.3942298889160156
1.3636218309402466
1.3334758281707764
1.3035874366760254
1.2737946510314941
1.2439780235290527
1.2140525579452515
1.1839661598205566
1.1536927223205566
1.12322998046875
1.0925933122634888
1.0618139505386353
1.030933141708374
1.0
0.969066858291626
0.9381860494613647
0.9074066877365112
0.8767700791358948
0.8463072776794434
0.8160337805747986
0.7859475016593933
0.7560219168663025
0.7262054085731506
0.6964125037193298
0.6665242314338684
0.6363781690597534
0.6057701110839844
0.5744438767433167
0.5420947670936584
0.5083609819412231
0.4728300869464874
0.43503427505493164
0.39446067810058594
0.350551962852478
1.587785243988037
1.5473498106002808
1.509956955909729
1.4751248359680176
1.4424089193344116
1.4114012718200684
1.3817399740219116
1.3531043529510498
1.3252215385437012
1.2978589534759521
1.2708286046981812
1.2439780235290527
1.217192530632019
1.190386414527893
1.1635041236877441
1.136512279510498
1.1093991994857788
1.0821688175201416
1.0548394918441772
1.0274384021759033
1.0
0.9725615978240967
0.9451605677604675
0.9178311824798584
0.890600860118866
0.863487720489502
0.8364958167076111
0.8096135258674622
0.7828075289726257
0.7560219168663025
0.7291713953018188
0.7021409869194031
0.6747785210609436
0.6468955874443054
0.6182600259780884
0.5885986685752869
0.5575911402702332
0.5248751640319824
0.49004310369491577
0.45265015959739685
0.4122147560119629
1.522498607635498
1.4860469102859497
1.4523168802261353
1.420896291732788
1.3914037942886353
1.3634884357452393
1.3368364572525024
1.3111686706542969
1.2862448692321777
1.2618587017059326
1.2378408908843994
1.2140525579452515
1.190386414527893
1.166761040687561
1.1431199312210083
1.1194268465042114
1.0956639051437378
1.0718272924423218
1.047925591468811
1.0239756107330322
1.0
0.9760244488716125
0.952074408531189
0.9281727075576782
0.904336154460907
0.8805732131004333
0.8568800091743469
0.8332390189170837
0.8096135258674622
0.7859475016593933
0.7621590495109558
0.7381412982940674
0.7137551307678223
0.6888313293457031
0.6631635427474976
0.6365116238594055
0.6085962057113647
0.5791036486625671
0.5476831197738647
0.5139531493186951
0.47750142216682434
1.4539904594421387
1.4219598770141602
1.392305612564087
1.3646807670593262
1.3387634754180908
1.314257025718689
1.290894865989685
1.268438696861267
1.2466816902160645
1.2254453897476196
1.2045811414718628
1.1839661598205566
1.1635041236877441
1.1431199312210083
1.1227601766586304
1.1023881435394287
1.0819833278656006
1.0615367889404297
1.0410505533218384
1.020533561706543
1.0
0.979466438293457
0.9589494466781616
0.9384632110595703
0.9180166721343994
0.8976117968559265
0.8772397637367249
0.8568800091743469
0.8364958167076111
0.8160337805747986
0.7954188585281372
0.7745546698570251
0.7533182501792908
0.7315613031387329
0.7091050744056702
0.6857430338859558
0.661236584186554
0.6353192925453186
0.6076943874359131
0.5780401229858398
0.5460094809532166
1.3826833963394165
1.3554414510726929
1.3302103281021118
1.3067048788070679
1.2846602201461792
1.2638318538665771
1.2439992427825928
1.2249643802642822
1.2065545320510864
1.188619613647461
1.1710339784622192
1.1536927223205566
1.136512279510498
1.1194268465042114
1.1023881435394287
1.0853620767593384
1.0683276653289795
1.0512735843658447
1.0341978073120117
1.017103910446167
1.0
0.982896089553833
0.9658021926879883
0.9487264156341553
0.9316723942756653
0.9146378636360168
0.8976117968559265
0.8805732131004333
0.863487720489502
0.8463072776794434
0.828965961933136
0.8113803863525391
0.7934455275535583
0.7750356793403625
0.7560006976127625
0.7361680865287781
0.715339720249176
0.6932951211929321
0.6697896718978882
0.6445586085319519
0.6173165440559387
1.3090169429779053
1.2868661880493164
1.2663438320159912
1.2472243309020996
1.2292977571487427
1.2123701572418213
1.1962660551071167
1.1808274984359741
1.1659162044525146
1.1514112949371338
1.1372110843658447
1.12322998046875
1.1093991994857788
1.0956639051437378
1.0819833278656006
1.0683276653289795
1.0546776056289673
1.0410218238830566
1.0273560285568237
1.0136808156967163
1.0
0.9863191843032837
0.9726439118385315
0.9589781761169434
0.9453224539756775
0.9316723942756653
0.9180166721343994
0.904336154460907
0.890600860118866
0.8767700791358948
0.8627888560295105
0.8485887050628662
0.8340837955474854
0.8191725015640259
0.8037339448928833
0.7876299023628235
0.7707022428512573
0.7527757287025452
0.733656108379364
0.7131338119506836
0.69098299741745
1.233445405960083
1.2166248559951782
1.2010372877120972
1.1865146160125732
1.1729007959365845
1.160050868988037
1.1478341817855835
1.1361323595046997
1.124841570854187
1.1138708591461182
1.1031430959701538
1.0925933122634888
1.0821688175201416
1.0718272924423218
1.0615367889404297
1.0512735843658447
1.0410218238830566
1.0307714939117432
1.0205180644989014
1.0102604627609253
1.0
0.9897395968437195
0.9794818758964539
0.9692284464836121
0.9589781761169434
0.9487264156341553
0.9384632110595703
0.9281727075576782
0.9178311824798584
0.9074066877365112
0.8968568444252014
0.8861291408538818
0.8751583695411682
0.8638676404953003
0.8521657586097717
0.8399490714073181
0.8270992636680603
0.8134853839874268
0.7989627122879028
0.7833751440048218
0.7665546536445618
1.156434416770935
1.1451225280761719
1.1346379518508911
1.1248693466186523
1.1157132387161255
1.107073426246643
1.0988630056381226
1.091003179550171
1.0834248065948486
1.0760669708251953
1.068877935409546
1.0618139505386353
1.0548394918441772
1.047925591468811
1.0410505533218384
1.0341978073120117
1.0273560285568237
1.0205180644989014
1.013680100440979
1.0068405866622925
1.0
0.9931594133377075
0.986319899559021
0.9794818758964539
0.9726439118385315
0.9658021926879883
0.9589494466781616
0.952074408531189
0.9451605677604675
0.9381860494613647
0.9311220645904541
0.9239330887794495
0.9165751934051514
0.9089967608451843
0.9011369943618774
0.8929265737533569
0.8842868208885193
0.8751306533813477
0.8653621077537537
0.8548775315284729
0.8435655236244202
1.0784591436386108
1.0727736949920654
1.067503571510315
1.0625933408737183
1.0579911470413208
1.0536494255065918
1.0495244264602661
1.0455769300460815
1.0417723655700684
1.038080096244812
1.034474492073059
1.030933141708374
1.0274384021759033
1.0239756107330322
1.020533561706543
1.017103910446167
1.0136808156967163
1.0102604627609253
1.0068405866622925
1.0034204721450806
1.0
0.9965795278549194
0.9931594133377075
0.9897395968437195
0.9863191843032837
0.982896089553833
0.979466438293457
0.9760244488716125
0.9725615978240967
0.969066858291626
0.9655255675315857
0.9619198441505432
0.9582276344299316
0.9544230699539185
0.9504755735397339
0.946350634098053
0.9420087933540344
0.9374067187309265
0.9324964284896851
0.9272263646125793
0.9215409159660339
1.0
1.0
1.0
1.0
1.0
1.0
1.0
1.0
1.0
1.0
1.0
1.0
1.0
1.0
1.0
1.0
1.0
1.0
1.0
1.0
1.0
1.0
1.0
1.0
1.0
1.0
1.0
1.0
1.0
1.0
1.0
1.0
1.0
1.0
1.0
1.0
1.0
1.0
1.0
1.0
1.0
0.9215409159660339
0.9272263646125793
0.9324964284896851
0.9374067187309265
0.9420087933540344
0.946350634098053
0.9504755735397339
0.9544230699539185
0.9582276344299316
0.9619198441505432
0.9655255675315857
0.969066858291626
0.9725615978240967
0.9760244488716125
0.979466438293457
0.982896089553833
0.9863191843032837
0.9897395968437195
0.9931594133377075
0.9965795278549194
1.0
1.0034204721450806
1.0068405866622925
1.0102604627609253
1.0136808156967163
1.017103910446167
1.020533561706543
1.0239756107330322
1.0274384021759033
1.030933141708374
1.034474492073059
1.038080096244812
1.0417723655700684
1.0455769300460815
1.0495244264602661
1.0536494255065918
1.0579911470413208
1.0625933408737183
1.067503571510315
1.0727736949920654
1.0784591436386108
0.8435655236244202
0.8548775315284729
0.8653621077537537
0.8751306533813477
0.8842868208885193
0.8929265737533569
0.9011369943618774
0.9089967608451843
0.9165751934051514
0.9239330887794495
0.9311220645904541
0.9381860494613647
0.9451605677604675
0.952074408531189
0.9589494466781616
0.9658021926879883
0.9726439118385315
0.9794818758964539
0.986319899559021
0.9931594133377075
1.0
1.0068405866622925
1.013680100440979
1.0205180644989014
1.0273560285568237
1.0341978073120117
1.0410505533218384
1.047925591468811
1.0548394918441772
1.0618139505386353
1.068877935409546
1.0760669708251953
1.0834248065948486
1.091003179550171
1.0988630056381226
1.107073426246643
1.1157132387161255
1.1248693466186523
1.1346379518508911
1.1451225280761719
1.156434416770935
0.7665546536445618
0.7833751440048218
0.7989627122879028
0.8134853839874268
0.8270992636680603
0.8399490714073181
0.8521657586097717
0.8638676404953003
0.8751583695411682
0.8861291408538818
0.8968568444252014
0.9074066877365112
0.9178311824798584
0.9281727075576782
0.9384632110595703
0.9487264156341553
0.9589781761169434
0.9692284464836121
0.9794818758964539
0.9897395968437195
1.0
1.0102604627609253
1.0205180644989014
1.0307714939117432
1.0410218238830566
1.0512735843658447
1.0615367889404297
1.0718272924423218
1.0821688175201416
1.0925933122634888
1.1031430959701538
1.1138708591461182
1.124841570854187
1.1361323595046997
1.1478341817855835
1.160050868988037
1.1729007959365845
1.1865146160125732
1.2010372877120972
1.2166248559951782
1.233445405960083
0.69098299741745
0.7131338119506836
0.733656108379364
0.7527757287025452
0.7707022428512573
0.7876299023628235
0.8037339448928833
0.8191725015640259
0.8340837955474854
0.8485887050628662
0.8627888560295105
0.8767700791358948
0.890600860118866
0.904336154460907
0.9180166721343994
0.9316723942756653
0.9453224539756775
0.9589781761169434
0.9726439118385315
0.9863191843032837
1.0
1.0136808156967163
1.0273560285568237
1.0410218238830566
1.0546776056289673
1.0683276653289795
1.0819833278656006
1.0956639051437378
1.1093991994857788
1.12322998046875
1.1372110843658447
1.1514112949371338
1.1659162044525146
1.1808274984359741
1.1962660551071167
1.2123701572418213
1.2292977571487427
1.2472243309020996
1.2663438320159912
1.2868661880493164
1.3090169429779053
0.6173165440559387
0.6445586085319519
0.6697896718978882
0.6932951211929321
0.715339720249176
0.7361680865287781
0.7560006976127625
0.7750356793403625
0.7934455275535583
0.8113803863525391
0.828965961933136
0.8463072776794434
0.863487720489502
0.8805732131004333
0.8976117968559265
0.9146378636360168
0.9316723942756653
0.9487264156341553
0.9658021926879883
0.982896089553833
1.0
1.017103910446167
1.0341978073120117
1.0512735843658447
1.0683276653289795
1.0853620767593384
1.1023881435394287
1.1194268465042114
1.136512279510498
1.1536927223205566
1.1710339784622192
1.188619613647461
1.2065545320510864
1.2249643802642822
1.2439992427825928
1.2638318538665771
1.2846602201461792
1.3067048788070679
1.3302103281021118
1.3554414510726929
1.3826833963394165
0.5460094809532166
0.5780401229858398
0.6076943874359131
0.6353192925453186
0.661236584186554
0.6857430338859558
0.7091050744056702
0.7315613031387329
0.7533182501792908
0.7745546698570251
0.7954188585281372
0.8160337805747986
0.8364958167076111
0.8568800091743469
0.8772397637367249
0.8976117968559265
0.9180166721343994
0.9384632110595703
0.9589494466781616
0.979466438293457
1.0
1.020533561706543
1.0410505533218384
1.0615367889404297
1.0819833278656006
1.1023881435394287
1.1227601766586304
1.1431199312210083
1.1635041236877441
1.1839661598205566
1.2045811414718628
1.2254453897476196
1.2466816902160645
1.268438696861267
1.290894865989685
1.314257025718689
1.3387634754180908
1.3646807670593262
1.392305612564087
1.4219598770141602
1.4539904594421387
0.47750142216682434
0.5139531493186951
0.5476831197738647
0.5791036486625671
0.6085962057113647
0.6365116238594055
0.6631635427474976
0.6888313293457031
0.7137551307678223
0.7381412982940674
0.7621590495109558
0.7859475016593933
0.8096135258674622
0.8332390189170837
0.8568800091743469
0.8805732131004333
0.904336154460907
0.9281727075576782
0.952074408531189
0.9760244488716125
1.0
1.0239756107330322
1.047925591468811
1.0718272924423218
1.0956639051437378
1.1194268465042114
1.1431199312210083
1.166761040687561
1.190386414527893
1.2140525579452515
1.2378408908843994
1.2618587017059326
1.2862448692321777
1.3111686706542969
1.3368364572525024
1.3634884357452393
1.3914037942886353
1.420896291732788
1.4523168802261353
1.4860469102859497
1.522498607635498
0.4122147560119629
0.45265015959739685
0.49004310369491577
0.5248751640319824
0.5575911402702332
0.5885986685752869
0.6182600259780884
0.6468955874443054
0.6747785210609436
0.7021409869194031
0.7291713953018188
0.7560219168663025
0.7828075289726257
0.8096135258674622
0.8364958167076111
0.863487720489502
0.890600860118866
0.9178311824798584
0.9451605677604675
0.9725615978240967
1.0
1.0274384021759033
1.0548394918441772
1.0821688175201416
1.1093991994857788
1.136512279510498
1.1635041236877441
1.190386414527893
1.217192530632019
1.2439780235290527
1.2708286046981812
1.2978589534759521
1.3252215385437012
1.3531043529510498
1.3817399740219116
1.4114012718200684
1.4424089193344116
1.4751248359680176
1.509956955909729
1.5473498106002808
1.587785243988037
0.350551962852478
0.39446067810058594
0.43503427505493164
0.4728300869464874
0.5083609819412231
0.5420947670936584
0.5744438767433167
0.6057701110839844
0.6363781690597534
0.6665242314338684
0.6964125037193298
0.7262054085731506
0.7560219168663025
0.7859475016593933
0.8160337805747986
0.8463072776794434
0.8767700791358948
0.9074066877365112
0.9381860494613647
0.969066858291626
1.0
1.030933141708374
1.0618139505386353
1.0925933122634888
1.12322998046875
1.1536927223205566
1.1839661598205566
1.2140525579452515
1.2439780235290527
1.2737946510314941
1.3035874366760254
1.3334758281707764
1.3636218309402466
1.3942298889160156
1.4255561828613281
1.4579051733016968
1.4916390180587769
1.527169942855835
1.5649657249450684
1.605539321899414
1.649448037147522
0.2928932309150696
0.3396831154823303
0.38287901878356934
0.42312178015708923
0.4609988331794739
0.4970422089099884
0.5317162871360779
0.5654239058494568
0.5984994769096375
0.6312199831008911
0.6638016104698181
0.6964125037193298
0.7291713953018188
0.7621590495109558
0.7954188585281372
0.828965961933136
0.8627888560295105
0.8968568444252014
0.9311220645904541
0.9655255675315857
1.0
1.034474492073059
1.068877935409546
1.1031430959701538
1.1372110843658447
1.1710339784622192
1.2045811414718628
1.2378408908843994
1.2708286046981812
1.3035874366760254
1.336198329925537
1.3687800168991089
1.4015004634857178
1.4345760345458984
1.468283772468567
1.502957820892334
1.539001226425171
1.5768781900405884
1.6171209812164307
1.6603169441223145
1.7071068286895752
0.23959402740001678
0.28858423233032227
0.33376026153564453
0.375858336687088
0.4155486226081848
0.45343253016471863
0.49002784490585327
0.5257774591445923
0.5610422492027283
0.5961153507232666
0.6312199831008911
0.6665242314338684
0.7021409869194031
0.7381412982940674
0.7745546698570251
0.8113803863525391
0.8485887050628662
0.8861291408538818
0.9239330887794495
0.9619198441505432
1.0
1.038080096244812
1.0760669708251953
1.1138708591461182
1.1514112949371338
1.188619613647461
1.2254453897476196
1.2618587017059326
1.2978589534759521
1.3334758281707764
1.3687800168991089
1.4038846492767334
1.438957691192627
1.4742225408554077
1.5099722146987915
1.546567440032959
1.5844513177871704
1.6241416931152344
1.6662397384643555
1.7114157676696777
1.7604060173034668
0.19098301231861115
0.24138787388801575
0.2878057658672333
0.33108341693878174
0.37198469042778015
0.4111860692501068
0.449259489774704
0.48668521642684937
0.5238450765609741
0.5610422492027283
0.5984994769096375
0.6363781690597534
0.6747785210609436
0.7137551307678223
0.7533182501792908
0.7934455275535583
0.8340837955474854
0.8751583695411682
0.9165751934051514
0.9582276344299316
1.0
1.0417723655700684
1.0834248065948486
1.124841570854187
1.1659162044525146
1.2065545320510864
1.2466816902160645
1.2862448692321777
1.3252215385437012
1.3636218309402466
1.4015004634857178
1.438957691192627
1.4761549234390259
1.5133148431777954
1.5507404804229736
1.5888139009475708
1.6280152797698975
1.6689165830612183
1.7121942043304443
1.7586121559143066
1.8090169429779053
0.14735983312129974
0.19827361404895782
0.24508407711982727
0.2887713313102722
0.3302067816257477
0.3701479136943817
0.4092196226119995
0.4479338228702545
0.48668521642684937
0.5257774591445923
0.5654239058494568
0.6057701110839844
0.6468955874443054
0.6888313293457031
0.7315613031387329
0.7750356793403625
0.8191725015640259
0.8638676404953003
0.9089967608451843
0.9544230699539185
1.0
1.0455769300460815
1.091003179550171
1.1361323595046997
1.1808274984359741
1.2249643802642822
1.268438696861267
1.3111686706542969
1.3531043529510498
1.3942298889160156
1.4345760345458984
1.4742225408554077
1.5133148431777954
1.5520662069320679
1.5907803773880005
1.629852056503296
1.6697932481765747
1.711228609085083
1.7549159526824951
1.8017263412475586
1.852640151977539
0.10899347811937332
0.1593574583530426
0.205576092004776
0.2487935572862625
0.29000627994537354
0.33005672693252563
0.36961689591407776
0.4092196226119995
0.449259489774704
0.49002784490585327
0.5317162871360779
0.5744438767433167
0.6182600259780884
0.6631635427474976
0.7091050744056702
0.7560006976127625
0.8037339448928833
0.8521657586097717
0.9011369943618774
0.9504755735397339
1.0
1.0495244264602661
1.0988630056381226
1.1478341817855835
1.1962660551071167
1.2439992427825928
1.290894865989685
1.3368364572525024
1.3817399740219116
1.4255561828613281
1.468283772468567
1.5099722146987915
1.5507404804229736
1.5907803773880005
1.6303831338882446
1.6699432134628296
1.7099937200546265
1.751206398010254
1.7944239377975464
1.8406425714492798
1.8910064697265625
0.07612046599388123
0.12468668818473816
0.169163316488266
0.21090635657310486
0.2510554790496826
0.29053759574890137
0.33005672693252563
0.3701479136943817
0.4111860692501068
0.45343253016471863
0.4970422089099884
0.5420947670936584
0.5885986685752869
0.6365116238594055
0.6857430338859558
0.7361680865287781
0.7876299023628235
0.8399490714073181
0.8929265737533569
0.946350634098053
1.0
1.0536494255065918
1.107073426246643
1.160050868988037
1.2123701572418213
1.2638318538665771
1.314257025718689
1.3634884357452393
1.4114012718200684
1.4579051733016968
1.502957820892334
1.546567440032959
1.5888139009475708
1.629852056503296
1.6699432134628296
1.7094624042510986
1.7489445209503174
1.7890936136245728
1.8308366537094116
1.8753132820129395
1.9238795042037964
0.04894348233938217
0.09419332444667816
0.13556444644927979
0.1746825873851776
0.21284951269626617
0.2510554790496826
0.29000627994537354
0.3302067816257477
0.37198469042778015
0.4155486226081848
0.4609988331794739
0.5083609819412231
0.5575911402702332
0.6085962057113647
0.661236584186554
0.715339720249176
0.7707022428512573
0.8270992636680603
0.8842868208885193
0.9420087933540344
1.0
1.0579911470413208
1.1157132387161255
1.1729007959365845
1.2292977571487427
1.2846602201461792
1.3387634754180908
1.3914037942886353
1.4424089193344116
1.4916390180587769
1.539001226425171
1.5844513177871704
1.6280152797698975
1.6697932481765747
1.7099937200546265
1.7489445209503174
1.787150502204895
1.8253173828125
1.8644355535507202
1.9058066606521606
1.9510564804077148
0.02763007953763008
0.06767401099205017
0.10428906232118607
0.13947951793670654
0.1746825873851776
0.21090635657310486
0.2487935572862625
0.2887713313102722
0.33108341693878174
0.375858336687088
0.42312178015708923
0.4728300869464874
0.5248751640319824
0.5791036486625671
0.6353192925453186
0.6932951211929321
0.7527757287025452
0.8134853839874268
0.8751306533813477
0.9374067187309265
1.0
1.0625933408737183
1.1248693466186523
1.1865146160125732
1.2472243309020996
1.3067048788070679
1.3646807670593262
1.420896291732788
1.4751248359680176
1.527169942855835
1.5768781900405884
1.6241416931152344
1.6689165830612183
1.711228609085083
1.751206398010254
1.7890936136245728
1.8253173828125
1.8605204820632935
1.8957109451293945
1.9323259592056274
1.972369909286499
0.012311659753322601
0.04459288343787193
0.07447392493486404
0.10428906232118607
0.13556444644927979
0.169163316488266
0.205576092004776
0.24508407711982727
0.2878057658672333
0.33376026153564453
0.38287901878356934
0.43503427505493164
0.49004310369491577
0.5476831197738647
0.6076943874359131
0.6697896718978882
0.733656108379364
0.7989627122879028
0.8653621077537537
0.9324964284896851
1.0
1.067503571510315
1.1346379518508911
1.2010372877120972
1.2663438320159912
1.3302103281021118
1.392305612564087
1.4523168802261353
1.509956955909729
1.5649657249450684
1.6171209812164307
1.6662397384643555
1.7121942043304443
1.7549159526824951
1.7944239377975464
1.8308366537094116
1.8644355535507202
1.8957109451293945
1.9255260229110718
1.9554071426391602
1.9876883029937744
0.003082666313275695
0.024031836539506912
0.04459288343787193
0.06767401099205017
0.09419332444667816
0.12468668818473816
0.1593574583530426
0.19827361404895782
0.24138787388801575
0.28858423233032227
0.3396831154823303
0.39446067810058594
0.45265015959739685
0.5139531493186951
0.5780401229858398
0.6445586085319519
0.7131338119506836
0.7833751440048218
0.8548775315284729
0.9272263646125793
1.0
1.0727736949920654
1.1451225280761719
1.2166248559951782
1.2868661880493164
1.3554414510726929
1.4219598770141602
1.4860469102859497
1.5473498106002808
1.605539321899414
1.6603169441223145
1.7114157676696777
1.7586121559143066
1.8017263412475586
1.8406425714492798
1.8753132820129395
1.9058066606521606
1.9323259592056274
1.9554071426391602
1.9759681224822998
1.9969173669815063
0.0
0.003082666313275695
0.012311659753322601
0.02763007953763008
0.04894348233938217
0.07612046599388123
0.10899347811937332
0.14735983312129974
0.19098301231861115
0.23959402740001678
0.2928932309150696
0.350551962852478
0.4122147560119629
0.47750142216682434
0.5460094809532166
0.6173165440559387
0.69098299741745
0.7665546536445618
0.8435655236244202
0.9215409159660339
1.0
1.0784591436386108
1.156434416770935
1.233445405960083
1.3090169429779053
1.3826833963394165
1.4539904594421387
1.522498607635498
1.587785243988037
1.649448037147522
1.7071068286895752
1.7604060173034668
1.8090169429779053
1.852640151977539
1.8910064697265625
1.9238795042037964
1.9510564804077148
1.972369909286499
1.9876883029937744
1.9969173669815063
2.0
