2.0
1.9969173669815063
1.9876883029937744
1.972369909286499
1.9510564804077148
1.9238795042037964
1.8910064697265625
1.852640151977539
1.8090169429779053
1.7604060173034668
1.7071068286895752
1.649448037147522
1.587785243988037
1.522498607635498
1.4539904594421387
1.3826833963394165
1.3090169429779053
1.233445405960083
1.156434416770935
1.0784591436386108
1.0
0.9215409159660339
0.8435655236244202
0.7665546536445618
0.69098299741745
0.6173165440559387
0.5460094809532166
0.47750142216682434
0.4122147560119629
0.350551962852478
0.2928932309150696
0.23959402740001678
0.19098301231861115
0.14735983312129974
0.10899347811937332
0.07612046599388123
0.04894348233938217
0.02763007953763008
0.012311659753322601
0.003082666313275695
0.0
1.9969173669815063
1.975975751876831
1.9554195404052734
1.9323418140411377
1.9058247804641724
1.8753328323364258
1.8406628370285034
1.8017469644546509
1.7586325407028198
1.7114356756210327
1.660335898399353
1.6055572032928467
1.5473663806915283
1.486061692237854
1.4219729900360107
1.355452537536621
1.2868752479553223
1.2166316509246826
1.1451270580291748
1.072775959968567
1.0
0.9272240400314331
0.8548728823661804
0.7833682894706726
0.7131247520446777
0.6445474624633789
0.578027069568634
0.5139382481575012
0.45263367891311646
0.3944427967071533
0.3396640717983246
0.2885643541812897
0.24136744439601898
0.19825302064418793
0.1593371480703354
0.12466719001531601
0.09417527914047241
0.06765821576118469
0.04458041116595268
0.02402421273291111
0.003082666313275695
1.9876883029937744
1.9554195404052734
1.9255473613739014
1.8957384824752808
1.8644675016403198
1.8308714628219604
1.794460415840149
1.754953145980835
1.7122312784194946
1.6662758588790894
1.61715567111969
1.5649983882904053
1.5099869966506958
1.4523440599441528
1.3923295736312866
1.330230712890625
1.2663604021072388
1.2010499238967896
1.1346464157104492
1.0675078630447388
1.0
0.932492196559906
0.8653536438941956
0.7989501357078552
0.7336395382881165
0.669769287109375
0.6076704263687134
0.5476559400558472
0.4900130033493042
0.4350016415119171
0.38284435868263245
0.33372411131858826
0.28776872158050537
0.24504686892032623
0.20553956925868988
0.16912849247455597
0.13553249835968018
0.10426147282123566
0.07445260137319565
0.04458041116595268
0.012311659753322601
1.972369909286499
1.9323418140411377
1.8957384824752808
1.860556721687317
1.82535982131958
1.789140224456787
1.7512556314468384
1.7112789154052734
1.6689667701721191
1.6241908073425293
1.5769253969192505
1.5272144079208374
1.4751659631729126
1.420933485031128
1.364713430404663
1.3067327737808228
1.2472469806671143
1.186531901359558
1.1248809099197388
1.0625991821289062
1.0
0.9374008774757385
0.8751190304756165
0.8134680986404419
0.752752959728241
0.6932672262191772
0.6352865099906921
0.5790665149688721
0.5248340368270874
0.4727855920791626
0.4230745732784271
0.3758091926574707
0.33103320002555847
0.28872108459472656
0.2487444281578064
0.2108597606420517
0.17464016377925873
0.1394432783126831
0.10426147282123566
0.06765821576118469
0.02763007953763008
1.9510564804077148
1.9058247804641724
1.8644675016403198
1.82535982131958
1.7872005701065063
1.748999834060669
1.7100523710250854
1.6698534488677979
1.6280755996704102
1.5845105648040771
1.5390580892562866
1.4916927814483643
1.4424586296081543
1.3914488554000854
1.3388030529022217
1.2846940755844116
1.229325294494629
1.1729216575622559
1.1157273054122925
1.0579982995986938
1.0
0.9420017004013062
0.8842726945877075
0.8270782828330994
0.7706747055053711
0.7153059244155884
0.6611968874931335
0.6085511445999146
0.5575413703918457
0.5083072185516357
0.460941880941391
0.41548946499824524
0.37192440032958984
0.3301466107368469
0.2899476885795593
0.25100016593933105
0.21279945969581604
0.17464016377925873
0.13553249835968018
0.09417527914047241
0.04894348233938217
1.9238795042037964
1.8753328323364258
1.8308714628219604
1.789140224456787
1.748999834060669
1.7095237970352173
1.670008659362793
1.629919409751892
1.5888816118240356
1.5466339588165283
1.5030219554901123
1.4579658508300781
1.4114574193954468
1.363539218902588
1.31430184841156
1.263870120048523
1.212401270866394
1.1600747108459473
1.1070894002914429
1.0536574125289917
1.0
0.9463425874710083
0.8929105997085571
0.8399253487586975
0.7875986695289612
0.7361298203468323
0.6856981515884399
0.6364607214927673
0.5885425209999084
0.5420341491699219
0.49697810411453247
0.4533660113811493
0.41111841797828674
0.3700805902481079
0.3299913704395294
0.29047614336013794
0.25100016593933105
0.2108597606420517
0.16912849247455597
0.12466719001531601
0.07612046599388123
1.8910064697265625
1.8406628370285034
1.794460415840149
1.7512556314468384
1.7100523710250854
1.670008659362793
1.6304528713226318
1.5908523797988892
1.55081307888031
1.5100436210632324
1.4683526754379272
1.4256213903427124
1.3818005323410034
1.3368914127349854
1.2909433841705322
1.244040608406067
1.1962997913360596
1.1478599309921265
1.0988802909851074
1.0495331287384033
1.0
0.9504668712615967
0.9011197090148926
0.8521400690078735
0.8037002086639404
0.7559593319892883
0.7090566158294678
0.6631086468696594
0.6181994676589966
0.5743785500526428
0.531647264957428
0.4899563789367676
0.44918695092201233
0.40914759039878845
0.36954715847969055
0.3299913704395294
0.2899476885795593
0.2487444281578064
0.20553956925868988
0.1593371480703354
0.10899347811937332
1.852640151977539
1.8017469644546509
1.754953145980835
1.7112789154052734
1.6698534488677979
1.629919409751892
1.5908523797988892
1.5521408319473267
1.513390064239502
1.4742968082427979
1.4346479177474976
1.3942979574203491
1.3531675338745117
1.3112260103225708
1.2684892416000366
1.2250075340270996
1.1808627843856812
1.1361591815948486
1.0910212993621826
1.0455859899520874
1.0
0.9544139504432678
0.9089787006378174
0.8638407588005066
0.8191372752189636
0.7749924659729004
0.7315106987953186
0.688774049282074
0.6468324661254883
0.6057021021842957
0.5653521418571472
0.5257031917572021
0.48660993576049805
0.4478591978549957
0.40914759039878845
0.3700805902481079
0.3301466107368469
0.28872108459472656
0.24504686892032623
0.19825302064418793
0.14735983312129974
1.8090169429779053
1.7586325407028198
1.7122312784194946
1.6689667701721191
1.6280755996704102
1.5888816118240356
1.55081307888031
1.513390064239502
1.4762309789657593
1.4390329122543335
1.4015733003616333
1.3636908531188965
1.32528555393219
1.2863030433654785
1.2467331886291504
1.2065984010696411
1.1659520864486694
1.1248688697814941
1.083443284034729
1.0417815446853638
1.0
0.9582183957099915
0.9165567755699158
0.8751310706138611
0.8340479135513306
0.7934015393257141
0.7532668113708496
0.7136969566345215
0.6747143864631653
0.6363091468811035
0.5984267592430115
0.5609670877456665
0.5237690210342407
0.48660993576049805
0.44918695092201233
0.41111841797828674
0.37192440032958984
0.33103320002555847
0.28776872158050537
0.24136744439601898
0.19098301231861115
1.7604060173034668
1.7114356756210327
1.6662758588790894
1.6241908073425293
1.5845105648040771
1.5466339588165283
1.5100436210632324
1.4742968082427979
1.4390329122543335
1.4039589166641235
1.3688520193099976
1.333544135093689
1.2979226112365723
1.2619165182113647
1.2254964113235474
1.1886632442474365
1.1514469385147095
1.1138980388641357
1.0760852098464966
1.038089394569397
1.0
0.9619106650352478
0.9239147901535034
0.886102020740509
0.8485530614852905
0.8113367557525635
0.7745035886764526
0.7380834817886353
0.7020773887634277
0.6664558053016663
0.6311479210853577
0.5960410237312317
0.5609670877456665
0.5257031917572021
0.4899563789367676
0.4533660113811493
0.41548946499824524
0.3758091926574707
0.33372411131858826
0.2885643541812897
0.23959402740001678
1.7071068286895752
1.660335898399353
1.61715567111969
1.5769253969192505
1.5390580892562866
1.5030219554901123
1.4683526754379272
1.4346479177474976
1.4015733003616333
1.3688520193099976
1.3362681865692139
1.3036538362503052
1.2708903551101685
1.2378970384597778
1.2046308517456055
1.1710765361785889
1.137245774269104
1.103169560432434
1.068895697593689
1.0344834327697754
1.0
0.9655166268348694
0.931104302406311
0.8968304395675659
0.862754225730896
0.8289235234260559
0.7953691482543945
0.7621029019355774
0.7291096448898315
0.6963461637496948
0.6637317538261414
0.6311479210853577
0.5984267592430115
0.5653521418571472
0.531647264957428
0.49697810411453247
0.460941880941391
0.4230745732784271
0.38284435868263245
0.3396640717983246
0.2928932309150696
1.649448037147522
1.6055572032928467
1.5649983882904053
1.5272144079208374
1.4916927814483643
1.4579658508300781
1.4256213903427124
1.3942979574203491
1.3636908531188965
1.333544135093689
1.3036538362503052
1.2738577127456665
1.2440367937088013
1.2141059637069702
1.1840134859085083
1.1537331342697144
1.1232630014419556
1.092618465423584
1.0618308782577515
1.0309417247772217
1.0
0.9690582752227783
0.9381690621376038
0.907381534576416
0.8767369985580444
0.8462668657302856
0.8159865140914917
0.7858940362930298
0.755963146686554
0.7261422872543335
0.6963461637496948
0.6664558053016663
0.6363091468811035
0.6057021021842957
0.5743785500526428
0.5420341491699219
0.5083072185516357
0.4727855920791626
0.4350016415119171
0.3944427967071533
0.350551962852478
1.587785243988037
1.5473663806915283
1.5099869966506958
1.4751659631729126
1.4424586296081543
1.4114574193954468
1.3818005323410034
1.3531675338745117
1.32528555393219
1.2979226112365723
1.2708903551101685
1.2440367937088013
1.2172472476959229
1.1904362440109253
1.163548231124878
1.136549949645996
1.109429955482483
1.082192301750183
1.054855227470398
1.0274463891983032
1.0
0.9725536108016968
0.9451447129249573
0.9178076982498169
0.8905700445175171
0.8634499907493591
0.8364517688751221
0.8095637559890747
0.7827527523040771
0.755963146686554
0.7291096448898315
0.7020773887634277
0.6747143864631653
0.6468324661254883
0.6181994676589966
0.5885425209999084
0.5575413703918457
0.5248340368270874
0.4900130033493042
0.45263367891311646
0.4122147560119629
1.522498607635498
1.486061692237854
1.4523440599441528
1.420933485031128
1.3914488554000854
1.363539218902588
1.3368914127349854
1.3112260103225708
1.2863030433654785
1.2619165182113647
1.2378970384597778
1.2141059637069702
1.1904362440109253
1.1668063402175903
1.143160104751587
1.119461178779602
1.0956919193267822
1.0718486309051514
1.0479400157928467
1.0239828824996948
1.0
0.97601717710495
0.9520599842071533
0.9281513094902039
0.9043080806732178
0.8805388808250427
0.8568398952484131
0.8331937193870544
0.8095637559890747
0.7858940362930298
0.7621029019355774
0.7380834817886353
0.7136969566345215
0.688774049282074
0.6631086468696594
0.6364607214927673
0.6085511445999146
0.5790665149688721
0.5476559400558472
0.5139382481575012
0.47750142216682434
1.4539904594421387
1.4219729900360107
1.3923295736312866
1.364713430404663
1.3388030529022217
1.31430184841156
1.2909433841705322
1.2684892416000366
1.2467331886291504
1.2254964113235474
1.2046308517456055
1.1840134859085083
1.163548231124878
1.143160104751587
1.122795820236206
1.1024186611175537
1.0820081233978271
1.0615557432174683
1.0410633087158203
1.0205399990081787
1.0
0.9794600009918213
0.9589366316795349
0.9384442567825317
0.9179918169975281
0.8975813984870911
0.8772042393684387
0.8568398952484131
0.8364517688751221
0.8159865140914917
0.7953691482543945
0.7745035886764526
0.7532668113708496
0.7315106987953186
0.7090566158294678
0.6856981515884399
0.6611968874931335
0.6352865099906921
0.6076704263687134
0.578027069568634
0.5460094809532166
1.3826833963394165
1.355452537536621
1.330230712890625
1.3067327737808228
1.2846940755844116
1.263870120048523
1.244040608406067
1.2250075340270996
1.2065984010696411
1.1886632442474365
1.1710765361785889
1.1537331342697144
1.136549949645996
1.119461178779602
1.1024186611175537
1.08538818359375
1.0683488845825195
1.0512897968292236
1.0342087745666504
1.0171093940734863
1.0
0.9828906059265137
0.9657912850379944
0.9487102031707764
0.9316511154174805
0.91461181640625
0.8975813984870911
0.8805388808250427
0.8634499907493591
0.8462668657302856
0.8289235234260559
0.8113367557525635
0.7934015393257141
0.7749924659729004
0.7559593319892883
0.7361298203468323
0.7153059244155884
0.6932672262191772
0.669769287109375
0.6445474624633789
0.6173165440559387
1.3090169429779053
1.2868752479553223
1.2663604021072388
1.2472469806671143
1.229325294494629
1.212401270866394
1.1962997913360596
1.1808627843856812
1.1659520864486694
1.1514469385147095
1.137245774269104
1.1232630014419556
1.109429955482483
1.0956919193267822
1.0820081233978271
1.0683488845825195
1.0546950101852417
1.0410350561141968
1.02736496925354
1.0136853456497192
1.0
0.9863146543502808
0.9726349711418152
0.9589649438858032
0.9453050494194031
0.9316511154174805
0.9179918169975281
0.9043080806732178
0.8905700445175171
0.8767369985580444
0.862754225730896
0.8485530614852905
0.8340479135513306
0.8191372752189636
0.8037002086639404
0.7875986695289612
0.7706747055053711
0.752752959728241
0.7336395382881165
0.7131247520446777
0.69098299741745
1.233445405960083
1.2166316509246826
1.2010499238967896
1.186531901359558
1.1729216575622559
1.1600747108459473
1.1478599309921265
1.1361591815948486
1.1248688697814941
1.1138980388641357
1.103169560432434
1.092618465423584
1.082192301750183
1.0718486309051514
1.0615557432174683
1.0512897968292236
1.0410350561141968
1.030781626701355
1.0205249786376953
1.0102638006210327
1.0
0.9897361397743225
0.9794750809669495
0.969218373298645
0.9589649438858032
0.9487102031707764
0.9384442567825317
0.9281513094902039
0.9178076982498169
0.907381534576416
0.8968304395675659
0.886102020740509
0.8751310706138611
0.8638407588005066
0.8521400690078735
0.8399253487586975
0.8270782828330994
0.8134680986404419
0.7989501357078552
0.7833682894706726
0.7665546536445618
1.156434416770935
1.1451270580291748
1.1346464157104492
1.1248809099197388
1.1157273054122925
1.1070894002914429
1.0988802909851074
1.0910212993621826
1.083443284034729
1.0760852098464966
1.068895697593689
1.0618308782577515
1.054855227470398
1.0479400157928467
1.0410633087158203
1.0342087745666504
1.02736496925354
1.0205249786376953
1.0136847496032715
1.0068429708480835
1.0
0.9931570887565613
0.9863153100013733
0.9794750809669495
0.9726349711418152
0.9657912850379944
0.9589366316795349
0.9520599842071533
0.9451447129249573
0.9381690621376038
0.931104302406311
0.9239147901535034
0.9165567755699158
0.9089787006378174
0.9011197090148926
0.8929105997085571
0.8842726945877075
0.8751190304756165
0.8653536438941956
0.8548728823661804
0.8435655236244202
1.0784591436386108
1.072775959968567
1.0675078630447388
1.0625991821289062
1.0579982995986938
1.0536574125289917
1.0495331287384033
1.0455859899520874
1.0417815446853638
1.038089394569397
1.0344834327697754
1.0309417247772217
1.0274463891983032
1.0239828824996948
1.0205399990081787
1.0171093940734863
1.0136853456497192
1.0102638006210327
1.0068429708480835
1.003421664237976
1.0
0.9965783357620239
0.9931570887565613
0.9897361397743225
0.9863146543502808
0.9828906059265137
0.9794600009918213
0.97601717710495
0.9725536108016968
0.9690582752227783
0.9655166268348694
0.9619106650352478
0.9582183957099915
0.9544139504432678
0.9504668712615967
0.9463425874710083
0.9420017004013062
0.9374008774757385
0.932492196559906
0.9272240400314331
0.9215409159660339
1.0
1.0
1.0
1.0
1.0
1.0
1.0
1.0
1.0
1.0
1.0
1.0
1.0
1.0
1.0
1.0
1.0
1.0
1.0
1.0
1.0
1.0
1.0
1.0
1.0
1.0
1.0
1.0
1.0
1.0
1.0
1.0
1.0
1.0
1.0
1.0
1.0
1.0
1.0
1.0
1.0
0.9215409159660339
0.9272240400314331
0.932492196559906
0.9374008774757385
0.9420017004013062
0.9463425874710083
0.9504668712615967
0.9544139504432678
0.9582183957099915
0.9619106650352478
0.9655166268348694
0.9690582752227783
0.9725536108016968
0.97601717710495
0.9794600009918213
0.9828906059265137
0.9863146543502808
0.9897361397743225
0.9931570887565613
0.9965783357620239
1.0
1.003421664237976
1.0068429708480835
1.0102638006210327
1.0136853456497192
1.0171093940734863
1.0205399990081787
1.0239828824996948
1.0274463891983032
1.0309417247772217
1.0344834327697754
1.038089394569397
1.0417815446853638
1.0455859899520874
1.0495331287384033
1.0536574125289917
1.0579982995986938
1.0625991821289062
1.0675078630447388
1.072775959968567
1.0784591436386108
0.8435655236244202
0.8548728823661804
0.8653536438941956
0.8751190304756165
0.8842726945877075
0.8929105997085571
0.9011197090148926
0.9089787006378174
0.9165567755699158
0.9239147901535034
0.931104302406311
0.9381690621376038
0.9451447129249573
0.9520599842071533
0.9589366316795349
0.9657912850379944
0.9726349711418152
0.9794750809669495
0.9863153100013733
0.9931570887565613
1.0
1.0068429708480835
1.0136847496032715
1.0205249786376953
1.02736496925354
1.0342087745666504
1.0410633087158203
1.0479400157928467
1.054855227470398
1.0618308782577515
1.068895697593689
1.0760852098464966
1.083443284034729
1.0910212993621826
1.0988802909851074
1.1070894002914429
1.1157273054122925
1.1248809099197388
1.1346464157104492
1.1451270580291748
1.156434416770935
0.7665546536445618
0.7833682894706726
0.7989501357078552
0.8134680986404419
0.8270782828330994
0.8399253487586975
0.8521400690078735
0.8638407588005066
0.8751310706138611
0.886102020740509
0.8968304395675659
0.907381534576416
0.9178076982498169
0.9281513094902039
0.9384442567825317
0.9487102031707764
0.9589649438858032
0.969218373298645
0.9794750809669495
0.9897361397743225
1.0
1.0102638006210327
1.0205249786376953
1.030781626701355
1.0410350561141968
1.0512897968292236
1.0615557432174683
1.0718486309051514
1.082192301750183
1.092618465423584
1.103169560432434
1.1138980388641357
1.1248688697814941
1.1361591815948486
1.1478599309921265
1.1600747108459473
1.1729216575622559
1.186531901359558
1.2010499238967896
1.2166316509246826
1.233445405960083
0.69098299741745
0.7131247520446777
0.7336395382881165
0.752752959728241
0.7706747055053711
0.7875986695289612
0.8037002086639404
0.8191372752189636
0.8340479135513306
0.8485530614852905
0.862754225730896
0.8767369985580444
0.8905700445175171
0.9043080806732178
0.9179918169975281
0.9316511154174805
0.9453050494194031
0.9589649438858032
0.9726349711418152
0.9863146543502808
1.0
1.0136853456497192
1.02736496925354
1.0410350561141968
1.0546950101852417
1.0683488845825195
1.0820081233978271
1.0956919193267822
1.109429955482483
1.1232630014419556
1.137245774269104
1.1514469385147095
1.1659520864486694
1.1808627843856812
1.1962997913360596
1.212401270866394
1.229325294494629
1.2472469806671143
1.2663604021072388
1.2868752479553223
1.3090169429779053
0.6173165440559387
0.6445474624633789
0.669769287109375
0.6932672262191772
0.7153059244155884
0.7361298203468323
0.7559593319892883
0.7749924659729004
0.7934015393257141
0.8113367557525635
0.8289235234260559
0.8462668657302856
0.8634499907493591
0.8805388808250427
0.8975813984870911
0.91461181640625
0.9316511154174805
0.9487102031707764
0.9657912850379944
0.9828906059265137
1.0
1.0171093940734863
1.0342087745666504
1.0512897968292236
1.0683488845825195
1.08538818359375
1.1024186611175537
1.119461178779602
1.136549949645996
1.1537331342697144
1.1710765361785889
1.1886632442474365
1.2065984010696411
1.2250075340270996
1.244040608406067
1.263870120048523
1.2846940755844116
1.3067327737808228
1.330230712890625
1.355452537536621
1.3826833963394165
0.5460094809532166
0.578027069568634
0.6076704263687134
0.6352865099906921
0.6611968874931335
0.6856981515884399
0.7090566158294678
0.7315106987953186
0.7532668113708496
0.7745035886764526
0.7953691482543945
0.8159865140914917
0.8364517688751221
0.8568398952484131
0.8772042393684387
0.8975813984870911
0.9179918169975281
0.9384442567825317
0.9589366316795349
0.9794600009918213
1.0
1.0205399990081787
1.0410633087158203
1.0615557432174683
1.0820081233978271
1.1024186611175537
1.122795820236206
1.143160104751587
1.163548231124878
1.1840134859085083
1.2046308517456055
1.2254964113235474
1.2467331886291504
1.2684892416000366
1.2909433841705322
1.31430184841156
1.3388030529022217
1.364713430404663
1.3923295736312866
1.4219729900360107
1.4539904594421387
0.47750142216682434
0.5139382481575012
0.5476559400558472
0.5790665149688721
0.6085511445999146
0.6364607214927673
0.6631086468696594
0.688774049282074
0.7136969566345215
0.7380834817886353
0.7621029019355774
0.7858940362930298
0.8095637559890747
0.8331937193870544
0.8568398952484131
0.8805388808250427
0.9043080806732178
0.9281513094902039
0.9520599842071533
0.97601717710495
1.0
1.0239828824996948
1.0479400157928467
1.0718486309051514
1.0956919193267822
1.119461178779602
1.143160104751587
1.1668063402175903
1.1904362440109253
1.2141059637069702
1.2378970384597778
1.2619165182113647
1.2863030433654785
1.3112260103225708
1.3368914127349854
1.363539218902588
1.3914488554000854
1.420933485031128
1.4523440599441528
1.486061692237854
1.522498607635498
0.4122147560119629
0.45263367891311646
0.4900130033493042
0.5248340368270874
0.5575413703918457
0.5885425209999084
0.6181994676589966
0.6468324661254883
0.6747143864631653
0.7020773887634277
0.7291096448898315
0.755963146686554
0.7827527523040771
0.8095637559890747
0.8364517688751221
0.8634499907493591
0.8905700445175171
0.9178076982498169
0.9451447129249573
0.9725536108016968
1.0
1.0274463891983032
1.054855227470398
1.082192301750183
1.109429955482483
1.136549949645996
1.163548231124878
1.1904362440109253
1.2172472476959229
1.2440367937088013
1.2708903551101685
1.2979226112365723
1.32528555393219
1.3531675338745117
1.3818005323410034
1.4114574193954468
1.4424586296081543
1.4751659631729126
1.5099869966506958
1.5473663806915283
1.587785243988037
0.350551962852478
0.3944427967071533
0.4350016415119171
0.4727855920791626
0.5083072185516357
0.5420341491699219
0.5743785500526428
0.6057021021842957
0.6363091468811035
0.6664558053016663
0.6963461637496948
0.7261422872543335
0.755963146686554
0.7858940362930298
0.8159865140914917
0.8462668657302856
0.8767369985580444
0.907381534576416
0.9381690621376038
0.9690582752227783
1.0
1.0309417247772217
1.0618308782577515
1.092618465423584
1.1232630014419556
1.1537331342697144
1.1840134859085083
1.2141059637069702
1.2440367937088013
1.2738577127456665
1.3036538362503052
1.333544135093689
1.3636908531188965
1.3942979574203491
1.4256213903427124
1.4579658508300781
1.4916927814483643
1.5272144079208374
1.5649983882904053
1.6055572032928467
1.649448037147522
0.2928932309150696
0.3396640717983246
0.38284435868263245
0.4230745732784271
0.460941880941391
0.49697810411453247
0.531647264957428
0.5653521418571472
0.5984267592430115
0.6311479210853577
0.6637317538261414
0.6963461637496948
0.7291096448898315
0.7621029019355774
0.7953691482543945
0.8289235234260559
0.862754225730896
0.8968304395675659
0.931104302406311
0.9655166268348694
1.0
1.0344834327697754
1.068895697593689
1.103169560432434
1.137245774269104
1.1710765361785889
1.2046308517456055
1.2378970384597778
1.2708903551101685
1.3036538362503052
1.3362681865692139
1.3688520193099976
1.4015733003616333
1.4346479177474976
1.4683526754379272
1.5030219554901123
1.5390580892562866
1.5769253969192505
1.61715567111969
1.660335898399353
1.7071068286895752
0.23959402740001678
0.2885643541812897
0.33372411131858826
0.3758091926574707
0.41548946499824524
0.4533660113811493
0.4899563789367676
0.5257031917572021
0.5609670877456665
0.5960410237312317
0.6311479210853577
0.6664558053016663
0.7020773887634277
0.7380834817886353
0.7745035886764526
0.8113367557525635
0.8485530614852905
0.886102020740509
0.9239147901535034
0.9619106650352478
1.0
1.038089394569397
1.0760852098464966
1.1138980388641357
1.1514469385147095
1.1886632442474365
1.2254964113235474
1.2619165182113647
1.2979226112365723
1.333544135093689
1.3688520193099976
1.4039589166641235
1.4390329122543335
1.4742968082427979
1.5100436210632324
1.5466339588165283
1.5845105648040771
1.6241908073425293
1.6662758588790894
1.7114356756210327
1.7604060173034668
0.19098301231861115
0.24136744439601898
0.28776872158050537
0.33103320002555847
0.37192440032958984
0.41111841797828674
0.44918695092201233
0.48660993576049805
0.5237690210342407
0.5609670877456665
0.5984267592430115
0.6363091468811035
0.6747143864631653
0.7136969566345215
0.7532668113708496
0.7934015393257141
0.8340479135513306
0.8751310706138611
0.9165567755699158
0.9582183957099915
1.0
1.0417815446853638
1.083443284034729
1.1248688697814941
1.1659520864486694
1.2065984010696411
1.2467331886291504
1.2863030433654785
1.32528555393219
1.3636908531188965
1.4015733003616333
1.4390329122543335
1.4762309789657593
1.513390064239502
1.55081307888031
1.5888816118240356
1.6280755996704102
1.6689667701721191
1.7122312784194946
1.7586325407028198
1.8090169429779053
0.14735983312129974
0.19825302064418793
0.24504686892032623
0.28872108459472656
0.3301466107368469
0.3700805902481079
0.40914759039878845
0.4478591978549957
0.48660993576049805
0.5257031917572021
0.5653521418571472
0.6057021021842957
0.6468324661254883
0.688774049282074
0.7315106987953186
0.7749924659729004
0.8191372752189636
0.8638407588005066
0.9089787006378174
0.9544139504432678
1.0
1.0455859899520874
1.0910212993621826
1.1361591815948486
1.1808627843856812
1.2250075340270996
1.2684892416000366
1.3112260103225708
1.3531675338745117
1.3942979574203491
1.4346479177474976
1.4742968082427979
1.513390064239502
1.5521408319473267
1.5908523797988892
1.629919409751892
1.6698534488677979
1.7112789154052734
1.754953145980835
1.8017469644546509
1.852640151977539
0.10899347811937332
0.1593371480703354
0.20553956925868988
0.2487444281578064
0.2899476885795593
0.3299913704395294
0.36954715847969055
0.40914759039878845
0.44918695092201233
0.4899563789367676
0.531647264957428
0.5743785500526428
0.6181994676589966
0.6631086468696594
0.7090566158294678
0.7559593319892883
0.8037002086639404
0.8521400690078735
0.9011197090148926
0.9504668712615967
1.0
1.0495331287384033
1.0988802909851074
1.1478599309921265
1.1962997913360596
1.244040608406067
1.2909433841705322
1.3368914127349854
1.3818005323410034
1.4256213903427124
1.4683526754379272
1.5100436210632324
1.55081307888031
1.5908523797988892
1.6304528713226318
1.670008659362793
1.7100523710250854
1.7512556314468384
1.794460415840149
1.8406628370285034
1.8910064697265625
0.07612046599388123
0.12466719001531601
0.16912849247455597
0.2108597606420517
0.25100016593933105
0.29047614336013794
0.3299913704395294
0.3700805902481079
0.41111841797828674
0.4533660113811493
0.49697810411453247
0.5420341491699219
0.5885425209999084
0.6364607214927673
0.6856981515884399
0.7361298203468323
0.7875986695289612
0.8399253487586975
0.8929105997085571
0.9463425874710083
1.0
1.0536574125289917
1.1070894002914429
1.1600747108459473
1.212401270866394
1.263870120048523
1.31430184841156
1.363539218902588
1.4114574193954468
1.4579658508300781
1.5030219554901123
1.5466339588165283
1.5888816118240356
1.629919409751892
1.670008659362793
1.7095237970352173
1.748999834060669
1.789140224456787
1.8308714628219604
1.8753328323364258
1.9238795042037964
0.04894348233938217
0.09417527914047241
0.13553249835968018
0.17464016377925873
0.21279945969581604
0.25100016593933105
0.2899476885795593
0.3301466107368469
0.37192440032958984
0.41548946499824524
0.460941880941391
0.5083072185516357
0.5575413703918457
0.6085511445999146
0.6611968874931335
0.7153059244155884
0.7706747055053711
0.8270782828330994
0.8842726945877075
0.9420017004013062
1.0
1.0579982995986938
1.1157273054122925
1.1729216575622559
1.229325294494629
1.2846940755844116
1.3388030529022217
1.3914488554000854
1.4424586296081543
1.4916927814483643
1.5390580892562866
1.5845105648040771
1.6280755996704102
1.6698534488677979
1.7100523710250854
1.748999834060669
1.7872005701065063
1.82535982131958
1.8644675016403198
1.9058247804641724
1.9510564804077148
0.02763007953763008
0.06765821576118469
0.10426147282123566
0.1394432783126831
0.17464016377925873
0.2108597606420517
0.2487444281578064
0.28872108459472656
0.33103320002555847
0.3758091926574707
0.4230745732784271
0.4727855920791626
0.5248340368270874
0.5790665149688721
0.6352865099906921
0.6932672262191772
0.752752959728241
0.8134680986404419
0.8751190304756165
0.9374008774757385
1.0
1.0625991821289062
1.1248809099197388
1.186531901359558
1.2472469806671143
1.3067327737808228
1.364713430404663
1.420933485031128
1.4751659631729126
1.5272144079208374
1.5769253969192505
1.6241908073425293
1.6689667701721191
1.7112789154052734
1.7512556314468384
1.789140224456787
1.82535982131958
1.860556721687317
1.8957384824752808
1.9323418140411377
1.972369909286499
0.012311659753322601
0.04458041116595268
0.07445260137319565
0.10426147282123566
0.13553249835968018
0.16912849247455597
0.20553956925868988
0.24504686892032623
0.28776872158050537
0.33372411131858826
0.38284435868263245
0.4350016415119171
0.4900130033493042
0.5476559400558472
0.6076704263687134
0.669769287109375
0.7336395382881165
0.7989501357078552
0.8653536438941956
0.932492196559906
1.0
1.0675078630447388
1.1346464157104492
1.2010499238967896
1.2663604021072388
1.330230712890625
1.3923295736312866
1.4523440599441528
1.5099869966506958
1.5649983882904053
1.61715567111969
1.6662758588790894
1.7122312784194946
1.754953145980835
1.794460415840149
1.8308714628219604
1.8644675016403198
1.8957384824752808
1.9255473613739014
1.9554195404052734
1.9876883029937744
0.003082666313275695
0.02402421273291111
0.04458041116595268
0.06765821576118469
0.09417527914047241
0.12466719001531601
0.1593371480703354
0.19825302064418793
0.24136744439601898
0.2885643541812897
0.3396640717983246
0.3944427967071533
0.45263367891311646
0.5139382481575012
0.578027069568634
0.6445474624633789
0.7131247520446777
0.7833682894706726
0.8548728823661804
0.9272240400314331
1.0
1.072775959968567
1.1451270580291748
1.2166316509246826
1.2868752479553223
1.355452537536621
1.4219729900360107
1.486061692237854
1.5473663806915283
1.6055572032928467
1.660335898399353
1.7114356756210327
1.7586325407028198
1.8017469644546509
1.8406628370285034
1.8753328323364258
1.9058247804641724
1.9323418140411377
1.9554195404052734
1.975975751876831
1.9969173669815063
0.0
0.003082666313275695
0.012311659753322601
0.02763007953763008
0.04894348233938217
0.07612046599388123
0.10899347811937332
0.14735983312129974
0.19098301231861115
0.23959402740001678
0.2928932309150696
0.350551962852478
0.4122147560119629
0.47750142216682434
0.5460094809532166
0.6173165440559387
0.69098299741745
0.7665546536445618
0.8435655236244202
0.9215409159660339
1.0
1.0784591436386108
1.156434416770935
1.233445405960083
1.3090169429779053
1.3826833963394165
1.4539904594421387
1.522498607635498
1.587785243988037
1.649448037147522
1.7071068286895752
1.7604060173034668
1.8090169429779053
1.852640151977539
1.8910064697265625
1.9238795042037964
1.9510564804077148
1.972369909286499
1.9876883029937744
1.9969173669815063
2.0
