2.0
1.9969173669815063
1.9876883029937744
1.972369909286499
1.9510564804077148
1.9238795042037964
1.8910064697265625
1.852640151977539
1.8090169429779053
1.7604060173034668
1.7071068286895752
1.649448037147522
1.587785243988037
1.522498607635498
1.4539904594421387
1.3826833963394165
1.3090169429779053
1.233445405960083
1.156434416770935
1.0784591436386108
1.0
0.9215409159660339
0.8435655236244202
0.7665546536445618
0.69098299741745
0.6173165440559387
0.5460094809532166
0.47750142216682434
0.4122147560119629
0.350551962852478
0.2928932309150696
0.23959402740001678
0.19098301231861115
0.14735983312129974
0.10899347811937332
0.07612046599388123
0.04894348233938217
0.02763007953763008
0.012311659753322601
0.003082666313275695
0.0
1.9969173669815063
1.9759724140167236
1.955414056777954
1.9323347806930542
1.9058167934417725
1.8753241300582886
1.840653896331787
1.801737904548645
1.758623480796814
1.711426854133606
1.6603275537490845
1.6055493354797363
1.5473589897155762
1.4860551357269287
1.4219671487808228
1.3554476499557495
1.2868711948394775
1.2166286706924438
1.1451250314712524
1.072774887084961
1.0
0.9272250533103943
0.8548749685287476
0.7833713293075562
0.7131287455558777
0.6445524096488953
0.5780327916145325
0.5139448642730713
0.45264095067977905
0.39445069432258606
0.3396725058555603
0.28857314586639404
0.24137647449970245
0.19826212525367737
0.15934613347053528
0.12467581033706665
0.09418325871229172
0.06766519695520401
0.044585924595594406
0.024027584120631218
0.003082666313275695
1.9876883029937744
1.955414056777954
1.9255379438400269
1.8957263231277466
1.8644533157348633
1.8308560848236084
1.7944443225860596
1.754936695098877
1.7122149467468262
1.6662598848342896
1.617140293121338
1.5649839639663696
1.5099736452102661
1.4523320198059082
1.3923189640045166
1.3302216529846191
1.2663531303405762
1.2010443210601807
1.1346426010131836
1.067505955696106
1.0
0.932494044303894
0.8653573393821716
0.7989556789398193
0.7336468696594238
0.6697782874107361
0.6076810359954834
0.547667920589447
0.4900262951850891
0.43501606583595276
0.3828596770763397
0.33374008536338806
0.2877851128578186
0.24506331980228424
0.205555722117424
0.1691438853740692
0.13554662466049194
0.10427366942167282
0.07446203380823135
0.044585924595594406
0.012311659753322601
1.972369909286499
1.9323347806930542
1.8957263231277466
1.860540747642517
1.8253411054611206
1.7891196012496948
1.7512338161468506
1.711256742477417
1.6689445972442627
1.624169111251831
1.576904535293579
1.5271947383880615
1.4751477241516113
1.42091703414917
1.3646990060806274
1.3067203760147095
1.247236967086792
1.1865242719650269
1.124875783920288
1.0625965595245361
1.0
0.9374034404754639
0.8751241564750671
0.8134757280349731
0.752763032913208
0.6932795643806458
0.6353009939193726
0.5790829062461853
0.5248522162437439
0.4728052616119385
0.4230954349040985
0.37583091855049133
0.3310554027557373
0.2887432873249054
0.24876613914966583
0.2108803540468216
0.17465892434120178
0.1394592970609665
0.10427366942167282
0.06766519695520401
0.02763007953763008
1.9510564804077148
1.9058167934417725
1.8644533157348633
1.8253411054611206
1.78717839717865
1.748975396156311
1.7100263833999634
1.6698267459869385
1.6280488967895508
1.584484338760376
1.5390329360961914
1.4916690587997437
1.4424365758895874
1.3914289474487305
1.3387855291366577
1.2846791744232178
1.2293131351470947
1.1729124784469604
1.1157211065292358
1.0579952001571655
1.0
0.9420048594474792
0.8842789530754089
0.8270875811576843
0.7706868648529053
0.715320885181427
0.6612144112586975
0.6085710525512695
0.5575633645057678
0.5083310008049011
0.4609670639038086
0.41551563143730164
0.37195104360580444
0.33017322421073914
0.28997358679771423
0.25102463364601135
0.2128216028213501
0.17465892434120178
0.13554662466049194
0.09418325871229172
0.04894348233938217
1.9238795042037964
1.8753241300582886
1.8308560848236084
1.7891196012496948
1.748975396156311
1.7094967365264893
1.6699796915054321
1.6298896074295044
1.5888516902923584
1.5466046333312988
1.5029935836791992
1.4579390287399292
1.4114326238632202
1.3635168075561523
1.314281940460205
1.2638531923294067
1.2123875617980957
1.1600642204284668
1.1070823669433594
1.0536538362503052
1.0
0.94634610414505
0.8929176330566406
0.839935839176178
0.7876124978065491
0.7361467480659485
0.6857179999351501
0.6364832520484924
0.5885673761367798
0.5420609712600708
0.49700644612312317
0.45339539647102356
0.4111483097076416
0.3701103627681732
0.3300202786922455
0.2905033230781555
0.25102463364601135
0.2108803540468216
0.1691438853740692
0.12467581033706665
0.07612046599388123
1.8910064697265625
1.840653896331787
1.7944443225860596
1.7512338161468506
1.7100263833999634
1.6699796915054321
1.6304219961166382
1.590820550918579
1.550781011581421
1.5100120306015015
1.4683221578598022
1.4255925416946411
1.381773829460144
1.336867094039917
1.290921926498413
1.2440223693847656
1.1962848901748657
1.1478486061096191
1.0988726615905762
1.0495293140411377
1.0
0.9504707455635071
0.9011273384094238
0.8521514534950256
0.8037151098251343
0.7559776306152344
0.7090780735015869
0.663132905960083
0.6182262301445007
0.5744074583053589
0.531677782535553
0.48998796939849854
0.4492190182209015
0.4091794490814209
0.3695780038833618
0.3300202786922455
0.28997358679771423
0.24876613914966583
0.205555722117424
0.15934613347053528
0.10899347811937332
1.852640151977539
1.801737904548645
1.754936695098877
1.711256742477417
1.6698267459869385
1.6298896074295044
1.590820550918579
1.552107810974121
1.5133568048477173
1.4742639064788818
1.4346160888671875
1.3942677974700928
1.3531396389007568
1.3112006187438965
1.2684669494628906
1.2249884605407715
1.18084716796875
1.136147379875183
1.0910133123397827
1.0455820560455322
1.0
0.9544180035591125
0.9089866876602173
0.8638526201248169
0.81915283203125
0.7750115394592285
0.7315331101417542
0.6887993812561035
0.6468603610992432
0.6057321429252625
0.5653838515281677
0.5257360339164734
0.4866432249546051
0.4478921890258789
0.4091794490814209
0.3701103627681732
0.33017322421073914
0.2887432873249054
0.24506331980228424
0.19826212525367737
0.14735983312129974
1.8090169429779053
1.758623480796814
1.7122149467468262
1.6689445972442627
1.6280488967895508
1.5888516902923584
1.550781011581421
1.5133568048477173
1.476197361946106
1.4389996528625488
1.4015411138534546
1.3636603355407715
1.3252573013305664
1.2862772941589355
1.2467104196548462
1.2065789699554443
1.1659362316131592
1.1248568296432495
1.08343505859375
1.041777491569519
1.0
0.958222508430481
0.9165648818016052
0.8751431703567505
0.8340637683868408
0.7934209704399109
0.7532895803451538
0.7137227058410645
0.6747427582740784
0.6363396644592285
0.5984589457511902
0.5610003471374512
0.5238026976585388
0.4866432249546051
0.4492190182209015
0.4111483097076416
0.37195104360580444
0.3310554027557373
0.2877851128578186
0.24137647449970245
0.19098301231861115
1.7604060173034668
1.711426854133606
1.6662598848342896
1.624169111251831
1.584484338760376
1.5466046333312988
1.5100120306015015
1.4742639064788818
1.4389996528625488
1.403926134109497
1.3688201904296875
1.3335139751434326
1.2978944778442383
1.2618910074234009
1.2254738807678223
1.1886439323425293
1.1514312028884888
1.1138859987258911
1.0760771036148071
1.0380853414535522
1.0
0.9619147181510925
0.9239228367805481
0.8861140012741089
0.8485687971115112
0.8113560676574707
0.7745261788368225
0.7381090521812439
0.7021055221557617
0.6664860844612122
0.6311798095703125
0.5960739254951477
0.5610003471374512
0.5257360339164734
0.48998796939849854
0.45339539647102356
0.41551563143730164
0.37583091855049133
0.33374008536338806
0.28857314586639404
0.23959402740001678
1.7071068286895752
1.6603275537490845
1.617140293121338
1.576904535293579
1.5390329360961914
1.5029935836791992
1.4683221578598022
1.4346160888671875
1.4015411138534546
1.3688201904296875
1.3362373113632202
1.3036245107650757
1.2708630561828613
1.2378722429275513
1.2046089172363281
1.1710577011108398
1.1372305154800415
1.103157877922058
1.0688878297805786
1.0344793796539307
1.0
0.9655205607414246
0.9311121702194214
0.8968421220779419
0.8627695441246033
0.8289422988891602
0.7953911423683167
0.7621277570724487
0.7291369438171387
0.6963754892349243
0.6637626886367798
0.6311798095703125
0.5984589457511902
0.5653838515281677
0.531677782535553
0.49700644612312317
0.4609670639038086
0.4230954349040985
0.3828596770763397
0.3396725058555603
0.2928932309150696
1.649448037147522
1.6055493354797363
1.5649839639663696
1.5271947383880615
1.4916690587997437
1.4579390287399292
1.4255925416946411
1.3942677974700928
1.3636603355407715
1.3335139751434326
1.3036245107650757
1.2738298177719116
1.2440108060836792
1.2140823602676392
1.183992624282837
1.1537152528762817
1.1232483386993408
1.0926073789596558
1.0618233680725098
1.030937910079956
1.0
0.969062089920044
0.9381765723228455
0.9073926210403442
0.8767516016960144
0.8462847471237183
0.8160073757171631
0.7859176397323608
0.755989134311676
0.7261701822280884
0.6963754892349243
0.6664860844612122
0.6363396644592285
0.6057321429252625
0.5744074583053589
0.5420609712600708
0.5083310008049011
0.4728052616119385
0.43501606583595276
0.39445069432258606
0.350551962852478
1.587785243988037
1.5473589897155762
1.5099736452102661
1.4751477241516113
1.4424365758895874
1.4114326238632202
1.381773829460144
1.3531396389007568
1.3252573013305664
1.2978944778442383
1.2708630561828613
1.2440108060836792
1.217223048210144
1.1904141902923584
1.1635288000106812
1.136533260345459
1.1094163656234741
1.0821819305419922
1.054848313331604
1.0274428129196167
1.0
0.9725571274757385
0.9451517462730408
0.9178180694580078
0.8905836939811707
0.8634666800498962
0.8364712595939636
0.8095857501029968
0.782776951789856
0.755989134311676
0.7291369438171387
0.7021055221557617
0.6747427582740784
0.6468603610992432
0.6182262301445007
0.5885673761367798
0.5575633645057678
0.5248522162437439
0.4900262951850891
0.45264095067977905
0.4122147560119629
1.522498607635498
1.4860551357269287
1.4523320198059082
1.42091703414917
1.3914289474487305
1.3635168075561523
1.336867094039917
1.3112006187438965
1.2862772941589355
1.2618910074234009
1.2378722429275513
1.2140823602676392
1.1904141902923584
1.1667863130569458
1.1431423425674438
1.1194459199905396
1.095679521560669
1.0718392133712769
1.0479336977005005
1.023979663848877
1.0
0.9760203957557678
0.9520663619041443
0.9281607866287231
0.904320478439331
0.8805540204048157
0.8568576574325562
0.833213746547699
0.8095857501029968
0.7859176397323608
0.7621277570724487
0.7381090521812439
0.7137227058410645
0.6887993812561035
0.663132905960083
0.6364832520484924
0.6085710525512695
0.5790829062461853
0.547667920589447
0.5139448642730713
0.47750142216682434
1.4539904594421387
1.4219671487808228
1.3923189640045166
1.3646990060806274
1.3387855291366577
1.314281940460205
1.290921926498413
1.2684669494628906
1.2467104196548462
1.2254738807678223
1.2046089172363281
1.183992624282837
1.1635288000106812
1.1431423425674438
1.1227800846099854
1.1024051904678345
1.0819971561431885
1.0615473985671997
1.0410577058792114
1.0205371379852295
1.0
0.9794628620147705
0.9589422941207886
0.9384526610374451
0.9180028438568115
0.8975948095321655
0.8772199153900146
0.8568576574325562
0.8364712595939636
0.8160073757171631
0.7953911423683167
0.7745261788368225
0.7532895803451538
0.7315331101417542
0.7090780735015869
0.6857179999351501
0.6612144112586975
0.6353009939193726
0.6076810359954834
0.5780327916145325
0.5460094809532166
1.3826833963394165
1.3554476499557495
1.3302216529846191
1.3067203760147095
1.2846791744232178
1.2638531923294067
1.2440223693847656
1.2249884605407715
1.2065789699554443
1.1886439323425293
1.1710577011108398
1.1537152528762817
1.136533260345459
1.1194459199905396
1.1024051904678345
1.0853766202926636
1.068339467048645
1.0512826442718506
1.0342038869857788
1.0171070098876953
1.0
0.9828929901123047
0.9657961130142212
0.9487173557281494
0.931660532951355
0.9146233797073364
0.8975948095321655
0.8805540204048157
0.8634666800498962
0.8462847471237183
0.8289422988891602
0.8113560676574707
0.7934209704399109
0.7750115394592285
0.7559776306152344
0.7361467480659485
0.715320885181427
0.6932795643806458
0.6697782874107361
0.6445524096488953
0.6173165440559387
1.3090169429779053
1.2868711948394775
1.2663531303405762
1.247236967086792
1.2293131351470947
1.2123875617980957
1.1962848901748657
1.18084716796875
1.1659362316131592
1.1514312028884888
1.1372305154800415
1.1232483386993408
1.1094163656234741
1.095679521560669
1.0819971561431885
1.068339467048645
1.054687261581421
1.0410292148590088
1.0273610353469849
1.0136833190917969
1.0
0.9863166809082031
0.9726389050483704
0.9589707851409912
0.9453127384185791
0.931660532951355
0.9180028438568115
0.904320478439331
0.8905836939811707
0.8767516016960144
0.8627695441246033
0.8485687971115112
0.8340637683868408
0.81915283203125
0.8037151098251343
0.7876124978065491
0.7706868648529053
0.752763032913208
0.7336468696594238
0.7131287455558777
0.69098299741745
1.233445405960083
1.2166286706924438
1.2010443210601807
1.1865242719650269
1.1729124784469604
1.1600642204284668
1.1478486061096191
1.136147379875183
1.1248568296432495
1.1138859987258911
1.103157877922058
1.0926073789596558
1.0821819305419922
1.0718392133712769
1.0615473985671997
1.0512826442718506
1.0410292148590088
1.0307772159576416
1.020521879196167
1.010262370109558
1.0
0.9897376894950867
0.979478120803833
0.9692228436470032
0.9589707851409912
0.9487173557281494
0.9384526610374451
0.9281607866287231
0.9178180694580078
0.9073926210403442
0.8968421220779419
0.8861140012741089
0.8751431703567505
0.8638526201248169
0.8521514534950256
0.839935839176178
0.8270875811576843
0.8134757280349731
0.7989556789398193
0.7833713293075562
0.7665546536445618
1.156434416770935
1.1451250314712524
1.1346426010131836
1.124875783920288
1.1157211065292358
1.1070823669433594
1.0988726615905762
1.0910133123397827
1.08343505859375
1.0760771036148071
1.0688878297805786
1.0618233680725098
1.054848313331604
1.0479336977005005
1.0410577058792114
1.0342038869857788
1.0273610353469849
1.020521879196167
1.0136826038360596
1.0068418979644775
1.0
0.9931581020355225
0.9863173365592957
0.979478120803833
0.9726389050483704
0.9657961130142212
0.9589422941207886
0.9520663619041443
0.9451517462730408
0.9381765723228455
0.9311121702194214
0.9239228367805481
0.9165648818016052
0.9089866876602173
0.9011273384094238
0.8929176330566406
0.8842789530754089
0.8751241564750671
0.8653573393821716
0.8548749685287476
0.8435655236244202
1.0784591436386108
1.072774887084961
1.067505955696106
1.0625965595245361
1.0579952001571655
1.0536538362503052
1.0495293140411377
1.0455820560455322
1.041777491569519
1.0380853414535522
1.0344793796539307
1.030937910079956
1.0274428129196167
1.023979663848877
1.0205371379852295
1.0171070098876953
1.0136833190917969
1.010262370109558
1.0068418979644775
1.0034211874008179
1.0
0.9965788722038269
0.9931581020355225
0.9897376894950867
0.9863166809082031
0.9828929901123047
0.9794628620147705
0.9760203957557678
0.9725571274757385
0.969062089920044
0.9655205607414246
0.9619147181510925
0.958222508430481
0.9544180035591125
0.9504707455635071
0.94634610414505
0.9420048594474792
0.9374034404754639
0.932494044303894
0.9272250533103943
0.9215409159660339
1.0
1.0
1.0
1.0
1.0
1.0
1.0
1.0
1.0
1.0
1.0
1.0
1.0
1.0
1.0
1.0
1.0
1.0
1.0
1.0
1.0
1.0
1.0
1.0
1.0
1.0
1.0
1.0
1.0
1.0
1.0
1.0
1.0
1.0
1.0
1.0
1.0
1.0
1.0
1.0
1.0
0.9215409159660339
0.9272250533103943
0.932494044303894
0.9374034404754639
0.9420048594474792
0.94634610414505
0.9504707455635071
0.9544180035591125
0.958222508430481
0.9619147181510925
0.9655205607414246
0.969062089920044
0.9725571274757385
0.9760203957557678
0.9794628620147705
0.9828929901123047
0.9863166809082031
0.9897376894950867
0.9931581020355225
0.9965788722038269
1.0
1.0034211874008179
1.0068418979644775
1.010262370109558
1.0136833190917969
1.0171070098876953
1.0205371379852295
1.023979663848877
1.0274428129196167
1.030937910079956
1.0344793796539307
1.0380853414535522
1.041777491569519
1.0455820560455322
1.0495293140411377
1.0536538362503052
1.0579952001571655
1.0625965595245361
1.067505955696106
1.072774887084961
1.0784591436386108
0.8435655236244202
0.8548749685287476
0.8653573393821716
0.8751241564750671
0.8842789530754089
0.8929176330566406
0.9011273384094238
0.9089866876602173
0.9165648818016052
0.9239228367805481
0.9311121702194214
0.9381765723228455
0.9451517462730408
0.9520663619041443
0.9589422941207886
0.9657961130142212
0.9726389050483704
0.979478120803833
0.9863173365592957
0.9931581020355225
1.0
1.0068418979644775
1.0136826038360596
1.020521879196167
1.0273610353469849
1.0342038869857788
1.0410577058792114
1.0479336977005005
1.054848313331604
1.0618233680725098
1.0688878297805786
1.0760771036148071
1.08343505859375
1.0910133123397827
1.0988726615905762
1.1070823669433594
1.1157211065292358
1.124875783920288
1.1346426010131836
1.1451250314712524
1.156434416770935
0.7665546536445618
0.7833713293075562
0.7989556789398193
0.8134757280349731
0.8270875811576843
0.839935839176178
0.8521514534950256
0.8638526201248169
0.8751431703567505
0.8861140012741089
0.8968421220779419
0.9073926210403442
0.9178180694580078
0.9281607866287231
0.9384526610374451
0.9487173557281494
0.9589707851409912
0.9692228436470032
0.979478120803833
0.9897376894950867
1.0
1.010262370109558
1.020521879196167
1.0307772159576416
1.0410292148590088
1.0512826442718506
1.0615473985671997
1.0718392133712769
1.0821819305419922
1.0926073789596558
1.103157877922058
1.1138859987258911
1.1248568296432495
1.136147379875183
1.1478486061096191
1.1600642204284668
1.1729124784469604
1.1865242719650269
1.2010443210601807
1.2166286706924438
1.233445405960083
0.69098299741745
0.7131287455558777
0.7336468696594238
0.752763032913208
0.7706868648529053
0.7876124978065491
0.8037151098251343
0.81915283203125
0.8340637683868408
0.8485687971115112
0.8627695441246033
0.8767516016960144
0.8905836939811707
0.904320478439331
0.9180028438568115
0.931660532951355
0.9453127384185791
0.9589707851409912
0.9726389050483704
0.9863166809082031
1.0
1.0136833190917969
1.0273610353469849
1.0410292148590088
1.054687261581421
1.068339467048645
1.0819971561431885
1.095679521560669
1.1094163656234741
1.1232483386993408
1.1372305154800415
1.1514312028884888
1.1659362316131592
1.18084716796875
1.1962848901748657
1.2123875617980957
1.2293131351470947
1.247236967086792
1.2663531303405762
1.2868711948394775
1.3090169429779053
0.6173165440559387
0.6445524096488953
0.6697782874107361
0.6932795643806458
0.715320885181427
0.7361467480659485
0.7559776306152344
0.7750115394592285
0.7934209704399109
0.8113560676574707
0.8289422988891602
0.8462847471237183
0.8634666800498962
0.8805540204048157
0.8975948095321655
0.9146233797073364
0.931660532951355
0.9487173557281494
0.9657961130142212
0.9828929901123047
1.0
1.0171070098876953
1.0342038869857788
1.0512826442718506
1.068339467048645
1.0853766202926636
1.1024051904678345
1.1194459199905396
1.136533260345459
1.1537152528762817
1.1710577011108398
1.1886439323425293
1.2065789699554443
1.2249884605407715
1.2440223693847656
1.2638531923294067
1.2846791744232178
1.3067203760147095
1.3302216529846191
1.3554476499557495
1.3826833963394165
0.5460094809532166
0.5780327916145325
0.6076810359954834
0.6353009939193726
0.6612144112586975
0.6857179999351501
0.7090780735015869
0.7315331101417542
0.7532895803451538
0.7745261788368225
0.7953911423683167
0.8160073757171631
0.8364712595939636
0.8568576574325562
0.8772199153900146
0.8975948095321655
0.9180028438568115
0.9384526610374451
0.9589422941207886
0.9794628620147705
1.0
1.0205371379852295
1.0410577058792114
1.0615473985671997
1.0819971561431885
1.1024051904678345
1.1227800846099854
1.1431423425674438
1.1635288000106812
1.183992624282837
1.2046089172363281
1.2254738807678223
1.2467104196548462
1.2684669494628906
1.290921926498413
1.314281940460205
1.3387855291366577
1.3646990060806274
1.3923189640045166
1.4219671487808228
1.4539904594421387
0.47750142216682434
0.5139448642730713
0.547667920589447
0.5790829062461853
0.6085710525512695
0.6364832520484924
0.663132905960083
0.6887993812561035
0.7137227058410645
0.7381090521812439
0.7621277570724487
0.7859176397323608
0.8095857501029968
0.833213746547699
0.8568576574325562
0.8805540204048157
0.904320478439331
0.9281607866287231
0.9520663619041443
0.9760203957557678
1.0
1.023979663848877
1.0479336977005005
1.0718392133712769
1.095679521560669
1.1194459199905396
1.1431423425674438
1.1667863130569458
1.1904141902923584
1.2140823602676392
1.2378722429275513
1.2618910074234009
1.2862772941589355
1.3112006187438965
1.336867094039917
1.3635168075561523
1.3914289474487305
1.42091703414917
1.4523320198059082
1.4860551357269287
1.522498607635498
0.4122147560119629
0.45264095067977905
0.4900262951850891
0.5248522162437439
0.5575633645057678
0.5885673761367798
0.6182262301445007
0.6468603610992432
0.6747427582740784
0.7021055221557617
0.7291369438171387
0.755989134311676
0.782776951789856
0.8095857501029968
0.8364712595939636
0.8634666800498962
0.8905836939811707
0.9178180694580078
0.9451517462730408
0.9725571274757385
1.0
1.0274428129196167
1.054848313331604
1.0821819305419922
1.1094163656234741
1.136533260345459
1.1635288000106812
1.1904141902923584
1.217223048210144
1.2440108060836792
1.2708630561828613
1.2978944778442383
1.3252573013305664
1.3531396389007568
1.381773829460144
1.4114326238632202
1.4424365758895874
1.4751477241516113
1.5099736452102661
1.5473589897155762
1.587785243988037
0.350551962852478
0.39445069432258606
0.43501606583595276
0.4728052616119385
0.5083310008049011
0.5420609712600708
0.5744074583053589
0.6057321429252625
0.6363396644592285
0.6664860844612122
0.6963754892349243
0.7261701822280884
0.755989134311676
0.7859176397323608
0.8160073757171631
0.8462847471237183
0.8767516016960144
0.9073926210403442
0.9381765723228455
0.969062089920044
1.0
1.030937910079956
1.0618233680725098
1.0926073789596558
1.1232483386993408
1.1537152528762817
1.183992624282837
1.2140823602676392
1.2440108060836792
1.2738298177719116
1.3036245107650757
1.3335139751434326
1.3636603355407715
1.3942677974700928
1.4255925416946411
1.4579390287399292
1.4916690587997437
1.5271947383880615
1.5649839639663696
1.6055493354797363
1.649448037147522
0.2928932309150696
0.3396725058555603
0.3828596770763397
0.4230954349040985
0.4609670639038086
0.49700644612312317
0.531677782535553
0.5653838515281677
0.5984589457511902
0.6311798095703125
0.6637626886367798
0.6963754892349243
0.7291369438171387
0.7621277570724487
0.7953911423683167
0.8289422988891602
0.8627695441246033
0.8968421220779419
0.9311121702194214
0.9655205607414246
1.0
1.0344793796539307
1.0688878297805786
1.103157877922058
1.1372305154800415
1.1710577011108398
1.2046089172363281
1.2378722429275513
1.2708630561828613
1.3036245107650757
1.3362373113632202
1.3688201904296875
1.4015411138534546
1.4346160888671875
1.4683221578598022
1.5029935836791992
1.5390329360961914
1.576904535293579
1.617140293121338
1.6603275537490845
1.7071068286895752
0.23959402740001678
0.28857314586639404
0.33374008536338806
0.37583091855049133
0.41551563143730164
0.45339539647102356
0.48998796939849854
0.5257360339164734
0.5610003471374512
0.5960739254951477
0.6311798095703125
0.6664860844612122
0.7021055221557617
0.7381090521812439
0.7745261788368225
0.8113560676574707
0.8485687971115112
0.8861140012741089
0.9239228367805481
0.9619147181510925
1.0
1.0380853414535522
1.0760771036148071
1.1138859987258911
1.1514312028884888
1.1886439323425293
1.2254738807678223
1.2618910074234009
1.2978944778442383
1.3335139751434326
1.3688201904296875
1.403926134109497
1.4389996528625488
1.4742639064788818
1.5100120306015015
1.5466046333312988
1.584484338760376
1.624169111251831
1.6662598848342896
1.711426854133606
1.7604060173034668
0.19098301231861115
0.24137647449970245
0.2877851128578186
0.3310554027557373
0.37195104360580444
0.4111483097076416
0.4492190182209015
0.4866432249546051
0.5238026976585388
0.5610003471374512
0.5984589457511902
0.6363396644592285
0.6747427582740784
0.7137227058410645
0.7532895803451538
0.7934209704399109
0.8340637683868408
0.8751431703567505
0.9165648818016052
0.958222508430481
1.0
1.041777491569519
1.08343505859375
1.1248568296432495
1.1659362316131592
1.2065789699554443
1.2467104196548462
1.2862772941589355
1.3252573013305664
1.3636603355407715
1.4015411138534546
1.4389996528625488
1.476197361946106
1.5133568048477173
1.550781011581421
1.5888516902923584
1.6280488967895508
1.6689445972442627
1.7122149467468262
1.758623480796814
1.8090169429779053
0.14735983312129974
0.19826212525367737
0.24506331980228424
0.2887432873249054
0.33017322421073914
0.3701103627681732
0.4091794490814209
0.4478921890258789
0.4866432249546051
0.5257360339164734
0.5653838515281677
0.6057321429252625
0.6468603610992432
0.6887993812561035
0.7315331101417542
0.7750115394592285
0.81915283203125
0.8638526201248169
0.9089866876602173
0.9544180035591125
1.0
1.0455820560455322
1.0910133123397827
1.136147379875183
1.18084716796875
1.2249884605407715
1.2684669494628906
1.3112006187438965
1.3531396389007568
1.3942677974700928
1.4346160888671875
1.4742639064788818
1.5133568048477173
1.552107810974121
1.590820550918579
1.6298896074295044
1.6698267459869385
1.711256742477417
1.754936695098877
1.801737904548645
1.852640151977539
0.10899347811937332
0.15934613347053528
0.205555722117424
0.24876613914966583
0.28997358679771423
0.3300202786922455
0.3695780038833618
0.4091794490814209
0.4492190182209015
0.48998796939849854
0.531677782535553
0.5744074583053589
0.6182262301445007
0.663132905960083
0.7090780735015869
0.7559776306152344
0.8037151098251343
0.8521514534950256
0.9011273384094238
0.9504707455635071
1.0
1.0495293140411377
1.0988726615905762
1.1478486061096191
1.1962848901748657
1.2440223693847656
1.290921926498413
1.336867094039917
1.381773829460144
1.4255925416946411
1.4683221578598022
1.5100120306015015
1.550781011581421
1.590820550918579
1.6304219961166382
1.6699796915054321
1.7100263833999634
1.7512338161468506
1.7944443225860596
1.840653896331787
1.8910064697265625
0.07612046599388123
0.12467581033706665
0.1691438853740692
0.2108803540468216
0.25102463364601135
0.2905033230781555
0.3300202786922455
0.3701103627681732
0.4111483097076416
0.45339539647102356
0.49700644612312317
0.5420609712600708
0.5885673761367798
0.6364832520484924
0.6857179999351501
0.7361467480659485
0.7876124978065491
0.839935839176178
0.8929176330566406
0.94634610414505
1.0
1.0536538362503052
1.1070823669433594
1.1600642204284668
1.2123875617980957
1.2638531923294067
1.314281940460205
1.3635168075561523
1.4114326238632202
1.4579390287399292
1.5029935836791992
1.5466046333312988
1.5888516902923584
1.6298896074295044
1.6699796915054321
1.7094967365264893
1.748975396156311
1.7891196012496948
1.8308560848236084
1.8753241300582886
1.9238795042037964
0.04894348233938217
0.09418325871229172
0.13554662466049194
0.17465892434120178
0.2128216028213501
0.25102463364601135
0.28997358679771423
0.33017322421073914
0.37195104360580444
0.41551563143730164
0.4609670639038086
0.5083310008049011
0.5575633645057678
0.6085710525512695
0.6612144112586975
0.715320885181427
0.7706868648529053
0.8270875811576843
0.8842789530754089
0.9420048594474792
1.0
1.0579952001571655
1.1157211065292358
1.1729124784469604
1.2293131351470947
1.2846791744232178
1.3387855291366577
1.3914289474487305
1.4424365758895874
1.4916690587997437
1.5390329360961914
1.584484338760376
1.6280488967895508
1.6698267459869385
1.7100263833999634
1.748975396156311
1.78717839717865
1.8253411054611206
1.8644533157348633
1.9058167934417725
1.9510564804077148
0.02763007953763008
0.06766519695520401
0.10427366942167282
0.1394592970609665
0.17465892434120178
0.2108803540468216
0.24876613914966583
0.2887432873249054
0.3310554027557373
0.37583091855049133
0.4230954349040985
0.4728052616119385
0.5248522162437439
0.5790829062461853
0.6353009939193726
0.6932795643806458
0.752763032913208
0.8134757280349731
0.8751241564750671
0.9374034404754639
1.0
1.0625965595245361
1.124875783920288
1.1865242719650269
1.247236967086792
1.3067203760147095
1.3646990060806274
1.42091703414917
1.4751477241516113
1.5271947383880615
1.576904535293579
1.624169111251831
1.6689445972442627
1.711256742477417
1.7512338161468506
1.7891196012496948
1.8253411054611206
1.860540747642517
1.8957263231277466
1.9323347806930542
1.972369909286499
0.012311659753322601
0.044585924595594406
0.07446203380823135
0.10427366942167282
0.13554662466049194
0.1691438853740692
0.205555722117424
0.24506331980228424
0.2877851128578186
0.33374008536338806
0.3828596770763397
0.43501606583595276
0.4900262951850891
0.547667920589447
0.6076810359954834
0.6697782874107361
0.7336468696594238
0.7989556789398193
0.8653573393821716
0.932494044303894
1.0
1.067505955696106
1.1346426010131836
1.2010443210601807
1.2663531303405762
1.3302216529846191
1.3923189640045166
1.4523320198059082
1.5099736452102661
1.5649839639663696
1.617140293121338
1.6662598848342896
1.7122149467468262
1.754936695098877
1.7944443225860596
1.8308560848236084
1.8644533157348633
1.8957263231277466
1.9255379438400269
1.955414056777954
1.9876883029937744
0.003082666313275695
0.024027584120631218
0.044585924595594406
0.06766519695520401
0.09418325871229172
0.12467581033706665
0.15934613347053528
0.19826212525367737
0.24137647449970245
0.28857314586639404
0.3396725058555603
0.39445069432258606
0.45264095067977905
0.5139448642730713
0.5780327916145325
0.6445524096488953
0.7131287455558777
0.7833713293075562
0.8548749685287476
0.9272250533103943
1.0
1.072774887084961
1.1451250314712524
1.2166286706924438
1.2868711948394775
1.3554476499557495
1.4219671487808228
1.4860551357269287
1.5473589897155762
1.6055493354797363
1.6603275537490845
1.711426854133606
1.758623480796814
1.801737904548645
1.840653896331787
1.8753241300582886
1.9058167934417725
1.9323347806930542
1.955414056777954
1.9759724140167236
1.9969173669815063
0.0
0.003082666313275695
0.012311659753322601
0.02763007953763008
0.04894348233938217
0.07612046599388123
0.10899347811937332
0.14735983312129974
0.19098301231861115
0.23959402740001678
0.2928932309150696
0.350551962852478
0.4122147560119629
0.47750142216682434
0.5460094809532166
0.6173165440559387
0.69098299741745
0.7665546536445618
0.8435655236244202
0.9215409159660339
1.0
1.0784591436386108
1.156434416770935
1.233445405960083
1.3090169429779053
1.3826833963394165
1.4539904594421387
1.522498607635498
1.587785243988037
1.649448037147522
1.7071068286895752
1.7604060173034668
1.8090169429779053
1.852640151977539
1.8910064697265625
1.9238795042037964
1.9510564804077148
1.972369909286499
1.9876883029937744
1.9969173669815063
2.0
