2.0
1.9969173669815063
1.9876883029937744
1.972369909286499
1.9510564804077148
1.9238795042037964
1.8910064697265625
1.852640151977539
1.8090169429779053
1.7604060173034668
1.7071068286895752
1.649448037147522
1.587785243988037
1.522498607635498
1.4539904594421387
1.3826833963394165
1.3090169429779053
1.233445405960083
1.156434416770935
1.0784591436386108
1.0
0.9215409159660339
0.8435655236244202
0.7665546536445618
0.69098299741745
0.6173165440559387
0.5460094809532166
0.47750142216682434
0.4122147560119629
0.350551962852478
0.2928932309150696
0.23959402740001678
0.19098301231861115
0.14735983312129974
0.10899347811937332
0.07612046599388123
0.04894348233938217
0.02763007953763008
0.012311659753322601
0.003082666313275695
0.0
1.9969173669815063
1.975966215133667
1.9554039239883423
1.9323219060897827
1.9058020114898682
1.8753082752227783
1.8406373262405396
1.8017210960388184
1.7586069107055664
1.711410641670227
1.6603120565414429
1.6055346727371216
1.5473456382751465
1.486043095588684
1.4219565391540527
1.3554385900497437
1.286863923072815
1.216623067855835
1.1451213359832764
1.0727730989456177
1.0
0.9272269606590271
0.8548787236213684
0.783376932144165
0.7131361365318298
0.6445614099502563
0.5780434608459473
0.5139569640159607
0.4526543915271759
0.39446526765823364
0.3396880030632019
0.28858935832977295
0.24139313399791718
0.19827890396118164
0.15936268866062164
0.12469170242547989
0.09419796615839005
0.06767807900905609
0.04459608718752861
0.024033797904849052
0.003082666313275695
1.9876883029937744
1.9554039239883423
1.9255205392837524
1.8957037925720215
1.8644273281097412
1.8308277130126953
1.7944145202636719
1.754906415939331
1.7121846675872803
1.6662304401397705
1.6171120405197144
1.5649573802947998
1.5099492073059082
1.4523098468780518
1.3922995328903198
1.3302050828933716
1.266339659690857
1.2010340690612793
1.1346356868743896
1.067502498626709
1.0
0.9324975609779358
0.8653642535209656
0.7989659309387207
0.7336603999137878
0.6697949171066284
0.607700526714325
0.5476900935173035
0.4900508522987366
0.4350426495075226
0.38288792967796326
0.3337695598602295
0.28781530261039734
0.24509362876415253
0.20558547973632812
0.1691722720861435
0.1355726718902588
0.10429615527391434
0.07447940856218338
0.04459608718752861
0.012311659753322601
1.972369909286499
1.9323219060897827
1.8957037925720215
1.8605111837387085
1.8253065347671509
1.7890816926956177
1.7511937618255615
1.7112157344818115
1.6689037084579468
1.624129056930542
1.5768660306930542
1.527158498764038
1.4751142263412476
1.420886754989624
1.364672303199768
1.3066977262496948
1.2472184896469116
1.1865102052688599
1.1248663663864136
1.062591791152954
1.0
0.9374082088470459
0.8751336336135864
0.8134897947311401
0.7527815103530884
0.69330233335495
0.6353276968002319
0.579113245010376
0.5248857140541077
0.4728415310382843
0.423133909702301
0.3758710026741028
0.3310963213443756
0.2887842655181885
0.2488061785697937
0.2109183371067047
0.1746934950351715
0.1394888311624527
0.10429615527391434
0.06767807900905609
0.02763007953763008
1.9510564804077148
1.9058020114898682
1.8644273281097412
1.8253065347671509
1.7871376276016235
1.7489303350448608
1.709978699684143
1.669777750968933
1.6279997825622559
1.5844361782073975
1.5389865636825562
1.491625189781189
1.4423960447311401
1.3913922309875488
1.3387532234191895
1.2846516370773315
1.2292907238006592
1.1728954315185547
1.1157095432281494
1.0579893589019775
1.0
0.9420106410980225
0.8842903971672058
0.8271046280860901
0.7707093358039856
0.7153484225273132
0.6612467765808105
0.6086077690124512
0.5576038956642151
0.508374810218811
0.46101346611976624
0.4155638515949249
0.37200021743774414
0.3302222490310669
0.2900213599205017
0.25106972455978394
0.21286238729953766
0.1746934950351715
0.1355726718902588
0.09419796615839005
0.04894348233938217
1.9238795042037964
1.8753082752227783
1.8308277130126953
1.7890816926956177
1.7489303350448608
1.7094465494155884
1.669926404953003
1.629834771156311
1.5887964963912964
1.5465503931045532
1.502941370010376
1.4578896760940552
1.4113868474960327
1.3634753227233887
1.3142454624176025
1.263822078704834
1.2123620510101318
1.16004478931427
1.1070693731307983
1.0536472797393799
1.0
0.9463526606559753
0.8929306864738464
0.8399551510810852
0.7876378893852234
0.7361779808998108
0.6857545375823975
0.6365246772766113
0.5886130928993225
0.5421103835105896
0.4970586895942688
0.4534496068954468
0.41120344400405884
0.37016522884368896
0.3300735354423523
0.29055342078208923
0.25106972455978394
0.2109183371067047
0.1691722720861435
0.12469170242547989
0.07612046599388123
1.8910064697265625
1.8406373262405396
1.7944145202636719
1.7511937618255615
1.709978699684143
1.669926404953003
1.6303651332855225
1.5907618999481201
1.5507218837738037
1.5099537372589111
1.4682660102844238
1.4255393743515015
1.38172447681427
1.3368223905563354
1.2908824682235718
1.2439886331558228
1.1962573528289795
1.1478276252746582
1.0988585948944092
1.0495221614837646
1.0
0.9504778385162354
0.9011414051055908
0.8521723747253418
0.8037426471710205
0.7560113668441772
0.7091175317764282
0.6631776690483093
0.6182755827903748
0.5744606852531433
0.5317339897155762
0.4900462031364441
0.4492781460285187
0.40923815965652466
0.36963483691215515
0.3300735354423523
0.2900213599205017
0.2488061785697937
0.20558547973632812
0.15936268866062164
0.10899347811937332
1.852640151977539
1.8017210960388184
1.754906415939331
1.7112157344818115
1.669777750968933
1.629834771156311
1.5907618999481201
1.5520470142364502
1.5132954120635986
1.4742034673690796
1.4345576763153076
1.3942123651504517
1.353088140487671
1.3111538887023926
1.268425703048706
1.2249531745910645
1.1808184385299683
1.1361254453659058
1.0909985303878784
1.0455745458602905
1.0
0.9544253945350647
0.9090014100074768
0.8638744950294495
0.8191815614700317
0.7750467658042908
0.7315743565559387
0.6888460516929626
0.6469118595123291
0.6057875752449036
0.5654423832893372
0.5257965922355652
0.486704558134079
0.4479529857635498
0.40923815965652466
0.37016522884368896
0.3302222490310669
0.2887842655181885
0.24509362876415253
0.19827890396118164
0.14735983312129974
1.8090169429779053
1.7586069107055664
1.7121846675872803
1.6689037084579468
1.6279997825622559
1.5887964963912964
1.5507218837738037
1.5132954120635986
1.4761353731155396
1.4389383792877197
1.4014817476272583
1.3636040687561035
1.3252049684524536
1.2862298488616943
1.2466685771942139
1.206543207168579
1.1659070253372192
1.1248345375061035
1.0834201574325562
1.0417699813842773
1.0
0.9582300186157227
0.9165799021720886
0.8751654028892517
0.8340930342674255
0.7934567928314209
0.7533314824104309
0.7137700915336609
0.6747949719429016
0.6363959312438965
0.5985181927680969
0.5610615611076355
0.5238646864891052
0.486704558134079
0.4492781460285187
0.41120344400405884
0.37200021743774414
0.3310963213443756
0.28781530261039734
0.24139313399791718
0.19098301231861115
1.7604060173034668
1.711410641670227
1.6662304401397705
1.624129056930542
1.5844361782073975
1.5465503931045532
1.5099537372589111
1.4742034673690796
1.4389383792877197
1.4038654565811157
1.3687615394592285
1.3334581851959229
1.2978426218032837
1.2618439197540283
1.2254321575164795
1.1886084079742432
1.1514021158218384
1.1138638257980347
1.0760622024536133
1.0380778312683105
1.0
0.9619222283363342
0.9239377975463867
0.8861361145973206
0.8485978245735168
0.8113916516304016
0.7745677828788757
0.7381561398506165
0.7021573781967163
0.6665418148040771
0.6312385201454163
0.5961344838142395
0.5610615611076355
0.5257965922355652
0.4900462031364441
0.4534496068954468
0.4155638515949249
0.3758710026741028
0.3337695598602295
0.28858935832977295
0.23959402740001678
1.7071068286895752
1.6603120565414429
1.6171120405197144
1.5768660306930542
1.5389865636825562
1.502941370010376
1.4682660102844238
1.4345576763153076
1.4014817476272583
1.3687615394592285
1.3361804485321045
1.3035703897476196
1.270812749862671
1.2378264665603638
1.2045683860778809
1.1710231304168701
1.137202262878418
1.1031363010406494
1.068873405456543
1.034472107887268
1.0
0.9655278921127319
0.9311266541481018
0.8968636393547058
0.8627977967262268
0.8289768695831299
0.7954316139221191
0.7621734738349915
0.7291872501373291
0.6964296102523804
0.6638196110725403
0.6312385201454163
0.5985181927680969
0.5654423832893372
0.5317339897155762
0.4970586895942688
0.46101346611976624
0.423133909702301
0.38288792967796326
0.3396880030632019
0.2928932309150696
1.649448037147522
1.6055346727371216
1.5649573802947998
1.527158498764038
1.491625189781189
1.4578896760940552
1.4255393743515015
1.3942123651504517
1.3636040687561035
1.3334581851959229
1.3035703897476196
1.2737783193588257
1.2439630031585693
1.2140387296676636
1.1839540004730225
1.1536823511123657
1.1232213973999023
1.092586874961853
1.0618095397949219
1.030930995941162
1.0
0.9690690636634827
0.9381904006004333
0.9074131846427917
0.8767785429954529
0.846317708492279
0.8160459399223328
0.7859612107276917
0.7560370564460754
0.7262216210365295
0.6964296102523804
0.6665418148040771
0.6363959312438965
0.6057875752449036
0.5744606852531433
0.5421103835105896
0.508374810218811
0.4728415310382843
0.4350426495075226
0.39446526765823364
0.350551962852478
1.587785243988037
1.5473456382751465
1.5099492073059082
1.4751142263412476
1.4423960447311401
1.4113868474960327
1.38172447681427
1.353088140487671
1.3252049684524536
1.2978426218032837
1.270812749862671
1.2439630031585693
1.217178463935852
1.1903736591339111
1.1634927988052368
1.1365026235580444
1.109391212463379
1.0821627378463745
1.054835319519043
1.027436375617981
1.0
0.972563624382019
0.9451646208763123
0.9178372025489807
0.8906087875366211
0.8634974360466003
0.8365071415901184
0.8096263408660889
0.7828215956687927
0.7560370564460754
0.7291872501373291
0.7021573781967163
0.6747949719429016
0.6469118595123291
0.6182755827903748
0.5886130928993225
0.5576038956642151
0.5248857140541077
0.4900508522987366
0.4526543915271759
0.4122147560119629
1.522498607635498
1.486043095588684
1.4523098468780518
1.420886754989624
1.3913922309875488
1.3634753227233887
1.3368223905563354
1.3111538887023926
1.2862298488616943
1.2618439197540283
1.2378264665603638
1.2140387296676636
1.1903736591339111
1.166749358177185
1.143109679222107
1.1194179058074951
1.0956566333770752
1.0718218088150024
1.047921895980835
1.0239737033843994
1.0
0.9760262966156006
0.952078104019165
0.9281782507896423
0.9043433666229248
0.8805820345878601
0.8568903803825378
0.8332506418228149
0.8096263408660889
0.7859612107276917
0.7621734738349915
0.7381561398506165
0.7137700915336609
0.6888460516929626
0.6631776690483093
0.6365246772766113
0.6086077690124512
0.579113245010376
0.5476900935173035
0.5139569640159607
0.47750142216682434
1.4539904594421387
1.4219565391540527
1.3922995328903198
1.364672303199768
1.3387532234191895
1.3142454624176025
1.2908824682235718
1.268425703048706
1.2466685771942139
1.2254321575164795
1.2045683860778809
1.1839540004730225
1.1634927988052368
1.143109679222107
1.1227511167526245
1.102380394935608
1.0819768905639648
1.061531901359558
1.0410473346710205
1.0205318927764893
1.0
0.9794681072235107
0.9589527249336243
0.9384680986404419
0.9180231094360352
0.8976196050643921
0.8772488832473755
0.8568903803825378
0.8365071415901184
0.8160459399223328
0.7954316139221191
0.7745677828788757
0.7533314824104309
0.7315743565559387
0.7091175317764282
0.6857545375823975
0.6612467765808105
0.6353276968002319
0.607700526714325
0.5780434608459473
0.5460094809532166
1.3826833963394165
1.3554385900497437
1.3302050828933716
1.3066977262496948
1.2846516370773315
1.263822078704834
1.2439886331558228
1.2249531745910645
1.206543207168579
1.1886084079742432
1.1710231304168701
1.1536823511123657
1.1365026235580444
1.1194179058074951
1.102380394935608
1.0853554010391235
1.0683221817016602
1.0512694120407104
1.0341949462890625
1.0171024799346924
1.0
0.9828975200653076
0.9658049941062927
0.9487305879592896
0.9316778779029846
0.9146445989608765
0.8976196050643921
0.8805820345878601
0.8634974360466003
0.846317708492279
0.8289768695831299
0.8113916516304016
0.7934567928314209
0.7750467658042908
0.7560113668441772
0.7361779808998108
0.7153484225273132
0.69330233335495
0.6697949171066284
0.6445614099502563
0.6173165440559387
1.3090169429779053
1.286863923072815
1.266339659690857
1.2472184896469116
1.2292907238006592
1.2123620510101318
1.1962573528289795
1.1808184385299683
1.1659070253372192
1.1514021158218384
1.137202262878418
1.1232213973999023
1.109391212463379
1.0956566333770752
1.0819768905639648
1.0683221817016602
1.0546730756759644
1.0410183668136597
1.0273537635803223
1.0136796236038208
1.0
0.9863203763961792
0.9726462364196777
0.9589816331863403
0.9453269243240356
0.9316778779029846
0.9180231094360352
0.9043433666229248
0.8906087875366211
0.8767785429954529
0.8627977967262268
0.8485978245735168
0.8340930342674255
0.8191815614700317
0.8037426471710205
0.7876378893852234
0.7707093358039856
0.7527815103530884
0.7336603999137878
0.7131361365318298
0.69098299741745
1.233445405960083
1.216623067855835
1.2010340690612793
1.1865102052688599
1.1728954315185547
1.16004478931427
1.1478276252746582
1.1361254453659058
1.1248345375061035
1.1138638257980347
1.1031363010406494
1.092586874961853
1.0821627378463745
1.0718218088150024
1.061531901359558
1.0512694120407104
1.0410183668136597
1.030768871307373
1.0205163955688477
1.0102595090866089
1.0
0.9897404909133911
0.9794836640357971
0.9692310690879822
0.9589816331863403
0.9487305879592896
0.9384680986404419
0.9281782507896423
0.9178372025489807
0.9074131846427917
0.8968636393547058
0.8861361145973206
0.8751654028892517
0.8638744950294495
0.8521723747253418
0.8399551510810852
0.8271046280860901
0.8134897947311401
0.7989659309387207
0.783376932144165
0.7665546536445618
1.156434416770935
1.1451213359832764
1.1346356868743896
1.1248663663864136
1.1157095432281494
1.1070693731307983
1.0988585948944092
1.0909985303878784
1.0834201574325562
1.0760622024536133
1.068873405456543
1.0618095397949219
1.054835319519043
1.047921895980835
1.0410473346710205
1.0341949462890625
1.0273537635803223
1.0205163955688477
1.0136789083480835
1.0068399906158447
1.0
0.9931600093841553
0.9863210916519165
0.9794836640357971
0.9726462364196777
0.9658049941062927
0.9589527249336243
0.952078104019165
0.9451646208763123
0.9381904006004333
0.9311266541481018
0.9239377975463867
0.9165799021720886
0.9090014100074768
0.9011414051055908
0.8929306864738464
0.8842903971672058
0.8751336336135864
0.8653642535209656
0.8548787236213684
0.8435655236244202
1.0784591436386108
1.0727730989456177
1.067502498626709
1.062591791152954
1.0579893589019775
1.0536472797393799
1.0495221614837646
1.0455745458602905
1.0417699813842773
1.0380778312683105
1.034472107887268
1.030930995941162
1.027436375617981
1.0239737033843994
1.0205318927764893
1.0171024799346924
1.0136796236038208
1.0102595090866089
1.0068399906158447
1.0034202337265015
1.0
0.9965798258781433
0.9931600093841553
0.9897404909133911
0.9863203763961792
0.9828975200653076
0.9794681072235107
0.9760262966156006
0.972563624382019
0.9690690636634827
0.9655278921127319
0.9619222283363342
0.9582300186157227
0.9544253945350647
0.9504778385162354
0.9463526606559753
0.9420106410980225
0.9374082088470459
0.9324975609779358
0.9272269606590271
0.9215409159660339
1.0
1.0
1.0
1.0
1.0
1.0
1.0
1.0
1.0
1.0
1.0
1.0
1.0
1.0
1.0
1.0
1.0
1.0
1.0
1.0
1.0
1.0
1.0
1.0
1.0
1.0
1.0
1.0
1.0
1.0
1.0
1.0
1.0
1.0
1.0
1.0
1.0
1.0
1.0
1.0
1.0
0.9215409159660339
0.9272269606590271
0.9324975609779358
0.9374082088470459
0.9420106410980225
0.9463526606559753
0.9504778385162354
0.9544253945350647
0.9582300186157227
0.9619222283363342
0.9655278921127319
0.9690690636634827
0.972563624382019
0.9760262966156006
0.9794681072235107
0.9828975200653076
0.9863203763961792
0.9897404909133911
0.9931600093841553
0.9965798258781433
1.0
1.0034202337265015
1.0068399906158447
1.0102595090866089
1.0136796236038208
1.0171024799346924
1.0205318927764893
1.0239737033843994
1.027436375617981
1.030930995941162
1.034472107887268
1.0380778312683105
1.0417699813842773
1.0455745458602905
1.0495221614837646
1.0536472797393799
1.0579893589019775
1.062591791152954
1.067502498626709
1.0727730989456177
1.0784591436386108
0.8435655236244202
0.8548787236213684
0.8653642535209656
0.8751336336135864
0.8842903971672058
0.8929306864738464
0.9011414051055908
0.9090014100074768
0.9165799021720886
0.9239377975463867
0.9311266541481018
0.9381904006004333
0.9451646208763123
0.952078104019165
0.9589527249336243
0.9658049941062927
0.9726462364196777
0.9794836640357971
0.9863210916519165
0.9931600093841553
1.0
1.0068399906158447
1.0136789083480835
1.0205163955688477
1.0273537635803223
1.0341949462890625
1.0410473346710205
1.047921895980835
1.054835319519043
1.0618095397949219
1.068873405456543
1.0760622024536133
1.0834201574325562
1.0909985303878784
1.0988585948944092
1.1070693731307983
1.1157095432281494
1.1248663663864136
1.1346356868743896
1.1451213359832764
1.156434416770935
0.7665546536445618
0.783376932144165
0.7989659309387207
0.8134897947311401
0.8271046280860901
0.8399551510810852
0.8521723747253418
0.8638744950294495
0.8751654028892517
0.8861361145973206
0.8968636393547058
0.9074131846427917
0.9178372025489807
0.9281782507896423
0.9384680986404419
0.9487305879592896
0.9589816331863403
0.9692310690879822
0.9794836640357971
0.9897404909133911
1.0
1.0102595090866089
1.0205163955688477
1.030768871307373
1.0410183668136597
1.0512694120407104
1.061531901359558
1.0718218088150024
1.0821627378463745
1.092586874961853
1.1031363010406494
1.1138638257980347
1.1248345375061035
1.1361254453659058
1.1478276252746582
1.16004478931427
1.1728954315185547
1.1865102052688599
1.2010340690612793
1.216623067855835
1.233445405960083
0.69098299741745
0.7131361365318298
0.7336603999137878
0.7527815103530884
0.7707093358039856
0.7876378893852234
0.8037426471710205
0.8191815614700317
0.8340930342674255
0.8485978245735168
0.8627977967262268
0.8767785429954529
0.8906087875366211
0.9043433666229248
0.9180231094360352
0.9316778779029846
0.9453269243240356
0.9589816331863403
0.9726462364196777
0.9863203763961792
1.0
1.0136796236038208
1.0273537635803223
1.0410183668136597
1.0546730756759644
1.0683221817016602
1.0819768905639648
1.0956566333770752
1.109391212463379
1.1232213973999023
1.137202262878418
1.1514021158218384
1.1659070253372192
1.1808184385299683
1.1962573528289795
1.2123620510101318
1.2292907238006592
1.2472184896469116
1.266339659690857
1.286863923072815
1.3090169429779053
0.6173165440559387
0.6445614099502563
0.6697949171066284
0.69330233335495
0.7153484225273132
0.7361779808998108
0.7560113668441772
0.7750467658042908
0.7934567928314209
0.8113916516304016
0.8289768695831299
0.846317708492279
0.8634974360466003
0.8805820345878601
0.8976196050643921
0.9146445989608765
0.9316778779029846
0.9487305879592896
0.9658049941062927
0.9828975200653076
1.0
1.0171024799346924
1.0341949462890625
1.0512694120407104
1.0683221817016602
1.0853554010391235
1.102380394935608
1.1194179058074951
1.1365026235580444
1.1536823511123657
1.1710231304168701
1.1886084079742432
1.206543207168579
1.2249531745910645
1.2439886331558228
1.263822078704834
1.2846516370773315
1.3066977262496948
1.3302050828933716
1.3554385900497437
1.3826833963394165
0.5460094809532166
0.5780434608459473
0.607700526714325
0.6353276968002319
0.6612467765808105
0.6857545375823975
0.7091175317764282
0.7315743565559387
0.7533314824104309
0.7745677828788757
0.7954316139221191
0.8160459399223328
0.8365071415901184
0.8568903803825378
0.8772488832473755
0.8976196050643921
0.9180231094360352
0.9384680986404419
0.9589527249336243
0.9794681072235107
1.0
1.0205318927764893
1.0410473346710205
1.061531901359558
1.0819768905639648
1.102380394935608
1.1227511167526245
1.143109679222107
1.1634927988052368
1.1839540004730225
1.2045683860778809
1.2254321575164795
1.2466685771942139
1.268425703048706
1.2908824682235718
1.3142454624176025
1.3387532234191895
1.364672303199768
1.3922995328903198
1.4219565391540527
1.4539904594421387
0.47750142216682434
0.5139569640159607
0.5476900935173035
0.579113245010376
0.6086077690124512
0.6365246772766113
0.6631776690483093
0.6888460516929626
0.7137700915336609
0.7381561398506165
0.7621734738349915
0.7859612107276917
0.8096263408660889
0.8332506418228149
0.8568903803825378
0.8805820345878601
0.9043433666229248
0.9281782507896423
0.952078104019165
0.9760262966156006
1.0
1.0239737033843994
1.047921895980835
1.0718218088150024
1.0956566333770752
1.1194179058074951
1.143109679222107
1.166749358177185
1.1903736591339111
1.2140387296676636
1.2378264665603638
1.2618439197540283
1.2862298488616943
1.3111538887023926
1.3368223905563354
1.3634753227233887
1.3913922309875488
1.420886754989624
1.4523098468780518
1.486043095588684
1.522498607635498
0.4122147560119629
0.4526543915271759
0.4900508522987366
0.5248857140541077
0.5576038956642151
0.5886130928993225
0.6182755827903748
0.6469118595123291
0.6747949719429016
0.7021573781967163
0.7291872501373291
0.7560370564460754
0.7828215956687927
0.8096263408660889
0.8365071415901184
0.8634974360466003
0.8906087875366211
0.9178372025489807
0.9451646208763123
0.972563624382019
1.0
1.027436375617981
1.054835319519043
1.0821627378463745
1.109391212463379
1.1365026235580444
1.1634927988052368
1.1903736591339111
1.217178463935852
1.2439630031585693
1.270812749862671
1.2978426218032837
1.3252049684524536
1.353088140487671
1.38172447681427
1.4113868474960327
1.4423960447311401
1.4751142263412476
1.5099492073059082
1.5473456382751465
1.587785243988037
0.350551962852478
0.39446526765823364
0.4350426495075226
0.4728415310382843
0.508374810218811
0.5421103835105896
0.5744606852531433
0.6057875752449036
0.6363959312438965
0.6665418148040771
0.6964296102523804
0.7262216210365295
0.7560370564460754
0.7859612107276917
0.8160459399223328
0.846317708492279
0.8767785429954529
0.9074131846427917
0.9381904006004333
0.9690690636634827
1.0
1.030930995941162
1.0618095397949219
1.092586874961853
1.1232213973999023
1.1536823511123657
1.1839540004730225
1.2140387296676636
1.2439630031585693
1.2737783193588257
1.3035703897476196
1.3334581851959229
1.3636040687561035
1.3942123651504517
1.4255393743515015
1.4578896760940552
1.491625189781189
1.527158498764038
1.5649573802947998
1.6055346727371216
1.649448037147522
0.2928932309150696
0.3396880030632019
0.38288792967796326
0.423133909702301
0.46101346611976624
0.4970586895942688
0.5317339897155762
0.5654423832893372
0.5985181927680969
0.6312385201454163
0.6638196110725403
0.6964296102523804
0.7291872501373291
0.7621734738349915
0.7954316139221191
0.8289768695831299
0.8627977967262268
0.8968636393547058
0.9311266541481018
0.9655278921127319
1.0
1.034472107887268
1.068873405456543
1.1031363010406494
1.137202262878418
1.1710231304168701
1.2045683860778809
1.2378264665603638
1.270812749862671
1.3035703897476196
1.3361804485321045
1.3687615394592285
1.4014817476272583
1.4345576763153076
1.4682660102844238
1.502941370010376
1.5389865636825562
1.5768660306930542
1.6171120405197144
1.6603120565414429
1.7071068286895752
0.23959402740001678
0.28858935832977295
0.3337695598602295
0.3758710026741028
0.4155638515949249
0.4534496068954468
0.4900462031364441
0.5257965922355652
0.5610615611076355
0.5961344838142395
0.6312385201454163
0.6665418148040771
0.7021573781967163
0.7381561398506165
0.7745677828788757
0.8113916516304016
0.8485978245735168
0.8861361145973206
0.9239377975463867
0.9619222283363342
1.0
1.0380778312683105
1.0760622024536133
1.1138638257980347
1.1514021158218384
1.1886084079742432
1.2254321575164795
1.2618439197540283
1.2978426218032837
1.3334581851959229
1.3687615394592285
1.4038654565811157
1.4389383792877197
1.4742034673690796
1.5099537372589111
1.5465503931045532
1.5844361782073975
1.624129056930542
1.6662304401397705
1.711410641670227
1.7604060173034668
0.19098301231861115
0.24139313399791718
0.28781530261039734
0.3310963213443756
0.37200021743774414
0.41120344400405884
0.4492781460285187
0.486704558134079
0.5238646864891052
0.5610615611076355
0.5985181927680969
0.6363959312438965
0.6747949719429016
0.7137700915336609
0.7533314824104309
0.7934567928314209
0.8340930342674255
0.8751654028892517
0.9165799021720886
0.9582300186157227
1.0
1.0417699813842773
1.0834201574325562
1.1248345375061035
1.1659070253372192
1.206543207168579
1.2466685771942139
1.2862298488616943
1.3252049684524536
1.3636040687561035
1.4014817476272583
1.4389383792877197
1.4761353731155396
1.5132954120635986
1.5507218837738037
1.5887964963912964
1.6279997825622559
1.6689037084579468
1.7121846675872803
1.7586069107055664
1.8090169429779053
0.14735983312129974
0.19827890396118164
0.24509362876415253
0.2887842655181885
0.3302222490310669
0.37016522884368896
0.40923815965652466
0.4479529857635498
0.486704558134079
0.5257965922355652
0.5654423832893372
0.6057875752449036
0.6469118595123291
0.6888460516929626
0.7315743565559387
0.7750467658042908
0.8191815614700317
0.8638744950294495
0.9090014100074768
0.9544253945350647
1.0
1.0455745458602905
1.0909985303878784
1.1361254453659058
1.1808184385299683
1.2249531745910645
1.268425703048706
1.3111538887023926
1.353088140487671
1.3942123651504517
1.4345576763153076
1.4742034673690796
1.5132954120635986
1.5520470142364502
1.5907618999481201
1.629834771156311
1.669777750968933
1.7112157344818115
1.754906415939331
1.8017210960388184
1.852640151977539
0.10899347811937332
0.15936268866062164
0.20558547973632812
0.2488061785697937
0.2900213599205017
0.3300735354423523
0.36963483691215515
0.40923815965652466
0.4492781460285187
0.4900462031364441
0.5317339897155762
0.5744606852531433
0.6182755827903748
0.6631776690483093
0.7091175317764282
0.7560113668441772
0.8037426471710205
0.8521723747253418
0.9011414051055908
0.9504778385162354
1.0
1.0495221614837646
1.0988585948944092
1.1478276252746582
1.1962573528289795
1.2439886331558228
1.2908824682235718
1.3368223905563354
1.38172447681427
1.4255393743515015
1.4682660102844238
1.5099537372589111
1.5507218837738037
1.5907618999481201
1.6303651332855225
1.669926404953003
1.709978699684143
1.7511937618255615
1.7944145202636719
1.8406373262405396
1.8910064697265625
0.07612046599388123
0.12469170242547989
0.1691722720861435
0.2109183371067047
0.25106972455978394
0.29055342078208923
0.3300735354423523
0.37016522884368896
0.41120344400405884
0.4534496068954468
0.4970586895942688
0.5421103835105896
0.5886130928993225
0.6365246772766113
0.6857545375823975
0.7361779808998108
0.7876378893852234
0.8399551510810852
0.8929306864738464
0.9463526606559753
1.0
1.0536472797393799
1.1070693731307983
1.16004478931427
1.2123620510101318
1.263822078704834
1.3142454624176025
1.3634753227233887
1.4113868474960327
1.4578896760940552
1.502941370010376
1.5465503931045532
1.5887964963912964
1.629834771156311
1.669926404953003
1.7094465494155884
1.7489303350448608
1.7890816926956177
1.8308277130126953
1.8753082752227783
1.9238795042037964
0.04894348233938217
0.09419796615839005
0.1355726718902588
0.1746934950351715
0.21286238729953766
0.25106972455978394
0.2900213599205017
0.3302222490310669
0.37200021743774414
0.4155638515949249
0.46101346611976624
0.508374810218811
0.5576038956642151
0.6086077690124512
0.6612467765808105
0.7153484225273132
0.7707093358039856
0.8271046280860901
0.8842903971672058
0.9420106410980225
1.0
1.0579893589019775
1.1157095432281494
1.1728954315185547
1.2292907238006592
1.2846516370773315
1.3387532234191895
1.3913922309875488
1.4423960447311401
1.491625189781189
1.5389865636825562
1.5844361782073975
1.6279997825622559
1.669777750968933
1.709978699684143
1.7489303350448608
1.7871376276016235
1.8253065347671509
1.8644273281097412
1.9058020114898682
1.9510564804077148
0.02763007953763008
0.06767807900905609
0.10429615527391434
0.1394888311624527
0.1746934950351715
0.2109183371067047
0.2488061785697937
0.2887842655181885
0.3310963213443756
0.3758710026741028
0.423133909702301
0.4728415310382843
0.5248857140541077
0.579113245010376
0.6353276968002319
0.69330233335495
0.7527815103530884
0.8134897947311401
0.8751336336135864
0.9374082088470459
1.0
1.062591791152954
1.1248663663864136
1.1865102052688599
1.2472184896469116
1.3066977262496948
1.364672303199768
1.420886754989624
1.4751142263412476
1.527158498764038
1.5768660306930542
1.624129056930542
1.6689037084579468
1.7112157344818115
1.7511937618255615
1.7890816926956177
1.8253065347671509
1.8605111837387085
1.8957037925720215
1.9323219060897827
1.972369909286499
0.012311659753322601
0.04459608718752861
0.07447940856218338
0.10429615527391434
0.1355726718902588
0.1691722720861435
0.20558547973632812
0.24509362876415253
0.28781530261039734
0.3337695598602295
0.38288792967796326
0.4350426495075226
0.4900508522987366
0.5476900935173035
0.607700526714325
0.6697949171066284
0.7336603999137878
0.7989659309387207
0.8653642535209656
0.9324975609779358
1.0
1.067502498626709
1.1346356868743896
1.2010340690612793
1.266339659690857
1.3302050828933716
1.3922995328903198
1.4523098468780518
1.5099492073059082
1.5649573802947998
1.6171120405197144
1.6662304401397705
1.7121846675872803
1.754906415939331
1.7944145202636719
1.8308277130126953
1.8644273281097412
1.8957037925720215
1.9255205392837524
1.9554039239883423
1.9876883029937744
0.003082666313275695
0.024033797904849052
0.04459608718752861
0.06767807900905609
0.09419796615839005
0.12469170242547989
0.15936268866062164
0.19827890396118164
0.24139313399791718
0.28858935832977295
0.3396880030632019
0.39446526765823364
0.4526543915271759
0.5139569640159607
0.5780434608459473
0.6445614099502563
0.7131361365318298
0.783376932144165
0.8548787236213684
0.9272269606590271
1.0
1.0727730989456177
1.1451213359832764
1.216623067855835
1.286863923072815
1.3554385900497437
1.4219565391540527
1.486043095588684
1.5473456382751465
1.6055346727371216
1.6603120565414429
1.711410641670227
1.7586069107055664
1.8017210960388184
1.8406373262405396
1.8753082752227783
1.9058020114898682
1.9323219060897827
1.9554039239883423
1.975966215133667
1.9969173669815063
0.0
0.003082666313275695
0.012311659753322601
0.02763007953763008
0.04894348233938217
0.07612046599388123
0.10899347811937332
0.14735983312129974
0.19098301231861115
0.23959402740001678
0.2928932309150696
0.350551962852478
0.4122147560119629
0.47750142216682434
0.5460094809532166
0.6173165440559387
0.69098299741745
0.7665546536445618
0.8435655236244202
0.9215409159660339
1.0
1.0784591436386108
1.156434416770935
1.233445405960083
1.3090169429779053
1.3826833963394165
1.4539904594421387
1.522498607635498
1.587785243988037
1.649448037147522
1.7071068286895752
1.7604060173034668
1.8090169429779053
1.852640151977539
1.8910064697265625
1.9238795042037964
1.9510564804077148
1.972369909286499
1.9876883029937744
1.9969173669815063
2.0
