2.0
1.9969173669815063
1.9876883029937744
1.972369909286499
1.9510564804077148
1.9238795042037964
1.8910064697265625
1.852640151977539
1.8090169429779053
1.7604060173034668
1.7071068286895752
1.649448037147522
1.587785243988037
1.522498607635498
1.4539904594421387
1.3826833963394165
1.3090169429779053
1.233445405960083
1.156434416770935
1.0784591436386108
1.0
0.9215409159660339
0.8435655236244202
0.7665546536445618
0.69098299741745
0.6173165440559387
0.5460094809532166
0.47750142216682434
0.4122147560119629
0.350551962852478
0.2928932309150696
0.23959402740001678
0.19098301231861115
0.14735983312129974
0.10899347811937332
0.07612046599388123
0.04894348233938217
0.02763007953763008
0.012311659753322601
0.003082666313275695
0.0
1.9969173669815063
1.9759726524353027
1.9554144144058228
1.9323352575302124
1.9058172702789307
1.8753247261047363
1.8406543731689453
1.8017383813858032
1.7586240768432617
1.7114274501800537
1.6603280305862427
1.6055498123168945
1.5473594665527344
1.486055612564087
1.4219675064086914
1.3554478883743286
1.2868714332580566
1.216628909111023
1.145125150680542
1.0727750062942505
1.0
0.9272249937057495
0.8548747897148132
0.7833711504936218
0.7131285071372986
0.6445520520210266
0.5780324935913086
0.5139444470405579
0.45264050364494324
0.39445021748542786
0.3396719694137573
0.28857260942459106
0.24137592315673828
0.198261559009552
0.1593455821275711
0.12467528134584427
0.09418276697397232
0.06766477227210999
0.044585585594177246
0.024027377367019653
0.003082666313275695
1.9876883029937744
1.9554144144058228
1.9255385398864746
1.8957270383834839
1.8644542694091797
1.8308570384979248
1.794445276260376
1.7549376487731934
1.7122159004211426
1.666260838508606
1.6171412467956543
1.5649847984313965
1.509974479675293
1.452332854270935
1.392319679260254
1.330222249031067
1.2663536071777344
1.2010446786880493
1.1346428394317627
1.0675060749053955
1.0
0.9324939250946045
0.8653571605682373
0.7989553213119507
0.7336464524269104
0.6697777509689331
0.6076803803443909
0.5476672053337097
0.49002549052238464
0.43501517176628113
0.3828587234020233
0.33373910188674927
0.2877840995788574
0.24506230652332306
0.20555472373962402
0.169142946600914
0.1355457603931427
0.10427291691303253
0.0744614526629448
0.044585585594177246
0.012311659753322601
1.972369909286499
1.9323352575302124
1.8957270383834839
1.8605417013168335
1.8253421783447266
1.7891209125518799
1.7512352466583252
1.711258053779602
1.6689459085464478
1.6241704225540161
1.5769058465957642
1.527195930480957
1.4751489162445068
1.4209181070327759
1.3646998405456543
1.3067212104797363
1.2472375631332397
1.186524748802185
1.1248761415481567
1.0625966787338257
1.0
0.9374033212661743
0.8751238584518433
0.8134752511978149
0.7527624368667603
0.6932788491249084
0.6353000998497009
0.5790818929672241
0.5248510837554932
0.4728040397167206
0.42309415340423584
0.3758295774459839
0.33105403184890747
0.28874194622039795
0.24876481294631958
0.21087908744812012
0.17465776205062866
0.1394583135843277
0.10427291691303253
0.06766477227210999
0.02763007953763008
1.9510564804077148
1.9058172702789307
1.8644542694091797
1.8253421783447266
1.787179708480835
1.7489768266677856
1.710028052330017
1.6698284149169922
1.6280505657196045
1.5844860076904297
1.5390344858169556
1.4916704893112183
1.442438006401062
1.391430139541626
1.3387866020202637
1.2846800088882446
1.229313850402832
1.1729129552841187
1.1157214641571045
1.057995319366455
1.0
0.9420046210289001
0.8842785358428955
0.8270869851112366
0.770686149597168
0.7153199315071106
0.6612133383750916
0.608569860458374
0.5575620532035828
0.5083295106887817
0.46096551418304443
0.4155140221118927
0.3719494044780731
0.3301715850830078
0.2899720072746277
0.2510231137275696
0.21282023191452026
0.17465776205062866
0.1355457603931427
0.09418276697397232
0.04894348233938217
1.9238795042037964
1.8753247261047363
1.8308570384979248
1.7891209125518799
1.7489768266677856
1.709498405456543
1.6699814796447754
1.6298915147781372
1.5888534784317017
1.546606421470642
1.502995252609253
1.457940697669983
1.4114341735839844
1.3635181188583374
1.3142832517623901
1.2638542652130127
1.2123883962631226
1.1600648164749146
1.1070828437805176
1.0536540746688843
1.0
0.9463459253311157
0.8929172158241272
0.8399351835250854
0.7876116633415222
0.7361457347869873
0.6857168078422546
0.6364818215370178
0.5885658264160156
0.5420593023300171
0.4970046877861023
0.4533936083316803
0.41114649176597595
0.37010854482650757
0.3300184905529022
0.2905016541481018
0.2510231137275696
0.21087908744812012
0.169142946600914
0.12467528134584427
0.07612046599388123
1.8910064697265625
1.8406543731689453
1.794445276260376
1.7512352466583252
1.710028052330017
1.6699814796447754
1.630423903465271
1.5908225774765015
1.5507829189300537
1.5100139379501343
1.468324065208435
1.4255943298339844
1.3817753791809082
1.3368686437606812
1.2909232378005981
1.2440234422683716
1.1962857246398926
1.147849202156067
1.0988731384277344
1.0495295524597168
1.0
0.950470507144928
0.9011268615722656
0.8521507382392883
0.8037142157554626
0.7559764981269836
0.7090767621994019
0.6631314158439636
0.618224561214447
0.5744056701660156
0.5316759347915649
0.48998603224754333
0.4492170512676239
0.4091774821281433
0.369576096534729
0.3300184905529022
0.2899720072746277
0.24876481294631958
0.20555472373962402
0.1593455821275711
0.10899347811937332
1.852640151977539
1.8017383813858032
1.7549376487731934
1.711258053779602
1.6698284149169922
1.6298915147781372
1.5908225774765015
1.5521098375320435
1.5133588314056396
1.4742659330368042
1.4346181154251099
1.3942697048187256
1.3531413078308105
1.3112021684646606
1.2684682607650757
1.224989652633667
1.1808481216430664
1.1361480951309204
1.091013789176941
1.0455822944641113
1.0
0.9544177651405334
0.9089862108230591
0.8638519048690796
0.8191518783569336
0.7750104069709778
0.7315317392349243
0.6887978315353394
0.6468586325645447
0.6057302951812744
0.5653818845748901
0.525734007358551
0.48664116859436035
0.44789016246795654
0.4091774821281433
0.37010854482650757
0.3301715850830078
0.28874194622039795
0.24506230652332306
0.198261559009552
0.14735983312129974
1.8090169429779053
1.7586240768432617
1.7122159004211426
1.6689459085464478
1.6280505657196045
1.5888534784317017
1.5507829189300537
1.5133588314056396
1.4761993885040283
1.4390016794204712
1.4015430212020874
1.3636622428894043
1.3252589702606201
1.2862789630889893
1.2467118501663208
1.2065801620483398
1.1659371852874756
1.1248575448989868
1.0834355354309082
1.0417777299880981
1.0
0.9582222104072571
0.916564404964447
0.8751423954963684
0.8340628147125244
0.7934197783470154
0.7532881498336792
0.7137210965156555
0.6747410297393799
0.6363378167152405
0.5984569191932678
0.560998260974884
0.5238006114959717
0.48664116859436035
0.4492170512676239
0.41114649176597595
0.3719494044780731
0.33105403184890747
0.2877840995788574
0.24137592315673828
0.19098301231861115
1.7604060173034668
1.7114274501800537
1.666260838508606
1.6241704225540161
1.5844860076904297
1.546606421470642
1.5100139379501343
1.4742659330368042
1.4390016794204712
1.4039281606674194
1.3688222169876099
1.3335157632827759
1.297896146774292
1.261892557144165
1.2254751920700073
1.1886451244354248
1.1514321565628052
1.1138867139816284
1.0760775804519653
1.0380855798721313
1.0
0.9619144797325134
0.9239223599433899
0.8861132860183716
0.8485678434371948
0.8113548755645752
0.7745248079299927
0.738107442855835
0.7021037936210632
0.6664841771125793
0.6311778426170349
0.5960718989372253
0.560998260974884
0.525734007358551
0.48998603224754333
0.4533936083316803
0.4155140221118927
0.3758295774459839
0.33373910188674927
0.28857260942459106
0.23959402740001678
1.7071068286895752
1.6603280305862427
1.6171412467956543
1.5769058465957642
1.5390344858169556
1.502995252609253
1.468324065208435
1.4346181154251099
1.4015430212020874
1.3688222169876099
1.336239218711853
1.303626298904419
1.270864725112915
1.2378737926483154
1.2046102285385132
1.1710588932037354
1.137231469154358
1.1031585931777954
1.0688883066177368
1.0344797372817993
1.0
0.9655203223228455
0.9311116337776184
0.8968414068222046
0.8627685904502869
0.8289411067962646
0.7953897714614868
0.7621262073516846
0.729135274887085
0.696373701095581
0.663760781288147
0.6311778426170349
0.5984569191932678
0.5653818845748901
0.5316759347915649
0.4970046877861023
0.46096551418304443
0.42309415340423584
0.3828587234020233
0.3396719694137573
0.2928932309150696
1.649448037147522
1.6055498123168945
1.5649847984313965
1.527195930480957
1.4916704893112183
1.457940697669983
1.4255943298339844
1.3942697048187256
1.3636622428894043
1.3335157632827759
1.303626298904419
1.2738314867019653
1.244012475013733
1.2140837907791138
1.183993935585022
1.1537163257598877
1.1232492923736572
1.092608094215393
1.061823844909668
1.0309381484985352
1.0
0.9690618515014648
0.938176155090332
0.9073919653892517
0.8767507076263428
0.8462836146354675
0.8160061240196228
0.7859162092208862
0.7559875249862671
0.7261684536933899
0.696373701095581
0.6664841771125793
0.6363378167152405
0.6057302951812744
0.5744056701660156
0.5420593023300171
0.5083295106887817
0.4728040397167206
0.43501517176628113
0.39445021748542786
0.350551962852478
1.587785243988037
1.5473594665527344
1.509974479675293
1.4751489162445068
1.442438006401062
1.4114341735839844
1.3817753791809082
1.3531413078308105
1.3252589702606201
1.297896146774292
1.270864725112915
1.244012475013733
1.2172244787216187
1.190415620803833
1.1635299921035767
1.136534333229065
1.109417200088501
1.08218252658844
1.0548486709594727
1.0274430513381958
1.0
0.9725569486618042
0.9451512694358826
0.9178174734115601
0.890582799911499
0.8634656667709351
0.8364700675010681
0.8095844388008118
0.7827754616737366
0.7559875249862671
0.729135274887085
0.7021037936210632
0.6747410297393799
0.6468586325645447
0.618224561214447
0.5885658264160156
0.5575620532035828
0.5248510837554932
0.49002549052238464
0.45264050364494324
0.4122147560119629
1.522498607635498
1.486055612564087
1.452332854270935
1.4209181070327759
1.391430139541626
1.3635181188583374
1.3368686437606812
1.3112021684646606
1.2862789630889893
1.261892557144165
1.2378737926483154
1.2140837907791138
1.190415620803833
1.1667875051498413
1.1431434154510498
1.119446873664856
1.0956802368164062
1.0718398094177246
1.0479340553283691
1.0239797830581665
1.0
0.9760201573371887
0.9520659446716309
0.9281601905822754
0.904319703578949
0.880553126335144
0.8568565845489502
0.8332124948501587
0.8095844388008118
0.7859162092208862
0.7621262073516846
0.738107442855835
0.7137210965156555
0.6887978315353394
0.6631314158439636
0.6364818215370178
0.608569860458374
0.5790818929672241
0.5476672053337097
0.5139444470405579
0.47750142216682434
1.4539904594421387
1.4219675064086914
1.392319679260254
1.3646998405456543
1.3387866020202637
1.3142832517623901
1.2909232378005981
1.2684682607650757
1.2467118501663208
1.2254751920700073
1.2046102285385132
1.183993935585022
1.1635299921035767
1.1431434154510498
1.1227810382843018
1.1024060249328613
1.0819978713989258
1.061547875404358
1.04105806350708
1.0205373764038086
1.0
0.9794626832008362
0.9589419364929199
0.9384521245956421
0.9180021286010742
0.8975939750671387
0.8772189617156982
0.8568565845489502
0.8364700675010681
0.8160061240196228
0.7953897714614868
0.7745248079299927
0.7532881498336792
0.7315317392349243
0.7090767621994019
0.6857168078422546
0.6612133383750916
0.6353000998497009
0.6076803803443909
0.5780324935913086
0.5460094809532166
1.3826833963394165
1.3554478883743286
1.330222249031067
1.3067212104797363
1.2846800088882446
1.2638542652130127
1.2440234422683716
1.224989652633667
1.2065801620483398
1.1886451244354248
1.1710588932037354
1.1537163257598877
1.136534333229065
1.119446873664856
1.1024060249328613
1.0853773355484009
1.0683400630950928
1.0512831211090088
1.0342042446136475
1.0171071290969849
1.0
0.9828928709030151
0.9657958149909973
0.948716938495636
0.9316599369049072
0.9146226644515991
0.8975939750671387
0.880553126335144
0.8634656667709351
0.8462836146354675
0.8289411067962646
0.8113548755645752
0.7934197783470154
0.7750104069709778
0.7559764981269836
0.7361457347869873
0.7153199315071106
0.6932788491249084
0.6697777509689331
0.6445520520210266
0.6173165440559387
1.3090169429779053
1.2868714332580566
1.2663536071777344
1.2472375631332397
1.229313850402832
1.2123883962631226
1.1962857246398926
1.1808481216430664
1.1659371852874756
1.1514321565628052
1.137231469154358
1.1232492923736572
1.109417200088501
1.0956802368164062
1.0819978713989258
1.0683400630950928
1.054687738418579
1.0410295724868774
1.027361273765564
1.0136834383010864
1.0
0.9863165616989136
0.9726386666297913
0.9589704275131226
0.9453122615814209
0.9316599369049072
0.9180021286010742
0.904319703578949
0.890582799911499
0.8767507076263428
0.8627685904502869
0.8485678434371948
0.8340628147125244
0.8191518783569336
0.8037142157554626
0.7876116633415222
0.770686149597168
0.7527624368667603
0.7336464524269104
0.7131285071372986
0.69098299741745
1.233445405960083
1.216628909111023
1.2010446786880493
1.186524748802185
1.1729129552841187
1.1600648164749146
1.147849202156067
1.1361480951309204
1.1248575448989868
1.1138867139816284
1.1031585931777954
1.092608094215393
1.08218252658844
1.0718398094177246
1.061547875404358
1.0512831211090088
1.0410295724868774
1.0307774543762207
1.020522117614746
1.010262370109558
1.0
0.9897375702857971
0.9794778823852539
0.9692225456237793
0.9589704275131226
0.948716938495636
0.9384521245956421
0.9281601905822754
0.9178174734115601
0.9073919653892517
0.8968414068222046
0.8861132860183716
0.8751423954963684
0.8638519048690796
0.8521507382392883
0.8399351835250854
0.8270869851112366
0.8134752511978149
0.7989553213119507
0.7833711504936218
0.7665546536445618
1.156434416770935
1.145125150680542
1.1346428394317627
1.1248761415481567
1.1157214641571045
1.1070828437805176
1.0988731384277344
1.091013789176941
1.0834355354309082
1.0760775804519653
1.0688883066177368
1.061823844909668
1.0548486709594727
1.0479340553283691
1.04105806350708
1.0342042446136475
1.027361273765564
1.020522117614746
1.0136827230453491
1.006842017173767
1.0
0.9931580424308777
0.9863172173500061
0.9794778823852539
0.9726386666297913
0.9657958149909973
0.9589419364929199
0.9520659446716309
0.9451512694358826
0.938176155090332
0.9311116337776184
0.9239223599433899
0.916564404964447
0.9089862108230591
0.9011268615722656
0.8929172158241272
0.8842785358428955
0.8751238584518433
0.8653571605682373
0.8548747897148132
0.8435655236244202
1.0784591436386108
1.0727750062942505
1.0675060749053955
1.0625966787338257
1.057995319366455
1.0536540746688843
1.0495295524597168
1.0455822944641113
1.0417777299880981
1.0380855798721313
1.0344797372817993
1.0309381484985352
1.0274430513381958
1.0239797830581665
1.0205373764038086
1.0171071290969849
1.0136834383010864
1.010262370109558
1.006842017173767
1.0034211874008179
1.0
0.9965788125991821
0.9931580424308777
0.9897375702857971
0.9863165616989136
0.9828928709030151
0.9794626832008362
0.9760201573371887
0.9725569486618042
0.9690618515014648
0.9655203223228455
0.9619144797325134
0.9582222104072571
0.9544177651405334
0.950470507144928
0.9463459253311157
0.9420046210289001
0.9374033212661743
0.9324939250946045
0.9272249937057495
0.9215409159660339
1.0
1.0
1.0
1.0
1.0
1.0
1.0
1.0
1.0
1.0
1.0
1.0
1.0
1.0
1.0
1.0
1.0
1.0
1.0
1.0
1.0
1.0
1.0
1.0
1.0
1.0
1.0
1.0
1.0
1.0
1.0
1.0
1.0
1.0
1.0
1.0
1.0
1.0
1.0
1.0
1.0
0.9215409159660339
0.9272249937057495
0.9324939250946045
0.9374033212661743
0.9420046210289001
0.9463459253311157
0.950470507144928
0.9544177651405334
0.9582222104072571
0.9619144797325134
0.9655203223228455
0.9690618515014648
0.9725569486618042
0.9760201573371887
0.9794626832008362
0.9828928709030151
0.9863165616989136
0.9897375702857971
0.9931580424308777
0.9965788125991821
1.0
1.0034211874008179
1.006842017173767
1.010262370109558
1.0136834383010864
1.0171071290969849
1.0205373764038086
1.0239797830581665
1.0274430513381958
1.0309381484985352
1.0344797372817993
1.0380855798721313
1.0417777299880981
1.0455822944641113
1.0495295524597168
1.0536540746688843
1.057995319366455
1.0625966787338257
1.0675060749053955
1.0727750062942505
1.0784591436386108
0.8435655236244202
0.8548747897148132
0.8653571605682373
0.8751238584518433
0.8842785358428955
0.8929172158241272
0.9011268615722656
0.9089862108230591
0.916564404964447
0.9239223599433899
0.9311116337776184
0.938176155090332
0.9451512694358826
0.9520659446716309
0.9589419364929199
0.9657958149909973
0.9726386666297913
0.9794778823852539
0.9863172173500061
0.9931580424308777
1.0
1.006842017173767
1.0136827230453491
1.020522117614746
1.027361273765564
1.0342042446136475
1.04105806350708
1.0479340553283691
1.0548486709594727
1.061823844909668
1.0688883066177368
1.0760775804519653
1.0834355354309082
1.091013789176941
1.0988731384277344
1.1070828437805176
1.1157214641571045
1.1248761415481567
1.1346428394317627
1.145125150680542
1.156434416770935
0.7665546536445618
0.7833711504936218
0.7989553213119507
0.8134752511978149
0.8270869851112366
0.8399351835250854
0.8521507382392883
0.8638519048690796
0.8751423954963684
0.8861132860183716
0.8968414068222046
0.9073919653892517
0.9178174734115601
0.9281601905822754
0.9384521245956421
0.948716938495636
0.9589704275131226
0.9692225456237793
0.9794778823852539
0.9897375702857971
1.0
1.010262370109558
1.020522117614746
1.0307774543762207
1.0410295724868774
1.0512831211090088
1.061547875404358
1.0718398094177246
1.08218252658844
1.092608094215393
1.1031585931777954
1.1138867139816284
1.1248575448989868
1.1361480951309204
1.147849202156067
1.1600648164749146
1.1729129552841187
1.186524748802185
1.2010446786880493
1.216628909111023
1.233445405960083
0.69098299741745
0.7131285071372986
0.7336464524269104
0.7527624368667603
0.770686149597168
0.7876116633415222
0.8037142157554626
0.8191518783569336
0.8340628147125244
0.8485678434371948
0.8627685904502869
0.8767507076263428
0.890582799911499
0.904319703578949
0.9180021286010742
0.9316599369049072
0.9453122615814209
0.9589704275131226
0.9726386666297913
0.9863165616989136
1.0
1.0136834383010864
1.027361273765564
1.0410295724868774
1.054687738418579
1.0683400630950928
1.0819978713989258
1.0956802368164062
1.109417200088501
1.1232492923736572
1.137231469154358
1.1514321565628052
1.1659371852874756
1.1808481216430664
1.1962857246398926
1.2123883962631226
1.229313850402832
1.2472375631332397
1.2663536071777344
1.2868714332580566
1.3090169429779053
0.6173165440559387
0.6445520520210266
0.6697777509689331
0.6932788491249084
0.7153199315071106
0.7361457347869873
0.7559764981269836
0.7750104069709778
0.7934197783470154
0.8113548755645752
0.8289411067962646
0.8462836146354675
0.8634656667709351
0.880553126335144
0.8975939750671387
0.9146226644515991
0.9316599369049072
0.948716938495636
0.9657958149909973
0.9828928709030151
1.0
1.0171071290969849
1.0342042446136475
1.0512831211090088
1.0683400630950928
1.0853773355484009
1.1024060249328613
1.119446873664856
1.136534333229065
1.1537163257598877
1.1710588932037354
1.1886451244354248
1.2065801620483398
1.224989652633667
1.2440234422683716
1.2638542652130127
1.2846800088882446
1.3067212104797363
1.330222249031067
1.3554478883743286
1.3826833963394165
0.5460094809532166
0.5780324935913086
0.6076803803443909
0.6353000998497009
0.6612133383750916
0.6857168078422546
0.7090767621994019
0.7315317392349243
0.7532881498336792
0.7745248079299927
0.7953897714614868
0.8160061240196228
0.8364700675010681
0.8568565845489502
0.8772189617156982
0.8975939750671387
0.9180021286010742
0.9384521245956421
0.9589419364929199
0.9794626832008362
1.0
1.0205373764038086
1.04105806350708
1.061547875404358
1.0819978713989258
1.1024060249328613
1.1227810382843018
1.1431434154510498
1.1635299921035767
1.183993935585022
1.2046102285385132
1.2254751920700073
1.2467118501663208
1.2684682607650757
1.2909232378005981
1.3142832517623901
1.3387866020202637
1.3646998405456543
1.392319679260254
1.4219675064086914
1.4539904594421387
0.47750142216682434
0.5139444470405579
0.5476672053337097
0.5790818929672241
0.608569860458374
0.6364818215370178
0.6631314158439636
0.6887978315353394
0.7137210965156555
0.738107442855835
0.7621262073516846
0.7859162092208862
0.8095844388008118
0.8332124948501587
0.8568565845489502
0.880553126335144
0.904319703578949
0.9281601905822754
0.9520659446716309
0.9760201573371887
1.0
1.0239797830581665
1.0479340553283691
1.0718398094177246
1.0956802368164062
1.119446873664856
1.1431434154510498
1.1667875051498413
1.190415620803833
1.2140837907791138
1.2378737926483154
1.261892557144165
1.2862789630889893
1.3112021684646606
1.3368686437606812
1.3635181188583374
1.391430139541626
1.4209181070327759
1.452332854270935
1.486055612564087
1.522498607635498
0.4122147560119629
0.45264050364494324
0.49002549052238464
0.5248510837554932
0.5575620532035828
0.5885658264160156
0.618224561214447
0.6468586325645447
0.6747410297393799
0.7021037936210632
0.729135274887085
0.7559875249862671
0.7827754616737366
0.8095844388008118
0.8364700675010681
0.8634656667709351
0.890582799911499
0.9178174734115601
0.9451512694358826
0.9725569486618042
1.0
1.0274430513381958
1.0548486709594727
1.08218252658844
1.109417200088501
1.136534333229065
1.1635299921035767
1.190415620803833
1.2172244787216187
1.244012475013733
1.270864725112915
1.297896146774292
1.3252589702606201
1.3531413078308105
1.3817753791809082
1.4114341735839844
1.442438006401062
1.4751489162445068
1.509974479675293
1.5473594665527344
1.587785243988037
0.350551962852478
0.39445021748542786
0.43501517176628113
0.4728040397167206
0.5083295106887817
0.5420593023300171
0.5744056701660156
0.6057302951812744
0.6363378167152405
0.6664841771125793
0.696373701095581
0.7261684536933899
0.7559875249862671
0.7859162092208862
0.8160061240196228
0.8462836146354675
0.8767507076263428
0.9073919653892517
0.938176155090332
0.9690618515014648
1.0
1.0309381484985352
1.061823844909668
1.092608094215393
1.1232492923736572
1.1537163257598877
1.183993935585022
1.2140837907791138
1.244012475013733
1.2738314867019653
1.303626298904419
1.3335157632827759
1.3636622428894043
1.3942697048187256
1.4255943298339844
1.457940697669983
1.4916704893112183
1.527195930480957
1.5649847984313965
1.6055498123168945
1.649448037147522
0.2928932309150696
0.3396719694137573
0.3828587234020233
0.42309415340423584
0.46096551418304443
0.4970046877861023
0.5316759347915649
0.5653818845748901
0.5984569191932678
0.6311778426170349
0.663760781288147
0.696373701095581
0.729135274887085
0.7621262073516846
0.7953897714614868
0.8289411067962646
0.8627685904502869
0.8968414068222046
0.9311116337776184
0.9655203223228455
1.0
1.0344797372817993
1.0688883066177368
1.1031585931777954
1.137231469154358
1.1710588932037354
1.2046102285385132
1.2378737926483154
1.270864725112915
1.303626298904419
1.336239218711853
1.3688222169876099
1.4015430212020874
1.4346181154251099
1.468324065208435
1.502995252609253
1.5390344858169556
1.5769058465957642
1.6171412467956543
1.6603280305862427
1.7071068286895752
0.23959402740001678
0.28857260942459106
0.33373910188674927
0.3758295774459839
0.4155140221118927
0.4533936083316803
0.48998603224754333
0.525734007358551
0.560998260974884
0.5960718989372253
0.6311778426170349
0.6664841771125793
0.7021037936210632
0.738107442855835
0.7745248079299927
0.8113548755645752
0.8485678434371948
0.8861132860183716
0.9239223599433899
0.9619144797325134
1.0
1.0380855798721313
1.0760775804519653
1.1138867139816284
1.1514321565628052
1.1886451244354248
1.2254751920700073
1.261892557144165
1.297896146774292
1.3335157632827759
1.3688222169876099
1.4039281606674194
1.4390016794204712
1.4742659330368042
1.5100139379501343
1.546606421470642
1.5844860076904297
1.6241704225540161
1.666260838508606
1.7114274501800537
1.7604060173034668
0.19098301231861115
0.24137592315673828
0.2877840995788574
0.33105403184890747
0.3719494044780731
0.41114649176597595
0.4492170512676239
0.48664116859436035
0.5238006114959717
0.560998260974884
0.5984569191932678
0.6363378167152405
0.6747410297393799
0.7137210965156555
0.7532881498336792
0.7934197783470154
0.8340628147125244
0.8751423954963684
0.916564404964447
0.9582222104072571
1.0
1.0417777299880981
1.0834355354309082
1.1248575448989868
1.1659371852874756
1.2065801620483398
1.2467118501663208
1.2862789630889893
1.3252589702606201
1.3636622428894043
1.4015430212020874
1.4390016794204712
1.4761993885040283
1.5133588314056396
1.5507829189300537
1.5888534784317017
1.6280505657196045
1.6689459085464478
1.7122159004211426
1.7586240768432617
1.8090169429779053
0.14735983312129974
0.198261559009552
0.24506230652332306
0.28874194622039795
0.3301715850830078
0.37010854482650757
0.4091774821281433
0.44789016246795654
0.48664116859436035
0.525734007358551
0.5653818845748901
0.6057302951812744
0.6468586325645447
0.6887978315353394
0.7315317392349243
0.7750104069709778
0.8191518783569336
0.8638519048690796
0.9089862108230591
0.9544177651405334
1.0
1.0455822944641113
1.091013789176941
1.1361480951309204
1.1808481216430664
1.224989652633667
1.2684682607650757
1.3112021684646606
1.3531413078308105
1.3942697048187256
1.4346181154251099
1.4742659330368042
1.5133588314056396
1.5521098375320435
1.5908225774765015
1.6298915147781372
1.6698284149169922
1.711258053779602
1.7549376487731934
1.8017383813858032
1.852640151977539
0.10899347811937332
0.1593455821275711
0.20555472373962402
0.24876481294631958
0.2899720072746277
0.3300184905529022
0.369576096534729
0.4091774821281433
0.4492170512676239
0.48998603224754333
0.5316759347915649
0.5744056701660156
0.618224561214447
0.6631314158439636
0.7090767621994019
0.7559764981269836
0.8037142157554626
0.8521507382392883
0.9011268615722656
0.950470507144928
1.0
1.0495295524597168
1.0988731384277344
1.147849202156067
1.1962857246398926
1.2440234422683716
1.2909232378005981
1.3368686437606812
1.3817753791809082
1.4255943298339844
1.468324065208435
1.5100139379501343
1.5507829189300537
1.5908225774765015
1.630423903465271
1.6699814796447754
1.710028052330017
1.7512352466583252
1.794445276260376
1.8406543731689453
1.8910064697265625
0.07612046599388123
0.12467528134584427
0.169142946600914
0.21087908744812012
0.2510231137275696
0.2905016541481018
0.3300184905529022
0.37010854482650757
0.41114649176597595
0.4533936083316803
0.4970046877861023
0.5420593023300171
0.5885658264160156
0.6364818215370178
0.6857168078422546
0.7361457347869873
0.7876116633415222
0.8399351835250854
0.8929172158241272
0.9463459253311157
1.0
1.0536540746688843
1.1070828437805176
1.1600648164749146
1.2123883962631226
1.2638542652130127
1.3142832517623901
1.3635181188583374
1.4114341735839844
1.457940697669983
1.502995252609253
1.546606421470642
1.5888534784317017
1.6298915147781372
1.6699814796447754
1.709498405456543
1.7489768266677856
1.7891209125518799
1.8308570384979248
1.8753247261047363
1.9238795042037964
0.04894348233938217
0.09418276697397232
0.1355457603931427
0.17465776205062866
0.21282023191452026
0.2510231137275696
0.2899720072746277
0.3301715850830078
0.3719494044780731
0.4155140221118927
0.46096551418304443
0.5083295106887817
0.5575620532035828
0.608569860458374
0.6612133383750916
0.7153199315071106
0.770686149597168
0.8270869851112366
0.8842785358428955
0.9420046210289001
1.0
1.057995319366455
1.1157214641571045
1.1729129552841187
1.229313850402832
1.2846800088882446
1.3387866020202637
1.391430139541626
1.442438006401062
1.4916704893112183
1.5390344858169556
1.5844860076904297
1.6280505657196045
1.6698284149169922
1.710028052330017
1.7489768266677856
1.787179708480835
1.8253421783447266
1.8644542694091797
1.9058172702789307
1.9510564804077148
0.02763007953763008
0.06766477227210999
0.10427291691303253
0.1394583135843277
0.17465776205062866
0.21087908744812012
0.24876481294631958
0.28874194622039795
0.33105403184890747
0.3758295774459839
0.42309415340423584
0.4728040397167206
0.5248510837554932
0.5790818929672241
0.6353000998497009
0.6932788491249084
0.7527624368667603
0.8134752511978149
0.8751238584518433
0.9374033212661743
1.0
1.0625966787338257
1.1248761415481567
1.186524748802185
1.2472375631332397
1.3067212104797363
1.3646998405456543
1.4209181070327759
1.4751489162445068
1.527195930480957
1.5769058465957642
1.6241704225540161
1.6689459085464478
1.711258053779602
1.7512352466583252
1.7891209125518799
1.8253421783447266
1.8605417013168335
1.8957270383834839
1.9323352575302124
1.972369909286499
0.012311659753322601
0.044585585594177246
0.0744614526629448
0.10427291691303253
0.1355457603931427
0.169142946600914
0.20555472373962402
0.24506230652332306
0.2877840995788574
0.33373910188674927
0.3828587234020233
0.43501517176628113
0.49002549052238464
0.5476672053337097
0.6076803803443909
0.6697777509689331
0.7336464524269104
0.7989553213119507
0.8653571605682373
0.9324939250946045
1.0
1.0675060749053955
1.1346428394317627
1.2010446786880493
1.2663536071777344
1.330222249031067
1.392319679260254
1.452332854270935
1.509974479675293
1.5649847984313965
1.6171412467956543
1.666260838508606
1.7122159004211426
1.7549376487731934
1.794445276260376
1.8308570384979248
1.8644542694091797
1.8957270383834839
1.9255385398864746
1.9554144144058228
1.9876883029937744
0.003082666313275695
0.024027377367019653
0.044585585594177246
0.06766477227210999
0.09418276697397232
0.12467528134584427
0.1593455821275711
0.198261559009552
0.24137592315673828
0.28857260942459106
0.3396719694137573
0.39445021748542786
0.45264050364494324
0.5139444470405579
0.5780324935913086
0.6445520520210266
0.7131285071372986
0.7833711504936218
0.8548747897148132
0.9272249937057495
1.0
1.0727750062942505
1.145125150680542
1.216628909111023
1.2868714332580566
1.3554478883743286
1.4219675064086914
1.486055612564087
1.5473594665527344
1.6055498123168945
1.6603280305862427
1.7114274501800537
1.7586240768432617
1.8017383813858032
1.8406543731689453
1.8753247261047363
1.9058172702789307
1.9323352575302124
1.9554144144058228
1.9759726524353027
1.9969173669815063
0.0
0.003082666313275695
0.012311659753322601
0.02763007953763008
0.04894348233938217
0.07612046599388123
0.10899347811937332
0.14735983312129974
0.19098301231861115
0.23959402740001678
0.2928932309150696
0.350551962852478
0.4122147560119629
0.47750142216682434
0.5460094809532166
0.6173165440559387
0.69098299741745
0.7665546536445618
0.8435655236244202
0.9215409159660339
1.0
1.0784591436386108
1.156434416770935
1.233445405960083
1.3090169429779053
1.3826833963394165
1.4539904594421387
1.522498607635498
1.587785243988037
1.649448037147522
1.7071068286895752
1.7604060173034668
1.8090169429779053
1.852640151977539
1.8910064697265625
1.9238795042037964
1.9510564804077148
1.972369909286499
1.9876883029937744
1.9969173669815063
2.0
