2.0
1.9969173669815063
1.9876883029937744
1.972369909286499
1.9510564804077148
1.9238795042037964
1.8910064697265625
1.852640151977539
1.8090169429779053
1.7604060173034668
1.7071068286895752
1.649448037147522
1.587785243988037
1.522498607635498
1.4539904594421387
1.3826833963394165
1.3090169429779053
1.233445405960083
1.156434416770935
1.0784591436386108
1.0
0.9215409159660339
0.8435655236244202
0.7665546536445618
0.69098299741745
0.6173165440559387
0.5460094809532166
0.47750142216682434
0.4122147560119629
0.350551962852478
0.2928932309150696
0.23959402740001678
0.19098301231861115
0.14735983312129974
0.10899347811937332
0.07612046599388123
0.04894348233938217
0.02763007953763008
0.012311659753322601
0.003082666313275695
0.0
1.9969173669815063
1.9759703874588013
1.9554107189178467
1.93233060836792
1.9058119058609009
1.875319004058838
1.8406484127044678
1.8017323017120361
1.7586179971694946
1.7114214897155762
1.6603224277496338
1.6055444478988647
1.5473545789718628
1.4860512018203735
1.4219636917114258
1.3554446697235107
1.2868688106536865
1.216626763343811
1.145123839378357
1.0727742910385132
1.0
0.9272257089614868
0.8548761606216431
0.7833731770515442
0.7131311893463135
0.644555389881134
0.5780363082885742
0.5139488577842712
0.4526453912258148
0.39445552229881287
0.3396776020526886
0.28857848048210144
0.24138197302818298
0.19826765358448029
0.15935158729553223
0.12468105554580688
0.09418810904026031
0.06766944378614426
0.04458927735686302
0.024029633030295372
0.003082666313275695
1.9876883029937744
1.9554107189178467
1.9255322217941284
1.8957189321517944
1.8644447326660156
1.8308467864990234
1.7944344282150269
1.7549266815185547
1.712204933166504
1.666250228881836
1.617130994796753
1.5649751424789429
1.5099656581878662
1.4523247480392456
1.3923125267028809
1.3302162885665894
1.2663487195968628
1.2010409832000732
1.1346403360366821
1.0675047636032104
1.0
0.9324952363967896
0.8653596639633179
0.7989590764045715
0.733651340007782
0.6697837710380554
0.6076874732971191
0.5476752519607544
0.49003440141677856
0.43502482771873474
0.38286900520324707
0.33374980092048645
0.2877950668334961
0.2450733184814453
0.20556552708148956
0.16915325820446014
0.1355552077293396
0.10428108274936676
0.07446776330471039
0.04458927735686302
0.012311659753322601
1.972369909286499
1.93233060836792
1.8957189321517944
1.860530972480774
1.8253296613693237
1.789107084274292
1.751220703125
1.7112431526184082
1.6689311265945435
1.624155879020691
1.5768918991088867
1.5271828174591064
1.4751367568969727
1.4209071397781372
1.3646901845932007
1.3067128658294678
1.247230887413025
1.1865196228027344
1.1248726844787598
1.062595009803772
1.0
0.9374050498008728
0.8751273155212402
0.8134803771972656
0.7527691125869751
0.6932870745658875
0.6353098154067993
0.5790929198265076
0.5248633027076721
0.47281721234321594
0.42310813069343567
0.37584415078163147
0.33106890320777893
0.2887568175792694
0.24877934157848358
0.21089288592338562
0.17467032372951508
0.13946904242038727
0.10428108274936676
0.06766944378614426
0.02763007953763008
1.9510564804077148
1.9058119058609009
1.8644447326660156
1.8253296613693237
1.7871649265289307
1.7489604949951172
1.7100106477737427
1.6698106527328491
1.6280326843261719
1.5844684839248657
1.539017677307129
1.4916545152664185
1.4424232244491577
1.3914167881011963
1.3387749195098877
1.2846699953079224
1.2293057441711426
1.172906756401062
1.1157172918319702
1.0579932928085327
1.0
0.9420067667961121
0.8842827081680298
0.8270931839942932
0.7706942558288574
0.7153299450874329
0.6612250804901123
0.6085831522941589
0.5575767755508423
0.5083454251289368
0.4609823524951935
0.4155315160751343
0.37196725606918335
0.33018937706947327
0.2899893522262573
0.2510395050048828
0.21283504366874695
0.17467032372951508
0.1355552077293396
0.09418810904026031
0.04894348233938217
1.9238795042037964
1.875319004058838
1.8308467864990234
1.789107084274292
1.7489604949951172
1.7094801664352417
1.6699621677398682
1.6298714876174927
1.5888334512710571
1.5465867519378662
1.5029762983322144
1.4579226970672607
1.4114176034927368
1.363503098487854
1.3142699003219604
1.2638429403305054
1.2123790979385376
1.160057783126831
1.1070780754089355
1.0536516904830933
1.0
0.9463483095169067
0.8929219245910645
0.839942216873169
0.7876208424568176
0.7361570596694946
0.6857300400733948
0.636496901512146
0.588582456111908
0.5420772433280945
0.49702367186546326
0.4534132778644562
0.4111664891242981
0.37012845277786255
0.33003783226013184
0.2905198335647583
0.2510395050048828
0.21089288592338562
0.16915325820446014
0.12468105554580688
0.07612046599388123
1.8910064697265625
1.8406484127044678
1.7944344282150269
1.751220703125
1.7100106477737427
1.6699621677398682
1.6304032802581787
1.5908012390136719
1.5507614612579346
1.5099928379058838
1.4683036804199219
1.4255750179290771
1.3817574977874756
1.3368523120880127
1.290908932685852
1.2440112829208374
1.1962758302688599
1.1478416919708252
1.0988680124282837
1.0495269298553467
1.0
0.9504730701446533
0.9011319875717163
0.8521583676338196
0.8037242293357849
0.7559887766838074
0.709091067314148
0.6631476283073425
0.6182425022125244
0.5744249820709229
0.5316963195800781
0.4900071620941162
0.44923853874206543
0.4091987907886505
0.3695967495441437
0.33003783226013184
0.2899893522262573
0.24877934157848358
0.20556552708148956
0.15935158729553223
0.10899347811937332
1.852640151977539
1.8017323017120361
1.7549266815185547
1.7112431526184082
1.6698106527328491
1.6298714876174927
1.5908012390136719
1.5520877838134766
1.5133365392684937
1.4742439985275269
1.4345968961715698
1.3942495584487915
1.3531227111816406
1.3111852407455444
1.2684533596038818
1.2249767780303955
1.180837631225586
1.1361401081085205
1.0910084247589111
1.0455795526504517
1.0
0.9544204473495483
0.9089915156364441
0.8638598322868347
0.8191623091697693
0.7750231623649597
0.7315467000007629
0.6888147592544556
0.6468773484230042
0.6057504415512085
0.565403163433075
0.5257560014724731
0.48666343092918396
0.4479122459888458
0.4091987907886505
0.37012845277786255
0.33018937706947327
0.2887568175792694
0.2450733184814453
0.19826765358448029
0.14735983312129974
1.8090169429779053
1.7586179971694946
1.712204933166504
1.6689311265945435
1.6280326843261719
1.5888334512710571
1.5507614612579346
1.5133365392684937
1.4761768579483032
1.4389795064926147
1.4015215635299683
1.3636417388916016
1.3252400159835815
1.2862616777420044
1.2466965913772583
1.2065671682357788
1.1659265756607056
1.124849557876587
1.0834301710128784
1.0417749881744385
1.0
0.9582249522209167
0.9165698289871216
0.8751505017280579
0.8340734243392944
0.7934327721595764
0.7533034086227417
0.7137383222579956
0.6747599840164185
0.6363582015037537
0.5984784960746765
0.56102055311203
0.523823082447052
0.48666343092918396
0.44923853874206543
0.4111664891242981
0.37196725606918335
0.33106890320777893
0.2877950668334961
0.24138197302818298
0.19098301231861115
1.7604060173034668
1.7114214897155762
1.666250228881836
1.624155879020691
1.5844684839248657
1.5465867519378662
1.5099928379058838
1.4742439985275269
1.4389795064926147
1.4039061069488525
1.3688008785247803
1.3334956169128418
1.2978774309158325
1.2618753910064697
1.2254600524902344
1.1886322498321533
1.1514216661453247
1.1138787269592285
1.0760722160339355
1.0380828380584717
1.0
0.9619171619415283
0.9239277839660645
0.8861212730407715
0.8485783934593201
0.8113678097724915
0.7745398879051208
0.7381245493888855
0.7021226286888123
0.666504442691803
0.6311991214752197
0.5960938930511475
0.56102055311203
0.5257560014724731
0.4900071620941162
0.4534132778644562
0.4155315160751343
0.37584415078163147
0.33374980092048645
0.28857848048210144
0.23959402740001678
1.7071068286895752
1.6603224277496338
1.617130994796753
1.5768918991088867
1.539017677307129
1.5029762983322144
1.4683036804199219
1.4345968961715698
1.4015215635299683
1.3688008785247803
1.3362185955047607
1.303606629371643
1.2708464860916138
1.2378572225570679
1.2045955657958984
1.171046257019043
1.137221097946167
1.103150725364685
1.0688830614089966
1.0344769954681396
1.0
0.9655229449272156
0.9311169385910034
0.8968492150306702
0.8627788424491882
0.8289536833763123
0.7954044938087463
0.7621428370475769
0.7291535139083862
0.6963933110237122
0.663781464099884
0.6311991214752197
0.5984784960746765
0.565403163433075
0.5316963195800781
0.49702367186546326
0.4609823524951935
0.42310813069343567
0.38286900520324707
0.3396776020526886
0.2928932309150696
1.649448037147522
1.6055444478988647
1.5649751424789429
1.5271828174591064
1.4916545152664185
1.4579226970672607
1.4255750179290771
1.3942495584487915
1.3636417388916016
1.3334956169128418
1.303606629371643
1.2738128900527954
1.2439950704574585
1.2140679359436035
1.183979868888855
1.1537044048309326
1.123239517211914
1.0926005840301514
1.0618188381195068
1.0309356451034546
1.0
0.9690643548965454
0.9381811618804932
0.9073994159698486
0.8767604827880859
0.8462955951690674
0.816020131111145
0.7859320044517517
0.7560049295425415
0.7261871695518494
0.6963933110237122
0.666504442691803
0.6363582015037537
0.6057504415512085
0.5744249820709229
0.5420772433280945
0.5083454251289368
0.47281721234321594
0.43502482771873474
0.39445552229881287
0.350551962852478
1.587785243988037
1.5473545789718628
1.5099656581878662
1.4751367568969727
1.4424232244491577
1.4114176034927368
1.3817574977874756
1.3531227111816406
1.3252400159835815
1.2978774309158325
1.2708464860916138
1.2439950704574585
1.2172082662582397
1.1904008388519287
1.163516879081726
1.1365231275558472
1.1094080209732056
1.082175612449646
1.0548440217971802
1.0274406671524048
1.0
0.9725592732429504
0.9451559782028198
0.917824387550354
0.8905919194221497
0.8634768128395081
0.8364830613136292
0.8095991611480713
0.7827916741371155
0.7560049295425415
0.7291535139083862
0.7021226286888123
0.6747599840164185
0.6468773484230042
0.6182425022125244
0.588582456111908
0.5575767755508423
0.5248633027076721
0.49003440141677856
0.4526453912258148
0.4122147560119629
1.522498607635498
1.4860512018203735
1.4523247480392456
1.4209071397781372
1.3914167881011963
1.363503098487854
1.3368523120880127
1.3111852407455444
1.2862616777420044
1.2618753910064697
1.2378572225570679
1.2140679359436035
1.1904008388519287
1.166774034500122
1.1431316137313843
1.1194367408752441
1.0956720113754272
1.0718334913253784
1.0479297637939453
1.0239776372909546
1.0
0.9760223031044006
0.9520702362060547
0.9281665682792664
0.9043280482292175
0.8805632591247559
0.8568684458732605
0.8332259058952332
0.8095991611480713
0.7859320044517517
0.7621428370475769
0.7381245493888855
0.7137383222579956
0.6888147592544556
0.6631476283073425
0.636496901512146
0.6085831522941589
0.5790929198265076
0.5476752519607544
0.5139488577842712
0.47750142216682434
1.4539904594421387
1.4219636917114258
1.3923125267028809
1.3646901845932007
1.3387749195098877
1.3142699003219604
1.290908932685852
1.2684533596038818
1.2466965913772583
1.2254600524902344
1.2045955657958984
1.183979868888855
1.163516879081726
1.1431316137313843
1.1227705478668213
1.1023969650268555
1.0819904804229736
1.061542272567749
1.0410542488098145
1.0205354690551758
1.0
0.979464590549469
0.9589457511901855
0.938457727432251
0.9180095195770264
0.8976030349731445
0.8772295117378235
0.8568684458732605
0.8364830613136292
0.816020131111145
0.7954044938087463
0.7745398879051208
0.7533034086227417
0.7315467000007629
0.709091067314148
0.6857300400733948
0.6612250804901123
0.6353098154067993
0.6076874732971191
0.5780363082885742
0.5460094809532166
1.3826833963394165
1.3554446697235107
1.3302162885665894
1.3067128658294678
1.2846699953079224
1.2638429403305054
1.2440112829208374
1.2249767780303955
1.2065671682357788
1.1886322498321533
1.171046257019043
1.1537044048309326
1.1365231275558472
1.1194367408752441
1.1023969650268555
1.08536958694458
1.0683337450027466
1.0512782335281372
1.03420090675354
1.0171054601669312
1.0
0.9828944802284241
0.9657990336418152
0.948721706867218
0.9316662549972534
0.9146303534507751
0.8976030349731445
0.8805632591247559
0.8634768128395081
0.8462955951690674
0.8289536833763123
0.8113678097724915
0.7934327721595764
0.7750231623649597
0.7559887766838074
0.7361570596694946
0.7153299450874329
0.6932870745658875
0.6697837710380554
0.644555389881134
0.6173165440559387
1.3090169429779053
1.2868688106536865
1.2663487195968628
1.247230887413025
1.2293057441711426
1.2123790979385376
1.1962758302688599
1.180837631225586
1.1659265756607056
1.1514216661453247
1.137221097946167
1.123239517211914
1.1094080209732056
1.0956720113754272
1.0819904804229736
1.0683337450027466
1.0546826124191284
1.0410256385803223
1.0273586511611938
1.0136821269989014
1.0
0.9863178730010986
0.9726413488388062
0.9589743614196777
0.9453173875808716
0.9316662549972534
0.9180095195770264
0.9043280482292175
0.8905919194221497
0.8767604827880859
0.8627788424491882
0.8485783934593201
0.8340734243392944
0.8191623091697693
0.8037242293357849
0.7876208424568176
0.7706942558288574
0.7527691125869751
0.733651340007782
0.7131311893463135
0.69098299741745
1.233445405960083
1.216626763343811
1.2010409832000732
1.1865196228027344
1.172906756401062
1.160057783126831
1.1478416919708252
1.1361401081085205
1.124849557876587
1.1138787269592285
1.103150725364685
1.0926005840301514
1.082175612449646
1.0718334913253784
1.061542272567749
1.0512782335281372
1.0410256385803223
1.030774474143982
1.0205200910568237
1.0102614164352417
1.0
0.9897385835647583
0.9794799089431763
0.9692255258560181
0.9589743614196777
0.948721706867218
0.938457727432251
0.9281665682792664
0.917824387550354
0.9073994159698486
0.8968492150306702
0.8861212730407715
0.8751505017280579
0.8638598322868347
0.8521583676338196
0.839942216873169
0.8270931839942932
0.8134803771972656
0.7989590764045715
0.7833731770515442
0.7665546536445618
1.156434416770935
1.145123839378357
1.1346403360366821
1.1248726844787598
1.1157172918319702
1.1070780754089355
1.0988680124282837
1.0910084247589111
1.0834301710128784
1.0760722160339355
1.0688830614089966
1.0618188381195068
1.0548440217971802
1.0479297637939453
1.0410542488098145
1.03420090675354
1.0273586511611938
1.0205200910568237
1.013681411743164
1.0068413019180298
1.0
0.9931586980819702
0.9863185882568359
0.9794799089431763
0.9726413488388062
0.9657990336418152
0.9589457511901855
0.9520702362060547
0.9451559782028198
0.9381811618804932
0.9311169385910034
0.9239277839660645
0.9165698289871216
0.9089915156364441
0.9011319875717163
0.8929219245910645
0.8842827081680298
0.8751273155212402
0.8653596639633179
0.8548761606216431
0.8435655236244202
1.0784591436386108
1.0727742910385132
1.0675047636032104
1.062595009803772
1.0579932928085327
1.0536516904830933
1.0495269298553467
1.0455795526504517
1.0417749881744385
1.0380828380584717
1.0344769954681396
1.0309356451034546
1.0274406671524048
1.0239776372909546
1.0205354690551758
1.0171054601669312
1.0136821269989014
1.0102614164352417
1.0068413019180298
1.0034208297729492
1.0
0.9965791702270508
0.9931586980819702
0.9897385835647583
0.9863178730010986
0.9828944802284241
0.979464590549469
0.9760223031044006
0.9725592732429504
0.9690643548965454
0.9655229449272156
0.9619171619415283
0.9582249522209167
0.9544204473495483
0.9504730701446533
0.9463483095169067
0.9420067667961121
0.9374050498008728
0.9324952363967896
0.9272257089614868
0.9215409159660339
1.0
1.0
1.0
1.0
1.0
1.0
1.0
1.0
1.0
1.0
1.0
1.0
1.0
1.0
1.0
1.0
1.0
1.0
1.0
1.0
1.0
1.0
1.0
1.0
1.0
1.0
1.0
1.0
1.0
1.0
1.0
1.0
1.0
1.0
1.0
1.0
1.0
1.0
1.0
1.0
1.0
0.9215409159660339
0.9272257089614868
0.9324952363967896
0.9374050498008728
0.9420067667961121
0.9463483095169067
0.9504730701446533
0.9544204473495483
0.9582249522209167
0.9619171619415283
0.9655229449272156
0.9690643548965454
0.9725592732429504
0.9760223031044006
0.979464590549469
0.9828944802284241
0.9863178730010986
0.9897385835647583
0.9931586980819702
0.9965791702270508
1.0
1.0034208297729492
1.0068413019180298
1.0102614164352417
1.0136821269989014
1.0171054601669312
1.0205354690551758
1.0239776372909546
1.0274406671524048
1.0309356451034546
1.0344769954681396
1.0380828380584717
1.0417749881744385
1.0455795526504517
1.0495269298553467
1.0536516904830933
1.0579932928085327
1.062595009803772
1.0675047636032104
1.0727742910385132
1.0784591436386108
0.8435655236244202
0.8548761606216431
0.8653596639633179
0.8751273155212402
0.8842827081680298
0.8929219245910645
0.9011319875717163
0.9089915156364441
0.9165698289871216
0.9239277839660645
0.9311169385910034
0.9381811618804932
0.9451559782028198
0.9520702362060547
0.9589457511901855
0.9657990336418152
0.9726413488388062
0.9794799089431763
0.9863185882568359
0.9931586980819702
1.0
1.0068413019180298
1.013681411743164
1.0205200910568237
1.0273586511611938
1.03420090675354
1.0410542488098145
1.0479297637939453
1.0548440217971802
1.0618188381195068
1.0688830614089966
1.0760722160339355
1.0834301710128784
1.0910084247589111
1.0988680124282837
1.1070780754089355
1.1157172918319702
1.1248726844787598
1.1346403360366821
1.145123839378357
1.156434416770935
0.7665546536445618
0.7833731770515442
0.7989590764045715
0.8134803771972656
0.8270931839942932
0.839942216873169
0.8521583676338196
0.8638598322868347
0.8751505017280579
0.8861212730407715
0.8968492150306702
0.9073994159698486
0.917824387550354
0.9281665682792664
0.938457727432251
0.948721706867218
0.9589743614196777
0.9692255258560181
0.9794799089431763
0.9897385835647583
1.0
1.0102614164352417
1.0205200910568237
1.030774474143982
1.0410256385803223
1.0512782335281372
1.061542272567749
1.0718334913253784
1.082175612449646
1.0926005840301514
1.103150725364685
1.1138787269592285
1.124849557876587
1.1361401081085205
1.1478416919708252
1.160057783126831
1.172906756401062
1.1865196228027344
1.2010409832000732
1.216626763343811
1.233445405960083
0.69098299741745
0.7131311893463135
0.733651340007782
0.7527691125869751
0.7706942558288574
0.7876208424568176
0.8037242293357849
0.8191623091697693
0.8340734243392944
0.8485783934593201
0.8627788424491882
0.8767604827880859
0.8905919194221497
0.9043280482292175
0.9180095195770264
0.9316662549972534
0.9453173875808716
0.9589743614196777
0.9726413488388062
0.9863178730010986
1.0
1.0136821269989014
1.0273586511611938
1.0410256385803223
1.0546826124191284
1.0683337450027466
1.0819904804229736
1.0956720113754272
1.1094080209732056
1.123239517211914
1.137221097946167
1.1514216661453247
1.1659265756607056
1.180837631225586
1.1962758302688599
1.2123790979385376
1.2293057441711426
1.247230887413025
1.2663487195968628
1.2868688106536865
1.3090169429779053
0.6173165440559387
0.644555389881134
0.6697837710380554
0.6932870745658875
0.7153299450874329
0.7361570596694946
0.7559887766838074
0.7750231623649597
0.7934327721595764
0.8113678097724915
0.8289536833763123
0.8462955951690674
0.8634768128395081
0.8805632591247559
0.8976030349731445
0.9146303534507751
0.9316662549972534
0.948721706867218
0.9657990336418152
0.9828944802284241
1.0
1.0171054601669312
1.03420090675354
1.0512782335281372
1.0683337450027466
1.08536958694458
1.1023969650268555
1.1194367408752441
1.1365231275558472
1.1537044048309326
1.171046257019043
1.1886322498321533
1.2065671682357788
1.2249767780303955
1.2440112829208374
1.2638429403305054
1.2846699953079224
1.3067128658294678
1.3302162885665894
1.3554446697235107
1.3826833963394165
0.5460094809532166
0.5780363082885742
0.6076874732971191
0.6353098154067993
0.6612250804901123
0.6857300400733948
0.709091067314148
0.7315467000007629
0.7533034086227417
0.7745398879051208
0.7954044938087463
0.816020131111145
0.8364830613136292
0.8568684458732605
0.8772295117378235
0.8976030349731445
0.9180095195770264
0.938457727432251
0.9589457511901855
0.979464590549469
1.0
1.0205354690551758
1.0410542488098145
1.061542272567749
1.0819904804229736
1.1023969650268555
1.1227705478668213
1.1431316137313843
1.163516879081726
1.183979868888855
1.2045955657958984
1.2254600524902344
1.2466965913772583
1.2684533596038818
1.290908932685852
1.3142699003219604
1.3387749195098877
1.3646901845932007
1.3923125267028809
1.4219636917114258
1.4539904594421387
0.47750142216682434
0.5139488577842712
0.5476752519607544
0.5790929198265076
0.6085831522941589
0.636496901512146
0.6631476283073425
0.6888147592544556
0.7137383222579956
0.7381245493888855
0.7621428370475769
0.7859320044517517
0.8095991611480713
0.8332259058952332
0.8568684458732605
0.8805632591247559
0.9043280482292175
0.9281665682792664
0.9520702362060547
0.9760223031044006
1.0
1.0239776372909546
1.0479297637939453
1.0718334913253784
1.0956720113754272
1.1194367408752441
1.1431316137313843
1.166774034500122
1.1904008388519287
1.2140679359436035
1.2378572225570679
1.2618753910064697
1.2862616777420044
1.3111852407455444
1.3368523120880127
1.363503098487854
1.3914167881011963
1.4209071397781372
1.4523247480392456
1.4860512018203735
1.522498607635498
0.4122147560119629
0.4526453912258148
0.49003440141677856
0.5248633027076721
0.5575767755508423
0.588582456111908
0.6182425022125244
0.6468773484230042
0.6747599840164185
0.7021226286888123
0.7291535139083862
0.7560049295425415
0.7827916741371155
0.8095991611480713
0.8364830613136292
0.8634768128395081
0.8905919194221497
0.917824387550354
0.9451559782028198
0.9725592732429504
1.0
1.0274406671524048
1.0548440217971802
1.082175612449646
1.1094080209732056
1.1365231275558472
1.163516879081726
1.1904008388519287
1.2172082662582397
1.2439950704574585
1.2708464860916138
1.2978774309158325
1.3252400159835815
1.3531227111816406
1.3817574977874756
1.4114176034927368
1.4424232244491577
1.4751367568969727
1.5099656581878662
1.5473545789718628
1.587785243988037
0.350551962852478
0.39445552229881287
0.43502482771873474
0.47281721234321594
0.5083454251289368
0.5420772433280945
0.5744249820709229
0.6057504415512085
0.6363582015037537
0.666504442691803
0.6963933110237122
0.7261871695518494
0.7560049295425415
0.7859320044517517
0.816020131111145
0.8462955951690674
0.8767604827880859
0.9073994159698486
0.9381811618804932
0.9690643548965454
1.0
1.0309356451034546
1.0618188381195068
1.0926005840301514
1.123239517211914
1.1537044048309326
1.183979868888855
1.2140679359436035
1.2439950704574585
1.2738128900527954
1.303606629371643
1.3334956169128418
1.3636417388916016
1.3942495584487915
1.4255750179290771
1.4579226970672607
1.4916545152664185
1.5271828174591064
1.5649751424789429
1.6055444478988647
1.649448037147522
0.2928932309150696
0.3396776020526886
0.38286900520324707
0.42310813069343567
0.4609823524951935
0.49702367186546326
0.5316963195800781
0.565403163433075
0.5984784960746765
0.6311991214752197
0.663781464099884
0.6963933110237122
0.7291535139083862
0.7621428370475769
0.7954044938087463
0.8289536833763123
0.8627788424491882
0.8968492150306702
0.9311169385910034
0.9655229449272156
1.0
1.0344769954681396
1.0688830614089966
1.103150725364685
1.137221097946167
1.171046257019043
1.2045955657958984
1.2378572225570679
1.2708464860916138
1.303606629371643
1.3362185955047607
1.3688008785247803
1.4015215635299683
1.4345968961715698
1.4683036804199219
1.5029762983322144
1.539017677307129
1.5768918991088867
1.617130994796753
1.6603224277496338
1.7071068286895752
0.23959402740001678
0.28857848048210144
0.33374980092048645
0.37584415078163147
0.4155315160751343
0.4534132778644562
0.4900071620941162
0.5257560014724731
0.56102055311203
0.5960938930511475
0.6311991214752197
0.666504442691803
0.7021226286888123
0.7381245493888855
0.7745398879051208
0.8113678097724915
0.8485783934593201
0.8861212730407715
0.9239277839660645
0.9619171619415283
1.0
1.0380828380584717
1.0760722160339355
1.1138787269592285
1.1514216661453247
1.1886322498321533
1.2254600524902344
1.2618753910064697
1.2978774309158325
1.3334956169128418
1.3688008785247803
1.4039061069488525
1.4389795064926147
1.4742439985275269
1.5099928379058838
1.5465867519378662
1.5844684839248657
1.624155879020691
1.666250228881836
1.7114214897155762
1.7604060173034668
0.19098301231861115
0.24138197302818298
0.2877950668334961
0.33106890320777893
0.37196725606918335
0.4111664891242981
0.44923853874206543
0.48666343092918396
0.523823082447052
0.56102055311203
0.5984784960746765
0.6363582015037537
0.6747599840164185
0.7137383222579956
0.7533034086227417
0.7934327721595764
0.8340734243392944
0.8751505017280579
0.9165698289871216
0.9582249522209167
1.0
1.0417749881744385
1.0834301710128784
1.124849557876587
1.1659265756607056
1.2065671682357788
1.2466965913772583
1.2862616777420044
1.3252400159835815
1.3636417388916016
1.4015215635299683
1.4389795064926147
1.4761768579483032
1.5133365392684937
1.5507614612579346
1.5888334512710571
1.6280326843261719
1.6689311265945435
1.712204933166504
1.7586179971694946
1.8090169429779053
0.14735983312129974
0.19826765358448029
0.2450733184814453
0.2887568175792694
0.33018937706947327
0.37012845277786255
0.4091987907886505
0.4479122459888458
0.48666343092918396
0.5257560014724731
0.565403163433075
0.6057504415512085
0.6468773484230042
0.6888147592544556
0.7315467000007629
0.7750231623649597
0.8191623091697693
0.8638598322868347
0.9089915156364441
0.9544204473495483
1.0
1.0455795526504517
1.0910084247589111
1.1361401081085205
1.180837631225586
1.2249767780303955
1.2684533596038818
1.3111852407455444
1.3531227111816406
1.3942495584487915
1.4345968961715698
1.4742439985275269
1.5133365392684937
1.5520877838134766
1.5908012390136719
1.6298714876174927
1.6698106527328491
1.7112431526184082
1.7549266815185547
1.8017323017120361
1.852640151977539
0.10899347811937332
0.15935158729553223
0.20556552708148956
0.24877934157848358
0.2899893522262573
0.33003783226013184
0.3695967495441437
0.4091987907886505
0.44923853874206543
0.4900071620941162
0.5316963195800781
0.5744249820709229
0.6182425022125244
0.6631476283073425
0.709091067314148
0.7559887766838074
0.8037242293357849
0.8521583676338196
0.9011319875717163
0.9504730701446533
1.0
1.0495269298553467
1.0988680124282837
1.1478416919708252
1.1962758302688599
1.2440112829208374
1.290908932685852
1.3368523120880127
1.3817574977874756
1.4255750179290771
1.4683036804199219
1.5099928379058838
1.5507614612579346
1.5908012390136719
1.6304032802581787
1.6699621677398682
1.7100106477737427
1.751220703125
1.7944344282150269
1.8406484127044678
1.8910064697265625
0.07612046599388123
0.12468105554580688
0.16915325820446014
0.21089288592338562
0.2510395050048828
0.2905198335647583
0.33003783226013184
0.37012845277786255
0.4111664891242981
0.4534132778644562
0.49702367186546326
0.5420772433280945
0.588582456111908
0.636496901512146
0.6857300400733948
0.7361570596694946
0.7876208424568176
0.839942216873169
0.8929219245910645
0.9463483095169067
1.0
1.0536516904830933
1.1070780754089355
1.160057783126831
1.2123790979385376
1.2638429403305054
1.3142699003219604
1.363503098487854
1.4114176034927368
1.4579226970672607
1.5029762983322144
1.5465867519378662
1.5888334512710571
1.6298714876174927
1.6699621677398682
1.7094801664352417
1.7489604949951172
1.789107084274292
1.8308467864990234
1.875319004058838
1.9238795042037964
0.04894348233938217
0.09418810904026031
0.1355552077293396
0.17467032372951508
0.21283504366874695
0.2510395050048828
0.2899893522262573
0.33018937706947327
0.37196725606918335
0.4155315160751343
0.4609823524951935
0.5083454251289368
0.5575767755508423
0.6085831522941589
0.6612250804901123
0.7153299450874329
0.7706942558288574
0.8270931839942932
0.8842827081680298
0.9420067667961121
1.0
1.0579932928085327
1.1157172918319702
1.172906756401062
1.2293057441711426
1.2846699953079224
1.3387749195098877
1.3914167881011963
1.4424232244491577
1.4916545152664185
1.539017677307129
1.5844684839248657
1.6280326843261719
1.6698106527328491
1.7100106477737427
1.7489604949951172
1.7871649265289307
1.8253296613693237
1.8644447326660156
1.9058119058609009
1.9510564804077148
0.02763007953763008
0.06766944378614426
0.10428108274936676
0.13946904242038727
0.17467032372951508
0.21089288592338562
0.24877934157848358
0.2887568175792694
0.33106890320777893
0.37584415078163147
0.42310813069343567
0.47281721234321594
0.5248633027076721
0.5790929198265076
0.6353098154067993
0.6932870745658875
0.7527691125869751
0.8134803771972656
0.8751273155212402
0.9374050498008728
1.0
1.062595009803772
1.1248726844787598
1.1865196228027344
1.247230887413025
1.3067128658294678
1.3646901845932007
1.4209071397781372
1.4751367568969727
1.5271828174591064
1.5768918991088867
1.624155879020691
1.6689311265945435
1.7112431526184082
1.751220703125
1.789107084274292
1.8253296613693237
1.860530972480774
1.8957189321517944
1.93233060836792
1.972369909286499
0.012311659753322601
0.04458927735686302
0.07446776330471039
0.10428108274936676
0.1355552077293396
0.16915325820446014
0.20556552708148956
0.2450733184814453
0.2877950668334961
0.33374980092048645
0.38286900520324707
0.43502482771873474
0.49003440141677856
0.5476752519607544
0.6076874732971191
0.6697837710380554
0.733651340007782
0.7989590764045715
0.8653596639633179
0.9324952363967896
1.0
1.0675047636032104
1.1346403360366821
1.2010409832000732
1.2663487195968628
1.3302162885665894
1.3923125267028809
1.4523247480392456
1.5099656581878662
1.5649751424789429
1.617130994796753
1.666250228881836
1.712204933166504
1.7549266815185547
1.7944344282150269
1.8308467864990234
1.8644447326660156
1.8957189321517944
1.9255322217941284
1.9554107189178467
1.9876883029937744
0.003082666313275695
0.024029633030295372
0.04458927735686302
0.06766944378614426
0.09418810904026031
0.12468105554580688
0.15935158729553223
0.19826765358448029
0.24138197302818298
0.28857848048210144
0.3396776020526886
0.39445552229881287
0.4526453912258148
0.5139488577842712
0.5780363082885742
0.644555389881134
0.7131311893463135
0.7833731770515442
0.8548761606216431
0.9272257089614868
1.0
1.0727742910385132
1.145123839378357
1.216626763343811
1.2868688106536865
1.3554446697235107
1.4219636917114258
1.4860512018203735
1.5473545789718628
1.6055444478988647
1.6603224277496338
1.7114214897155762
1.7586179971694946
1.8017323017120361
1.8406484127044678
1.875319004058838
1.9058119058609009
1.93233060836792
1.9554107189178467
1.9759703874588013
1.9969173669815063
0.0
0.003082666313275695
0.012311659753322601
0.02763007953763008
0.04894348233938217
0.07612046599388123
0.10899347811937332
0.14735983312129974
0.19098301231861115
0.23959402740001678
0.2928932309150696
0.350551962852478
0.4122147560119629
0.47750142216682434
0.5460094809532166
0.6173165440559387
0.69098299741745
0.7665546536445618
0.8435655236244202
0.9215409159660339
1.0
1.0784591436386108
1.156434416770935
1.233445405960083
1.3090169429779053
1.3826833963394165
1.4539904594421387
1.522498607635498
1.587785243988037
1.649448037147522
1.7071068286895752
1.7604060173034668
1.8090169429779053
1.852640151977539
1.8910064697265625
1.9238795042037964
1.9510564804077148
1.972369909286499
1.9876883029937744
1.9969173669815063
2.0
