2.0
1.9969173669815063
1.9876883029937744
1.972369909286499
1.9510564804077148
1.9238795042037964
1.8910064697265625
1.852640151977539
1.8090169429779053
1.7604060173034668
1.7071068286895752
1.649448037147522
1.587785243988037
1.522498607635498
1.4539904594421387
1.3826833963394165
1.3090169429779053
1.233445405960083
1.156434416770935
1.0784591436386108
1.0
0.9215409159660339
0.8435655236244202
0.7665546536445618
0.69098299741745
0.6173165440559387
0.5460094809532166
0.47750142216682434
0.4122147560119629
0.350551962852478
0.2928932309150696
0.23959402740001678
0.19098301231861115
0.14735983312129974
0.10899347811937332
0.07612046599388123
0.04894348233938217
0.02763007953763008
0.012311659753322601
0.003082666313275695
0.0
1.9969173669815063
1.9759669303894043
1.9554052352905273
1.9323235750198364
1.905803918838501
1.8753103017807007
1.840639352798462
1.8017232418060303
1.7586089372634888
1.7114126682281494
1.6603139638900757
1.6055365800857544
1.5473473072052002
1.4860445261001587
1.4219578504562378
1.3554396629333496
1.2868647575378418
1.2166237831115723
1.1451218128204346
1.0727733373641968
1.0
0.927226722240448
0.8548782467842102
0.7833762168884277
0.7131351828575134
0.6445602774620056
0.5780421495437622
0.5139554142951965
0.4526526927947998
0.394463449716568
0.3396860659122467
0.2885873317718506
0.24139104783535004
0.1982768028974533
0.1593606024980545
0.12468971312046051
0.0941961258649826
0.06767646223306656
0.044594813138246536
0.024033017456531525
0.003082666313275695
1.9876883029937744
1.9554052352905273
1.925522804260254
1.8957066535949707
1.864430546760559
1.8308312892913818
1.794418215751648
1.7549101114273071
1.712188482284546
1.6662341356277466
1.6171156167984009
1.5649607181549072
1.509952187538147
1.452312707901001
1.3923019170761108
1.3302072286605835
1.2663413286209106
1.2010353803634644
1.134636640548706
1.0675028562545776
1.0
0.9324970841407776
0.8653634190559387
0.7989646792411804
0.7336586713790894
0.6697928309440613
0.6076980829238892
0.5476873517036438
0.49004775285720825
0.43503931164741516
0.3828843832015991
0.3337658643722534
0.2878115177154541
0.2450898289680481
0.20558173954486847
0.16916871070861816
0.13556940853595734
0.1042933315038681
0.07447723299264908
0.044594813138246536
0.012311659753322601
1.972369909286499
1.9323235750198364
1.8957066535949707
1.8605148792266846
1.8253108263015747
1.7890864610671997
1.7511988878250122
1.7112208604812622
1.6689088344573975
1.6241340637207031
1.5768709182739258
1.527163028717041
1.4751185178756714
1.4208905696868896
1.3646756410598755
1.306700587272644
1.247220754623413
1.1865119934082031
1.124867558479309
1.0625923871994019
1.0
0.9374076128005981
0.8751324415206909
0.8134880065917969
0.7527792453765869
0.6932994723320007
0.6353243589401245
0.5791094303131104
0.5248815417289734
0.472836971282959
0.4231290817260742
0.37586596608161926
0.3310911953449249
0.2887791395187378
0.24880115687847137
0.21091356873512268
0.1746891587972641
0.13948513567447662
0.1042933315038681
0.06767646223306656
0.02763007953763008
1.9510564804077148
1.905803918838501
1.864430546760559
1.8253108263015747
1.7871427536010742
1.7489359378814697
1.7099846601486206
1.6697838306427002
1.6280059814453125
1.5844422578811646
1.5389924049377441
1.4916306734085083
1.4424011707305908
1.3913968801498413
1.3387572765350342
1.2846550941467285
1.2292934656143188
1.172897458076477
1.115710973739624
1.0579900741577148
1.0
0.9420098662376404
0.8842889666557312
0.8271024823188782
0.7707065343856812
0.7153449654579163
0.6612427234649658
0.6086031794548035
0.5575988292694092
0.5083693265914917
0.46100765466690063
0.4155578017234802
0.3719940483570099
0.33021610975265503
0.2900153696537018
0.2510640621185303
0.21285727620124817
0.1746891587972641
0.13556940853595734
0.0941961258649826
0.04894348233938217
1.9238795042037964
1.8753103017807007
1.8308312892913818
1.7890864610671997
1.7489359378814697
1.7094528675079346
1.6699331998825073
1.629841685295105
1.5888034105300903
1.5465571880340576
1.5029478073120117
1.4578958749771118
1.4113925695419312
1.363480567932129
1.3142499923706055
1.2638260126113892
1.2123652696609497
1.1600472927093506
1.1070709228515625
1.0536481142044067
1.0
0.9463518857955933
0.8929290175437927
0.8399527668952942
0.7876347303390503
0.7361740469932556
0.6857500076293945
0.6365194916725159
0.5886073708534241
0.542104184627533
0.4970521330833435
0.4534428119659424
0.4111965298652649
0.3701583445072174
0.33006685972213745
0.29054713249206543
0.2510640621185303
0.21091356873512268
0.16916871070861816
0.12468971312046051
0.07612046599388123
1.8910064697265625
1.840639352798462
1.794418215751648
1.7511988878250122
1.7099846601486206
1.6699331998825073
1.6303722858428955
1.5907691717147827
1.5507292747497559
1.5099611282348633
1.4682730436325073
1.4255460500717163
1.3817306756973267
1.3368279933929443
1.2908873558044434
1.2439929246902466
1.1962608098983765
1.1478302478790283
1.0988603830337524
1.049523115158081
1.0
0.9504769444465637
0.9011396169662476
0.8521697521209717
0.8037391901016235
0.7560071349143982
0.7091125845909119
0.6631720066070557
0.6182693839073181
0.5744540095329285
0.5317269563674927
0.4900389015674591
0.44927075505256653
0.4092307984828949
0.3696277141571045
0.33006685972213745
0.2900153696537018
0.24880115687847137
0.20558173954486847
0.1593606024980545
0.10899347811937332
1.852640151977539
1.8017232418060303
1.7549101114273071
1.7112208604812622
1.6697838306427002
1.629841685295105
1.5907691717147827
1.5520546436309814
1.5133031606674194
1.4742109775543213
1.4345649480819702
1.3942193984985352
1.3530945777893066
1.3111598491668701
1.2684308290481567
1.2249575853347778
1.1808220148086548
1.1361281871795654
1.0910004377365112
1.045575499534607
1.0
0.9544245004653931
0.9089995622634888
0.8638717532157898
0.8191779851913452
0.7750423550605774
0.7315691709518433
0.6888402104377747
0.6469053626060486
0.6057806611061096
0.5654350519180298
0.5257889628410339
0.48669686913490295
0.44794538617134094
0.4092307984828949
0.3701583445072174
0.33021610975265503
0.2887791395187378
0.2450898289680481
0.1982768028974533
0.14735983312129974
1.8090169429779053
1.7586089372634888
1.712188482284546
1.6689088344573975
1.6280059814453125
1.5888034105300903
1.5507292747497559
1.5133031606674194
1.4761431217193604
1.4389461278915405
1.4014892578125
1.363611102104187
1.325211524963379
1.2862358093261719
1.246673822402954
1.206547737121582
1.1659106016159058
1.1248373985290527
1.0834219455718994
1.0417709350585938
1.0
0.9582290649414062
0.9165779948234558
0.8751626014709473
0.8340893387794495
0.7934523224830627
0.7533262372016907
0.7137641906738281
0.6747884154319763
0.6363888382911682
0.5985108017921448
0.5610538721084595
0.5238568782806396
0.48669686913490295
0.44927075505256653
0.4111965298652649
0.3719940483570099
0.3310911953449249
0.2878115177154541
0.24139104783535004
0.19098301231861115
1.7604060173034668
1.7114126682281494
1.6662341356277466
1.6241340637207031
1.5844422578811646
1.5465571880340576
1.5099611282348633
1.4742109775543213
1.4389461278915405
1.403873085975647
1.3687688112258911
1.3334652185440063
1.297849178314209
1.2618497610092163
1.2254374027252197
1.1886128187179565
1.1514058113098145
1.1138666868209839
1.076064109802246
1.0380786657333374
1.0
0.9619212746620178
0.9239358901977539
0.8861333727836609
0.8485941886901855
0.8113871812820435
0.7745625972747803
0.7381502389907837
0.7021508812904358
0.6665347814559937
0.6312311291694641
0.596126914024353
0.5610538721084595
0.5257889628410339
0.4900389015674591
0.4534428119659424
0.4155578017234802
0.37586596608161926
0.3337658643722534
0.2885873317718506
0.23959402740001678
1.7071068286895752
1.6603139638900757
1.6171156167984009
1.5768709182739258
1.5389924049377441
1.5029478073120117
1.4682730436325073
1.4345649480819702
1.4014892578125
1.3687688112258911
1.336187481880188
1.303577184677124
1.270819067955017
1.2378321886062622
1.2045735120773315
1.171027421951294
1.137205719947815
1.103139042854309
1.0688751935958862
1.0344730615615845
1.0
0.9655269384384155
0.9311248064041138
0.8968609571456909
0.8627942204475403
0.8289725184440613
0.7954265475273132
0.762167751789093
0.7291809320449829
0.696422815322876
0.6638124585151672
0.6312311291694641
0.5985108017921448
0.5654350519180298
0.5317269563674927
0.4970521330833435
0.46100765466690063
0.4231290817260742
0.3828843832015991
0.3396860659122467
0.2928932309150696
1.649448037147522
1.6055365800857544
1.5649607181549072
1.527163028717041
1.4916306734085083
1.4578958749771118
1.4255460500717163
1.3942193984985352
1.363611102104187
1.3334652185440063
1.303577184677124
1.273784875869751
1.2439689636230469
1.214044213294983
1.183958888053894
1.1536864042282104
1.1232248544692993
1.0925893783569336
1.0618113279342651
1.030931830406189
1.0
0.969068169593811
0.9381886720657349
0.9074105620384216
0.8767751455307007
0.8463135361671448
0.816041111946106
0.7859557271003723
0.7560310363769531
0.7262151837348938
0.696422815322876
0.6665347814559937
0.6363888382911682
0.6057806611061096
0.5744540095329285
0.542104184627533
0.5083693265914917
0.472836971282959
0.43503931164741516
0.394463449716568
0.350551962852478
1.587785243988037
1.5473473072052002
1.509952187538147
1.4751185178756714
1.4424011707305908
1.4113925695419312
1.3817306756973267
1.3530945777893066
1.325211524963379
1.297849178314209
1.270819067955017
1.2439689636230469
1.217184066772461
1.1903787851333618
1.1634973287582397
1.13650643825531
1.1093944311141968
1.0821651220321655
1.0548369884490967
1.0274372100830078
1.0
0.972562849521637
0.9451630115509033
0.9178348183631897
0.890605628490448
0.8634935617446899
0.8365026712417603
0.809621274471283
0.7828159928321838
0.7560310363769531
0.7291809320449829
0.7021508812904358
0.6747884154319763
0.6469053626060486
0.6182693839073181
0.5886073708534241
0.5575988292694092
0.5248815417289734
0.49004775285720825
0.4526526927947998
0.4122147560119629
1.522498607635498
1.4860445261001587
1.452312707901001
1.4208905696868896
1.3913968801498413
1.363480567932129
1.3368279933929443
1.3111598491668701
1.2862358093261719
1.2618497610092163
1.2378321886062622
1.214044213294983
1.1903787851333618
1.1667540073394775
1.1431137323379517
1.1194214820861816
1.0956594944000244
1.0718239545822144
1.0479233264923096
1.0239744186401367
1.0
0.9760255217552185
0.9520766139030457
0.9281760454177856
0.9043405055999756
0.8805785179138184
0.8568862676620483
0.8332460522651672
0.809621274471283
0.7859557271003723
0.762167751789093
0.7381502389907837
0.7137641906738281
0.6888402104377747
0.6631720066070557
0.6365194916725159
0.6086031794548035
0.5791094303131104
0.5476873517036438
0.5139554142951965
0.47750142216682434
1.4539904594421387
1.4219578504562378
1.3923019170761108
1.3646756410598755
1.3387572765350342
1.3142499923706055
1.2908873558044434
1.2684308290481567
1.246673822402954
1.2254374027252197
1.2045735120773315
1.183958888053894
1.1634973287582397
1.1431137323379517
1.122754693031311
1.1023834943771362
1.081979513168335
1.061533808708191
1.0410486459732056
1.0205326080322266
1.0
0.9794674515724182
0.9589514136314392
0.9384661316871643
0.9180205464363098
0.8976165056228638
0.877245306968689
0.8568862676620483
0.8365026712417603
0.816041111946106
0.7954265475273132
0.7745625972747803
0.7533262372016907
0.7315691709518433
0.7091125845909119
0.6857500076293945
0.6612427234649658
0.6353243589401245
0.6076980829238892
0.5780421495437622
0.5460094809532166
1.3826833963394165
1.3554396629333496
1.3302072286605835
1.306700587272644
1.2846550941467285
1.2638260126113892
1.2439929246902466
1.2249575853347778
1.206547737121582
1.1886128187179565
1.171027421951294
1.1536864042282104
1.13650643825531
1.1194214820861816
1.1023834943771362
1.0853580236434937
1.068324327468872
1.0512710809707642
1.034196138381958
1.0171030759811401
1.0
0.9828969240188599
0.9658039212226868
0.9487289190292358
0.9316756725311279
0.9146419167518616
0.8976165056228638
0.8805785179138184
0.8634935617446899
0.8463135361671448
0.8289725184440613
0.8113871812820435
0.7934523224830627
0.7750423550605774
0.7560071349143982
0.7361740469932556
0.7153449654579163
0.6932994723320007
0.6697928309440613
0.6445602774620056
0.6173165440559387
1.3090169429779053
1.2868647575378418
1.2663413286209106
1.247220754623413
1.2292934656143188
1.2123652696609497
1.1962608098983765
1.1808220148086548
1.1659106016159058
1.1514058113098145
1.137205719947815
1.1232248544692993
1.1093944311141968
1.0956594944000244
1.081979513168335
1.068324327468872
1.0546748638153076
1.0410197973251343
1.0273547172546387
1.013680100440979
1.0
0.986319899559021
0.9726452827453613
0.9589802622795105
0.9453251361846924
0.9316756725311279
0.9180205464363098
0.9043405055999756
0.890605628490448
0.8767751455307007
0.8627942204475403
0.8485941886901855
0.8340893387794495
0.8191779851913452
0.8037391901016235
0.7876347303390503
0.7707065343856812
0.7527792453765869
0.7336586713790894
0.7131351828575134
0.69098299741745
1.233445405960083
1.2166237831115723
1.2010353803634644
1.1865119934082031
1.172897458076477
1.1600472927093506
1.1478302478790283
1.1361281871795654
1.1248373985290527
1.1138666868209839
1.103139042854309
1.0925893783569336
1.0821651220321655
1.0718239545822144
1.061533808708191
1.0512710809707642
1.0410197973251343
1.030769944190979
1.0205169916152954
1.0102598667144775
1.0
0.9897401332855225
0.9794829487800598
0.969230055809021
0.9589802622795105
0.9487289190292358
0.9384661316871643
0.9281760454177856
0.9178348183631897
0.9074105620384216
0.8968609571456909
0.8861333727836609
0.8751626014709473
0.8638717532157898
0.8521697521209717
0.8399527668952942
0.8271024823188782
0.8134880065917969
0.7989646792411804
0.7833762168884277
0.7665546536445618
1.156434416770935
1.1451218128204346
1.134636640548706
1.124867558479309
1.115710973739624
1.1070709228515625
1.0988603830337524
1.0910004377365112
1.0834219455718994
1.076064109802246
1.0688751935958862
1.0618113279342651
1.0548369884490967
1.0479233264923096
1.0410486459732056
1.034196138381958
1.0273547172546387
1.0205169916152954
1.0136793851852417
1.0068402290344238
1.0
0.9931597709655762
0.9863206148147583
0.9794829487800598
0.9726452827453613
0.9658039212226868
0.9589514136314392
0.9520766139030457
0.9451630115509033
0.9381886720657349
0.9311248064041138
0.9239358901977539
0.9165779948234558
0.9089995622634888
0.9011396169662476
0.8929290175437927
0.8842889666557312
0.8751324415206909
0.8653634190559387
0.8548782467842102
0.8435655236244202
1.0784591436386108
1.0727733373641968
1.0675028562545776
1.0625923871994019
1.0579900741577148
1.0536481142044067
1.049523115158081
1.045575499534607
1.0417709350585938
1.0380786657333374
1.0344730615615845
1.030931830406189
1.0274372100830078
1.0239744186401367
1.0205326080322266
1.0171030759811401
1.013680100440979
1.0102598667144775
1.0068402290344238
1.003420352935791
1.0
0.9965797066688538
0.9931597709655762
0.9897401332855225
0.986319899559021
0.9828969240188599
0.9794674515724182
0.9760255217552185
0.972562849521637
0.969068169593811
0.9655269384384155
0.9619212746620178
0.9582290649414062
0.9544245004653931
0.9504769444465637
0.9463518857955933
0.9420098662376404
0.9374076128005981
0.9324970841407776
0.927226722240448
0.9215409159660339
1.0
1.0
1.0
1.0
1.0
1.0
1.0
1.0
1.0
1.0
1.0
1.0
1.0
1.0
1.0
1.0
1.0
1.0
1.0
1.0
1.0
1.0
1.0
1.0
1.0
1.0
1.0
1.0
1.0
1.0
1.0
1.0
1.0
1.0
1.0
1.0
1.0
1.0
1.0
1.0
1.0
0.9215409159660339
0.927226722240448
0.9324970841407776
0.9374076128005981
0.9420098662376404
0.9463518857955933
0.9504769444465637
0.9544245004653931
0.9582290649414062
0.9619212746620178
0.9655269384384155
0.969068169593811
0.972562849521637
0.9760255217552185
0.9794674515724182
0.9828969240188599
0.986319899559021
0.9897401332855225
0.9931597709655762
0.9965797066688538
1.0
1.003420352935791
1.0068402290344238
1.0102598667144775
1.013680100440979
1.0171030759811401
1.0205326080322266
1.0239744186401367
1.0274372100830078
1.030931830406189
1.0344730615615845
1.0380786657333374
1.0417709350585938
1.045575499534607
1.049523115158081
1.0536481142044067
1.0579900741577148
1.0625923871994019
1.0675028562545776
1.0727733373641968
1.0784591436386108
0.8435655236244202
0.8548782467842102
0.8653634190559387
0.8751324415206909
0.8842889666557312
0.8929290175437927
0.9011396169662476
0.9089995622634888
0.9165779948234558
0.9239358901977539
0.9311248064041138
0.9381886720657349
0.9451630115509033
0.9520766139030457
0.9589514136314392
0.9658039212226868
0.9726452827453613
0.9794829487800598
0.9863206148147583
0.9931597709655762
1.0
1.0068402290344238
1.0136793851852417
1.0205169916152954
1.0273547172546387
1.034196138381958
1.0410486459732056
1.0479233264923096
1.0548369884490967
1.0618113279342651
1.0688751935958862
1.076064109802246
1.0834219455718994
1.0910004377365112
1.0988603830337524
1.1070709228515625
1.115710973739624
1.124867558479309
1.134636640548706
1.1451218128204346
1.156434416770935
0.7665546536445618
0.7833762168884277
0.7989646792411804
0.8134880065917969
0.8271024823188782
0.8399527668952942
0.8521697521209717
0.8638717532157898
0.8751626014709473
0.8861333727836609
0.8968609571456909
0.9074105620384216
0.9178348183631897
0.9281760454177856
0.9384661316871643
0.9487289190292358
0.9589802622795105
0.969230055809021
0.9794829487800598
0.9897401332855225
1.0
1.0102598667144775
1.0205169916152954
1.030769944190979
1.0410197973251343
1.0512710809707642
1.061533808708191
1.0718239545822144
1.0821651220321655
1.0925893783569336
1.103139042854309
1.1138666868209839
1.1248373985290527
1.1361281871795654
1.1478302478790283
1.1600472927093506
1.172897458076477
1.1865119934082031
1.2010353803634644
1.2166237831115723
1.233445405960083
0.69098299741745
0.7131351828575134
0.7336586713790894
0.7527792453765869
0.7707065343856812
0.7876347303390503
0.8037391901016235
0.8191779851913452
0.8340893387794495
0.8485941886901855
0.8627942204475403
0.8767751455307007
0.890605628490448
0.9043405055999756
0.9180205464363098
0.9316756725311279
0.9453251361846924
0.9589802622795105
0.9726452827453613
0.986319899559021
1.0
1.013680100440979
1.0273547172546387
1.0410197973251343
1.0546748638153076
1.068324327468872
1.081979513168335
1.0956594944000244
1.1093944311141968
1.1232248544692993
1.137205719947815
1.1514058113098145
1.1659106016159058
1.1808220148086548
1.1962608098983765
1.2123652696609497
1.2292934656143188
1.247220754623413
1.2663413286209106
1.2868647575378418
1.3090169429779053
0.6173165440559387
0.6445602774620056
0.6697928309440613
0.6932994723320007
0.7153449654579163
0.7361740469932556
0.7560071349143982
0.7750423550605774
0.7934523224830627
0.8113871812820435
0.8289725184440613
0.8463135361671448
0.8634935617446899
0.8805785179138184
0.8976165056228638
0.9146419167518616
0.9316756725311279
0.9487289190292358
0.9658039212226868
0.9828969240188599
1.0
1.0171030759811401
1.034196138381958
1.0512710809707642
1.068324327468872
1.0853580236434937
1.1023834943771362
1.1194214820861816
1.13650643825531
1.1536864042282104
1.171027421951294
1.1886128187179565
1.206547737121582
1.2249575853347778
1.2439929246902466
1.2638260126113892
1.2846550941467285
1.306700587272644
1.3302072286605835
1.3554396629333496
1.3826833963394165
0.5460094809532166
0.5780421495437622
0.6076980829238892
0.6353243589401245
0.6612427234649658
0.6857500076293945
0.7091125845909119
0.7315691709518433
0.7533262372016907
0.7745625972747803
0.7954265475273132
0.816041111946106
0.8365026712417603
0.8568862676620483
0.877245306968689
0.8976165056228638
0.9180205464363098
0.9384661316871643
0.9589514136314392
0.9794674515724182
1.0
1.0205326080322266
1.0410486459732056
1.061533808708191
1.081979513168335
1.1023834943771362
1.122754693031311
1.1431137323379517
1.1634973287582397
1.183958888053894
1.2045735120773315
1.2254374027252197
1.246673822402954
1.2684308290481567
1.2908873558044434
1.3142499923706055
1.3387572765350342
1.3646756410598755
1.3923019170761108
1.4219578504562378
1.4539904594421387
0.47750142216682434
0.5139554142951965
0.5476873517036438
0.5791094303131104
0.6086031794548035
0.6365194916725159
0.6631720066070557
0.6888402104377747
0.7137641906738281
0.7381502389907837
0.762167751789093
0.7859557271003723
0.809621274471283
0.8332460522651672
0.8568862676620483
0.8805785179138184
0.9043405055999756
0.9281760454177856
0.9520766139030457
0.9760255217552185
1.0
1.0239744186401367
1.0479233264923096
1.0718239545822144
1.0956594944000244
1.1194214820861816
1.1431137323379517
1.1667540073394775
1.1903787851333618
1.214044213294983
1.2378321886062622
1.2618497610092163
1.2862358093261719
1.3111598491668701
1.3368279933929443
1.363480567932129
1.3913968801498413
1.4208905696868896
1.452312707901001
1.4860445261001587
1.522498607635498
0.4122147560119629
0.4526526927947998
0.49004775285720825
0.5248815417289734
0.5575988292694092
0.5886073708534241
0.6182693839073181
0.6469053626060486
0.6747884154319763
0.7021508812904358
0.7291809320449829
0.7560310363769531
0.7828159928321838
0.809621274471283
0.8365026712417603
0.8634935617446899
0.890605628490448
0.9178348183631897
0.9451630115509033
0.972562849521637
1.0
1.0274372100830078
1.0548369884490967
1.0821651220321655
1.1093944311141968
1.13650643825531
1.1634973287582397
1.1903787851333618
1.217184066772461
1.2439689636230469
1.270819067955017
1.297849178314209
1.325211524963379
1.3530945777893066
1.3817306756973267
1.4113925695419312
1.4424011707305908
1.4751185178756714
1.509952187538147
1.5473473072052002
1.587785243988037
0.350551962852478
0.394463449716568
0.43503931164741516
0.472836971282959
0.5083693265914917
0.542104184627533
0.5744540095329285
0.6057806611061096
0.6363888382911682
0.6665347814559937
0.696422815322876
0.7262151837348938
0.7560310363769531
0.7859557271003723
0.816041111946106
0.8463135361671448
0.8767751455307007
0.9074105620384216
0.9381886720657349
0.969068169593811
1.0
1.030931830406189
1.0618113279342651
1.0925893783569336
1.1232248544692993
1.1536864042282104
1.183958888053894
1.214044213294983
1.2439689636230469
1.273784875869751
1.303577184677124
1.3334652185440063
1.363611102104187
1.3942193984985352
1.4255460500717163
1.4578958749771118
1.4916306734085083
1.527163028717041
1.5649607181549072
1.6055365800857544
1.649448037147522
0.2928932309150696
0.3396860659122467
0.3828843832015991
0.4231290817260742
0.46100765466690063
0.4970521330833435
0.5317269563674927
0.5654350519180298
0.5985108017921448
0.6312311291694641
0.6638124585151672
0.696422815322876
0.7291809320449829
0.762167751789093
0.7954265475273132
0.8289725184440613
0.8627942204475403
0.8968609571456909
0.9311248064041138
0.9655269384384155
1.0
1.0344730615615845
1.0688751935958862
1.103139042854309
1.137205719947815
1.171027421951294
1.2045735120773315
1.2378321886062622
1.270819067955017
1.303577184677124
1.336187481880188
1.3687688112258911
1.4014892578125
1.4345649480819702
1.4682730436325073
1.5029478073120117
1.5389924049377441
1.5768709182739258
1.6171156167984009
1.6603139638900757
1.7071068286895752
0.23959402740001678
0.2885873317718506
0.3337658643722534
0.37586596608161926
0.4155578017234802
0.4534428119659424
0.4900389015674591
0.5257889628410339
0.5610538721084595
0.596126914024353
0.6312311291694641
0.6665347814559937
0.7021508812904358
0.7381502389907837
0.7745625972747803
0.8113871812820435
0.8485941886901855
0.8861333727836609
0.9239358901977539
0.9619212746620178
1.0
1.0380786657333374
1.076064109802246
1.1138666868209839
1.1514058113098145
1.1886128187179565
1.2254374027252197
1.2618497610092163
1.297849178314209
1.3334652185440063
1.3687688112258911
1.403873085975647
1.4389461278915405
1.4742109775543213
1.5099611282348633
1.5465571880340576
1.5844422578811646
1.6241340637207031
1.6662341356277466
1.7114126682281494
1.7604060173034668
0.19098301231861115
0.24139104783535004
0.2878115177154541
0.3310911953449249
0.3719940483570099
0.4111965298652649
0.44927075505256653
0.48669686913490295
0.5238568782806396
0.5610538721084595
0.5985108017921448
0.6363888382911682
0.6747884154319763
0.7137641906738281
0.7533262372016907
0.7934523224830627
0.8340893387794495
0.8751626014709473
0.9165779948234558
0.9582290649414062
1.0
1.0417709350585938
1.0834219455718994
1.1248373985290527
1.1659106016159058
1.206547737121582
1.246673822402954
1.2862358093261719
1.325211524963379
1.363611102104187
1.4014892578125
1.4389461278915405
1.4761431217193604
1.5133031606674194
1.5507292747497559
1.5888034105300903
1.6280059814453125
1.6689088344573975
1.712188482284546
1.7586089372634888
1.8090169429779053
0.14735983312129974
0.1982768028974533
0.2450898289680481
0.2887791395187378
0.33021610975265503
0.3701583445072174
0.4092307984828949
0.44794538617134094
0.48669686913490295
0.5257889628410339
0.5654350519180298
0.6057806611061096
0.6469053626060486
0.6888402104377747
0.7315691709518433
0.7750423550605774
0.8191779851913452
0.8638717532157898
0.9089995622634888
0.9544245004653931
1.0
1.045575499534607
1.0910004377365112
1.1361281871795654
1.1808220148086548
1.2249575853347778
1.2684308290481567
1.3111598491668701
1.3530945777893066
1.3942193984985352
1.4345649480819702
1.4742109775543213
1.5133031606674194
1.5520546436309814
1.5907691717147827
1.629841685295105
1.6697838306427002
1.7112208604812622
1.7549101114273071
1.8017232418060303
1.852640151977539
0.10899347811937332
0.1593606024980545
0.20558173954486847
0.24880115687847137
0.2900153696537018
0.33006685972213745
0.3696277141571045
0.4092307984828949
0.44927075505256653
0.4900389015674591
0.5317269563674927
0.5744540095329285
0.6182693839073181
0.6631720066070557
0.7091125845909119
0.7560071349143982
0.8037391901016235
0.8521697521209717
0.9011396169662476
0.9504769444465637
1.0
1.049523115158081
1.0988603830337524
1.1478302478790283
1.1962608098983765
1.2439929246902466
1.2908873558044434
1.3368279933929443
1.3817306756973267
1.4255460500717163
1.4682730436325073
1.5099611282348633
1.5507292747497559
1.5907691717147827
1.6303722858428955
1.6699331998825073
1.7099846601486206
1.7511988878250122
1.794418215751648
1.840639352798462
1.8910064697265625
0.07612046599388123
0.12468971312046051
0.16916871070861816
0.21091356873512268
0.2510640621185303
0.29054713249206543
0.33006685972213745
0.3701583445072174
0.4111965298652649
0.4534428119659424
0.4970521330833435
0.542104184627533
0.5886073708534241
0.6365194916725159
0.6857500076293945
0.7361740469932556
0.7876347303390503
0.8399527668952942
0.8929290175437927
0.9463518857955933
1.0
1.0536481142044067
1.1070709228515625
1.1600472927093506
1.2123652696609497
1.2638260126113892
1.3142499923706055
1.363480567932129
1.4113925695419312
1.4578958749771118
1.5029478073120117
1.5465571880340576
1.5888034105300903
1.629841685295105
1.6699331998825073
1.7094528675079346
1.7489359378814697
1.7890864610671997
1.8308312892913818
1.8753103017807007
1.9238795042037964
0.04894348233938217
0.0941961258649826
0.13556940853595734
0.1746891587972641
0.21285727620124817
0.2510640621185303
0.2900153696537018
0.33021610975265503
0.3719940483570099
0.4155578017234802
0.46100765466690063
0.5083693265914917
0.5575988292694092
0.6086031794548035
0.6612427234649658
0.7153449654579163
0.7707065343856812
0.8271024823188782
0.8842889666557312
0.9420098662376404
1.0
1.0579900741577148
1.115710973739624
1.172897458076477
1.2292934656143188
1.2846550941467285
1.3387572765350342
1.3913968801498413
1.4424011707305908
1.4916306734085083
1.5389924049377441
1.5844422578811646
1.6280059814453125
1.6697838306427002
1.7099846601486206
1.7489359378814697
1.7871427536010742
1.8253108263015747
1.864430546760559
1.905803918838501
1.9510564804077148
0.02763007953763008
0.06767646223306656
0.1042933315038681
0.13948513567447662
0.1746891587972641
0.21091356873512268
0.24880115687847137
0.2887791395187378
0.3310911953449249
0.37586596608161926
0.4231290817260742
0.472836971282959
0.5248815417289734
0.5791094303131104
0.6353243589401245
0.6932994723320007
0.7527792453765869
0.8134880065917969
0.8751324415206909
0.9374076128005981
1.0
1.0625923871994019
1.124867558479309
1.1865119934082031
1.247220754623413
1.306700587272644
1.3646756410598755
1.4208905696868896
1.4751185178756714
1.527163028717041
1.5768709182739258
1.6241340637207031
1.6689088344573975
1.7112208604812622
1.7511988878250122
1.7890864610671997
1.8253108263015747
1.8605148792266846
1.8957066535949707
1.9323235750198364
1.972369909286499
0.012311659753322601
0.044594813138246536
0.07447723299264908
0.1042933315038681
0.13556940853595734
0.16916871070861816
0.20558173954486847
0.2450898289680481
0.2878115177154541
0.3337658643722534
0.3828843832015991
0.43503931164741516
0.49004775285720825
0.5476873517036438
0.6076980829238892
0.6697928309440613
0.7336586713790894
0.7989646792411804
0.8653634190559387
0.9324970841407776
1.0
1.0675028562545776
1.134636640548706
1.2010353803634644
1.2663413286209106
1.3302072286605835
1.3923019170761108
1.452312707901001
1.509952187538147
1.5649607181549072
1.6171156167984009
1.6662341356277466
1.712188482284546
1.7549101114273071
1.794418215751648
1.8308312892913818
1.864430546760559
1.8957066535949707
1.925522804260254
1.9554052352905273
1.9876883029937744
0.003082666313275695
0.024033017456531525
0.044594813138246536
0.06767646223306656
0.0941961258649826
0.12468971312046051
0.1593606024980545
0.1982768028974533
0.24139104783535004
0.2885873317718506
0.3396860659122467
0.394463449716568
0.4526526927947998
0.5139554142951965
0.5780421495437622
0.6445602774620056
0.7131351828575134
0.7833762168884277
0.8548782467842102
0.927226722240448
1.0
1.0727733373641968
1.1451218128204346
1.2166237831115723
1.2868647575378418
1.3554396629333496
1.4219578504562378
1.4860445261001587
1.5473473072052002
1.6055365800857544
1.6603139638900757
1.7114126682281494
1.7586089372634888
1.8017232418060303
1.840639352798462
1.8753103017807007
1.905803918838501
1.9323235750198364
1.9554052352905273
1.9759669303894043
1.9969173669815063
0.0
0.003082666313275695
0.012311659753322601
0.02763007953763008
0.04894348233938217
0.07612046599388123
0.10899347811937332
0.14735983312129974
0.19098301231861115
0.23959402740001678
0.2928932309150696
0.350551962852478
0.4122147560119629
0.47750142216682434
0.5460094809532166
0.6173165440559387
0.69098299741745
0.7665546536445618
0.8435655236244202
0.9215409159660339
1.0
1.0784591436386108
1.156434416770935
1.233445405960083
1.3090169429779053
1.3826833963394165
1.4539904594421387
1.522498607635498
1.587785243988037
1.649448037147522
1.7071068286895752
1.7604060173034668
1.8090169429779053
1.852640151977539
1.8910064697265625
1.9238795042037964
1.9510564804077148
1.972369909286499
1.9876883029937744
1.9969173669815063
2.0
