0.0
0.0
0.0
0.0
0.0
0.0
0.0
0.0
0.0
0.0
0.0
0.0
0.0
0.0
0.0
0.0
0.0
0.0
0.0
0.0
0.0
0.0
0.0
0.0
0.0
0.0
0.0
0.0
0.0
0.0
0.0
0.0
0.0
0.0
0.0
0.0
0.0
0.0
0.0
0.0
0.0
0.0
9.077418781089364e-07
1.804848579922691e-06
2.680886382222525e-06
3.5258733532828046e-06
4.330411684350111e-06
5.085961220174795e-06
5.7848874348565005e-06
6.42072836853913e-06
6.988149380049435e-06
7.4831705205724575e-06
7.903033292677719e-06
8.246358447649982e-06
8.512939530191943e-06
8.703819730726536e-06
8.821038136375137e-06
8.867627911968157e-06
8.847351637086831e-06
8.764635822444689e-06
8.624332622275688e-06
8.431612513959408e-06
8.19178058009129e-06
7.910155545687303e-06
7.591948815388605e-06
7.242149422381772e-06
6.865472641948145e-06
6.466258582804585e-06
6.0484776440716814e-06
5.615655027213506e-06
5.170911663299194e-06
4.716915555036394e-06
4.255948169884505e-06
3.789874199355836e-06
3.32021841131791e-06
2.8481563276727684e-06
2.374589712417219e-06
1.9001511191163445e-06
1.4252757409849437e-06
9.502174407316488e-07
4.7511082357232226e-07
0.0
0.0
1.8261621335113887e-06
3.630837909440743e-06
5.392948878579773e-06
7.092331998137524e-06
8.710007023182698e-06
1.0228732207906432e-05
1.163310298579745e-05
1.2910091754747555e-05
1.4048960110812914e-05
1.5041719052533153e-05
1.588285704201553e-05
1.6569660147069953e-05
1.7101794583140872e-05
1.748145768942777e-05
1.771286224538926e-05
1.780222555680666e-05
1.7757234672899358e-05
1.758690814313013e-05
1.730111034703441e-05
1.6910336853470653e-05
1.6425332432845607e-05
1.5856856407481246e-05
1.521543072158238e-05
1.451111620554002e-05
1.3753402527072467e-05
1.2951012649864424e-05
1.2111911928514019e-05
1.1243158041907009e-05
1.0350992852181662e-05
9.44073690334335e-06
8.516931302438024e-06
7.583274509670446e-06
6.642785137955798e-06
5.697775122825988e-06
4.750008884002455e-06
3.8007108287274605e-06
2.8507090519269696e-06
1.9004688738277764e-06
9.502174407316488e-07
0.0
0.0
2.766140823950991e-06
5.499507096828893e-06
8.167949090420734e-06
1.0740717698354274e-05
1.3188876437197905e-05
1.548615728097502e-05
1.76091052708216e-05
1.953792161657475e-05
2.125632090610452e-05
2.2752241420676e-05
2.401743404334411e-05
2.5047947929124348e-05
2.584347930678632e-05
2.6407607947476208e-05
2.6746991352410987e-05
2.6871342925005592e-05
2.6792606149683706e-05
2.6524727218202315e-05
2.6082914700964466e-05
2.5483286663074978e-05
2.474231951055117e-05
2.387644417467527e-05
2.2901704141986556e-05
2.183338438044302e-05
2.0685874915216118e-05
1.947236160049215e-05
1.8204853404313326e-05
1.6893956853891723e-05
1.5549025192740373e-05
1.4178002857079264e-05
1.2787642845069058e-05
1.1383419405319728e-05
9.969774509954732e-06
8.550082384317648e-06
7.1268891588260885e-06
5.701928785128985e-06
4.276338131603552e-06
2.8507090519269696e-06
1.4252757409849437e-06
0.0
0.0
3.7390279885585187e-06
7.433323844452389e-06
1.1039011042157654e-05
1.4514135727949906e-05
1.781923128874041e-05
2.0918492737109773e-05
2.377999589953106e-05
2.637683974171523e-05
2.8686974474112503e-05
3.069417653023265e-05
3.23874774039723e-05
3.3761833037715405e-05
3.4817228879546747e-05
3.555898365448229e-05
3.5996628866996616e-05
3.614385786931962e-05
3.6017394450027496e-05
3.5636621760204434e-05
3.5022603697143495e-05
3.419756831135601e-05
3.3184129279106855e-05
3.200477294740267e-05
3.068135993089527e-05
2.9234648536657915e-05
2.768410195130855e-05
2.6047482606372796e-05
2.4340914023923688e-05
2.2578569769393653e-05
2.077289354929235e-05
1.8934406398329884e-05
1.707199407974258e-05
1.51928188643069e-05
1.330263421550626e-05
1.1405762052163482e-05
9.505409252597019e-06
7.603691756230546e-06
5.701928785128985e-06
3.8007108287274605e-06
1.9001511191163445e-06
0.0
0.0
4.75679871669854e-06
9.455990948481485e-06
1.4041076610737946e-05
1.8458043996361084e-05
2.2656104192719795e-05
2.6589221306494437e-05
3.0216402592486702e-05
3.350320184836164e-05
3.642149385996163e-05
3.895076224580407e-05
4.1077350033447146e-05
4.279534550732933e-05
4.410537439980544e-05
4.501499279285781e-05
4.553721737465821e-05
4.569040902424604e-05
4.549678124021739e-05
4.498190537560731e-05
4.4173393689561635e-05
4.3100222683278844e-05
4.179175812168978e-05
4.0277012885781005e-05
3.8584093999816105e-05
3.67395332432352e-05
3.4768108889693394e-05
3.269230728619732e-05
3.053244290640578e-05
2.8306269086897373e-05
2.602928907435853e-05
2.3714512281003408e-05
2.1372863557189703e-05
1.9013044948223978e-05
1.664198498474434e-05
1.4264785932027735e-05
1.1885151252499782e-05
9.505409252597019e-06
7.1268891588260885e-06
4.750008884002455e-06
2.374589712417219e-06
0.0
0.0
5.832412625750294e-06
1.1593158887990285e-05
1.721195258141961e-05
2.2621614334639162e-05
2.7759000658988953e-05
3.256692798458971e-05
3.699455191963352e-05
4.099927900824696e-05
4.454650843399577e-05
4.7611258196411654e-05
5.0177230150438845e-05
5.223791958997026e-05
5.3795098210684955e-05
5.4859239753568545e-05
5.544765735976398e-05
5.558430711971596e-05
5.529785994440317e-05
5.462102853925899e-05
5.358891939977184e-05
5.2238116040825844e-05
5.060546754975803e-05
4.8727171815698966e-05
4.663808431359939e-05
4.437091411091387e-05
4.1956023778766394e-05
3.942078910768032e-05
3.678979919641279e-05
3.4084379876730964e-05
3.132303027086891e-05
2.8521142667159438e-05
2.5691517294035293e-05
2.2844229533802718e-05
1.99871738004731e-05
1.7126030797953717e-05
1.4264785932027735e-05
1.1405762052163482e-05
8.550082384317648e-06
5.697775122825988e-06
2.8481563276727684e-06
0.0
0.0
6.979937097639777e-06
1.3872670933778863e-05
2.0592673536157236e-05
2.705821316340007e-05
3.319247844046913e-05
3.8925976696191356e-05
4.419700780999847e-05
4.895406527793966e-05
5.315554153639823e-05
5.677175795426592e-05
5.978385524940677e-05
6.218510679900646e-05
6.397907418431714e-05
6.518004374811426e-05
6.581070920219645e-05
6.590181146748364e-05
6.548974488396198e-05
6.461561133619398e-05
6.33231975371018e-05
6.165775994304568e-05
5.966459139017388e-05
5.738784238928929e-05
5.486974987434223e-05
5.214964403421618e-05
4.9263784603681415e-05
4.6244622353697196e-05
4.31210792157799e-05
3.991802441305481e-05
3.6656856536865234e-05
3.335516885272227e-05
3.0027449611225165e-05
2.6684901968110353e-05
2.3336144295171835e-05
1.99871738004731e-05
1.664198498474434e-05
1.330263421550626e-05
9.969774509954732e-06
6.642785137955798e-06
3.32021841131791e-06
0.0
0.0
8.215025445679203e-06
1.6325509932357818e-05
2.4228917027357966e-05
3.18272432195954e-05
3.902839671354741e-05
4.574910781229846e-05
5.1915558287873864e-05
5.746633905800991e-05
6.235214095795527e-05
6.653832679148763e-05
7.000351615715772e-05
7.274129893630743e-05
7.475783058907837e-05
7.607242150697857e-05
7.671452476643026e-05
7.672323408769444e-05
7.61442570365034e-05
7.502869266318157e-05
7.343049946939573e-05
7.140493835322559e-05
6.900689186295494e-05
6.628938717767596e-05
6.330277392407879e-05
6.009350545355119e-05
5.6704091548454016e-05
5.3172199841355905e-05
4.953111783834174e-05
4.5809185394318774e-05
4.2030525946756825e-05
3.821471909759566e-05
3.4377651900285855e-05
3.053137334063649e-05
2.6684901968110353e-05
2.2844229533802718e-05
1.9013044948223978e-05
1.51928188643069e-05
1.1383419405319728e-05
7.583274509670446e-06
3.789874199355836e-06
0.0
0.0
9.555008546158206e-06
1.898599657579325e-05
2.817128915921785e-05
3.6994548281654716e-05
4.534642357612029e-05
5.312806024448946e-05
6.025191396474838e-05
6.66454216116108e-05
7.22507102182135e-05
7.702776201767847e-05
8.095280645648018e-05
8.402037201449275e-05
8.624033216619864e-05
8.763850200921297e-05
8.825291297398508e-05
8.813300519250333e-05
8.733586582820863e-05
8.592457743361592e-05
8.396510384045541e-05
8.152435475494713e-05
7.866817031754181e-05
7.545955304522067e-05
7.195775106083602e-05
6.821690476499498e-05
6.428609776776284e-05
6.020833825459704e-05
5.602126111625694e-05
5.1756505854427814e-05
4.7440684284083545e-05
4.309504583943635e-05
3.873653258779086e-05
3.4377651900285855e-05
3.0027449611225165e-05
2.5691517294035293e-05
2.1372863557189703e-05
1.707199407974258e-05
1.2787642845069058e-05
8.516931302438024e-06
4.255948169884505e-06
0.0
0.0
1.1019512385246344e-05
2.1893010853091255e-05
3.2477182685397565e-05
4.2634885176084936e-05
5.223710468271747e-05
6.11671493970789e-05
6.93217443767935e-05
7.661554991500452e-05
8.298095781356096e-05
8.837207860779017e-05
9.276285709347576e-05
9.614956070436165e-05
9.854721429292113e-05
9.999012399930507e-05
0.00010052723519038409
0.00010022091009886935
9.914222755469382e-05
9.736874926602468e-05
9.498075087321922e-05
9.205871901940554e-05
8.868110307957977e-05
8.492205233778805e-05
8.085067383944988e-05
7.65293079894036e-05
7.201389962574467e-05
6.735284841852263e-05
6.258800567593426e-05
5.775405588792637e-05
5.287973181111738e-05
4.798754525836557e-05
4.309504583943635e-05
3.821471909759566e-05
3.335516885272227e-05
2.8521142667159438e-05
2.3714512281003408e-05
1.8934406398329884e-05
1.4178002857079264e-05
9.44073690334335e-06
4.716915555036394e-06
0.0
0.0
1.2630503078980837e-05
2.509010664653033e-05
3.721096072695218e-05
4.883221481577493e-05
5.980227797408588e-05
6.998386379564181e-05
7.925540558062494e-05
8.751669520279393e-05
9.468886128161103e-05
0.00010071942961076275
0.00010558015492279083
0.00010927012044703588
0.00011181132140336558
0.00011324915976729244
0.000113646499812603
0.00011308194370940328
0.00011164386523887515
0.00010942744847852737
0.00010653006029315293
0.00010304813622497022
9.90745538729243e-05
9.469604992773384e-05
8.999243436846882e-05
8.503482240485027e-05
7.988618017407134e-05
7.460024062311277e-05
6.922280590515584e-05
6.379118713084608e-05
5.833576142322272e-05
5.287973181111738e-05
4.7440684284083545e-05
4.2030525946756825e-05
3.6656856536865234e-05
3.132303027086891e-05
2.602928907435853e-05
2.077289354929235e-05
1.5549025192740373e-05
1.0350992852181662e-05
5.170911663299194e-06
0.0
0.0
1.4413005374080967e-05
2.862697328964714e-05
4.244623050908558e-05
5.5682819947833195e-05
6.81591045577079e-05
7.971371815074235e-05
9.020356083055958e-05
9.951076935976744e-05
0.00010754314280347899
0.00011424056719988585
0.00011957269452977926
0.00012354277714621276
0.00012618221808224916
0.00012755088391713798
0.0001277295668842271
0.0001268173655262217
0.00012492421956267208
0.00012216683535370976
0.00011866310524055734
0.00011452814942458645
0.00010987144924001768
0.00010479371849214658
9.93864523479715e-05
9.372987551614642e-05
8.789406274445355e-05
8.193777466658503e-05
7.591031317133456e-05
6.985100480960682e-05
6.379118713084608e-05
5.775405588792637e-05
5.1756505854427814e-05
4.5809185394318774e-05
3.991802441305481e-05
3.4084379876730964e-05
2.8306269086897373e-05
2.2578569769393653e-05
1.6893956853891723e-05
1.1243158041907009e-05
5.615655027213506e-06
0.0
0.0
1.6395033526350744e-05
3.255932097090408e-05
4.826573785976507e-05
6.329531606752425e-05
7.744021422695369e-05
9.051069355336949e-05
0.00010233787179458886
0.0001127825235016644
0.00012173627328593284
0.00012912989768665284
0.00013493090227711946
0.0001391484693158418
0.00014182657469063997
0.00014304403157439083
0.00014290482795331627
0.00014153411029838026
0.00013906879757996649
0.00013565199333243072
0.00013142630632501096
0.00012652874283958226
0.0001210877308039926
0.00011521948908921331
0.00010902797657763585
0.0001026027457555756
9.602073987480253e-05
8.934522338677198e-05
8.262825576821342e-05
7.591031317133456e-05
6.922280590515584e-05
6.258800567593426e-05
5.602126111625694e-05
4.953111783834174e-05
4.31210792157799e-05
3.678979919641279e-05
3.053244290640578e-05
2.4340914023923688e-05
1.8204853404313326e-05
1.2111911928514019e-05
6.0484776440716814e-06
0.0
0.0
1.8608217942528427e-05
3.6950204957975075e-05
5.476354999700561e-05
7.179391832323745e-05
8.779828203842044e-05
0.00010255309462081641
0.00011585812899284065
0.00012754772615153342
0.0001374933053739369
0.0001456143072573468
0.00015187593817245215
0.00015629548579454422
0.00015893379168119282
0.00015989465464372188
0.00015931218513287604
0.0001573449553688988
0.00015416386304423213
0.00014994449156802148
0.0001448591792723164
0.00013907055836170912
0.00013272852811496705
0.00012596618034876883
0.00011890049063367769
0.00011163020826643333
0.00010423853382235393
9.679229697212577e-05
8.934522338677198e-05
8.193777466658503e-05
7.460024062311277e-05
6.735284841852263e-05
6.020833825459704e-05
5.3172199841355905e-05
4.6244622353697196e-05
3.942078910768032e-05
3.269230728619732e-05
2.6047482606372796e-05
1.947236160049215e-05
1.2951012649864424e-05
6.466258582804585e-06
0.0
0.0
2.1087358618387952e-05
4.186919250059873e-05
6.204398960107937e-05
8.131725917337462e-05
9.940494055626914e-05
0.00011604277096921578
0.0001309918297920376
0.00014405309048015624
0.00015507200441788882
0.00016395341663155705
0.0001706597104202956
0.0001752192183630541
0.00017771529383026063
0.000178284797584638
0.00017710136307869107
0.00017436654889024794
0.00017029423906933516
0.00016510015120729804
0.0001589923194842413
0.00015216312021948397
0.00014478656521532685
0.00013701374700758606
0.0001289748033741489
0.0001207769601023756
0.00011250856186961755
0.00010423853382235393
9.602073987480253e-05
8.789406274445355e-05
7.988618017407134e-05
7.201389962574467e-05
6.428609776776284e-05
5.6704091548454016e-05
4.9263784603681415e-05
4.1956023778766394e-05
3.4768108889693394e-05
2.768410195130855e-05
2.0685874915216118e-05
1.3753402527072467e-05
6.865472641948145e-06
0.0
0.0
2.3870254153735004e-05
4.739210271509364e-05
7.022164209047332e-05
9.201925422530621e-05
0.00011245295900152996
0.00013120895891916007
0.000147999802720733
0.00016258333926089108
0.0001747709175106138
0.0001844477519625798
0.00019157241331413388
0.00019618801889009774
0.0001984081754926592
0.0001984138070838526
0.0001964305993169546
0.00019271591736469418
0.0001875382149592042
0.0001811627735150978
0.00017384049715474248
0.00016579797375015914
0.0001572357286931947
0.0001483234518673271
0.00013920385390520096
0.00012999115278944373
0.0001207769601023756
0.00011163020826643333
0.0001026027457555756
9.372987551614642e-05
8.503482240485027e-05
7.65293079894036e-05
6.821690476499498e-05
6.009350545355119e-05
5.214964403421618e-05
4.437091411091387e-05
3.67395332432352e-05
2.9234648536657915e-05
2.183338438044302e-05
1.451111620554002e-05
7.242149422381772e-06
0.0
0.0
2.699614196899347e-05
5.3597992518916726e-05
7.941708463476971e-05
0.0001040637944242917
0.00012715022603515536
0.00014830188592895865
0.00016716960817575455
0.0001834547147154808
0.00019692278874572366
0.0002074322255793959
0.00021493592066690326
0.00021949662186671048
0.00022126853582449257
0.0002204915217589587
0.00021746013953816146
0.00021250428108032793
0.00020596182730514556
0.00019815930863842368
0.0001893986773211509
0.00017994541849475354
0.0001700285793049261
0.00015983606863301247
0.0001495215983595699
0.00013920385390520096
0.0001289748033741489
0.00011890049063367769
0.00010902797657763585
9.93864523479715e-05
8.999243436846882e-05
8.085067383944988e-05
7.195775106083602e-05
6.330277392407879e-05
5.486974987434223e-05
4.663808431359939e-05
3.8584093999816105e-05
3.068135993089527e-05
2.2901704141986556e-05
1.521543072158238e-05
7.591948815388605e-06
0.0
0.0
3.050273153348826e-05
6.056321581127122e-05
8.974855882115662e-05
0.00011761485802708194
0.00014370927237905562
0.00016758241690695286
0.00018880589050240815
0.00020700602908618748
0.00022188632283359766
0.00023326784139499068
0.000241094792727381
0.0002454558270983398
0.0002465596189722419
0.0002447249135002494
0.00024033749650698155
0.00023382161452900618
0.0002256035222671926
0.00021608496899716556
0.00020562834106385708
0.00019454247376415879
0.000183085969183594
0.00017146333993878216
0.00015983606863301247
0.0001483234518673271
0.00013701374700758606
0.00012596618034876883
0.00011521948908921331
0.00010479371849214658
9.469604992773384e-05
8.492205233778805e-05
7.545955304522067e-05
6.628938717767596e-05
5.738784238928929e-05
4.8727171815698966e-05
4.0277012885781005e-05
3.200477294740267e-05
2.387644417467527e-05
1.5856856407481246e-05
7.910155545687303e-06
0.0
0.0
3.4421922464389354e-05
6.83529578964226e-05
0.00010131930321222171
0.0001328198122791946
0.00016232668713200837
0.00018929800717160106
0.00021320339874364436
0.00023356951714958996
0.00025001561152748764
0.0002623107866384089
0.0002703859645407647
0.00027436373056843877
0.0002745252859313041
0.0002712943241931498
0.00026517704827710986
0.00025671973708085716
0.0002464604040142149
0.0002348927519051358
0.0002224497584393248
0.0002094874798785895
0.00019629369489848614
0.000183085969183594
0.0001700285793049261
0.0001572357286931947
0.00014478656521532685
0.00013272852811496705
0.0001210877308039926
0.00010987144924001768
9.90745538729243e-05
8.868110307957977e-05
7.866817031754181e-05
6.900689186295494e-05
5.966459139017388e-05
5.060546754975803e-05
4.179175812168978e-05
3.3184129279106855e-05
2.474231951055117e-05
1.6425332432845607e-05
8.19178058009129e-06
0.0
0.0
3.877021299558692e-05
7.700181595282629e-05
0.00011418872600188479
0.00014977170212659985
0.00018313735199626535
0.00021362988627515733
0.00024058838607743382
0.0002634079719427973
0.00028159446083009243
0.0002948456967715174
0.00030307259294204414
0.0003064416232518852
0.000305329478578642
0.00030029797926545143
0.0002920100814662874
0.00028116852627135813
0.0002684512292034924
0.000254462705925107
0.00023971719201654196
0.00022462059860117733
0.0002094874798785895
0.00019454247376415879
0.00017994541849475354
0.00016579797375015914
0.00015216312021948397
0.00013907055836170912
0.00012652874283958226
0.00011452814942458645
0.00010304813622497022
9.205871901940554e-05
8.152435475494713e-05
7.140493835322559e-05
6.165775994304568e-05
5.2238116040825844e-05
4.3100222683278844e-05
3.419756831135601e-05
2.5483286663074978e-05
1.6910336853470653e-05
8.431612513959408e-06
0.0
0.0
4.354011980467476e-05
8.649665687698871e-05
0.00012834600056521595
0.0001684728922555223
0.0002061677078017965
0.00024063607270363718
0.00027105220942758024
0.000296640646411106
0.0003167576214764267
0.0003310051397420466
0.0003392656217329204
0.00034176092594861984
0.0003389911726117134
0.00033169626840390265
0.00032073978218249977
0.0003070211678277701
0.0002913906646426767
0.0002745841338764876
0.00025720742996782064
0.00023971719201654196
0.0002224497584393248
0.00020562834106385708
0.0001893986773211509
0.00017384049715474248
0.0001589923194842413
0.0001448591792723164
0.00013142630632501096
0.00011866310524055734
0.00010653006029315293
9.498075087321922e-05
8.396510384045541e-05
7.343049946939573e-05
6.33231975371018e-05
5.358891939977184e-05
4.4173393689561635e-05
3.5022603697143495e-05
2.6082914700964466e-05
1.730111034703441e-05
8.624332622275688e-06
0.0
0.0
4.868098767474294e-05
9.67378364293836e-05
0.00014365090464707464
0.00018875447858590633
0.0002312330179847777
0.00027012694044969976
0.00030440729460678995
0.0003330835315864533
0.0003553206624928862
0.0003705962444655597
0.00037875366979278624
0.0003800833073910326
0.0003752398770302534
0.0003651865408755839
0.0003510362876113504
0.0003339296963531524
0.000314923730911687
0.00029490634915418923
0.0002745841338764876
0.000254462705925107
0.0002348927519051358
0.00021608496899716556
0.00019815930863842368
0.0001811627735150978
0.00016510015120729804
0.00014994449156802148
0.00013565199333243072
0.00012216683535370976
0.00010942744847852737
9.736874926602468e-05
8.592457743361592e-05
7.502869266318157e-05
6.461561133619398e-05
5.462102853925899e-05
4.498190537560731e-05
3.5636621760204434e-05
2.6524727218202315e-05
1.758690814313013e-05
8.764635822444689e-06
0.0
0.0
5.408929064287804e-05
0.00010751964873634279
0.00015980290481820703
0.00021023207227699459
0.00025787821505218744
0.0003015903930645436
0.0003400974383112043
0.00037214724579826
0.00039666975499130785
0.0004129876324441284
0.00042089371709153056
0.0004207600431982428
0.00041342826443724334
0.0004001313936896622
0.0003822818398475647
0.00036130554508417845
0.0003384999290574342
0.000314923730911687
0.0002913906646426767
0.0002684512292034924
0.0002464604040142149
0.0002256035222671926
0.00020596182730514556
0.0001875382149592042
0.00017029423906933516
0.00015416386304423213
0.00013906879757996649
0.00012492421956267208
0.00011164386523887515
9.914222755469382e-05
8.733586582820863e-05
7.61442570365034e-05
6.548974488396198e-05
5.529785994440317e-05
4.549678124021739e-05
3.6017394450027496e-05
2.6792606149683706e-05
1.7757234672899358e-05
8.847351637086831e-06
0.0
0.0
5.958664769423194e-05
0.00011848637950606644
0.0001762726897140965
0.00023220953880809247
0.00028525086236186326
0.0003340330149512738
0.0003770087205339223
0.0004126232524868101
0.0004395316354930401
0.00045687396777793765
0.0004643815627787262
0.00046251958701759577
0.0004523452080320567
0.00043540220940485597
0.0004134459304623306
0.0003882252494804561
0.00036130554508417845
0.0003339296963531524
0.0003070211678277701
0.00028116852627135813
0.00025671973708085716
0.00023382161452900618
0.00021250428108032793
0.00019271591736469418
0.00017436654889024794
0.0001573449553688988
0.00014153411029838026
0.0001268173655262217
0.00011308194370940328
0.00010022091009886935
8.813300519250333e-05
7.672323408769444e-05
6.590181146748364e-05
5.558430711971596e-05
4.569040902424604e-05
3.614385786931962e-05
2.6871342925005592e-05
1.780222555680666e-05
8.867627911968157e-06
0.0
0.0
6.492253305623308e-05
0.00012913729005958885
0.00019230849284213036
0.0002536848187446594
0.0003121048794128001
0.000365980202332139
0.00041346586658619344
0.0004526761476881802
0.0004819634195882827
0.0005002652760595083
0.0005072429776191711
0.0005034625064581633
0.0004902157234027982
0.0004693847440648824
0.0004430963599588722
0.0004134459304623306
0.0003822818398475647
0.0003510362876113504
0.00032073978218249977
0.0002920100814662874
0.00026517704827710986
0.00024033749650698155
0.00021746013953816146
0.0001964305993169546
0.00017710136307869107
0.00015931218513287604
0.00014290482795331627
0.0001277295668842271
0.000113646499812603
0.00010052723519038409
8.825291297398508e-05
7.671452476643026e-05
6.581070920219645e-05
5.544765735976398e-05
4.553721737465821e-05
3.5996628866996616e-05
2.6746991352410987e-05
1.771286224538926e-05
8.821038136375137e-06
0.0
0.0
6.977220618864521e-05
0.00013882335042580962
0.00020692912221420556
0.0002733364817686379
0.0003367774188518524
0.00039544160244986415
0.0004471850988920778
0.0004897861508652568
0.0005212879623286426
0.0005404199473559856
0.0005467704031616449
0.0005410066805779934
0.0005246584769338369
0.000499950721859932
0.0004693847440648824
0.00043540220940485597
0.0004001313936896622
0.0003651865408755839
0.00033169626840390265
0.00030029797926545143
0.0002712943241931498
0.0002447249135002494
0.0002204915217589587
0.0001984138070838526
0.000178284797584638
0.00015989465464372188
0.00014304403157439083
0.00012755088391713798
0.00011324915976729244
9.999012399930507e-05
8.763850200921297e-05
7.607242150697857e-05
6.518004374811426e-05
5.4859239753568545e-05
4.501499279285781e-05
3.555898365448229e-05
2.6407607947476208e-05
1.748145768942777e-05
8.703819730726536e-06
0.0
0.0
7.376728171948344e-05
0.0001468077243771404
0.0002190162194892764
0.00028964938246645033
0.0003573490830603987
0.0004201050032861531
0.0004754991678055376
0.0005209990194998682
0.000554360041860491
0.0005741175264120102
0.0005797905614599586
0.0005721398629248142
0.0005529152695089579
0.0005246584769338369
0.0004902157234027982
0.0004523452080320567
0.00041342826443724334
0.0003752398770302534
0.0003389911726117134
0.000305329478578642
0.0002745252859313041
0.0002465596189722419
0.00022126853582449257
0.0001984081754926592
0.00017771529383026063
0.00015893379168119282
0.00014182657469063997
0.00012618221808224916
0.00011181132140336558
9.854721429292113e-05
8.624033216619864e-05
7.475783058907837e-05
6.397907418431714e-05
5.3795098210684955e-05
4.410537439980544e-05
3.4817228879546747e-05
2.584347930678632e-05
1.7101794583140872e-05
8.512939530191943e-06
0.0
0.0
7.653368083992973e-05
0.00015234254533424973
0.0002274312573717907
0.00030107374186627567
0.0003718461375683546
0.00043758060201071203
0.0004956396296620369
0.0005432389443740249
0.000577900093048811
0.0005979997222311795
0.0006029999349266291
0.0005937371170148253
0.0005721398629248142
0.0005410066805779934
0.0005034625064581633
0.00046251958701759577
0.0004207600431982428
0.0003800833073910326
0.00034176092594861984
0.0003064416232518852
0.00027436373056843877
0.0002454558270983398
0.00021949662186671048
0.00019618801889009774
0.0001752192183630541
0.00015629548579454422
0.0001391484693158418
0.00012354277714621276
0.00010927012044703588
9.614956070436165e-05
8.402037201449275e-05
7.274129893630743e-05
6.218510679900646e-05
5.223791958997026e-05
4.279534550732933e-05
3.3761833037715405e-05
2.5047947929124348e-05
1.6569660147069953e-05
8.246358447649982e-06
0.0
0.0
7.774010737193748e-05
0.00015476570115424693
0.00023116450756788254
0.0003062316100113094
0.0003785087610594928
0.0004457321483641863
0.000505126197822392
0.0005537460674531758
0.0005889629246667027
0.0006090506794862449
0.0006134345312602818
0.0006029999349266291
0.0005797905614599586
0.0005467704031616449
0.0005072429776191711
0.0004643815627787262
0.00042089371709153056
0.00037875366979278624
0.0003392656217329204
0.00030307259294204414
0.0002703859645407647
0.000241094792727381
0.00021493592066690326
0.00019157241331413388
0.0001706597104202956
0.00015187593817245215
0.00013493090227711946
0.00011957269452977926
0.00010558015492279083
9.276285709347576e-05
8.095280645648018e-05
7.000351615715772e-05
5.978385524940677e-05
5.0177230150438845e-05
4.1077350033447146e-05
3.23874774039723e-05
2.401743404334411e-05
1.588285704201553e-05
7.903033292677719e-06
0.0
0.0
7.715818355791271e-05
0.0001536205963930115
0.00022951974824536592
0.00030417274683713913
0.00037612306186929345
0.0004430856788530946
0.0005022474797442555
0.000550616008695215
0.0005855160998180509
0.0006051898235455155
0.0006090506794862449
0.0005979997222311795
0.0005741175264120102
0.0005404199473559856
0.0005002652760595083
0.00045687396777793765
0.0004129876324441284
0.0003705962444655597
0.0003310051397420466
0.0002948456967715174
0.0002623107866384089
0.00023326784139499068
0.0002074322255793959
0.0001844477519625798
0.00016395341663155705
0.0001456143072573468
0.00012912989768665284
0.00011424056719988585
0.00010071942961076275
8.837207860779017e-05
7.702776201767847e-05
6.653832679148763e-05
5.677175795426592e-05
4.7611258196411654e-05
3.895076224580407e-05
3.069417653023265e-05
2.2752241420676e-05
1.5041719052533153e-05
7.4831705205724575e-06
0.0
0.0
7.46858204365708e-05
0.00014870389713905752
0.00022218795493245125
0.0002944773295894265
0.0003641554503701627
0.00042899633990600705
0.0004862576024606824
0.0005330212879925966
0.0005666787619702518
0.0005855160998180509
0.0005889629246667027
0.000577900093048811
0.000554360041860491
0.0005212879623286426
0.0004819634195882827
0.0004395316354930401
0.00039666975499130785
0.0003553206624928862
0.0003167576214764267
0.00028159446083009243
0.00025001561152748764
0.00022188632283359766
0.00019692278874572366
0.0001747709175106138
0.00015507200441788882
0.0001374933053739369
0.00012173627328593284
0.00010754314280347899
9.468886128161103e-05
8.298095781356096e-05
7.22507102182135e-05
6.235214095795527e-05
5.315554153639823e-05
4.454650843399577e-05
3.642149385996163e-05
2.8686974474112503e-05
2.125632090610452e-05
1.4048960110812914e-05
6.988149380049435e-06
0.0
0.0
7.037818431854248e-05
0.00014012589235790074
0.00020934066560585052
0.0002773858141154051
0.0003429220523685217
0.00040385822649113834
0.00045762441004626453
0.000501491071190685
0.0005330212879925966
0.000550616008695215
0.0005537460674531758
0.0005432389443740249
0.0005209990194998682
0.0004897861508652568
0.0004526761476881802
0.0004126232524868101
0.00037214724579826
0.0003330835315864533
0.000296640646411106
0.0002634079719427973
0.00023356951714958996
0.00020700602908618748
0.0001834547147154808
0.00016258333926089108
0.00014405309048015624
0.00012754772615153342
0.0001127825235016644
9.951076935976744e-05
8.751669520279393e-05
7.661554991500452e-05
6.66454216116108e-05
5.746633905800991e-05
4.895406527793966e-05
4.099927900824696e-05
3.350320184836164e-05
2.637683974171523e-05
1.953792161657475e-05
1.2910091754747555e-05
6.42072836853913e-06
0.0
0.0
6.441595905926079e-05
0.00012824854638893157
0.0001915340981213376
0.00025366569752804935
0.0003134147555101663
0.00036888898466713727
0.0004177748051006347
0.00045762441004626453
0.0004862576024606824
0.0005022474797442555
0.000505126197822392
0.0004956396296620369
0.0004754991678055376
0.0004471850988920778
0.00041346586658619344
0.0003770087205339223
0.0003400974383112043
0.00030440729460678995
0.00027105220942758024
0.00024058838607743382
0.00021320339874364436
0.00018880589050240815
0.00016716960817575455
0.000147999802720733
0.0001309918297920376
0.00011585812899284065
0.00010233787179458886
9.020356083055958e-05
7.925540558062494e-05
6.93217443767935e-05
6.025191396474838e-05
5.1915558287873864e-05
4.419700780999847e-05
3.699455191963352e-05
3.0216402592486702e-05
2.377999589953106e-05
1.76091052708216e-05
1.163310298579745e-05
5.7848874348565005e-06
0.0
0.0
5.7081178965745494e-05
0.00011363602243363857
0.00016963259258773178
0.000224504285142757
0.00027716101612895727
0.00032595550874248147
0.00036888898466713727
0.00040385822649113834
0.00042899633990600705
0.0004430856788530946
0.0004457321483641863
0.00043758060201071203
0.0004201050032861531
0.00039544160244986415
0.000365980202332139
0.0003340330149512738
0.0003015903930645436
0.00027012694044969976
0.00024063607270363718
0.00021362988627515733
0.00018929800717160106
0.00016758241690695286
0.00014830188592895865
0.00013120895891916007
0.00011604277096921578
0.00010255309462081641
9.051069355336949e-05
7.971371815074235e-05
6.998386379564181e-05
6.11671493970789e-05
5.312806024448946e-05
4.574910781229846e-05
3.8925976696191356e-05
3.256692798458971e-05
2.6589221306494437e-05
2.0918492737109773e-05
1.548615728097502e-05
1.0228732207906432e-05
5.085961220174795e-06
0.0
0.0
4.8696627345634624e-05
9.693396714283153e-05
0.00014462246326729655
0.00019125084509141743
0.00023588864132761955
0.00027716101612895727
0.0003134147555101663
0.0003429220523685217
0.0003641554503701627
0.00037612306186929345
0.0003785087610594928
0.0003718461375683546
0.0003573490830603987
0.0003367774188518524
0.0003121048794128001
0.00028525086236186326
0.00025787821505218744
0.0002312330179847777
0.0002061677078017965
0.00018313735199626535
0.00016232668713200837
0.00014370927237905562
0.00012715022603515536
0.00011245295900152996
9.940494055626914e-05
8.779828203842044e-05
7.744021422695369e-05
6.81591045577079e-05
5.980227797408588e-05
5.223710468271747e-05
4.534642357612029e-05
3.902839671354741e-05
3.319247844046913e-05
2.7759000658988953e-05
2.2656104192719795e-05
1.781923128874041e-05
1.3188876437197905e-05
8.710007023182698e-06
4.330411684350111e-06
0.0
0.0
3.957689841627143e-05
7.877153984736651e-05
0.00011746043310267851
0.00015520560555160046
0.00019125084509141743
0.000224504285142757
0.00025366569752804935
0.0002773858141154051
0.0002944773295894265
0.00030417274683713913
0.0003062316100113094
0.00030107374186627567
0.00028964938246645033
0.0002733364817686379
0.0002536848187446594
0.00023220953880809247
0.00021023207227699459
0.00018875447858590633
0.0001684728922555223
0.00014977170212659985
0.0001328198122791946
0.00011761485802708194
0.0001040637944242917
9.201925422530621e-05
8.131725917337462e-05
7.179391832323745e-05
6.329531606752425e-05
5.5682819947833195e-05
4.883221481577493e-05
4.2634885176084936e-05
3.6994548281654716e-05
3.18272432195954e-05
2.705821316340007e-05
2.2621614334639162e-05
1.8458043996361084e-05
1.4514135727949906e-05
1.0740717698354274e-05
7.092331998137524e-06
3.5258733532828046e-06
0.0
0.0
2.9990744224051014e-05
5.9685029555112123e-05
8.895702922018245e-05
0.00011746043310267851
0.00014462246326729655
0.00016963259258773178
0.0001915340981213376
0.00020934066560585052
0.00022218795493245125
0.00022951974824536592
0.00023116450756788254
0.0002274312573717907
0.0002190162194892764
0.00020692912221420556
0.00019230849284213036
0.0001762726897140965
0.00015980290481820703
0.00014365090464707464
0.00012834600056521595
0.00011418872600188479
0.00010131930321222171
8.974855882115662e-05
7.941708463476971e-05
7.022164209047332e-05
6.204398960107937e-05
5.476354999700561e-05
4.826573785976507e-05
4.244623050908558e-05
3.721096072695218e-05
3.2477182685397565e-05
2.817128915921785e-05
2.4228917027357966e-05
2.0592673536157236e-05
1.721195258141961e-05
1.4041076610737946e-05
1.1039011042157654e-05
8.167949090420734e-06
5.392948878579773e-06
2.680886382222525e-06
0.0
0.0
2.0131059500272386e-05
4.005879600299522e-05
5.9685029555112123e-05
7.877153984736651e-05
9.693396714283153e-05
0.00011363602243363857
0.00012824854638893157
0.00014012589235790074
0.00014870389713905752
0.0001536205963930115
0.00015476570115424693
0.00015234254533424973
0.0001468077243771404
0.00013882335042580962
0.00012913729005958885
0.00011848637950606644
0.00010751964873634279
9.67378364293836e-05
8.649665687698871e-05
7.700181595282629e-05
6.83529578964226e-05
6.056321581127122e-05
5.3597992518916726e-05
4.739210271509364e-05
4.186919250059873e-05
3.6950204957975075e-05
3.255932097090408e-05
2.862697328964714e-05
2.509010664653033e-05
2.1893010853091255e-05
1.898599657579325e-05
1.6325509932357818e-05
1.3872670933778863e-05
1.1593158887990285e-05
9.455990948481485e-06
7.433323844452389e-06
5.499507096828893e-06
3.630837909440743e-06
1.804848579922691e-06
0.0
0.0
1.0118992577190511e-05
2.0131059500272386e-05
2.9990744224051014e-05
3.957689841627143e-05
4.8696627345634624e-05
5.7081178965745494e-05
6.441595905926079e-05
7.037818431854248e-05
7.46858204365708e-05
7.715818355791271e-05
7.774010737193748e-05
7.653368083992973e-05
7.376728171948344e-05
6.977220618864521e-05
6.492253305623308e-05
5.958664769423194e-05
5.408929064287804e-05
4.868098767474294e-05
4.354011980467476e-05
3.877021299558692e-05
3.4421922464389354e-05
3.050273153348826e-05
2.699614196899347e-05
2.3870254153735004e-05
2.1087358618387952e-05
1.8608217942528427e-05
1.6395033526350744e-05
1.4413005374080967e-05
1.2630503078980837e-05
1.1019512385246344e-05
9.555008546158206e-06
8.215025445679203e-06
6.979937097639777e-06
5.832412625750294e-06
4.75679871669854e-06
3.7390279885585187e-06
2.766140823950991e-06
1.8261621335113887e-06
9.077418781089364e-07
0.0
0.0
0.0
0.0
0.0
0.0
0.0
0.0
0.0
0.0
0.0
0.0
0.0
0.0
0.0
0.0
0.0
0.0
0.0
0.0
0.0
0.0
0.0
0.0
0.0
0.0
0.0
0.0
0.0
0.0
0.0
0.0
0.0
0.0
0.0
0.0
0.0
0.0
0.0
0.0
0.0
0.0
