2.0
1.9969173669815063
1.9876883029937744
1.972369909286499
1.9510564804077148
1.9238795042037964
1.8910064697265625
1.852640151977539
1.8090169429779053
1.7604060173034668
1.7071068286895752
1.649448037147522
1.587785243988037
1.522498607635498
1.4539904594421387
1.3826833963394165
1.3090169429779053
1.233445405960083
1.156434416770935
1.0784591436386108
1.0
0.9215409159660339
0.8435655236244202
0.7665546536445618
0.69098299741745
0.6173165440559387
0.5460094809532166
0.47750142216682434
0.4122147560119629
0.350551962852478
0.2928932309150696
0.23959402740001678
0.19098301231861115
0.14735983312129974
0.10899347811937332
0.07612046599388123
0.04894348233938217
0.02763007953763008
0.012311659753322601
0.003082666313275695
0.0
1.9969173669815063
1.975961446762085
1.9553961753845215
1.9323121309280396
1.9057908058166504
1.8752962350845337
1.8406246900558472
1.8017083406448364
1.7585941553115845
1.7113983631134033
1.6603002548217773
1.6055235862731934
1.5473353862762451
1.4860337972640991
1.4219484329223633
1.3554316759109497
1.2868582010269165
1.2166187763214111
1.1451184749603271
1.0727715492248535
1.0
0.9272283911705017
0.8548815846443176
0.7833811640739441
0.7131417393684387
0.6445683240890503
0.5780515670776367
0.5139661431312561
0.4526645839214325
0.39447635412216187
0.33969980478286743
0.28860169649124146
0.24140579998493195
0.19829167425632477
0.15937528014183044
0.1247037947177887
0.09420915693044662
0.06768786907196045
0.04460382089018822
0.0240385252982378
0.003082666313275695
1.9876883029937744
1.9553961753845215
1.9255073070526123
1.8956867456436157
1.8644075393676758
1.8308061361312866
1.7943918704986572
1.7548832893371582
1.7121617794036865
1.666208028793335
1.6170905828475952
1.5649371147155762
1.5099304914474487
1.452293038368225
1.392284631729126
1.3301924467086792
1.266329288482666
1.201026201248169
1.1346304416656494
1.0674998760223389
1.0
0.9325001835823059
0.8653694987297058
0.7989737391471863
0.7336706519126892
0.669807493686676
0.607715368270874
0.5477069616317749
0.49006950855255127
0.43506288528442383
0.3829094171524048
0.3337920010089874
0.28783828020095825
0.2451166957616806
0.20560811460018158
0.16919387876987457
0.1355924755334854
0.10431326180696487
0.07449263334274292
0.04460382089018822
0.012311659753322601
1.972369909286499
1.9323121309280396
1.8956867456436157
1.8604886531829834
1.8252801895141602
1.7890527248382568
1.751163363456726
1.7111846208572388
1.6688724756240845
1.624098539352417
1.5768368244171143
1.5271308422088623
1.4750887155532837
1.4208637475967407
1.3646520376205444
1.30668044090271
1.2472044229507446
1.1864994764328003
1.124859094619751
1.0625882148742676
1.0
0.9374118447303772
0.8751408457756042
0.8135005235671997
0.7527956366539001
0.6933196187019348
0.6353480219841003
0.5791362524032593
0.5249112248420715
0.4728690981864929
0.42316317558288574
0.375901460647583
0.33112746477127075
0.288815438747406
0.24883663654327393
0.21094723045825958
0.17471979558467865
0.1395113170146942
0.10431326180696487
0.06768786907196045
0.02763007953763008
1.9510564804077148
1.9057908058166504
1.8644075393676758
1.8252801895141602
1.7871066331863403
1.7488960027694702
1.70994234085083
1.6697404384613037
1.627962350845337
1.5843994617462158
1.5389512777328491
1.4915919303894043
1.442365288734436
1.391364336013794
1.338728666305542
1.2846306562423706
1.2292735576629639
1.1728824377059937
1.1157008409500122
1.0579849481582642
1.0
0.9420149922370911
0.8842991590499878
0.8271176218986511
0.7707263827323914
0.7153694033622742
0.661271333694458
0.608635663986206
0.5576347708702087
0.5084081292152405
0.46104875206947327
0.4156005382537842
0.3720375895500183
0.3302595913410187
0.2900576889514923
0.2511040270328522
0.21289342641830444
0.17471979558467865
0.1355924755334854
0.09420915693044662
0.04894348233938217
1.9238795042037964
1.8752962350845337
1.8308061361312866
1.7890527248382568
1.7488960027694702
1.7094085216522217
1.6698859930038452
1.6297930479049683
1.588754653930664
1.5465091466903687
1.502901554107666
1.4578520059585571
1.4113520383834839
1.3634437322616577
1.3142175674438477
1.2637983560562134
1.2123427391052246
1.1600301265716553
1.1070594787597656
1.0536423921585083
1.0
0.9463576674461365
0.8929405808448792
0.8399698734283447
0.7876572608947754
0.7362017035484314
0.6857823729515076
0.6365562081336975
0.5886479020118713
0.5421479344367981
0.497098445892334
0.45349085330963135
0.4112454056739807
0.3702069818973541
0.33011406660079956
0.2905915081501007
0.2511040270328522
0.21094723045825958
0.16919387876987457
0.1247037947177887
0.07612046599388123
1.8910064697265625
1.8406246900558472
1.7943918704986572
1.751163363456726
1.70994234085083
1.6698859930038452
1.630321979522705
1.5907171964645386
1.5506768226623535
1.5099095106124878
1.468223214149475
1.4254988431930542
1.3816869258880615
1.336788296699524
1.290852427482605
1.2439630031585693
1.196236491203308
1.147811770439148
1.0988478660583496
1.0495167970657349
1.0
0.9504832029342651
0.9011521339416504
0.8521882891654968
0.8037635087966919
0.7560369968414307
0.709147572517395
0.6632117033004761
0.6183131337165833
0.5745011568069458
0.5317767858505249
0.4900905191898346
0.4493231475353241
0.4092828333377838
0.3696780800819397
0.33011406660079956
0.2900576889514923
0.24883663654327393
0.20560811460018158
0.15937528014183044
0.10899347811937332
1.852640151977539
1.8017083406448364
1.7548832893371582
1.7111846208572388
1.6697404384613037
1.6297930479049683
1.5907171964645386
1.5520007610321045
1.5132488012313843
1.4741573333740234
1.4345130920410156
1.3941701650619507
1.3530490398406982
1.3111183643341064
1.2683943510055542
1.224926471710205
1.180796504020691
1.1361088752746582
1.0909873247146606
1.0455689430236816
1.0
0.9544310569763184
0.9090126156806946
0.8638911247253418
0.8192034363746643
0.7750735878944397
0.7316057085990906
0.6888815760612488
0.6469510197639465
0.6058297753334045
0.5654869079589844
0.5258426070213318
0.4867512285709381
0.4479992687702179
0.4092828333377838
0.3702069818973541
0.3302595913410187
0.288815438747406
0.2451166957616806
0.19829167425632477
0.14735983312129974
1.8090169429779053
1.7585941553115845
1.7121617794036865
1.6688724756240845
1.627962350845337
1.588754653930664
1.5506768226623535
1.5132488012313843
1.4760881662368774
1.4388917684555054
1.401436686515808
1.3635612726211548
1.3251652717590332
1.28619384765625
1.2466366291046143
1.206515908241272
1.1658847332000732
1.1248176097869873
1.0834087133407593
1.041764259338379
1.0
0.9582358002662659
0.9165912866592407
0.8751823306083679
0.8341152667999268
0.7934840321540833
0.7533633708953857
0.7138062119483948
0.6748347282409668
0.6364386677742004
0.5985633134841919
0.5611081719398499
0.5239118337631226
0.4867512285709381
0.4493231475353241
0.4112454056739807
0.3720375895500183
0.33112746477127075
0.28783828020095825
0.24140579998493195
0.19098301231861115
1.7604060173034668
1.7113983631134033
1.666208028793335
1.624098539352417
1.5843994617462158
1.5465091466903687
1.5099095106124878
1.4741573333740234
1.4388917684555054
1.4038194417953491
1.368716835975647
1.3334157466888428
1.2978031635284424
1.2618080377578735
1.2254005670547485
1.1885813474655151
1.1513800621032715
1.113847017288208
1.076050877571106
1.038072109222412
1.0
0.9619279503822327
0.923949122428894
0.886152982711792
0.8486199378967285
0.8114187121391296
0.7745994925498962
0.7381919622421265
0.7021967768669128
0.6665841937065125
0.631283164024353
0.5961806178092957
0.5611081719398499
0.5258426070213318
0.4900905191898346
0.45349085330963135
0.4156005382537842
0.375901460647583
0.3337920010089874
0.28860169649124146
0.23959402740001678
1.7071068286895752
1.6603002548217773
1.6170905828475952
1.5768368244171143
1.5389512777328491
1.502901554107666
1.468223214149475
1.4345130920410156
1.401436686515808
1.368716835975647
1.336137056350708
1.3035292625427246
1.270774483680725
1.237791657447815
1.2045376300811768
1.1709967851638794
1.1371806859970093
1.103119969367981
1.0688623189926147
1.0344666242599487
1.0
0.965533435344696
0.9311376810073853
0.896880030632019
0.8628193140029907
0.8290032148361206
0.795462429523468
0.7622082829475403
0.7292255759239197
0.6964707374572754
0.663862943649292
0.631283164024353
0.5985633134841919
0.5654869079589844
0.5317767858505249
0.497098445892334
0.46104875206947327
0.42316317558288574
0.3829094171524048
0.33969980478286743
0.2928932309150696
1.649448037147522
1.6055235862731934
1.5649371147155762
1.5271308422088623
1.4915919303894043
1.4578520059585571
1.4254988431930542
1.3941701650619507
1.3635612726211548
1.3334157466888428
1.3035292625427246
1.273739218711853
1.2439265251159668
1.214005708694458
1.183924674987793
1.1536571979522705
1.1232010126113892
1.0925712585449219
1.0617990493774414
1.0309256315231323
1.0
0.9690743088722229
0.9382009506225586
0.9074287414550781
0.8767990469932556
0.8463428020477295
0.8160752654075623
0.7859943509101868
0.7560734748840332
0.726260781288147
0.6964707374572754
0.6665841937065125
0.6364386677742004
0.6058297753334045
0.5745011568069458
0.5421479344367981
0.5084081292152405
0.4728690981864929
0.43506288528442383
0.39447635412216187
0.350551962852478
1.587785243988037
1.5473353862762451
1.5099304914474487
1.4750887155532837
1.442365288734436
1.4113520383834839
1.3816869258880615
1.3530490398406982
1.3251652717590332
1.2978031635284424
1.270774483680725
1.2439265251159668
1.21714448928833
1.1903427839279175
1.1634654998779297
1.136479139328003
1.1093721389770508
1.0821481943130493
1.0548255443572998
1.0274313688278198
1.0
0.9725685715675354
0.9451744556427002
0.9178518056869507
0.8906278610229492
0.8635208010673523
0.8365345001220703
0.8096572160720825
0.7828555107116699
0.7560734748840332
0.7292255759239197
0.7021967768669128
0.6748347282409668
0.6469510197639465
0.6183131337165833
0.5886479020118713
0.5576347708702087
0.5249112248420715
0.49006950855255127
0.4526645839214325
0.4122147560119629
1.522498607635498
1.4860337972640991
1.452293038368225
1.4208637475967407
1.391364336013794
1.3634437322616577
1.336788296699524
1.3111183643341064
1.28619384765625
1.2618080377578735
1.237791657447815
1.214005708694458
1.1903427839279175
1.166721224784851
1.1430847644805908
1.119396686553955
1.0956392288208008
1.0718084573745728
1.0479129552841187
1.0239691734313965
1.0
0.9760307669639587
0.9520870447158813
0.9281914830207825
0.9043607711791992
0.8806033134460449
0.8569152355194092
0.8332787752151489
0.8096572160720825
0.7859943509101868
0.7622082829475403
0.7381919622421265
0.7138062119483948
0.6888815760612488
0.6632117033004761
0.6365562081336975
0.608635663986206
0.5791362524032593
0.5477069616317749
0.5139661431312561
0.47750142216682434
1.4539904594421387
1.4219484329223633
1.392284631729126
1.3646520376205444
1.338728666305542
1.3142175674438477
1.290852427482605
1.2683943510055542
1.2466366291046143
1.2254005670547485
1.2045376300811768
1.183924674987793
1.1634654998779297
1.1430847644805908
1.1227290630340576
1.1023615598678589
1.0819615125656128
1.0615202188491821
1.0410393476486206
1.020527958869934
1.0
0.9794721007347107
0.9589606523513794
0.9384798407554626
0.9180384874343872
0.8976384997367859
0.8772709369659424
0.8569152355194092
0.8365345001220703
0.8160752654075623
0.795462429523468
0.7745994925498962
0.7533633708953857
0.7316057085990906
0.709147572517395
0.6857823729515076
0.661271333694458
0.6353480219841003
0.607715368270874
0.5780515670776367
0.5460094809532166
1.3826833963394165
1.3554316759109497
1.3301924467086792
1.30668044090271
1.2846306562423706
1.2637983560562134
1.2439630031585693
1.224926471710205
1.206515908241272
1.1885813474655151
1.1709967851638794
1.1536571979522705
1.136479139328003
1.119396686553955
1.1023615598678589
1.0853393077850342
1.06830894947052
1.0512592792510986
1.034188151359558
1.0170990228652954
1.0
0.9829009175300598
0.9658117890357971
0.9487406611442566
0.93169105052948
0.9146607518196106
0.8976384997367859
0.8806033134460449
0.8635208010673523
0.8463428020477295
0.8290032148361206
0.8114187121391296
0.7934840321540833
0.7750735878944397
0.7560369968414307
0.7362017035484314
0.7153694033622742
0.6933196187019348
0.669807493686676
0.6445683240890503
0.6173165440559387
1.3090169429779053
1.2868582010269165
1.266329288482666
1.2472044229507446
1.2292735576629639
1.2123427391052246
1.196236491203308
1.180796504020691
1.1658847332000732
1.1513800621032715
1.1371806859970093
1.1232010126113892
1.1093721389770508
1.0956392288208008
1.0819615125656128
1.06830894947052
1.0546623468399048
1.0410101413726807
1.027348279953003
1.0136768817901611
1.0
0.9863231182098389
0.9726517796516418
0.9589898586273193
0.94533771276474
0.93169105052948
0.9180384874343872
0.9043607711791992
0.8906278610229492
0.8767990469932556
0.8628193140029907
0.8486199378967285
0.8341152667999268
0.8192034363746643
0.8037635087966919
0.7876572608947754
0.7707263827323914
0.7527956366539001
0.7336706519126892
0.7131417393684387
0.69098299741745
1.233445405960083
1.2166187763214111
1.201026201248169
1.1864994764328003
1.1728824377059937
1.1600301265716553
1.147811770439148
1.1361088752746582
1.1248176097869873
1.113847017288208
1.103119969367981
1.0925712585449219
1.0821481943130493
1.0718084573745728
1.0615202188491821
1.0512592792510986
1.0410101413726807
1.0307626724243164
1.0205121040344238
1.010257363319397
1.0
0.9897425770759583
0.9794878959655762
0.9692373275756836
0.9589898586273193
0.9487406611442566
0.9384798407554626
0.9281914830207825
0.9178518056869507
0.9074287414550781
0.896880030632019
0.886152982711792
0.8751823306083679
0.8638911247253418
0.8521882891654968
0.8399698734283447
0.8271176218986511
0.8135005235671997
0.7989737391471863
0.7833811640739441
0.7665546536445618
1.156434416770935
1.1451184749603271
1.1346304416656494
1.124859094619751
1.1157008409500122
1.1070594787597656
1.0988478660583496
1.0909873247146606
1.0834087133407593
1.076050877571106
1.0688623189926147
1.0617990493774414
1.0548255443572998
1.0479129552841187
1.0410393476486206
1.034188151359558
1.027348279953003
1.0205121040344238
1.0136760473251343
1.0068385601043701
1.0
0.9931614398956299
0.9863239526748657
0.9794878959655762
0.9726517796516418
0.9658117890357971
0.9589606523513794
0.9520870447158813
0.9451744556427002
0.9382009506225586
0.9311376810073853
0.923949122428894
0.9165912866592407
0.9090126156806946
0.9011521339416504
0.8929405808448792
0.8842991590499878
0.8751408457756042
0.8653694987297058
0.8548815846443176
0.8435655236244202
1.0784591436386108
1.0727715492248535
1.0674998760223389
1.0625882148742676
1.0579849481582642
1.0536423921585083
1.0495167970657349
1.0455689430236816
1.041764259338379
1.038072109222412
1.0344666242599487
1.0309256315231323
1.0274313688278198
1.0239691734313965
1.020527958869934
1.0170990228652954
1.0136768817901611
1.010257363319397
1.0068385601043701
1.0034193992614746
1.0
0.9965805411338806
0.9931614398956299
0.9897425770759583
0.9863231182098389
0.9829009175300598
0.9794721007347107
0.9760307669639587
0.9725685715675354
0.9690743088722229
0.965533435344696
0.9619279503822327
0.9582358002662659
0.9544310569763184
0.9504832029342651
0.9463576674461365
0.9420149922370911
0.9374118447303772
0.9325001835823059
0.9272283911705017
0.9215409159660339
1.0
1.0
1.0
1.0
1.0
1.0
1.0
1.0
1.0
1.0
1.0
1.0
1.0
1.0
1.0
1.0
1.0
1.0
1.0
1.0
1.0
1.0
1.0
1.0
1.0
1.0
1.0
1.0
1.0
1.0
1.0
1.0
1.0
1.0
1.0
1.0
1.0
1.0
1.0
1.0
1.0
0.9215409159660339
0.9272283911705017
0.9325001835823059
0.9374118447303772
0.9420149922370911
0.9463576674461365
0.9504832029342651
0.9544310569763184
0.9582358002662659
0.9619279503822327
0.965533435344696
0.9690743088722229
0.9725685715675354
0.9760307669639587
0.9794721007347107
0.9829009175300598
0.9863231182098389
0.9897425770759583
0.9931614398956299
0.9965805411338806
1.0
1.0034193992614746
1.0068385601043701
1.010257363319397
1.0136768817901611
1.0170990228652954
1.020527958869934
1.0239691734313965
1.0274313688278198
1.0309256315231323
1.0344666242599487
1.038072109222412
1.041764259338379
1.0455689430236816
1.0495167970657349
1.0536423921585083
1.0579849481582642
1.0625882148742676
1.0674998760223389
1.0727715492248535
1.0784591436386108
0.8435655236244202
0.8548815846443176
0.8653694987297058
0.8751408457756042
0.8842991590499878
0.8929405808448792
0.9011521339416504
0.9090126156806946
0.9165912866592407
0.923949122428894
0.9311376810073853
0.9382009506225586
0.9451744556427002
0.9520870447158813
0.9589606523513794
0.9658117890357971
0.9726517796516418
0.9794878959655762
0.9863239526748657
0.9931614398956299
1.0
1.0068385601043701
1.0136760473251343
1.0205121040344238
1.027348279953003
1.034188151359558
1.0410393476486206
1.0479129552841187
1.0548255443572998
1.0617990493774414
1.0688623189926147
1.076050877571106
1.0834087133407593
1.0909873247146606
1.0988478660583496
1.1070594787597656
1.1157008409500122
1.124859094619751
1.1346304416656494
1.1451184749603271
1.156434416770935
0.7665546536445618
0.7833811640739441
0.7989737391471863
0.8135005235671997
0.8271176218986511
0.8399698734283447
0.8521882891654968
0.8638911247253418
0.8751823306083679
0.886152982711792
0.896880030632019
0.9074287414550781
0.9178518056869507
0.9281914830207825
0.9384798407554626
0.9487406611442566
0.9589898586273193
0.9692373275756836
0.9794878959655762
0.9897425770759583
1.0
1.010257363319397
1.0205121040344238
1.0307626724243164
1.0410101413726807
1.0512592792510986
1.0615202188491821
1.0718084573745728
1.0821481943130493
1.0925712585449219
1.103119969367981
1.113847017288208
1.1248176097869873
1.1361088752746582
1.147811770439148
1.1600301265716553
1.1728824377059937
1.1864994764328003
1.201026201248169
1.2166187763214111
1.233445405960083
0.69098299741745
0.7131417393684387
0.7336706519126892
0.7527956366539001
0.7707263827323914
0.7876572608947754
0.8037635087966919
0.8192034363746643
0.8341152667999268
0.8486199378967285
0.8628193140029907
0.8767990469932556
0.8906278610229492
0.9043607711791992
0.9180384874343872
0.93169105052948
0.94533771276474
0.9589898586273193
0.9726517796516418
0.9863231182098389
1.0
1.0136768817901611
1.027348279953003
1.0410101413726807
1.0546623468399048
1.06830894947052
1.0819615125656128
1.0956392288208008
1.1093721389770508
1.1232010126113892
1.1371806859970093
1.1513800621032715
1.1658847332000732
1.180796504020691
1.196236491203308
1.2123427391052246
1.2292735576629639
1.2472044229507446
1.266329288482666
1.2868582010269165
1.3090169429779053
0.6173165440559387
0.6445683240890503
0.669807493686676
0.6933196187019348
0.7153694033622742
0.7362017035484314
0.7560369968414307
0.7750735878944397
0.7934840321540833
0.8114187121391296
0.8290032148361206
0.8463428020477295
0.8635208010673523
0.8806033134460449
0.8976384997367859
0.9146607518196106
0.93169105052948
0.9487406611442566
0.9658117890357971
0.9829009175300598
1.0
1.0170990228652954
1.034188151359558
1.0512592792510986
1.06830894947052
1.0853393077850342
1.1023615598678589
1.119396686553955
1.136479139328003
1.1536571979522705
1.1709967851638794
1.1885813474655151
1.206515908241272
1.224926471710205
1.2439630031585693
1.2637983560562134
1.2846306562423706
1.30668044090271
1.3301924467086792
1.3554316759109497
1.3826833963394165
0.5460094809532166
0.5780515670776367
0.607715368270874
0.6353480219841003
0.661271333694458
0.6857823729515076
0.709147572517395
0.7316057085990906
0.7533633708953857
0.7745994925498962
0.795462429523468
0.8160752654075623
0.8365345001220703
0.8569152355194092
0.8772709369659424
0.8976384997367859
0.9180384874343872
0.9384798407554626
0.9589606523513794
0.9794721007347107
1.0
1.020527958869934
1.0410393476486206
1.0615202188491821
1.0819615125656128
1.1023615598678589
1.1227290630340576
1.1430847644805908
1.1634654998779297
1.183924674987793
1.2045376300811768
1.2254005670547485
1.2466366291046143
1.2683943510055542
1.290852427482605
1.3142175674438477
1.338728666305542
1.3646520376205444
1.392284631729126
1.4219484329223633
1.4539904594421387
0.47750142216682434
0.5139661431312561
0.5477069616317749
0.5791362524032593
0.608635663986206
0.6365562081336975
0.6632117033004761
0.6888815760612488
0.7138062119483948
0.7381919622421265
0.7622082829475403
0.7859943509101868
0.8096572160720825
0.8332787752151489
0.8569152355194092
0.8806033134460449
0.9043607711791992
0.9281914830207825
0.9520870447158813
0.9760307669639587
1.0
1.0239691734313965
1.0479129552841187
1.0718084573745728
1.0956392288208008
1.119396686553955
1.1430847644805908
1.166721224784851
1.1903427839279175
1.214005708694458
1.237791657447815
1.2618080377578735
1.28619384765625
1.3111183643341064
1.336788296699524
1.3634437322616577
1.391364336013794
1.4208637475967407
1.452293038368225
1.4860337972640991
1.522498607635498
0.4122147560119629
0.4526645839214325
0.49006950855255127
0.5249112248420715
0.5576347708702087
0.5886479020118713
0.6183131337165833
0.6469510197639465
0.6748347282409668
0.7021967768669128
0.7292255759239197
0.7560734748840332
0.7828555107116699
0.8096572160720825
0.8365345001220703
0.8635208010673523
0.8906278610229492
0.9178518056869507
0.9451744556427002
0.9725685715675354
1.0
1.0274313688278198
1.0548255443572998
1.0821481943130493
1.1093721389770508
1.136479139328003
1.1634654998779297
1.1903427839279175
1.21714448928833
1.2439265251159668
1.270774483680725
1.2978031635284424
1.3251652717590332
1.3530490398406982
1.3816869258880615
1.4113520383834839
1.442365288734436
1.4750887155532837
1.5099304914474487
1.5473353862762451
1.587785243988037
0.350551962852478
0.39447635412216187
0.43506288528442383
0.4728690981864929
0.5084081292152405
0.5421479344367981
0.5745011568069458
0.6058297753334045
0.6364386677742004
0.6665841937065125
0.6964707374572754
0.726260781288147
0.7560734748840332
0.7859943509101868
0.8160752654075623
0.8463428020477295
0.8767990469932556
0.9074287414550781
0.9382009506225586
0.9690743088722229
1.0
1.0309256315231323
1.0617990493774414
1.0925712585449219
1.1232010126113892
1.1536571979522705
1.183924674987793
1.214005708694458
1.2439265251159668
1.273739218711853
1.3035292625427246
1.3334157466888428
1.3635612726211548
1.3941701650619507
1.4254988431930542
1.4578520059585571
1.4915919303894043
1.5271308422088623
1.5649371147155762
1.6055235862731934
1.649448037147522
0.2928932309150696
0.33969980478286743
0.3829094171524048
0.42316317558288574
0.46104875206947327
0.497098445892334
0.5317767858505249
0.5654869079589844
0.5985633134841919
0.631283164024353
0.663862943649292
0.6964707374572754
0.7292255759239197
0.7622082829475403
0.795462429523468
0.8290032148361206
0.8628193140029907
0.896880030632019
0.9311376810073853
0.965533435344696
1.0
1.0344666242599487
1.0688623189926147
1.103119969367981
1.1371806859970093
1.1709967851638794
1.2045376300811768
1.237791657447815
1.270774483680725
1.3035292625427246
1.336137056350708
1.368716835975647
1.401436686515808
1.4345130920410156
1.468223214149475
1.502901554107666
1.5389512777328491
1.5768368244171143
1.6170905828475952
1.6603002548217773
1.7071068286895752
0.23959402740001678
0.28860169649124146
0.3337920010089874
0.375901460647583
0.4156005382537842
0.45349085330963135
0.4900905191898346
0.5258426070213318
0.5611081719398499
0.5961806178092957
0.631283164024353
0.6665841937065125
0.7021967768669128
0.7381919622421265
0.7745994925498962
0.8114187121391296
0.8486199378967285
0.886152982711792
0.923949122428894
0.9619279503822327
1.0
1.038072109222412
1.076050877571106
1.113847017288208
1.1513800621032715
1.1885813474655151
1.2254005670547485
1.2618080377578735
1.2978031635284424
1.3334157466888428
1.368716835975647
1.4038194417953491
1.4388917684555054
1.4741573333740234
1.5099095106124878
1.5465091466903687
1.5843994617462158
1.624098539352417
1.666208028793335
1.7113983631134033
1.7604060173034668
0.19098301231861115
0.24140579998493195
0.28783828020095825
0.33112746477127075
0.3720375895500183
0.4112454056739807
0.4493231475353241
0.4867512285709381
0.5239118337631226
0.5611081719398499
0.5985633134841919
0.6364386677742004
0.6748347282409668
0.7138062119483948
0.7533633708953857
0.7934840321540833
0.8341152667999268
0.8751823306083679
0.9165912866592407
0.9582358002662659
1.0
1.041764259338379
1.0834087133407593
1.1248176097869873
1.1658847332000732
1.206515908241272
1.2466366291046143
1.28619384765625
1.3251652717590332
1.3635612726211548
1.401436686515808
1.4388917684555054
1.4760881662368774
1.5132488012313843
1.5506768226623535
1.588754653930664
1.627962350845337
1.6688724756240845
1.7121617794036865
1.7585941553115845
1.8090169429779053
0.14735983312129974
0.19829167425632477
0.2451166957616806
0.288815438747406
0.3302595913410187
0.3702069818973541
0.4092828333377838
0.4479992687702179
0.4867512285709381
0.5258426070213318
0.5654869079589844
0.6058297753334045
0.6469510197639465
0.6888815760612488
0.7316057085990906
0.7750735878944397
0.8192034363746643
0.8638911247253418
0.9090126156806946
0.9544310569763184
1.0
1.0455689430236816
1.0909873247146606
1.1361088752746582
1.180796504020691
1.224926471710205
1.2683943510055542
1.3111183643341064
1.3530490398406982
1.3941701650619507
1.4345130920410156
1.4741573333740234
1.5132488012313843
1.5520007610321045
1.5907171964645386
1.6297930479049683
1.6697404384613037
1.7111846208572388
1.7548832893371582
1.8017083406448364
1.852640151977539
0.10899347811937332
0.15937528014183044
0.20560811460018158
0.24883663654327393
0.2900576889514923
0.33011406660079956
0.3696780800819397
0.4092828333377838
0.4493231475353241
0.4900905191898346
0.5317767858505249
0.5745011568069458
0.6183131337165833
0.6632117033004761
0.709147572517395
0.7560369968414307
0.8037635087966919
0.8521882891654968
0.9011521339416504
0.9504832029342651
1.0
1.0495167970657349
1.0988478660583496
1.147811770439148
1.196236491203308
1.2439630031585693
1.290852427482605
1.336788296699524
1.3816869258880615
1.4254988431930542
1.468223214149475
1.5099095106124878
1.5506768226623535
1.5907171964645386
1.630321979522705
1.6698859930038452
1.70994234085083
1.751163363456726
1.7943918704986572
1.8406246900558472
1.8910064697265625
0.07612046599388123
0.1247037947177887
0.16919387876987457
0.21094723045825958
0.2511040270328522
0.2905915081501007
0.33011406660079956
0.3702069818973541
0.4112454056739807
0.45349085330963135
0.497098445892334
0.5421479344367981
0.5886479020118713
0.6365562081336975
0.6857823729515076
0.7362017035484314
0.7876572608947754
0.8399698734283447
0.8929405808448792
0.9463576674461365
1.0
1.0536423921585083
1.1070594787597656
1.1600301265716553
1.2123427391052246
1.2637983560562134
1.3142175674438477
1.3634437322616577
1.4113520383834839
1.4578520059585571
1.502901554107666
1.5465091466903687
1.588754653930664
1.6297930479049683
1.6698859930038452
1.7094085216522217
1.7488960027694702
1.7890527248382568
1.8308061361312866
1.8752962350845337
1.9238795042037964
0.04894348233938217
0.09420915693044662
0.1355924755334854
0.17471979558467865
0.21289342641830444
0.2511040270328522
0.2900576889514923
0.3302595913410187
0.3720375895500183
0.4156005382537842
0.46104875206947327
0.5084081292152405
0.5576347708702087
0.608635663986206
0.661271333694458
0.7153694033622742
0.7707263827323914
0.8271176218986511
0.8842991590499878
0.9420149922370911
1.0
1.0579849481582642
1.1157008409500122
1.1728824377059937
1.2292735576629639
1.2846306562423706
1.338728666305542
1.391364336013794
1.442365288734436
1.4915919303894043
1.5389512777328491
1.5843994617462158
1.627962350845337
1.6697404384613037
1.70994234085083
1.7488960027694702
1.7871066331863403
1.8252801895141602
1.8644075393676758
1.9057908058166504
1.9510564804077148
0.02763007953763008
0.06768786907196045
0.10431326180696487
0.1395113170146942
0.17471979558467865
0.21094723045825958
0.24883663654327393
0.288815438747406
0.33112746477127075
0.375901460647583
0.42316317558288574
0.4728690981864929
0.5249112248420715
0.5791362524032593
0.6353480219841003
0.6933196187019348
0.7527956366539001
0.8135005235671997
0.8751408457756042
0.9374118447303772
1.0
1.0625882148742676
1.124859094619751
1.1864994764328003
1.2472044229507446
1.30668044090271
1.3646520376205444
1.4208637475967407
1.4750887155532837
1.5271308422088623
1.5768368244171143
1.624098539352417
1.6688724756240845
1.7111846208572388
1.751163363456726
1.7890527248382568
1.8252801895141602
1.8604886531829834
1.8956867456436157
1.9323121309280396
1.972369909286499
0.012311659753322601
0.04460382089018822
0.07449263334274292
0.10431326180696487
0.1355924755334854
0.16919387876987457
0.20560811460018158
0.2451166957616806
0.28783828020095825
0.3337920010089874
0.3829094171524048
0.43506288528442383
0.49006950855255127
0.5477069616317749
0.607715368270874
0.669807493686676
0.7336706519126892
0.7989737391471863
0.8653694987297058
0.9325001835823059
1.0
1.0674998760223389
1.1346304416656494
1.201026201248169
1.266329288482666
1.3301924467086792
1.392284631729126
1.452293038368225
1.5099304914474487
1.5649371147155762
1.6170905828475952
1.666208028793335
1.7121617794036865
1.7548832893371582
1.7943918704986572
1.8308061361312866
1.8644075393676758
1.8956867456436157
1.9255073070526123
1.9553961753845215
1.9876883029937744
0.003082666313275695
0.0240385252982378
0.04460382089018822
0.06768786907196045
0.09420915693044662
0.1247037947177887
0.15937528014183044
0.19829167425632477
0.24140579998493195
0.28860169649124146
0.33969980478286743
0.39447635412216187
0.4526645839214325
0.5139661431312561
0.5780515670776367
0.6445683240890503
0.7131417393684387
0.7833811640739441
0.8548815846443176
0.9272283911705017
1.0
1.0727715492248535
1.1451184749603271
1.2166187763214111
1.2868582010269165
1.3554316759109497
1.4219484329223633
1.4860337972640991
1.5473353862762451
1.6055235862731934
1.6603002548217773
1.7113983631134033
1.7585941553115845
1.8017083406448364
1.8406246900558472
1.8752962350845337
1.9057908058166504
1.9323121309280396
1.9553961753845215
1.975961446762085
1.9969173669815063
0.0
0.003082666313275695
0.012311659753322601
0.02763007953763008
0.04894348233938217
0.07612046599388123
0.10899347811937332
0.14735983312129974
0.19098301231861115
0.23959402740001678
0.2928932309150696
0.350551962852478
0.4122147560119629
0.47750142216682434
0.5460094809532166
0.6173165440559387
0.69098299741745
0.7665546536445618
0.8435655236244202
0.9215409159660339
1.0
1.0784591436386108
1.156434416770935
1.233445405960083
1.3090169429779053
1.3826833963394165
1.4539904594421387
1.522498607635498
1.587785243988037
1.649448037147522
1.7071068286895752
1.7604060173034668
1.8090169429779053
1.852640151977539
1.8910064697265625
1.9238795042037964
1.9510564804077148
1.972369909286499
1.9876883029937744
1.9969173669815063
2.0
