0.0
0.0
0.0
0.0
0.0
0.0
0.0
0.0
0.0
0.0
0.0
0.0
0.0
0.0
0.0
0.0
0.0
0.0
0.0
0.0
0.0
0.0
0.0
0.0
0.0
0.0
0.0
0.0
0.0
0.0
0.0
0.0
0.0
0.0
0.0
0.0
0.0
0.0
0.0
0.0
0.0
0.0
9.295192739955382e-07
1.8481482584320474e-06
2.7452028916741256e-06
3.6104618175158976e-06
4.434301445144229e-06
5.2079772103752475e-06
5.9236713241261896e-06
6.574766302946955e-06
7.155800176406046e-06
7.66269749874482e-06
8.092632924672216e-06
8.444195373158436e-06
8.717172022443265e-06
8.912630619306583e-06
9.032662092067767e-06
9.080368727154564e-06
9.059606782102492e-06
8.97490645002108e-06
8.831236300466117e-06
8.633893230580725e-06
8.388307833229192e-06
8.099926162685733e-06
7.774085133860353e-06
7.415893833240261e-06
7.030180313449819e-06
6.621388820349239e-06
6.193585250002798e-06
5.75037847738713e-06
5.294965376378968e-06
4.830078069062438e-06
4.358051683084341e-06
3.8807961573184e-06
3.3998730941675603e-06
2.9164857551222667e-06
2.4315577320521697e-06
1.945737267305958e-06
1.4594692174796364e-06
9.730138117447495e-07
4.865091227657103e-07
0.0
0.0
1.8699730617299792e-06
3.717944309755694e-06
5.522329956875183e-06
7.262482085934607e-06
8.918966159399133e-06
1.0474126611370593e-05
1.1912189620488789e-05
1.3219813808973413e-05
1.4386005204869434e-05
1.5402581993839704e-05
1.6263897123280913e-05
1.6967178453342058e-05
1.7512080376036465e-05
1.7900851162266918e-05
1.813780727388803e-05
1.8229313354822807e-05
1.81832438101992e-05
1.800883183022961e-05
1.771617644408252e-05
1.731602787913289e-05
1.6819389202282764e-05
1.6237274394370615e-05
1.5580460967612453e-05
1.4859248949505854e-05
1.4083356290939264e-05
1.3261716958368197e-05
1.240248548128875e-05
1.1512889614095911e-05
1.059932037605904e-05
9.66722745943116e-06
8.72125838213833e-06
7.765203008602839e-06
6.802150437579257e-06
5.8344689932710025e-06
4.863964932155795e-06
3.891892447427381e-06
2.919099642895162e-06
1.9460626390355173e-06
9.730138117447495e-07
0.0
0.0
2.8325025596132036e-06
5.631444764730986e-06
8.36390427139122e-06
1.0998394827765878e-05
1.3505287824955303e-05
1.5857680409681052e-05
1.8031560102826916e-05
2.0006649720016867e-05
2.17662745853886e-05
2.3298085579881445e-05
2.459362985973712e-05
2.564886563050095e-05
2.646348366397433e-05
2.7041145585826598e-05
2.7388670787331648e-05
2.751600550254807e-05
2.7435380616225302e-05
2.7161075195181184e-05
2.6708663426688872e-05
2.6094650820596144e-05
2.5335906684631482e-05
2.444925848976709e-05
2.3451131710316986e-05
2.2357184207066894e-05
2.1182144337217323e-05
1.9939518097089604e-05
1.8641601855051704e-05
1.7299254977842793e-05
1.5922058082651347e-05
1.451814387110062e-05
1.309442723140819e-05
1.165651610790519e-05
1.0208957064605784e-05
8.755205271882005e-06
7.2978682510438375e-06
5.838722245243844e-06
4.378930498205591e-06
2.919099642895162e-06
1.4594692174796364e-06
0.0
0.0
3.8287298593786545e-06
7.611654837091919e-06
1.1303844985377509e-05
1.486234032199718e-05
1.824672654038295e-05
2.1420342818601057e-05
2.4350494641112164e-05
2.700963887036778e-05
2.9375196390901692e-05
3.1430554372491315e-05
3.3164476917590946e-05
3.4571803553262725e-05
3.5652519727591425e-05
3.641207149485126e-05
3.686021227622405e-05
3.701097739394754e-05
3.68814762623515e-05
3.6491572245722637e-05
3.586282400647178e-05
3.50179907400161e-05
3.398024273337796e-05
3.277259020251222e-05
3.141742854495533e-05
2.9936009013908915e-05
2.8348264095257036e-05
2.6672380045056343e-05
2.4924869649112225e-05
2.312024480488617e-05
2.1271251171128824e-05
1.9388655346119776e-05
1.748156500980258e-05
1.5557305232505314e-05
1.3621774996863678e-05
1.1679394447128288e-05
9.733450497151352e-06
7.786109563312493e-06
5.838722245243844e-06
3.891892447427381e-06
1.945737267305958e-06
0.0
0.0
4.8709175644034985e-06
9.682847121439409e-06
1.4377932529896498e-05
1.8900866052717902e-05
2.319964005437214e-05
2.7227117243455723e-05
3.0941315344534814e-05
3.430696597206406e-05
3.729527088580653e-05
3.988522075815126e-05
4.206282756058499e-05
4.382203769637272e-05
4.5163495087763295e-05
4.60949340777006e-05
4.6629687858512625e-05
4.678655750467442e-05
4.6588284021709114e-05
4.6061053581070155e-05
4.5233144192025065e-05
4.413423084770329e-05
4.2794374166987836e-05
4.124328916077502e-05
3.950975224142894e-05
3.762094274861738e-05
3.5602221032604575e-05
3.347661913721822e-05
3.126493902527727e-05
2.8985356038901955e-05
2.6653749955585226e-05
2.4283441234729253e-05
2.1885613023187034e-05
1.946918200701475e-05
1.7041238606907427e-05
1.4607008779421449e-05
1.2170285117463209e-05
9.733450497151352e-06
7.2978682510438375e-06
4.863964932155795e-06
2.4315577320521697e-06
0.0
0.0
5.972336566628655e-06
1.1871287824760657e-05
1.762487954692915e-05
2.3164324375102296e-05
2.8424959964468144e-05
3.334823122713715e-05
3.7882076867390424e-05
4.1982879338320345e-05
4.561521200230345e-05
4.875348531641066e-05
5.138101914781146e-05
5.349114871933125e-05
5.508568210643716e-05
5.6175351346610114e-05
5.677788794855587e-05
5.691781552741304e-05
5.662449621013366e-05
5.593142850557342e-05
5.48745556443464e-05
5.349134517018683e-05
5.181953019928187e-05
4.989617082173936e-05
4.775696652359329e-05
4.543540489976294e-05
4.296257975511253e-05
4.03665253543295e-05
3.7672412872780114e-05
3.490208837320097e-05
3.2074494811240584e-05
2.9205386454123072e-05
2.6307876396458596e-05
2.339227830816526e-05
2.0466679416131228e-05
1.753689684846904e-05
1.4607008779421449e-05
1.1679394447128288e-05
8.755205271882005e-06
5.8344689932710025e-06
2.9164857551222667e-06
0.0
0.0
7.147390988393454e-06
1.4205485967977438e-05
2.1086707420181483e-05
2.7707359549822286e-05
3.398879198357463e-05
3.9859838580014184e-05
4.5257325837155804e-05
5.012851033825427e-05
5.4430780437542126e-05
5.813375537400134e-05
6.121811020420864e-05
6.367697642417625e-05
6.55139738228172e-05
6.67437634547241e-05
6.738955562468618e-05
6.748284795321524e-05
6.70608933432959e-05
6.616579048568383e-05
6.484236655524e-05
6.31369766779244e-05
6.109599053161219e-05
5.876462091691792e-05
5.61861161259003e-05
5.3400752221932635e-05
5.044565841672011e-05
4.73540676466655e-05
4.415558578330092e-05
4.087568595423363e-05
3.753627970581874e-05
3.415538594708778e-05
3.074782944167964e-05
2.732509165070951e-05
2.3895996491773985e-05
2.0466679416131228e-05
1.7041238606907427e-05
1.3621774996863678e-05
1.0208957064605784e-05
6.802150437579257e-06
3.3998730941675603e-06
0.0
0.0
8.412110219069291e-06
1.6717171092750505e-05
2.4810186005197465e-05
3.259080040152185e-05
3.9964714233065024e-05
4.684666419052519e-05
5.316104943631217e-05
5.8844998420681804e-05
6.384801963577047e-05
6.813462823629379e-05
7.168295269366354e-05
7.448641554219648e-05
7.655133231310174e-05
7.789745723130181e-05
7.855496369302273e-05
7.85638767411001e-05
7.79710098868236e-05
7.682869181735441e-05
7.51921470509842e-05
7.311798981390893e-05
7.066241232678294e-05
6.787971506128088e-05
6.482145545305684e-05
6.153519643703476e-05
5.806446279166266e-05
5.444783892016858e-05
5.071940540801734e-05
4.690818241215311e-05
4.303886817069724e-05
3.913151886081323e-05
3.520239988574758e-05
3.126384399365634e-05
2.732509165070951e-05
2.339227830816526e-05
1.946918200701475e-05
1.5557305232505314e-05
1.165651610790519e-05
7.765203008602839e-06
3.8807961573184e-06
0.0
0.0
9.78424031927716e-06
1.944148425536696e-05
2.8847140129073523e-05
3.7882076867390424e-05
4.6434321120614186e-05
5.440264067146927e-05
6.169740663608536e-05
6.824429874541238e-05
7.39840543246828e-05
7.887570973252878e-05
8.289492689073086e-05
8.603608148405328e-05
8.8309301645495e-05
8.974101365311071e-05
9.037016570800915e-05
9.02473766473122e-05
8.943111606640741e-05
8.798597264103591e-05
8.597948908573017e-05
8.348018309334293e-05
8.055548096308485e-05
7.726987678324804e-05
7.368406659225002e-05
6.985347863519564e-05
6.582836795132607e-05
6.165278318803757e-05
5.736525417887606e-05
5.299818440107629e-05
4.857882231590338e-05
4.412892667460255e-05
3.966585063608363e-05
3.520239988574758e-05
3.074782944167964e-05
2.6307876396458596e-05
2.1885613023187034e-05
1.748156500980258e-05
1.309442723140819e-05
8.72125838213833e-06
4.358051683084341e-06
0.0
0.0
1.1283878848189488e-05
2.2418240405386314e-05
3.3256332244491205e-05
4.365772838355042e-05
5.349031198420562e-05
6.263459363253787e-05
7.098482456058264e-05
7.845360960345715e-05
8.497173257637769e-05
9.049219079315662e-05
9.498830331722274e-05
9.845625754678622e-05
0.00010091143485624343
0.00010238896356895566
0.0001029389604809694
0.00010262528667226434
0.00010152072354685515
9.970470273401588e-05
9.725940617499873e-05
9.426727774553001e-05
9.080862218979746e-05
8.695940050529316e-05
8.279033500002697e-05
7.836530858185142e-05
7.374156848527491e-05
6.896869308548048e-05
6.408953777281567e-05
5.913961649639532e-05
5.414835686678998e-05
4.913880547974259e-05
4.412892667460255e-05
3.913151886081323e-05
3.415538594708778e-05
2.9205386454123072e-05
2.4283441234729253e-05
1.9388655346119776e-05
1.451814387110062e-05
9.66722745943116e-06
4.830078069062438e-06
0.0
0.0
1.293351760978112e-05
2.5692037525004707e-05
3.810368070844561e-05
5.000373494112864e-05
6.123698403825983e-05
7.16628273949027e-05
8.115680248010904e-05
8.961628191173077e-05
9.696051711216569e-05
0.00010313576785847545
0.00010811310494318604
0.00011189158976776525
0.00011449376324890181
0.0001159660896519199
0.00011637296847766265
0.00011579486454138532
0.00011432229075580835
0.0001120526940212585
0.00010908579133683816
0.00010552033927524462
0.00010145142732653767
9.696787310531363e-05
9.215142199536785e-05
8.707486995263025e-05
8.180271106539294e-05
7.638995157321915e-05
7.088351412676275e-05
6.532159022754058e-05
5.973528095637448e-05
5.414835686678998e-05
4.857882231590338e-05
4.303886817069724e-05
3.753627970581874e-05
3.2074494811240584e-05
2.6653749955585226e-05
2.1271251171128824e-05
1.5922058082651347e-05
1.059932037605904e-05
5.294965376378968e-06
0.0
0.0
1.4758784345758613e-05
2.9313756385818124e-05
4.346454807091504e-05
5.7018693041754887e-05
6.979428872000426e-05
8.162610902218148e-05
9.236761252395809e-05
0.00010189810564043
0.0001101231828215532
0.00011698128218995407
0.00012244132813066244
0.00012650666758418083
0.00012920942390337586
0.00013061091885901988
0.00013079389464110136
0.0001298598072025925
0.00012792124471161515
0.00012509770749602467
0.00012150991824455559
0.00011727576929843053
0.00011250734678469598
0.00010730780195444822
0.00010177080548601225
9.597852476872504e-05
9.000270802062005e-05
8.390352013520896e-05
7.773146353429183e-05
7.152678881539032e-05
6.532159022754058e-05
5.913961649639532e-05
5.299818440107629e-05
4.690818241215311e-05
4.087568595423363e-05
3.490208837320097e-05
2.8985356038901955e-05
2.312024480488617e-05
1.7299254977842793e-05
1.1512889614095911e-05
5.75037847738713e-06
0.0
0.0
1.6788362700026482e-05
3.334044595248997e-05
4.942367013427429e-05
6.481382297351956e-05
7.92980645201169e-05
9.268211579183117e-05
0.00010479303455213085
0.00011548826296348125
0.0001246568135684356
0.00013222781126387417
0.0001381679903715849
0.0001424867514288053
0.0001452291035093367
0.0001464757660869509
0.00014633321552537382
0.0001449296105420217
0.00014240517339203507
0.0001389063982060179
0.00013457931345328689
0.00012956425780430436
0.00012399272236507386
0.00011798369087046012
0.00011164363968418911
0.00010506426042411476
9.832435171119869e-05
9.148867684416473e-05
8.461056859232485e-05
7.773146353429183e-05
7.088351412676275e-05
6.408953777281567e-05
5.736525417887606e-05
5.071940540801734e-05
4.415558578330092e-05
3.7672412872780114e-05
3.126493902527727e-05
2.4924869649112225e-05
1.8641601855051704e-05
1.240248548128875e-05
6.193585250002798e-06
0.0
0.0
1.905464341689367e-05
3.7836667615920305e-05
5.607736966339871e-05
7.351630483753979e-05
8.990462811198086e-05
0.00010501342330826446
0.00011863764666486531
0.0001306077028857544
0.00014079187531024218
0.00014910769823472947
0.00015551954857073724
0.0001600451214471832
0.00016274672816507518
0.00016373064136132598
0.0001631342020118609
0.00016111978038679808
0.00015786236326675862
0.00015354176866821945
0.00014833446766715497
0.00014240696327760816
0.00013591277820523828
0.000128988191136159
0.00012175300071248785
0.00011430829908931628
0.000106739295006264
9.91144115687348e-05
9.148867684416473e-05
8.390352013520896e-05
7.638995157321915e-05
6.896869308548048e-05
6.165278318803757e-05
5.444783892016858e-05
4.73540676466655e-05
4.03665253543295e-05
3.347661913721822e-05
2.6672380045056343e-05
1.9939518097089604e-05
1.3261716958368197e-05
6.621388820349239e-06
0.0
0.0
2.1593259589280933e-05
4.287366755306721e-05
6.353246863000095e-05
8.326811803271994e-05
0.00010178973752772436
0.00011882671969942749
0.00013413441774901003
0.0001475090248277411
0.0001587923034094274
0.00016788678476586938
0.00017475396452937275
0.00017942284466698766
0.00018197881581727415
0.00018256198382005095
0.00018135015852749348
0.00017854974430520087
0.0001743797183735296
0.00016906102246139199
0.0001628066529519856
0.0001558136282255873
0.000148260107380338
0.0001403008063789457
0.000132069006212987
0.0001236744865309447
0.00011520772386575118
0.000106739295006264
9.832435171119869e-05
9.000270802062005e-05
8.180271106539294e-05
7.374156848527491e-05
6.582836795132607e-05
5.806446279166266e-05
5.044565841672011e-05
4.296257975511253e-05
3.5602221032604575e-05
2.8348264095257036e-05
2.1182144337217323e-05
1.4083356290939264e-05
7.030180313449819e-06
0.0
0.0
2.4442919311695732e-05
4.852907659369521e-05
7.190631731646135e-05
9.422686707694083e-05
0.00011515078949742019
0.00013435677101369947
0.00015155042638070881
0.00016648383461870253
0.0001789637899491936
0.00018887278565671295
0.00019616838835645467
0.00020089471945539117
0.00020316813606768847
0.0002031738986261189
0.0002011431206483394
0.00019733932276722044
0.0001920373906614259
0.00018550900858826935
0.0001780110615072772
0.0001697755797067657
0.00016100793436635286
0.00015188183169811964
0.000142543445690535
0.00013310974463820457
0.0001236744865309447
0.00011430829908931628
0.00010506426042411476
9.597852476872504e-05
8.707486995263025e-05
7.836530858185142e-05
6.985347863519564e-05
6.153519643703476e-05
5.3400752221932635e-05
4.543540489976294e-05
3.762094274861738e-05
2.9936009013908915e-05
2.2357184207066894e-05
1.4859248949505854e-05
7.415893833240261e-06
0.0
0.0
2.7643800422083586e-05
5.488384704221971e-05
8.132235961966217e-05
0.00010656035738065839
0.00013020065671298653
0.00015185977099463344
0.00017118013056460768
0.00018785592692438513
0.00020164711168035865
0.00021240867499727756
0.00022009239182807505
0.00022476250887848437
0.00022657692898064852
0.0002257812739117071
0.0002226771757705137
0.0002176024136133492
0.00021090300288051367
0.0002029133029282093
0.00019394249829929322
0.00018426244787406176
0.00017410768487025052
0.00016367065836675465
0.0001531087327748537
0.000142543445690535
0.000132069006212987
0.00012175300071248785
0.00011164363968418911
0.00010177080548601225
9.215142199536785e-05
8.279033500002697e-05
7.368406659225002e-05
6.482145545305684e-05
5.61861161259003e-05
4.775696652359329e-05
3.950975224142894e-05
3.141742854495533e-05
2.3451131710316986e-05
1.5580460967612453e-05
7.774085133860353e-06
0.0
0.0
3.1234514608513564e-05
6.201617361512035e-05
9.190169657813385e-05
0.00012043652532156557
0.00014715695579070598
0.0001716028491500765
0.00019333549425937235
0.00021197226305957884
0.0002272095443913713
0.0002388641150901094
0.00024687882978469133
0.0002513444924261421
0.0002524747687857598
0.0002505960292182863
0.0002461033873260021
0.0002394311741227284
0.00023101591796148568
0.00022126900148577988
0.00021056151308584958
0.00019920969498343766
0.00018747833382803947
0.0001755768753355369
0.00016367065836675465
0.00015188183169811964
0.0001403008063789457
0.000128988191136159
0.00011798369087046012
0.00010730780195444822
9.696787310531363e-05
8.695940050529316e-05
7.726987678324804e-05
6.787971506128088e-05
5.876462091691792e-05
4.989617082173936e-05
4.124328916077502e-05
3.277259020251222e-05
2.444925848976709e-05
1.6237274394370615e-05
8.099926162685733e-06
0.0
0.0
3.524773273966275e-05
6.999279139563441e-05
0.00010375002602813765
0.0001360062597086653
0.00016622102702967823
0.00019383939797990024
0.00021831830963492393
0.00023917302314657718
0.00025601364905014634
0.00026860382058657706
0.00027687271358445287
0.0002809459110721946
0.00028111133724451065
0.00027780290110968053
0.0002715388545766473
0.00026287863147445023
0.00025237316731363535
0.00024052801018115133
0.00022778648417443037
0.00021451323118526489
0.0002010029274970293
0.00018747833382803947
0.00017410768487025052
0.00016100793436635286
0.000148260107380338
0.00013591277820523828
0.00012399272236507386
0.00011250734678469598
0.00010145142732653767
9.080862218979746e-05
8.055548096308485e-05
7.066241232678294e-05
6.109599053161219e-05
5.181953019928187e-05
4.2794374166987836e-05
3.398024273337796e-05
2.5335906684631482e-05
1.6819389202282764e-05
8.388307833229192e-06
0.0
0.0
3.970033867517486e-05
7.884914521127939e-05
0.00011692819680320099
0.00015336484648287296
0.00018753095355350524
0.00021875502716284245
0.0002463602868374437
0.00026972731575369835
0.00028835012926720083
0.00030191923724487424
0.000310343544697389
0.00031379336724057794
0.00031265453435480595
0.0003075023414567113
0.0002990156353916973
0.00028791395016014576
0.00027489158674143255
0.00026056746719405055
0.00024546816712245345
0.00023000942019280046
0.00021451323118526489
0.00019920969498343766
0.00018426244787406176
0.0001697755797067657
0.0001558136282255873
0.00014240696327760816
0.00012956425780430436
0.00011727576929843053
0.00010552033927524462
9.426727774553001e-05
8.348018309334293e-05
7.311798981390893e-05
6.31369766779244e-05
5.349134517018683e-05
4.413423084770329e-05
3.50179907400161e-05
2.6094650820596144e-05
1.731602787913289e-05
8.633893230580725e-06
0.0
0.0
4.458468174561858e-05
8.857177454046905e-05
0.00013142511306796223
0.0001725146867102012
0.00021111383102834225
0.0002464091230649501
0.00027755493647418916
0.0003037572605535388
0.000324356893543154
0.00033894620719365776
0.00034740485716611147
0.0003499600279610604
0.00034712383057922125
0.00033965392503887415
0.00032843457302078605
0.0003143868234474212
0.00029838134651072323
0.00028117161127738655
0.0002633780241012573
0.00024546816712245345
0.00022778648417443037
0.00021056151308584958
0.00019394249829929322
0.0001780110615072772
0.0001628066529519856
0.00014833446766715497
0.00013457931345328689
0.00012150991824455559
0.00010908579133683816
9.725940617499873e-05
8.597948908573017e-05
7.51921470509842e-05
6.484236655524e-05
5.48745556443464e-05
4.5233144192025065e-05
3.586282400647178e-05
2.6708663426688872e-05
1.771617644408252e-05
8.831236300466117e-06
0.0
0.0
4.9848880735225976e-05
9.905864862957969e-05
0.00014709719107486308
0.00019328284543007612
0.00023678047000430524
0.00027660749037750065
0.0003117102605756372
0.00034107445389963686
0.0003638450871221721
0.0003794871154241264
0.000387840234907344
0.00038920179940760136
0.00038424215745180845
0.0003739476087503135
0.00035945791751146317
0.0003419409040361643
0.00032247896888293326
0.00030198137392289937
0.00028117161127738655
0.00026056746719405055
0.00024052801018115133
0.00022126900148577988
0.0002029133029282093
0.00018550900858826935
0.00016906102246139199
0.00015354176866821945
0.0001389063982060179
0.00012509770749602467
0.0001120526940212585
9.970470273401588e-05
8.798597264103591e-05
7.682869181735441e-05
6.616579048568383e-05
5.593142850557342e-05
4.6061053581070155e-05
3.6491572245722637e-05
2.7161075195181184e-05
1.800883183022961e-05
8.97490645002108e-06
0.0
0.0
5.538693585549481e-05
0.0001100991212297231
0.00016363669419661164
0.0002152756933355704
0.0002640649036038667
0.00030882577993907034
0.00034825660986825824
0.0003810753405559808
0.0004061861545778811
0.00042289550765417516
0.00043099126196466386
0.00043085438665002584
0.0004233467043377459
0.000409730855608359
0.0003914530680049211
0.000369973509805277
0.00034662079997360706
0.00032247896888293326
0.00029838134651072323
0.00027489158674143255
0.00025237316731363535
0.00023101591796148568
0.00021090300288051367
0.0001920373906614259
0.0001743797183735296
0.00015786236326675862
0.00014240517339203507
0.00012792124471161515
0.00011432229075580835
0.00010152072354685515
8.943111606640741e-05
7.79710098868236e-05
6.70608933432959e-05
5.662449621013366e-05
4.6588284021709114e-05
3.68814762623515e-05
2.7435380616225302e-05
1.81832438101992e-05
9.059606782102492e-06
0.0
0.0
6.10161769145634e-05
0.00012132895790273324
0.00018050160724669695
0.0002377804194111377
0.00029209424974396825
0.0003420466964598745
0.0003860534343402833
0.00042252239654771984
0.00045007633161731064
0.0004678347322624177
0.0004755224217660725
0.000473615771625191
0.0004631973279174417
0.0004458478360902518
0.00042336477781645954
0.0003975390864070505
0.000369973509805277
0.0003419409040361643
0.0003143868234474212
0.00028791395016014576
0.00026287863147445023
0.0002394311741227284
0.0002176024136133492
0.00019733932276722044
0.00017854974430520087
0.00016111978038679808
0.0001449296105420217
0.0001298598072025925
0.00011579486454138532
0.00010262528667226434
9.02473766473122e-05
7.85638767411001e-05
6.748284795321524e-05
5.691781552741304e-05
4.678655750467442e-05
3.701097739394754e-05
2.751600550254807e-05
1.8229313354822807e-05
9.080368727154564e-06
0.0
0.0
6.648007547482848e-05
0.00013223539281170815
0.00019692211935762316
0.00025977089535444975
0.0003195925091858953
0.0003747603332158178
0.00042338520870544016
0.0004635361838154495
0.000493526051286608
0.0005122669972479343
0.0005194121040403843
0.0005155409453436732
0.0005019763484597206
0.00048064562724903226
0.0004537265922408551
0.00042336477781645954
0.0003914530680049211
0.00035945791751146317
0.00032843457302078605
0.0002990156353916973
0.0002715388545766473
0.0002461033873260021
0.0002226771757705137
0.0002011431206483394
0.00018135015852749348
0.0001631342020118609
0.00014633321552537382
0.00013079389464110136
0.00011637296847766265
0.0001029389604809694
9.037016570800915e-05
7.855496369302273e-05
6.738955562468618e-05
5.677788794855587e-05
4.6629687858512625e-05
3.686021227622405e-05
2.7388670787331648e-05
1.813780727388803e-05
9.032662092067767e-06
0.0
0.0
7.144609844544902e-05
0.00014215383271221071
0.00021189350809436291
0.00027989401132799685
0.0003448569623287767
0.0004049285489600152
0.0004579134110826999
0.0005015364731661975
0.0005337939946912229
0.0005533850053325295
0.0005598878487944603
0.0005539858248084784
0.000537245417945087
0.0005119449342601001
0.00048064562724903226
0.0004458478360902518
0.000409730855608359
0.0003739476087503135
0.00033965392503887415
0.0003075023414567113
0.00027780290110968053
0.0002505960292182863
0.0002257812739117071
0.0002031738986261189
0.00018256198382005095
0.00016373064136132598
0.0001464757660869509
0.00013061091885901988
0.0001159660896519199
0.00010238896356895566
8.974101365311071e-05
7.789745723130181e-05
6.67437634547241e-05
5.6175351346610114e-05
4.60949340777006e-05
3.641207149485126e-05
2.7041145585826598e-05
1.7900851162266918e-05
8.912630619306583e-06
0.0
0.0
7.553701288998127e-05
0.0001503297535236925
0.00022427058138418943
0.00029659830033779144
0.0003659221692942083
0.0004301836306694895
0.0004869067342951894
0.0005334981251507998
0.0005676595610566437
0.0005878910305909812
0.0005937001551501453
0.0005858659278601408
0.000566180155146867
0.000537245417945087
0.0005019763484597206
0.0004631973279174417
0.0004233467043377459
0.00038424215745180845
0.00034712383057922125
0.00031265453435480595
0.00028111133724451065
0.0002524747687857598
0.00022657692898064852
0.00020316813606768847
0.00018197881581727415
0.00016274672816507518
0.0001452291035093367
0.00012920942390337586
0.00011449376324890181
0.00010091143485624343
8.8309301645495e-05
7.655133231310174e-05
6.55139738228172e-05
5.508568210643716e-05
4.5163495087763295e-05
3.5652519727591425e-05
2.646348366397433e-05
1.7512080376036465e-05
8.717172022443265e-06
0.0
0.0
7.836978329578415e-05
0.00015599736070726067
0.00023288749798666686
0.00030829673050902784
0.0003807669854722917
0.00044807849917560816
0.0005075304070487618
0.0005562716396525502
0.0005917643429711461
0.0006123462226241827
0.000617466343101114
0.0006079813465476036
0.0005858659278601408
0.0005539858248084784
0.0005155409453436732
0.000473615771625191
0.00043085438665002584
0.00038920179940760136
0.0003499600279610604
0.00031379336724057794
0.0002809459110721946
0.0002513444924261421
0.00022476250887848437
0.00020089471945539117
0.00017942284466698766
0.0001600451214471832
0.0001424867514288053
0.00012650666758418083
0.00011189158976776525
9.845625754678622e-05
8.603608148405328e-05
7.448641554219648e-05
6.367697642417625e-05
5.349114871933125e-05
4.382203769637272e-05
3.4571803553262725e-05
2.564886563050095e-05
1.6967178453342058e-05
8.444195373158436e-06
0.0
0.0
7.960515358718112e-05
0.00015847863687667996
0.0002367103152209893
0.00031357831903733313
0.0003875894472002983
0.0004564255941659212
0.0005172445671632886
0.0005670308601111174
0.0006030925433151424
0.0006236622575670481
0.0006281512905843556
0.000617466343101114
0.0005937001551501453
0.0005598878487944603
0.0005194121040403843
0.0004755224217660725
0.00043099126196466386
0.000387840234907344
0.00034740485716611147
0.000310343544697389
0.00027687271358445287
0.00024687882978469133
0.00022009239182807505
0.00019616838835645467
0.00017475396452937275
0.00015551954857073724
0.0001381679903715849
0.00012244132813066244
0.00010811310494318604
9.498830331722274e-05
8.289492689073086e-05
7.168295269366354e-05
6.121811020420864e-05
5.138101914781146e-05
4.206282756058499e-05
3.3164476917590946e-05
2.459362985973712e-05
1.6263897123280913e-05
8.092632924672216e-06
0.0
0.0
7.900926721049473e-05
0.00015730605809949338
0.00023502609110437334
0.0003114700666628778
0.000385146529879421
0.0004537156200967729
0.0005142967565916479
0.0005638256552629173
0.0005995630635879934
0.0006197087932378054
0.0006236622575670481
0.0006123462226241827
0.0005878910305909812
0.0005533850053325295
0.0005122669972479343
0.0004678347322624177
0.00042289550765417516
0.0003794871154241264
0.00033894620719365776
0.00030191923724487424
0.00026860382058657706
0.0002388641150901094
0.00021240867499727756
0.00018887278565671295
0.00016788678476586938
0.00014910769823472947
0.00013222781126387417
0.00011698128218995407
0.00010313576785847545
9.049219079315662e-05
7.887570973252878e-05
6.813462823629379e-05
5.813375537400134e-05
4.875348531641066e-05
3.988522075815126e-05
3.1430554372491315e-05
2.3298085579881445e-05
1.5402581993839704e-05
7.66269749874482e-06
0.0
0.0
7.647759048268199e-05
0.00015227140102069825
0.0002275184087920934
0.00030154205160215497
0.0003728918090928346
0.0004392882692627609
0.000497923290822655
0.0005458088708110154
0.0005802738014608622
0.0005995630635879934
0.0006030925433151424
0.0005917643429711461
0.0005676595610566437
0.0005337939946912229
0.000493526051286608
0.00045007633161731064
0.0004061861545778811
0.0003638450871221721
0.000324356893543154
0.00028835012926720083
0.00025601364905014634
0.0002272095443913713
0.00020164711168035865
0.0001789637899491936
0.0001587923034094274
0.00014079187531024218
0.0001246568135684356
0.0001101231828215532
9.696051711216569e-05
8.497173257637769e-05
7.39840543246828e-05
6.384801963577047e-05
5.4430780437542126e-05
4.561521200230345e-05
3.729527088580653e-05
2.9375196390901692e-05
2.17662745853886e-05
1.4386005204869434e-05
7.155800176406046e-06
0.0
0.0
7.206660666270182e-05
0.00014348761760629714
0.00021436289534904063
0.0002840404922608286
0.00035114900674670935
0.0004135470953769982
0.0004686031606979668
0.0005135222454555333
0.0005458088708110154
0.0005638256552629173
0.0005670308601111174
0.0005562716396525502
0.0005334981251507998
0.0005015364731661975
0.0004635361838154495
0.00042252239654771984
0.0003810753405559808
0.00034107445389963686
0.0003037572605535388
0.00026972731575369835
0.00023917302314657718
0.00021197226305957884
0.00018785592692438513
0.00016648383461870253
0.0001475090248277411
0.0001306077028857544
0.00011548826296348125
0.00010189810564043
8.961628191173077e-05
7.845360960345715e-05
6.824429874541238e-05
5.8844998420681804e-05
5.012851033825427e-05
4.1982879338320345e-05
3.430696597206406e-05
2.700963887036778e-05
2.0006649720016867e-05
1.3219813808973413e-05
6.574766302946955e-06
0.0
0.0
6.596134335268289e-05
0.0001313253160333261
0.00019612914184108377
0.00025975130847655237
0.0003209338174201548
0.0003777389065362513
0.00042779752402566373
0.0004686031606979668
0.000497923290822655
0.0005142967565916479
0.0005172445671632886
0.0005075304070487618
0.0004869067342951894
0.0004579134110826999
0.00042338520870544016
0.0003860534343402833
0.00034825660986825824
0.0003117102605756372
0.00027755493647418916
0.0002463602868374437
0.00021831830963492393
0.00019333549425937235
0.00017118013056460768
0.00015155042638070881
0.00013413441774901003
0.00011863764666486531
0.00010479303455213085
9.236761252395809e-05
8.115680248010904e-05
7.098482456058264e-05
6.169740663608536e-05
5.316104943631217e-05
4.5257325837155804e-05
3.7882076867390424e-05
3.0941315344534814e-05
2.4350494641112164e-05
1.8031560102826916e-05
1.1912189620488789e-05
5.9236713241261896e-06
0.0
0.0
5.845059786224738e-05
0.00011636223644018173
0.0001737022103043273
0.00022989031276665628
0.0002838103100657463
0.00033377541694790125
0.0003777389065362513
0.0004135470953769982
0.0004392882692627609
0.0004537156200967729
0.0004564255941659212
0.00044807849917560816
0.0004301836306694895
0.0004049285489600152
0.0003747603332158178
0.0003420466964598745
0.00030882577993907034
0.00027660749037750065
0.0002464091230649501
0.00021875502716284245
0.00019383939797990024
0.0001716028491500765
0.00015185977099463344
0.00013435677101369947
0.00011882671969942749
0.00010501342330826446
9.268211579183117e-05
8.162610902218148e-05
7.16628273949027e-05
6.263459363253787e-05
5.440264067146927e-05
4.684666419052519e-05
3.9859838580014184e-05
3.334823122713715e-05
2.7227117243455723e-05
2.1420342818601057e-05
1.5857680409681052e-05
1.0474126611370593e-05
5.2079772103752475e-06
0.0
0.0
4.986489511793479e-05
9.9259486887604e-05
0.00014809206186328083
0.00019583909306675196
0.00024154777929652482
0.0002838103100657463
0.0003209338174201548
0.00035114900674670935
0.0003728918090928346
0.000385146529879421
0.0003875894472002983
0.0003807669854722917
0.0003659221692942083
0.0003448569623287767
0.0003195925091858953
0.00029209424974396825
0.0002640649036038667
0.00023678047000430524
0.00021111383102834225
0.00018753095355350524
0.00016622102702967823
0.00014715695579070598
0.00013020065671298653
0.00011515078949742019
0.00010178973752772436
8.990462811198086e-05
7.92980645201169e-05
6.979428872000426e-05
6.123698403825983e-05
5.349031198420562e-05
4.6434321120614186e-05
3.9964714233065024e-05
3.398879198357463e-05
2.8424959964468144e-05
2.319964005437214e-05
1.824672654038295e-05
1.3505287824955303e-05
8.918966159399133e-06
4.434301445144229e-06
0.0
0.0
4.0526378143113106e-05
8.066132431849837e-05
0.0001202783896587789
0.00015892910596448928
0.00019583909306675196
0.00022989031276665628
0.00025975130847655237
0.0002840404922608286
0.00030154205160215497
0.0003114700666628778
0.00031357831903733313
0.00030829673050902784
0.00029659830033779144
0.00027989401132799685
0.00025977089535444975
0.0002377804194111377
0.0002152756933355704
0.00019328284543007612
0.0001725146867102012
0.00015336484648287296
0.0001360062597086653
0.00012043652532156557
0.00010656035738065839
9.422686707694083e-05
8.326811803271994e-05
7.351630483753979e-05
6.481382297351956e-05
5.7018693041754887e-05
5.000373494112864e-05
4.365772838355042e-05
3.7882076867390424e-05
3.259080040152185e-05
2.7707359549822286e-05
2.3164324375102296e-05
1.8900866052717902e-05
1.486234032199718e-05
1.0998394827765878e-05
7.262482085934607e-06
3.6104618175158976e-06
0.0
0.0
3.071024548262358e-05
6.111691618571058e-05
9.109116945182905e-05
0.0001202783896587789
0.00014809206186328083
0.0001737022103043273
0.00019612914184108377
0.00021436289534904063
0.0002275184087920934
0.00023502609110437334
0.0002367103152209893
0.00023288749798666686
0.00022427058138418943
0.00021189350809436291
0.00019692211935762316
0.00018050160724669695
0.00016363669419661164
0.00014709719107486308
0.00013142511306796223
0.00011692819680320099
0.00010375002602813765
9.190169657813385e-05
8.132235961966217e-05
7.190631731646135e-05
6.353246863000095e-05
5.607736966339871e-05
4.942367013427429e-05
4.346454807091504e-05
3.810368070844561e-05
3.3256332244491205e-05
2.8847140129073523e-05
2.4810186005197465e-05
2.1086707420181483e-05
1.762487954692915e-05
1.4377932529896498e-05
1.1303844985377509e-05
8.36390427139122e-06
5.522329956875183e-06
2.7452028916741256e-06
0.0
0.0
2.0614019376807846e-05
4.1019837226485834e-05
6.111691618571058e-05
8.066132431849837e-05
9.9259486887604e-05
0.00011636223644018173
0.0001313253160333261
0.00014348761760629714
0.00015227140102069825
0.00015730605809949338
0.00015847863687667996
0.00015599736070726067
0.0001503297535236925
0.00014215383271221071
0.00013223539281170815
0.00012132895790273324
0.0001100991212297231
9.905864862957969e-05
8.857177454046905e-05
7.884914521127939e-05
6.999279139563441e-05
6.201617361512035e-05
5.488384704221971e-05
4.852907659369521e-05
4.287366755306721e-05
3.7836667615920305e-05
3.334044595248997e-05
2.9313756385818124e-05
2.5692037525004707e-05
2.2418240405386314e-05
1.944148425536696e-05
1.6717171092750505e-05
1.4205485967977438e-05
1.1871287824760657e-05
9.682847121439409e-06
7.611654837091919e-06
5.631444764730986e-06
3.717944309755694e-06
1.8481482584320474e-06
0.0
0.0
1.0361754902987741e-05
2.0614019376807846e-05
3.071024548262358e-05
4.0526378143113106e-05
4.986489511793479e-05
5.845059786224738e-05
6.596134335268289e-05
7.206660666270182e-05
7.647759048268199e-05
7.900926721049473e-05
7.960515358718112e-05
7.836978329578415e-05
7.553701288998127e-05
7.144609844544902e-05
6.648007547482848e-05
6.10161769145634e-05
5.538693585549481e-05
4.9848880735225976e-05
4.458468174561858e-05
3.970033867517486e-05
3.524773273966275e-05
3.1234514608513564e-05
2.7643800422083586e-05
2.4442919311695732e-05
2.1593259589280933e-05
1.905464341689367e-05
1.6788362700026482e-05
1.4758784345758613e-05
1.293351760978112e-05
1.1283878848189488e-05
9.78424031927716e-06
8.412110219069291e-06
7.147390988393454e-06
5.972336566628655e-06
4.8709175644034985e-06
3.8287298593786545e-06
2.8325025596132036e-06
1.8699730617299792e-06
9.295192739955382e-07
0.0
0.0
0.0
0.0
0.0
0.0
0.0
0.0
0.0
0.0
0.0
0.0
0.0
0.0
0.0
0.0
0.0
0.0
0.0
0.0
0.0
0.0
0.0
0.0
0.0
0.0
0.0
0.0
0.0
0.0
0.0
0.0
0.0
0.0
0.0
0.0
0.0
0.0
0.0
0.0
0.0
0.0
