2.0
1.9969173669815063
1.9876883029937744
1.972369909286499
1.9510564804077148
1.9238795042037964
1.8910064697265625
1.852640151977539
1.8090169429779053
1.7604060173034668
1.7071068286895752
1.649448037147522
1.587785243988037
1.522498607635498
1.4539904594421387
1.3826833963394165
1.3090169429779053
1.233445405960083
1.156434416770935
1.0784591436386108
1.0
0.9215409159660339
0.8435655236244202
0.7665546536445618
0.69098299741745
0.6173165440559387
0.5460094809532166
0.47750142216682434
0.4122147560119629
0.350551962852478
0.2928932309150696
0.23959402740001678
0.19098301231861115
0.14735983312129974
0.10899347811937332
0.07612046599388123
0.04894348233938217
0.02763007953763008
0.012311659753322601
0.003082666313275695
0.0
1.9969173669815063
1.9759613275527954
1.9553959369659424
1.932311773300171
1.9057904481887817
1.8752957582473755
1.840624213218689
1.8017078638076782
1.7585936784744263
1.7113978862762451
1.6602997779846191
1.6055232286453247
1.5473350286483765
1.4860334396362305
1.4219480752944946
1.3554314374923706
1.286858081817627
1.2166186571121216
1.1451183557510376
1.0727715492248535
1.0
0.9272284507751465
0.8548817038536072
0.7833813428878784
0.7131419777870178
0.6445686221122742
0.5780518651008606
0.5139665007591248
0.4526650011539459
0.3944767713546753
0.33970025181770325
0.28860217332839966
0.24140629172325134
0.19829216599464417
0.15937577188014984
0.1247042641043663
0.09420959651470184
0.06768825650215149
0.04460412263870239
0.024038707837462425
0.003082666313275695
1.9876883029937744
1.9553959369659424
1.925506830215454
1.8956860303878784
1.864406704902649
1.8308053016662598
1.7943910360336304
1.7548824548721313
1.7121608257293701
1.6662070751190186
1.6170897483825684
1.5649362802505493
1.5099297761917114
1.4522923231124878
1.3922840356826782
1.330191969871521
1.2663289308547974
1.2010259628295898
1.1346303224563599
1.0674997568130493
1.0
0.9325003027915955
0.8653697371482849
0.7989740371704102
0.7336710691452026
0.669808030128479
0.607715904712677
0.5477076172828674
0.49007025361061096
0.4350636601448059
0.38291025161743164
0.33379286527633667
0.2878391742706299
0.24511760473251343
0.20560899376869202
0.16919471323490143
0.1355932503938675
0.104313924908638
0.07449314743280411
0.04460412263870239
0.012311659753322601
1.972369909286499
1.932311773300171
1.8956860303878784
1.8604878187179565
1.8252792358398438
1.7890516519546509
1.7511621713638306
1.7111833095550537
1.668871283531189
1.6240973472595215
1.5768356323242188
1.5271297693252563
1.4750877618789673
1.4208627939224243
1.3646512031555176
1.3066797256469727
1.2472038269042969
1.1864991188049316
1.1248588562011719
1.0625879764556885
1.0
0.9374119639396667
0.8751411437988281
0.8135009407997131
0.7527961730957031
0.6933202743530273
0.6353487968444824
0.5791371464729309
0.5249122381210327
0.4728701710700989
0.42316433787345886
0.3759026527404785
0.33112868666648865
0.2888166606426239
0.24883782863616943
0.21094834804534912
0.17472082376480103
0.13951218128204346
0.104313924908638
0.06768825650215149
0.02763007953763008
1.9510564804077148
1.9057904481887817
1.864406704902649
1.8252792358398438
1.7871053218841553
1.7488946914672852
1.7099409103393555
1.669739007949829
1.6279609203338623
1.5843980312347412
1.5389498472213745
1.4915906190872192
1.4423640966415405
1.391363263130188
1.3387277126312256
1.2846298217773438
1.2292729616165161
1.172881841659546
1.1157004833221436
1.0579848289489746
1.0
0.9420151710510254
0.8842995166778564
0.8271180987358093
0.7707270979881287
0.7153701782226562
0.6612723469734192
0.608636736869812
0.5576359629631042
0.5084094405174255
0.4610501527786255
0.4156019687652588
0.3720390498638153
0.3302610218524933
0.2900591194629669
0.2511053681373596
0.21289463341236115
0.17472082376480103
0.1355932503938675
0.09420959651470184
0.04894348233938217
1.9238795042037964
1.8752957582473755
1.8308053016662598
1.7890516519546509
1.7488946914672852
1.7094069719314575
1.6698843240737915
1.6297913789749146
1.5887529850006104
1.546507477760315
1.5029000043869019
1.4578505754470825
1.4113507270812988
1.3634425401687622
1.3142164945602417
1.263797402381897
1.2123420238494873
1.1600295305252075
1.1070590019226074
1.0536421537399292
1.0
0.9463578462600708
0.8929409384727478
0.8399704694747925
0.7876579761505127
0.736202597618103
0.6857834458351135
0.6365574598312378
0.5886492729187012
0.5421494245529175
0.49709999561309814
0.4534924626350403
0.41124704480171204
0.37020862102508545
0.3301156461238861
0.2905929982662201
0.2511053681373596
0.21094834804534912
0.16919471323490143
0.1247042641043663
0.07612046599388123
1.8910064697265625
1.840624213218689
1.7943910360336304
1.7511621713638306
1.7099409103393555
1.6698843240737915
1.6303201913833618
1.5907154083251953
1.5506751537322998
1.5099077224731445
1.4682215452194214
1.42549729347229
1.3816853761672974
1.3367869853973389
1.2908512353897095
1.243962049484253
1.1962356567382812
1.1478110551834106
1.098847508430481
1.0495165586471558
1.0
0.9504834413528442
0.9011525511741638
0.8521888852119446
0.8037643432617188
0.7560380101203918
0.7091487646102905
0.6632130146026611
0.6183145642280579
0.57450270652771
0.5317784547805786
0.4900922477245331
0.4493248760700226
0.4092845618724823
0.3696797490119934
0.3301156461238861
0.2900591194629669
0.24883782863616943
0.20560899376869202
0.15937577188014984
0.10899347811937332
1.852640151977539
1.8017078638076782
1.7548824548721313
1.7111833095550537
1.669739007949829
1.6297913789749146
1.5907154083251953
1.5519989728927612
1.5132468938827515
1.4741555452346802
1.434511423110962
1.3941686153411865
1.353047490119934
1.3111170530319214
1.2683930397033691
1.2249253988265991
1.180795669555664
1.136108160018921
1.090986967086792
1.0455687046051025
1.0
0.9544312357902527
0.909013032913208
0.8638917803764343
0.8192042708396912
0.7750746011734009
0.7316069006919861
0.6888829469680786
0.6469525098800659
0.6058314442634583
0.5654886364936829
0.525844395160675
0.48675304651260376
0.44800105690956116
0.4092845618724823
0.37020862102508545
0.3302610218524933
0.2888166606426239
0.24511760473251343
0.19829216599464417
0.14735983312129974
1.8090169429779053
1.7585936784744263
1.7121608257293701
1.668871283531189
1.6279609203338623
1.5887529850006104
1.5506751537322998
1.5132468938827515
1.4760863780975342
1.438889980316162
1.4014348983764648
1.363559603691101
1.325163722038269
1.2861924171447754
1.2466354370117188
1.206514835357666
1.1658838987350464
1.1248170137405396
1.083408236503601
1.0417640209197998
1.0
0.9582359790802002
0.9165917634963989
0.8751829862594604
0.8341161012649536
0.7934851050376892
0.753364622592926
0.7138075828552246
0.674836277961731
0.6364403367042542
0.5985650420188904
0.5611100196838379
0.5239136815071106
0.48675304651260376
0.4493248760700226
0.41124704480171204
0.3720390498638153
0.33112868666648865
0.2878391742706299
0.24140629172325134
0.19098301231861115
1.7604060173034668
1.7113978862762451
1.6662070751190186
1.6240973472595215
1.5843980312347412
1.546507477760315
1.5099077224731445
1.4741555452346802
1.438889980316162
1.4038176536560059
1.3687150478363037
1.3334141969680786
1.2978017330169678
1.261806607246399
1.2253992557525635
1.1885802745819092
1.1513792276382446
1.1138464212417603
1.0760504007339478
1.038071870803833
1.0
0.961928129196167
0.9239495396614075
0.8861536383628845
0.8486208319664001
0.8114197850227356
0.7746006846427917
0.7381933331489563
0.702198326587677
0.6665858626365662
0.6312848925590515
0.5961824059486389
0.5611100196838379
0.525844395160675
0.4900922477245331
0.4534924626350403
0.4156019687652588
0.3759026527404785
0.33379286527633667
0.28860217332839966
0.23959402740001678
1.7071068286895752
1.6602997779846191
1.6170897483825684
1.5768356323242188
1.5389498472213745
1.5029000043869019
1.4682215452194214
1.434511423110962
1.4014348983764648
1.3687150478363037
1.3361353874206543
1.303527593612671
1.270772933959961
1.2377903461456299
1.2045364379882812
1.1709957122802734
1.1371798515319824
1.1031193733215332
1.0688618421554565
1.0344663858413696
1.0
0.9655336141586304
0.9311380982398987
0.8968806862831116
0.8628201484680176
0.8290042281150818
0.7954636216163635
0.7622096538543701
0.7292270660400391
0.6964723467826843
0.6638646125793457
0.6312848925590515
0.5985650420188904
0.5654886364936829
0.5317784547805786
0.49709999561309814
0.4610501527786255
0.42316433787345886
0.38291025161743164
0.33970025181770325
0.2928932309150696
1.649448037147522
1.6055232286453247
1.5649362802505493
1.5271297693252563
1.4915906190872192
1.4578505754470825
1.42549729347229
1.3941686153411865
1.363559603691101
1.3334141969680786
1.303527593612671
1.2737376689910889
1.2439250946044922
1.214004397392273
1.183923602104187
1.153656244277954
1.1232001781463623
1.0925706624984741
1.0617986917495728
1.0309255123138428
1.0
0.969074547290802
0.938201367855072
0.9074293971061707
0.8767998218536377
0.8463437557220459
0.816076397895813
0.7859956622123718
0.7560749053955078
0.7262622714042664
0.6964723467826843
0.6665858626365662
0.6364403367042542
0.6058314442634583
0.57450270652771
0.5421494245529175
0.5084094405174255
0.4728701710700989
0.4350636601448059
0.3944767713546753
0.350551962852478
1.587785243988037
1.5473350286483765
1.5099297761917114
1.4750877618789673
1.4423640966415405
1.4113507270812988
1.3816853761672974
1.353047490119934
1.325163722038269
1.2978017330169678
1.270772933959961
1.2439250946044922
1.217143177986145
1.190341591835022
1.1634644269943237
1.136478304862976
1.1093714237213135
1.0821475982666016
1.0548251867294312
1.0274312496185303
1.0
0.9725688099861145
0.9451748132705688
0.9178523421287537
0.8906286358833313
0.8635216951370239
0.8365355730056763
0.809658408164978
0.782856822013855
0.7560749053955078
0.7292270660400391
0.702198326587677
0.674836277961731
0.6469525098800659
0.6183145642280579
0.5886492729187012
0.5576359629631042
0.5249122381210327
0.49007025361061096
0.4526650011539459
0.4122147560119629
1.522498607635498
1.4860334396362305
1.4522923231124878
1.4208627939224243
1.391363263130188
1.3634425401687622
1.3367869853973389
1.3111170530319214
1.2861924171447754
1.261806607246399
1.2377903461456299
1.214004397392273
1.190341591835022
1.1667201519012451
1.1430838108062744
1.1193958520889282
1.0956385135650635
1.0718079805374146
1.04791259765625
1.023969054222107
1.0
0.9760309457778931
0.95208740234375
0.9281920194625854
0.9043614268302917
0.8806041479110718
0.8569161891937256
0.8332798480987549
0.809658408164978
0.7859956622123718
0.7622096538543701
0.7381933331489563
0.7138075828552246
0.6888829469680786
0.6632130146026611
0.6365574598312378
0.608636736869812
0.5791371464729309
0.5477076172828674
0.5139665007591248
0.47750142216682434
1.4539904594421387
1.4219480752944946
1.3922840356826782
1.3646512031555176
1.3387277126312256
1.3142164945602417
1.2908512353897095
1.2683930397033691
1.2466354370117188
1.2253992557525635
1.2045364379882812
1.183923602104187
1.1634644269943237
1.1430838108062744
1.1227282285690308
1.102360725402832
1.081960916519165
1.061519742012024
1.041038990020752
1.020527720451355
1.0
0.9794722199440002
0.9589609503746033
0.9384803175926208
0.918039083480835
0.8976392149925232
0.877271831035614
0.8569161891937256
0.8365355730056763
0.816076397895813
0.7954636216163635
0.7746006846427917
0.753364622592926
0.7316069006919861
0.7091487646102905
0.6857834458351135
0.6612723469734192
0.6353487968444824
0.607715904712677
0.5780518651008606
0.5460094809532166
1.3826833963394165
1.3554314374923706
1.330191969871521
1.3066797256469727
1.2846298217773438
1.263797402381897
1.243962049484253
1.2249253988265991
1.206514835357666
1.1885802745819092
1.1709957122802734
1.153656244277954
1.136478304862976
1.1193958520889282
1.102360725402832
1.0853385925292969
1.0683084726333618
1.05125892162323
1.034187912940979
1.0170989036560059
1.0
0.9829010367393494
0.965812087059021
0.94874107837677
0.931691586971283
0.9146613478660583
0.8976392149925232
0.8806041479110718
0.8635216951370239
0.8463437557220459
0.8290042281150818
0.8114197850227356
0.7934851050376892
0.7750746011734009
0.7560380101203918
0.736202597618103
0.7153701782226562
0.6933202743530273
0.669808030128479
0.6445686221122742
0.6173165440559387
1.3090169429779053
1.286858081817627
1.2663289308547974
1.2472038269042969
1.2292729616165161
1.2123420238494873
1.1962356567382812
1.180795669555664
1.1658838987350464
1.1513792276382446
1.1371798515319824
1.1232001781463623
1.1093714237213135
1.0956385135650635
1.081960916519165
1.0683084726333618
1.0546618700027466
1.0410099029541016
1.0273480415344238
1.0136767625808716
1.0
0.9863232374191284
0.972652018070221
0.9589901566505432
0.9453381299972534
0.931691586971283
0.918039083480835
0.9043614268302917
0.8906286358833313
0.8767998218536377
0.8628201484680176
0.8486208319664001
0.8341161012649536
0.8192042708396912
0.8037643432617188
0.7876579761505127
0.7707270979881287
0.7527961730957031
0.7336710691452026
0.7131419777870178
0.69098299741745
1.233445405960083
1.2166186571121216
1.2010259628295898
1.1864991188049316
1.172881841659546
1.1600295305252075
1.1478110551834106
1.136108160018921
1.1248170137405396
1.1138464212417603
1.1031193733215332
1.0925706624984741
1.0821475982666016
1.0718079805374146
1.061519742012024
1.05125892162323
1.0410099029541016
1.0307624340057373
1.0205119848251343
1.010257363319397
1.0
0.9897426962852478
0.9794880747795105
0.9692375659942627
0.9589901566505432
0.94874107837677
0.9384803175926208
0.9281920194625854
0.9178523421287537
0.9074293971061707
0.8968806862831116
0.8861536383628845
0.8751829862594604
0.8638917803764343
0.8521888852119446
0.8399704694747925
0.8271180987358093
0.8135009407997131
0.7989740371704102
0.7833813428878784
0.7665546536445618
1.156434416770935
1.1451183557510376
1.1346303224563599
1.1248588562011719
1.1157004833221436
1.1070590019226074
1.098847508430481
1.090986967086792
1.083408236503601
1.0760504007339478
1.0688618421554565
1.0617986917495728
1.0548251867294312
1.04791259765625
1.041038990020752
1.034187912940979
1.0273480415344238
1.0205119848251343
1.0136759281158447
1.0068385601043701
1.0
0.9931614995002747
0.9863240718841553
0.9794880747795105
0.972652018070221
0.965812087059021
0.9589609503746033
0.95208740234375
0.9451748132705688
0.938201367855072
0.9311380982398987
0.9239495396614075
0.9165917634963989
0.909013032913208
0.9011525511741638
0.8929409384727478
0.8842995166778564
0.8751411437988281
0.8653697371482849
0.8548817038536072
0.8435655236244202
1.0784591436386108
1.0727715492248535
1.0674997568130493
1.0625879764556885
1.0579848289489746
1.0536421537399292
1.0495165586471558
1.0455687046051025
1.0417640209197998
1.038071870803833
1.0344663858413696
1.0309255123138428
1.0274312496185303
1.023969054222107
1.020527720451355
1.0170989036560059
1.0136767625808716
1.010257363319397
1.0068385601043701
1.0034193992614746
1.0
0.9965805411338806
0.9931614995002747
0.9897426962852478
0.9863232374191284
0.9829010367393494
0.9794722199440002
0.9760309457778931
0.9725688099861145
0.969074547290802
0.9655336141586304
0.961928129196167
0.9582359790802002
0.9544312357902527
0.9504834413528442
0.9463578462600708
0.9420151710510254
0.9374119639396667
0.9325003027915955
0.9272284507751465
0.9215409159660339
1.0
1.0
1.0
1.0
1.0
1.0
1.0
1.0
1.0
1.0
1.0
1.0
1.0
1.0
1.0
1.0
1.0
1.0
1.0
1.0
1.0
1.0
1.0
1.0
1.0
1.0
1.0
1.0
1.0
1.0
1.0
1.0
1.0
1.0
1.0
1.0
1.0
1.0
1.0
1.0
1.0
0.9215409159660339
0.9272284507751465
0.9325003027915955
0.9374119639396667
0.9420151710510254
0.9463578462600708
0.9504834413528442
0.9544312357902527
0.9582359790802002
0.961928129196167
0.9655336141586304
0.969074547290802
0.9725688099861145
0.9760309457778931
0.9794722199440002
0.9829010367393494
0.9863232374191284
0.9897426962852478
0.9931614995002747
0.9965805411338806
1.0
1.0034193992614746
1.0068385601043701
1.010257363319397
1.0136767625808716
1.0170989036560059
1.020527720451355
1.023969054222107
1.0274312496185303
1.0309255123138428
1.0344663858413696
1.038071870803833
1.0417640209197998
1.0455687046051025
1.0495165586471558
1.0536421537399292
1.0579848289489746
1.0625879764556885
1.0674997568130493
1.0727715492248535
1.0784591436386108
0.8435655236244202
0.8548817038536072
0.8653697371482849
0.8751411437988281
0.8842995166778564
0.8929409384727478
0.9011525511741638
0.909013032913208
0.9165917634963989
0.9239495396614075
0.9311380982398987
0.938201367855072
0.9451748132705688
0.95208740234375
0.9589609503746033
0.965812087059021
0.972652018070221
0.9794880747795105
0.9863240718841553
0.9931614995002747
1.0
1.0068385601043701
1.0136759281158447
1.0205119848251343
1.0273480415344238
1.034187912940979
1.041038990020752
1.04791259765625
1.0548251867294312
1.0617986917495728
1.0688618421554565
1.0760504007339478
1.083408236503601
1.090986967086792
1.098847508430481
1.1070590019226074
1.1157004833221436
1.1248588562011719
1.1346303224563599
1.1451183557510376
1.156434416770935
0.7665546536445618
0.7833813428878784
0.7989740371704102
0.8135009407997131
0.8271180987358093
0.8399704694747925
0.8521888852119446
0.8638917803764343
0.8751829862594604
0.8861536383628845
0.8968806862831116
0.9074293971061707
0.9178523421287537
0.9281920194625854
0.9384803175926208
0.94874107837677
0.9589901566505432
0.9692375659942627
0.9794880747795105
0.9897426962852478
1.0
1.010257363319397
1.0205119848251343
1.0307624340057373
1.0410099029541016
1.05125892162323
1.061519742012024
1.0718079805374146
1.0821475982666016
1.0925706624984741
1.1031193733215332
1.1138464212417603
1.1248170137405396
1.136108160018921
1.1478110551834106
1.1600295305252075
1.172881841659546
1.1864991188049316
1.2010259628295898
1.2166186571121216
1.233445405960083
0.69098299741745
0.7131419777870178
0.7336710691452026
0.7527961730957031
0.7707270979881287
0.7876579761505127
0.8037643432617188
0.8192042708396912
0.8341161012649536
0.8486208319664001
0.8628201484680176
0.8767998218536377
0.8906286358833313
0.9043614268302917
0.918039083480835
0.931691586971283
0.9453381299972534
0.9589901566505432
0.972652018070221
0.9863232374191284
1.0
1.0136767625808716
1.0273480415344238
1.0410099029541016
1.0546618700027466
1.0683084726333618
1.081960916519165
1.0956385135650635
1.1093714237213135
1.1232001781463623
1.1371798515319824
1.1513792276382446
1.1658838987350464
1.180795669555664
1.1962356567382812
1.2123420238494873
1.2292729616165161
1.2472038269042969
1.2663289308547974
1.286858081817627
1.3090169429779053
0.6173165440559387
0.6445686221122742
0.669808030128479
0.6933202743530273
0.7153701782226562
0.736202597618103
0.7560380101203918
0.7750746011734009
0.7934851050376892
0.8114197850227356
0.8290042281150818
0.8463437557220459
0.8635216951370239
0.8806041479110718
0.8976392149925232
0.9146613478660583
0.931691586971283
0.94874107837677
0.965812087059021
0.9829010367393494
1.0
1.0170989036560059
1.034187912940979
1.05125892162323
1.0683084726333618
1.0853385925292969
1.102360725402832
1.1193958520889282
1.136478304862976
1.153656244277954
1.1709957122802734
1.1885802745819092
1.206514835357666
1.2249253988265991
1.243962049484253
1.263797402381897
1.2846298217773438
1.3066797256469727
1.330191969871521
1.3554314374923706
1.3826833963394165
0.5460094809532166
0.5780518651008606
0.607715904712677
0.6353487968444824
0.6612723469734192
0.6857834458351135
0.7091487646102905
0.7316069006919861
0.753364622592926
0.7746006846427917
0.7954636216163635
0.816076397895813
0.8365355730056763
0.8569161891937256
0.877271831035614
0.8976392149925232
0.918039083480835
0.9384803175926208
0.9589609503746033
0.9794722199440002
1.0
1.020527720451355
1.041038990020752
1.061519742012024
1.081960916519165
1.102360725402832
1.1227282285690308
1.1430838108062744
1.1634644269943237
1.183923602104187
1.2045364379882812
1.2253992557525635
1.2466354370117188
1.2683930397033691
1.2908512353897095
1.3142164945602417
1.3387277126312256
1.3646512031555176
1.3922840356826782
1.4219480752944946
1.4539904594421387
0.47750142216682434
0.5139665007591248
0.5477076172828674
0.5791371464729309
0.608636736869812
0.6365574598312378
0.6632130146026611
0.6888829469680786
0.7138075828552246
0.7381933331489563
0.7622096538543701
0.7859956622123718
0.809658408164978
0.8332798480987549
0.8569161891937256
0.8806041479110718
0.9043614268302917
0.9281920194625854
0.95208740234375
0.9760309457778931
1.0
1.023969054222107
1.04791259765625
1.0718079805374146
1.0956385135650635
1.1193958520889282
1.1430838108062744
1.1667201519012451
1.190341591835022
1.214004397392273
1.2377903461456299
1.261806607246399
1.2861924171447754
1.3111170530319214
1.3367869853973389
1.3634425401687622
1.391363263130188
1.4208627939224243
1.4522923231124878
1.4860334396362305
1.522498607635498
0.4122147560119629
0.4526650011539459
0.49007025361061096
0.5249122381210327
0.5576359629631042
0.5886492729187012
0.6183145642280579
0.6469525098800659
0.674836277961731
0.702198326587677
0.7292270660400391
0.7560749053955078
0.782856822013855
0.809658408164978
0.8365355730056763
0.8635216951370239
0.8906286358833313
0.9178523421287537
0.9451748132705688
0.9725688099861145
1.0
1.0274312496185303
1.0548251867294312
1.0821475982666016
1.1093714237213135
1.136478304862976
1.1634644269943237
1.190341591835022
1.217143177986145
1.2439250946044922
1.270772933959961
1.2978017330169678
1.325163722038269
1.353047490119934
1.3816853761672974
1.4113507270812988
1.4423640966415405
1.4750877618789673
1.5099297761917114
1.5473350286483765
1.587785243988037
0.350551962852478
0.3944767713546753
0.4350636601448059
0.4728701710700989
0.5084094405174255
0.5421494245529175
0.57450270652771
0.6058314442634583
0.6364403367042542
0.6665858626365662
0.6964723467826843
0.7262622714042664
0.7560749053955078
0.7859956622123718
0.816076397895813
0.8463437557220459
0.8767998218536377
0.9074293971061707
0.938201367855072
0.969074547290802
1.0
1.0309255123138428
1.0617986917495728
1.0925706624984741
1.1232001781463623
1.153656244277954
1.183923602104187
1.214004397392273
1.2439250946044922
1.2737376689910889
1.303527593612671
1.3334141969680786
1.363559603691101
1.3941686153411865
1.42549729347229
1.4578505754470825
1.4915906190872192
1.5271297693252563
1.5649362802505493
1.6055232286453247
1.649448037147522
0.2928932309150696
0.33970025181770325
0.38291025161743164
0.42316433787345886
0.4610501527786255
0.49709999561309814
0.5317784547805786
0.5654886364936829
0.5985650420188904
0.6312848925590515
0.6638646125793457
0.6964723467826843
0.7292270660400391
0.7622096538543701
0.7954636216163635
0.8290042281150818
0.8628201484680176
0.8968806862831116
0.9311380982398987
0.9655336141586304
1.0
1.0344663858413696
1.0688618421554565
1.1031193733215332
1.1371798515319824
1.1709957122802734
1.2045364379882812
1.2377903461456299
1.270772933959961
1.303527593612671
1.3361353874206543
1.3687150478363037
1.4014348983764648
1.434511423110962
1.4682215452194214
1.5029000043869019
1.5389498472213745
1.5768356323242188
1.6170897483825684
1.6602997779846191
1.7071068286895752
0.23959402740001678
0.28860217332839966
0.33379286527633667
0.3759026527404785
0.4156019687652588
0.4534924626350403
0.4900922477245331
0.525844395160675
0.5611100196838379
0.5961824059486389
0.6312848925590515
0.6665858626365662
0.702198326587677
0.7381933331489563
0.7746006846427917
0.8114197850227356
0.8486208319664001
0.8861536383628845
0.9239495396614075
0.961928129196167
1.0
1.038071870803833
1.0760504007339478
1.1138464212417603
1.1513792276382446
1.1885802745819092
1.2253992557525635
1.261806607246399
1.2978017330169678
1.3334141969680786
1.3687150478363037
1.4038176536560059
1.438889980316162
1.4741555452346802
1.5099077224731445
1.546507477760315
1.5843980312347412
1.6240973472595215
1.6662070751190186
1.7113978862762451
1.7604060173034668
0.19098301231861115
0.24140629172325134
0.2878391742706299
0.33112868666648865
0.3720390498638153
0.41124704480171204
0.4493248760700226
0.48675304651260376
0.5239136815071106
0.5611100196838379
0.5985650420188904
0.6364403367042542
0.674836277961731
0.7138075828552246
0.753364622592926
0.7934851050376892
0.8341161012649536
0.8751829862594604
0.9165917634963989
0.9582359790802002
1.0
1.0417640209197998
1.083408236503601
1.1248170137405396
1.1658838987350464
1.206514835357666
1.2466354370117188
1.2861924171447754
1.325163722038269
1.363559603691101
1.4014348983764648
1.438889980316162
1.4760863780975342
1.5132468938827515
1.5506751537322998
1.5887529850006104
1.6279609203338623
1.668871283531189
1.7121608257293701
1.7585936784744263
1.8090169429779053
0.14735983312129974
0.19829216599464417
0.24511760473251343
0.2888166606426239
0.3302610218524933
0.37020862102508545
0.4092845618724823
0.44800105690956116
0.48675304651260376
0.525844395160675
0.5654886364936829
0.6058314442634583
0.6469525098800659
0.6888829469680786
0.7316069006919861
0.7750746011734009
0.8192042708396912
0.8638917803764343
0.909013032913208
0.9544312357902527
1.0
1.0455687046051025
1.090986967086792
1.136108160018921
1.180795669555664
1.2249253988265991
1.2683930397033691
1.3111170530319214
1.353047490119934
1.3941686153411865
1.434511423110962
1.4741555452346802
1.5132468938827515
1.5519989728927612
1.5907154083251953
1.6297913789749146
1.669739007949829
1.7111833095550537
1.7548824548721313
1.8017078638076782
1.852640151977539
0.10899347811937332
0.15937577188014984
0.20560899376869202
0.24883782863616943
0.2900591194629669
0.3301156461238861
0.3696797490119934
0.4092845618724823
0.4493248760700226
0.4900922477245331
0.5317784547805786
0.57450270652771
0.6183145642280579
0.6632130146026611
0.7091487646102905
0.7560380101203918
0.8037643432617188
0.8521888852119446
0.9011525511741638
0.9504834413528442
1.0
1.0495165586471558
1.098847508430481
1.1478110551834106
1.1962356567382812
1.243962049484253
1.2908512353897095
1.3367869853973389
1.3816853761672974
1.42549729347229
1.4682215452194214
1.5099077224731445
1.5506751537322998
1.5907154083251953
1.6303201913833618
1.6698843240737915
1.7099409103393555
1.7511621713638306
1.7943910360336304
1.840624213218689
1.8910064697265625
0.07612046599388123
0.1247042641043663
0.16919471323490143
0.21094834804534912
0.2511053681373596
0.2905929982662201
0.3301156461238861
0.37020862102508545
0.41124704480171204
0.4534924626350403
0.49709999561309814
0.5421494245529175
0.5886492729187012
0.6365574598312378
0.6857834458351135
0.736202597618103
0.7876579761505127
0.8399704694747925
0.8929409384727478
0.9463578462600708
1.0
1.0536421537399292
1.1070590019226074
1.1600295305252075
1.2123420238494873
1.263797402381897
1.3142164945602417
1.3634425401687622
1.4113507270812988
1.4578505754470825
1.5029000043869019
1.546507477760315
1.5887529850006104
1.6297913789749146
1.6698843240737915
1.7094069719314575
1.7488946914672852
1.7890516519546509
1.8308053016662598
1.8752957582473755
1.9238795042037964
0.04894348233938217
0.09420959651470184
0.1355932503938675
0.17472082376480103
0.21289463341236115
0.2511053681373596
0.2900591194629669
0.3302610218524933
0.3720390498638153
0.4156019687652588
0.4610501527786255
0.5084094405174255
0.5576359629631042
0.608636736869812
0.6612723469734192
0.7153701782226562
0.7707270979881287
0.8271180987358093
0.8842995166778564
0.9420151710510254
1.0
1.0579848289489746
1.1157004833221436
1.172881841659546
1.2292729616165161
1.2846298217773438
1.3387277126312256
1.391363263130188
1.4423640966415405
1.4915906190872192
1.5389498472213745
1.5843980312347412
1.6279609203338623
1.669739007949829
1.7099409103393555
1.7488946914672852
1.7871053218841553
1.8252792358398438
1.864406704902649
1.9057904481887817
1.9510564804077148
0.02763007953763008
0.06768825650215149
0.104313924908638
0.13951218128204346
0.17472082376480103
0.21094834804534912
0.24883782863616943
0.2888166606426239
0.33112868666648865
0.3759026527404785
0.42316433787345886
0.4728701710700989
0.5249122381210327
0.5791371464729309
0.6353487968444824
0.6933202743530273
0.7527961730957031
0.8135009407997131
0.8751411437988281
0.9374119639396667
1.0
1.0625879764556885
1.1248588562011719
1.1864991188049316
1.2472038269042969
1.3066797256469727
1.3646512031555176
1.4208627939224243
1.4750877618789673
1.5271297693252563
1.5768356323242188
1.6240973472595215
1.668871283531189
1.7111833095550537
1.7511621713638306
1.7890516519546509
1.8252792358398438
1.8604878187179565
1.8956860303878784
1.932311773300171
1.972369909286499
0.012311659753322601
0.04460412263870239
0.07449314743280411
0.104313924908638
0.1355932503938675
0.16919471323490143
0.20560899376869202
0.24511760473251343
0.2878391742706299
0.33379286527633667
0.38291025161743164
0.4350636601448059
0.49007025361061096
0.5477076172828674
0.607715904712677
0.669808030128479
0.7336710691452026
0.7989740371704102
0.8653697371482849
0.9325003027915955
1.0
1.0674997568130493
1.1346303224563599
1.2010259628295898
1.2663289308547974
1.330191969871521
1.3922840356826782
1.4522923231124878
1.5099297761917114
1.5649362802505493
1.6170897483825684
1.6662070751190186
1.7121608257293701
1.7548824548721313
1.7943910360336304
1.8308053016662598
1.864406704902649
1.8956860303878784
1.925506830215454
1.9553959369659424
1.9876883029937744
0.003082666313275695
0.024038707837462425
0.04460412263870239
0.06768825650215149
0.09420959651470184
0.1247042641043663
0.15937577188014984
0.19829216599464417
0.24140629172325134
0.28860217332839966
0.33970025181770325
0.3944767713546753
0.4526650011539459
0.5139665007591248
0.5780518651008606
0.6445686221122742
0.7131419777870178
0.7833813428878784
0.8548817038536072
0.9272284507751465
1.0
1.0727715492248535
1.1451183557510376
1.2166186571121216
1.286858081817627
1.3554314374923706
1.4219480752944946
1.4860334396362305
1.5473350286483765
1.6055232286453247
1.6602997779846191
1.7113978862762451
1.7585936784744263
1.8017078638076782
1.840624213218689
1.8752957582473755
1.9057904481887817
1.932311773300171
1.9553959369659424
1.9759613275527954
1.9969173669815063
0.0
0.003082666313275695
0.012311659753322601
0.02763007953763008
0.04894348233938217
0.07612046599388123
0.10899347811937332
0.14735983312129974
0.19098301231861115
0.23959402740001678
0.2928932309150696
0.350551962852478
0.4122147560119629
0.47750142216682434
0.5460094809532166
0.6173165440559387
0.69098299741745
0.7665546536445618
0.8435655236244202
0.9215409159660339
1.0
1.0784591436386108
1.156434416770935
1.233445405960083
1.3090169429779053
1.3826833963394165
1.4539904594421387
1.522498607635498
1.587785243988037
1.649448037147522
1.7071068286895752
1.7604060173034668
1.8090169429779053
1.852640151977539
1.8910064697265625
1.9238795042037964
1.9510564804077148
1.972369909286499
1.9876883029937744
1.9969173669815063
2.0
