0.0
0.0
0.0
0.0
0.0
0.0
0.0
0.0
0.0
0.0
0.0
0.0
0.0
0.0
0.0
0.0
0.0
0.0
0.0
0.0
0.0
0.0
0.0
0.0
0.0
0.0
0.0
0.0
0.0
0.0
0.0
0.0
0.0
0.0
0.0
0.0
0.0
0.0
0.0
0.0
0.0
0.0
0.0009316340438090265
0.0018551506800577044
0.002764270640909672
0.0036533400416374207
0.004516914952546358
0.005349799524992704
0.006147041916847229
0.0069040050730109215
0.007616340648382902
0.008280056528747082
0.008891480974853039
0.009447318501770496
0.009944608435034752
0.010380771942436695
0.010753565467894077
0.01106112077832222
0.011301898397505283
0.01147472858428955
0.011578756384551525
0.011613492853939533
0.011578756384551525
0.01147472858428955
0.011301898397505283
0.01106112077832222
0.010753565467894077
0.010380771942436695
0.009944608435034752
0.009447318501770496
0.008891480974853039
0.008280056528747082
0.007616340648382902
0.0069040050730109215
0.006147041916847229
0.005349799524992704
0.004516914952546358
0.0036533400416374207
0.002764270640909672
0.0018551506800577044
0.0009316340438090265
0.0
0.0
0.0018669732380658388
0.003718895372003317
0.005542484577745199
0.007326031103730202
0.009058445692062378
0.010729248635470867
0.012328483164310455
0.013846834190189838
0.015275581739842892
0.01660672388970852
0.017832908779382706
0.01894754357635975
0.019944708794355392
0.020819250494241714
0.021566689014434814
0.02218329906463623
0.02266600914299488
0.023012487217783928
0.023221032693982124
0.023290667682886124
0.023221032693982124
0.023012487217783928
0.02266600914299488
0.02218329906463623
0.021566689014434814
0.020819250494241714
0.019944708794355392
0.01894754357635975
0.017832908779382706
0.01660672388970852
0.015275581739842892
0.013846834190189838
0.012328483164310455
0.010729248635470867
0.009058445692062378
0.007326031103730202
0.005542484577745199
0.003718895372003317
0.0018669732380658388
0.0
0.0
0.0028114677406847477
0.005601423792541027
0.008349780924618244
0.011038290336728096
0.013649864122271538
0.01616852730512619
0.018579162657260895
0.020867694169282913
0.02302096039056778
0.025026917457580566
0.02687450498342514
0.028553830459713936
0.03005601279437542
0.031373340636491776
0.03249910846352577
0.033427752554416656
0.03415469452738762
0.034676443785429
0.03499047830700874
0.03509533405303955
0.03499047830700874
0.034676443785429
0.03415469452738762
0.033427752554416656
0.03249910846352577
0.031373340636491776
0.03005601279437542
0.028553830459713936
0.02687450498342514
0.025026917457580566
0.02302096039056778
0.020867694169282913
0.018579162657260895
0.01616852730512619
0.013649864122271538
0.011038290336728096
0.008349780924618244
0.005601423792541027
0.0028114677406847477
0.0
0.0
0.003771063406020403
0.007514224853366613
0.011202720925211906
0.014811640605330467
0.01831759326159954
0.02169882133603096
0.02493482641875744
0.02800661325454712
0.030896473675966263
0.03358825296163559
0.03606714308261871
0.03831993788480759
0.0403347983956337
0.04210146516561508
0.04361104592680931
0.04485615715384483
0.04583073407411575
0.04653017595410347
0.046951133757829666
0.047091688960790634
0.046951133757829666
0.04653017595410347
0.04583073407411575
0.04485615715384483
0.04361104592680931
0.04210146516561508
0.0403347983956337
0.03831993788480759
0.03606714308261871
0.03358825296163559
0.030896473675966263
0.02800661325454712
0.02493482641875744
0.02169882133603096
0.01831759326159954
0.014811640605330467
0.011202720925211906
0.007514224853366613
0.003771063406020403
0.0
0.0
0.00475183455273509
0.00946923065930605
0.014118724502623081
0.01866867206990719
0.023089179769158363
0.02735242061316967
0.031432267278432846
0.03530460596084595
0.03894703462719917
0.04233919084072113
0.0454624705016613
0.048300325870513916
0.05083797127008438
0.05306262522935867
0.05496322736144066
0.056530628353357315
0.05775732547044754
0.058637622743844986
0.05916740000247955
0.05934428051114082
0.05916740000247955
0.058637622743844986
0.05775732547044754
0.056530628353357315
0.05496322736144066
0.05306262522935867
0.05083797127008438
0.048300325870513916
0.0454624705016613
0.04233919084072113
0.03894703462719917
0.03530460596084595
0.031432267278432846
0.02735242061316967
0.023089179769158363
0.01866867206990719
0.014118724502623081
0.00946923065930605
0.00475183455273509
0.0
0.0
0.0057600014843046665
0.011478767730295658
0.01711595430970192
0.02263304404914379
0.02799343131482601
0.033162981271743774
0.0381096787750721
0.04280407726764679
0.04721891134977341
0.05132949724793434
0.05511336401104927
0.05855061486363411
0.06162351369857788
0.06431680172681808
0.06661729514598846
0.0685141384601593
0.06999844312667847
0.07106348127126694
0.07170438766479492
0.07191836088895798
0.07170438766479492
0.07106348127126694
0.06999844312667847
0.0685141384601593
0.06661729514598846
0.06431680172681808
0.06162351369857788
0.05855061486363411
0.05511336401104927
0.05132949724793434
0.04721891134977341
0.04280407726764679
0.0381096787750721
0.033162981271743774
0.02799343131482601
0.02263304404914379
0.01711595430970192
0.011478767730295658
0.0057600014843046665
0.0
0.0
0.0068019842728972435
0.013555570505559444
0.020213231444358826
0.026729324832558632
0.03306029364466667
0.0391654409468174
0.045006610453128815
0.050548799335956573
0.05575969070196152
0.06061018630862236
0.0650738775730133
0.06912748515605927
0.07275036722421646
0.0759248211979866
0.07863563299179077
0.08087030798196793
0.08261864632368088
0.0838729590177536
0.08462769538164139
0.08487965166568756
0.08462769538164139
0.0838729590177536
0.08261864632368088
0.08087030798196793
0.07863563299179077
0.0759248211979866
0.07275036722421646
0.06912748515605927
0.0650738775730133
0.06061018630862236
0.05575969070196152
0.050548799335956573
0.045006610453128815
0.0391654409468174
0.03306029364466667
0.026729324832558632
0.020213231444358826
0.013555570505559444
0.0068019842728972435
0.0
0.0
0.007884474471211433
0.015712920576334
0.02343020774424076
0.03098321706056595
0.0383211188018322
0.0453963577747345
0.052164364606142044
0.058584362268447876
0.06461881846189499
0.07023408263921738
0.07539977133274078
0.08008923381567001
0.08427894860506058
0.08794888108968735
0.09108185768127441
0.09366386383771896
0.0956835001707077
0.09713219851255417
0.0980037972331047
0.09829475730657578
0.0980037972331047
0.09713219851255417
0.0956835001707077
0.09366386383771896
0.09108185768127441
0.08794888108968735
0.08427894860506058
0.08008923381567001
0.07539977133274078
0.07023408263921738
0.06461881846189499
0.058584362268447876
0.052164364606142044
0.0453963577747345
0.0383211188018322
0.03098321706056595
0.02343020774424076
0.015712920576334
0.007884474471211433
0.0
0.0
0.009014476090669632
0.017964717000722885
0.026787444949150085
0.035421594977378845
0.04380865395069122
0.05189386010169983
0.05962594226002693
0.06695810705423355
0.07384742796421051
0.08025563508272171
0.08614831417798996
0.09149550646543503
0.09627088159322739
0.10045218467712402
0.10402043163776398
0.1069602444767952
0.10925915092229843
0.11090784519910812
0.11189963668584824
0.11223068833351135
0.11189963668584824
0.11090784519910812
0.10925915092229843
0.1069602444767952
0.10402043163776398
0.10045218467712402
0.09627088159322739
0.09149550646543503
0.08614831417798996
0.08025563508272171
0.07384742796421051
0.06695810705423355
0.05962594226002693
0.05189386010169983
0.04380865395069122
0.035421594977378845
0.026787444949150085
0.017964717000722885
0.009014476090669632
0.0
0.0
0.01019942108541727
0.020325690507888794
0.03030671551823616
0.04007289558649063
0.04955751821398735
0.05869819596409798
0.06743660569190979
0.07571970671415329
0.08349902182817459
0.09073156863451004
0.0973789393901825
0.10340791940689087
0.10878954827785492
0.11349949985742569
0.11751719564199448
0.12082607299089432
0.12341278791427612
0.12526744604110718
0.1263829618692398
0.12675528228282928
0.1263829618692398
0.12526744604110718
0.12341278791427612
0.12082607299089432
0.11751719564199448
0.11349949985742569
0.10878954827785492
0.10340791940689087
0.0973789393901825
0.09073156863451004
0.08349902182817459
0.07571970671415329
0.06743660569190979
0.05869819596409798
0.04955751821398735
0.04007289558649063
0.03030671551823616
0.020325690507888794
0.01019942108541727
0.0
0.0
0.011447204276919365
0.02281147986650467
0.034011103212833405
0.044967204332351685
0.0556042417883873
0.06585170328617096
0.07564382255077362
0.08492104709148407
0.09362921118736267
0.10172059386968613
0.10915284603834152
0.11588966846466064
0.12189963459968567
0.12715664505958557
0.131638765335083
0.1353285163640976
0.1382119506597519
0.14027877151966095
0.1415216624736786
0.14193645119667053
0.1415216624736786
0.14027877151966095
0.1382119506597519
0.1353285163640976
0.131638765335083
0.12715664505958557
0.12189963459968567
0.11588966846466064
0.10915284603834152
0.10172059386968613
0.09362921118736267
0.08492104709148407
0.07564382255077362
0.06585170328617096
0.0556042417883873
0.044967204332351685
0.034011103212833405
0.02281147986650467
0.011447204276919365
0.0
0.0
0.012766352854669094
0.025438956916332245
0.03792545944452286
0.05013684183359146
0.06198796257376671
0.07339958846569061
0.08429807424545288
0.0946170836687088
0.10429661720991135
0.11328426003456116
0.1215338334441185
0.12900619208812714
0.13566777110099792
0.14149101078510284
0.14645300805568695
0.15053574740886688
0.15372493863105774
0.15601016581058502
0.15738409757614136
0.15784257650375366
0.15738409757614136
0.15601016581058502
0.15372493863105774
0.15053574740886688
0.14645300805568695
0.14149101078510284
0.13566777110099792
0.12900619208812714
0.1215338334441185
0.11328426003456116
0.10429661720991135
0.0946170836687088
0.08429807424545288
0.07339958846569061
0.06198796257376671
0.05013684183359146
0.03792545944452286
0.025438956916332245
0.012766352854669094
0.0
0.0
0.014166069217026234
0.028226301074028015
0.042076509445905685
0.05561644956469536
0.06875047832727432
0.08138992637395859
0.09345277398824692
0.10486561059951782
0.11556252092123032
0.12548647820949554
0.13458772003650665
0.14282460510730743
0.15016183257102966
0.15657086670398712
0.16202831268310547
0.1665160357952118
0.17001985013484955
0.17252959311008453
0.1740381121635437
0.1745414286851883
0.1740381121635437
0.17252959311008453
0.17001985013484955
0.1665160357952118
0.16202831268310547
0.15657086670398712
0.15016183257102966
0.14282460510730743
0.13458772003650665
0.12548647820949554
0.11556252092123032
0.10486561059951782
0.09345277398824692
0.08138992637395859
0.06875047832727432
0.05561644956469536
0.042076509445905685
0.028226301074028015
0.014166069217026234
0.0
0.0
0.015656473115086555
0.031193479895591736
0.0464935339987278
0.06144386902451515
0.07593723386526108
0.0898747444152832
0.10316538065671921
0.11572843790054321
0.1274919956922531
0.13839462399482727
0.14838334918022156
0.1574144810438156
0.16545161604881287
0.17246583104133606
0.1784338653087616
0.18333807587623596
0.18716488778591156
0.18990477919578552
0.19155114889144897
0.1921003758907318
0.19155114889144897
0.18990477919578552
0.18716488778591156
0.18333807587623596
0.1784338653087616
0.17246583104133606
0.16545161604881287
0.1574144810438156
0.14838334918022156
0.13839462399482727
0.1274919956922531
0.11572843790054321
0.10316538065671921
0.0898747444152832
0.07593723386526108
0.06144386902451515
0.0464935339987278
0.031193479895591736
0.015656473115086555
0.0
0.0
0.017248673364520073
0.034362368285655975
0.051208507269620895
0.06766024976968765
0.08359743654727936
0.09890998154878616
0.113497294485569
0.12727105617523193
0.1401534527540207
0.15207891166210175
0.16299176216125488
0.17284701764583588
0.18160788714885712
0.18924590945243835
0.19573871791362762
0.2010698914527893
0.20522713661193848
0.20820210874080658
0.20998911559581757
0.21058514714241028
0.20998911559581757
0.20820210874080658
0.20522713661193848
0.2010698914527893
0.19573871791362762
0.18924590945243835
0.18160788714885712
0.17284701764583588
0.16299176216125488
0.15207891166210175
0.1401534527540207
0.12727105617523193
0.113497294485569
0.09890998154878616
0.08359743654727936
0.06766024976968765
0.051208507269620895
0.034362368285655975
0.017248673364520073
0.0
0.0
0.018955133855342865
0.03775746002793312
0.056257136166095734
0.07431135326623917
0.09178546071052551
0.10855710506439209
0.12451542168855667
0.13956429064273834
0.15362010896205902
0.16661371290683746
0.17848746478557587
0.18919599056243896
0.19870314002037048
0.20698192715644836
0.21401193737983704
0.2197788804769516
0.22427253425121307
0.22748634219169617
0.22941607236862183
0.23005957901477814
0.22941607236862183
0.22748634219169617
0.22427253425121307
0.2197788804769516
0.21401193737983704
0.20698192715644836
0.19870314002037048
0.18919599056243896
0.17848746478557587
0.16661371290683746
0.15362010896205902
0.13956429064273834
0.12451542168855667
0.10855710506439209
0.09178546071052551
0.07431135326623917
0.056257136166095734
0.03775746002793312
0.018955133855342865
0.0
0.0
0.020789779722690582
0.04140607267618179
0.06167908012866974
0.08144772052764893
0.10056101530790329
0.11888306587934494
0.1362920105457306
0.1526837944984436
0.16796937584877014
0.18207673728466034
0.19494731724262238
0.20653656125068665
0.21681027114391327
0.22574427723884583
0.2333213835954666
0.23953048884868622
0.24436448514461517
0.24781939387321472
0.2498929798603058
0.25058427453041077
0.2498929798603058
0.24781939387321472
0.24436448514461517
0.23953048884868622
0.2333213835954666
0.22574427723884583
0.21681027114391327
0.20653656125068665
0.19494731724262238
0.18207673728466034
0.16796937584877014
0.1526837944984436
0.1362920105457306
0.11888306587934494
0.10056101530790329
0.08144772052764893
0.06167908012866974
0.04140607267618179
0.020789779722690582
0.0
0.0
0.022768594324588776
0.045339472591876984
0.06751955300569534
0.08912669122219086
0.10999134182929993
0.12996262311935425
0.14890696108341217
0.16671234369277954
0.18328487873077393
0.1985507756471634
0.2124519646167755
0.2249463051557541
0.2360033094882965
0.24560320377349854
0.2537335753440857
0.26038795709609985
0.2655634582042694
0.26925963163375854
0.2714768648147583
0.2722158432006836
0.2714768648147583
0.26925963163375854
0.2655634582042694
0.26038795709609985
0.2537335753440857
0.24560320377349854
0.2360033094882965
0.2249463051557541
0.2124519646167755
0.1985507756471634
0.18328487873077393
0.16671234369277954
0.14890696108341217
0.12996262311935425
0.10999134182929993
0.08912669122219086
0.06751955300569534
0.045339472591876984
0.022768594324588776
0.0
0.0
0.024909794330596924
0.04959320276975632
0.07382973283529282
0.09741272777318954
0.12015142291784286
0.14187836647033691
0.1624474972486496
0.18173915147781372
0.19965548813343048
0.21612249314785004
0.23108448088169098
0.24450382590293884
0.25635582208633423
0.2666272521018982
0.27531230449676514
0.28241077065467834
0.28792545199394226
0.2918604016304016
0.2942195236682892
0.29500555992126465
0.2942195236682892
0.2918604016304016
0.28792545199394226
0.28241077065467834
0.27531230449676514
0.2666272521018982
0.25635582208633423
0.24450382590293884
0.23108448088169098
0.21612249314785004
0.19965548813343048
0.18173915147781372
0.1624474972486496
0.14187836647033691
0.12015142291784286
0.09741272777318954
0.07382973283529282
0.04959320276975632
0.024909794330596924
0.0
0.0
0.02723480574786663
0.054208941757678986
0.0806693285703659
0.10638056695461273
0.1311274766921997
0.15472422540187836
0.17701169848442078
0.1978631168603897
0.21717816591262817
0.23488472402095795
0.2509320378303528
0.26528969407081604
0.27794149518013
0.288883239030838
0.29811805486679077
0.30565395951271057
0.3115009367465973
0.31566888093948364
0.3181660771369934
0.3189978301525116
0.3181660771369934
0.31566888093948364
0.3115009367465973
0.30565395951271057
0.29811805486679077
0.288883239030838
0.27794149518013
0.26528969407081604
0.2509320378303528
0.23488472402095795
0.21717816591262817
0.1978631168603897
0.17701169848442078
0.15472422540187836
0.1311274766921997
0.10638056695461273
0.0806693285703659
0.054208941757678986
0.02723480574786663
0.0
0.0
0.029768608510494232
0.05923512578010559
0.08810732513666153
0.11611583083868027
0.14301729202270508
0.1686055064201355
0.19270792603492737
0.2151917964220047
0.23595649003982544
0.25493472814559937
0.2720840275287628
0.28738459944725037
0.30083218216896057
0.31243452429771423
0.32220643758773804
0.33016639947891235
0.3363334536552429
0.3407247066497803
0.3433537483215332
0.3442290723323822
0.3433537483215332
0.3407247066497803
0.3363334536552429
0.33016639947891235
0.32220643758773804
0.31243452429771423
0.30083218216896057
0.28738459944725037
0.2720840275287628
0.25493472814559937
0.23595649003982544
0.2151917964220047
0.19270792603492737
0.1686055064201355
0.14301729202270508
0.11611583083868027
0.08810732513666153
0.05923512578010559
0.029768608510494232
0.0
0.0
0.03254139795899391
0.06473008543252945
0.09622634202241898
0.12672029435634613
0.1559358537197113
0.18364450335502625
0.20966018736362457
0.23384612798690796
0.25610458850860596
0.2763771712779999
0.294634073972702
0.31087052822113037
0.3250981867313385
0.3373405337333679
0.3476271629333496
0.3559895157814026
0.362457811832428
0.36705783009529114
0.36980965733528137
0.3707254230976105
0.36980965733528137
0.36705783009529114
0.362457811832428
0.3559895157814026
0.3476271629333496
0.3373405337333679
0.3250981867313385
0.31087052822113037
0.294634073972702
0.2763771712779999
0.25610458850860596
0.23384612798690796
0.20966018736362457
0.18364450335502625
0.1559358537197113
0.12672029435634613
0.09622634202241898
0.06473008543252945
0.03254139795899391
0.0
0.0
0.03558926284313202
0.0707632377743721
0.10512396693229675
0.1383129358291626
0.17001599073410034
0.19998031854629517
0.22800715267658234
0.2539587616920471
0.27774497866630554
0.2993216812610626
0.31867748498916626
0.33582803606987
0.35080596804618835
0.3636547029018402
0.37442222237586975
0.3831557631492615
0.38989898562431335
0.39468786120414734
0.3975500464439392
0.39850208163261414
0.3975500464439392
0.39468786120414734
0.38989898562431335
0.3831557631492615
0.37442222237586975
0.3636547029018402
0.35080596804618835
0.33582803606987
0.31867748498916626
0.2993216812610626
0.27774497866630554
0.2539587616920471
0.22800715267658234
0.19998031854629517
0.17001599073410034
0.1383129358291626
0.10512396693229675
0.0707632377743721
0.03558926284313202
0.0
0.0
0.038957204669713974
0.07742077857255936
0.11492050439119339
0.1510390192270279
0.1854177564382553
0.2177780568599701
0.24791036546230316
0.27568092942237854
0.3010137379169464
0.3238863945007324
0.34431329369544983
0.36233723163604736
0.3780178725719452
0.39142340421676636
0.4026241898536682
0.41168636083602905
0.4186692535877228
0.4236207604408264
0.42657721042633057
0.42756006121635437
0.42657721042633057
0.4236207604408264
0.4186692535877228
0.41168636083602905
0.4026241898536682
0.39142340421676636
0.3780178725719452
0.36233723163604736
0.34431329369544983
0.3238863945007324
0.3010137379169464
0.27568092942237854
0.24791036546230316
0.2177780568599701
0.1854177564382553
0.1510390192270279
0.11492050439119339
0.07742077857255936
0.038957204669713974
0.0
0.0
0.04270051792263985
0.08480799943208694
0.12576153874397278
0.16507205367088318
0.20232941210269928
0.23722830414772034
0.2695523798465729
0.29917943477630615
0.3260570466518402
0.35019421577453613
0.3716406524181366
0.39047446846961975
0.4067893326282501
0.42068368196487427
0.4322546124458313
0.441590279340744
0.4487679898738861
0.45384910702705383
0.456879585981369
0.4578864574432373
0.456879585981369
0.45384910702705383
0.4487679898738861
0.441590279340744
0.4322546124458313
0.42068368196487427
0.4067893326282501
0.39047446846961975
0.3716406524181366
0.35019421577453613
0.3260570466518402
0.29917943477630615
0.2695523798465729
0.23722830414772034
0.20232941210269928
0.16507205367088318
0.12576153874397278
0.08480799943208694
0.04270051792263985
0.0
0.0
0.046890635043382645
0.09306017309427261
0.1378323882818222
0.18063010275363922
0.2209836095571518
0.25856196880340576
0.29314932227134705
0.3246464431285858
0.3530378043651581
0.37837687134742737
0.4007605314254761
0.42031219601631165
0.4371674358844757
0.45146095752716064
0.4633210003376007
0.47286078333854675
0.48017770051956177
0.4853478670120239
0.4884277880191803
0.4894504249095917
0.4884277880191803
0.4853478670120239
0.48017770051956177
0.47286078333854675
0.4633210003376007
0.45146095752716064
0.4371674358844757
0.42031219601631165
0.4007605314254761
0.37837687134742737
0.3530378043651581
0.3246464431285858
0.29314932227134705
0.25856196880340576
0.2209836095571518
0.18063010275363922
0.1378323882818222
0.09306017309427261
0.046890635043382645
0.0
0.0
0.05161815881729126
0.10234753042459488
0.15136322379112244
0.19797948002815247
0.24165873229503632
0.2820488214492798
0.318946897983551
0.35229381918907166
0.3821294605731964
0.40856871008872986
0.4317704439163208
0.4519147276878357
0.4691878855228424
0.483767032623291
0.49581587314605713
0.5054753422737122
0.5128646492958069
0.5180756449699402
0.5211759209632874
0.5222046375274658
0.5211759209632874
0.5180756449699402
0.5128646492958069
0.5054753422737122
0.49581587314605713
0.483767032623291
0.4691878855228424
0.4519147276878357
0.4317704439163208
0.40856871008872986
0.3821294605731964
0.35229381918907166
0.318946897983551
0.2820488214492798
0.24165873229503632
0.19797948002815247
0.15136322379112244
0.10234753042459488
0.05161815881729126
0.0
0.0
0.057005222886800766
0.11289776861667633
0.16665799915790558
0.21746553480625153
0.26470765471458435
0.3080216646194458
0.34723883867263794
0.38236570358276367
0.4135233163833618
0.44090986251831055
0.46476414799690247
0.4853357970714569
0.5028712153434753
0.517595648765564
0.5297119617462158
0.5393907427787781
0.5467740893363953
0.5519698858261108
0.5550569295883179
0.5560804605484009
0.5550569295883179
0.5519698858261108
0.5467740893363953
0.5393907427787781
0.5297119617462158
0.517595648765564
0.5028712153434753
0.4853357970714569
0.46476414799690247
0.44090986251831055
0.4135233163833618
0.38236570358276367
0.34723883867263794
0.3080216646194458
0.26470765471458435
0.21746553480625153
0.16665799915790558
0.11289776861667633
0.057005222886800766
0.0
0.0
0.06321262568235397
0.12500722706317902
0.18410509824752808
0.2395191341638565
0.29055842757225037
0.33687126636505127
0.37835776805877686
0.4151274263858795
0.4474172592163086
0.4755362570285797
0.4998238682746887
0.5206131935119629
0.5382193922996521
0.5529209971427917
0.5649622678756714
0.5745444297790527
0.5818323493003845
0.5869496464729309
0.5899856686592102
0.5909914970397949
0.5899856686592102
0.5869496464729309
0.5818323493003845
0.5745444297790527
0.5649622678756714
0.5529209971427917
0.5382193922996521
0.5206131935119629
0.4998238682746887
0.4755362570285797
0.4474172592163086
0.4151274263858795
0.37835776805877686
0.33687126636505127
0.29055842757225037
0.2395191341638565
0.18410509824752808
0.12500722706317902
0.06321262568235397
0.0
0.0
0.07046916335821152
0.13909293711185455
0.20423980057239532
0.2647184431552887
0.3197660744190216
0.3690847158432007
0.4126996397972107
0.4508781135082245
0.48401981592178345
0.5125778317451477
0.5370151996612549
0.5577616691589355
0.5752086043357849
0.5896903872489929
0.6014932990074158
0.6108481884002686
0.6179412007331848
0.6229101419448853
0.6258538365364075
0.6268282532691956
0.6258538365364075
0.6229101419448853
0.6179412007331848
0.6108481884002686
0.6014932990074158
0.5896903872489929
0.5752086043357849
0.5577616691589355
0.5370151996612549
0.5125778317451477
0.48401981592178345
0.4508781135082245
0.4126996397972107
0.3690847158432007
0.3197660744190216
0.2647184431552887
0.20423980057239532
0.13909293711185455
0.07046916335821152
0.0
0.0
0.07909058034420013
0.15571896731853485
0.2277679294347763
0.29379794001579285
0.35300782322883606
0.40522852540016174
0.45070138573646545
0.48992788791656494
0.5235300660133362
0.5521429777145386
0.5763761401176453
0.5967667102813721
0.6137861013412476
0.6278241872787476
0.6392068266868591
0.6481912732124329
0.6549817323684692
0.6597275733947754
0.6625348329544067
0.6634633541107178
0.6625348329544067
0.6597275733947754
0.6549817323684692
0.6481912732124329
0.6392068266868591
0.6278241872787476
0.6137861013412476
0.5967667102813721
0.5763761401176453
0.5521429777145386
0.5235300660133362
0.48992788791656494
0.45070138573646545
0.40522852540016174
0.35300782322883606
0.29379794001579285
0.2277679294347763
0.15571896731853485
0.07909058034420013
0.0
0.0
0.08955971896648407
0.1757376790046692
0.25571301579475403
0.3277791738510132
0.39117252826690674
0.4460011422634125
0.4928622841835022
0.5325993299484253
0.566128134727478
0.5943042039871216
0.6179018616676331
0.6375700235366821
0.6538578271865845
0.667205274105072
0.6779713034629822
0.6864333748817444
0.6928086876869202
0.6972538828849792
0.6998794078826904
0.7007471323013306
0.6998794078826904
0.6972538828849792
0.6928086876869202
0.6864333748817444
0.6779713034629822
0.667205274105072
0.6538578271865845
0.6375700235366821
0.6179018616676331
0.5943042039871216
0.566128134727478
0.5325993299484253
0.4928622841835022
0.4460011422634125
0.39117252826690674
0.3277791738510132
0.25571301579475403
0.1757376790046692
0.08955971896648407
0.0
0.0
0.10258825123310089
0.20034630596637726
0.289471834897995
0.3679669201374054
0.4353296458721161
0.4921787679195404
0.5396900773048401
0.579181432723999
0.6119413375854492
0.6390762329101562
0.6615322828292847
0.6800641417503357
0.6952878832817078
0.7076815366744995
0.7176260948181152
0.7254102230072021
0.7312564849853516
0.7353235483169556
0.7377222180366516
0.7385143637657166
0.7377222180366516
0.7353235483169556
0.7312564849853516
0.7254102230072021
0.7176260948181152
0.7076815366744995
0.6952878832817078
0.6800641417503357
0.6615322828292847
0.6390762329101562
0.6119413375854492
0.579181432723999
0.5396900773048401
0.4921787679195404
0.4353296458721161
0.3679669201374054
0.289471834897995
0.20034630596637726
0.10258825123310089
0.0
0.0
0.11937183886766434
0.2315860539674759
0.33118242025375366
0.41623273491859436
0.486846387386322
0.5446484684944153
0.5916785597801208
0.6298900842666626
0.6610019207000732
0.6863786578178406
0.707122266292572
0.7240698933601379
0.737881600856781
0.7490535974502563
0.7579730153083801
0.764927089214325
0.7701345682144165
0.7737494707107544
0.7758786082267761
0.7765811681747437
0.7758786082267761
0.7737494707107544
0.7701345682144165
0.764927089214325
0.7579730153083801
0.7490535974502563
0.737881600856781
0.7240698933601379
0.707122266292572
0.6863786578178406
0.6610019207000732
0.6298900842666626
0.5916785597801208
0.5446484684944153
0.486846387386322
0.41623273491859436
0.33118242025375366
0.2315860539674759
0.11937183886766434
0.0
0.0
0.14187981188297272
0.2723144590854645
0.38387930393218994
0.47486579418182373
0.547249436378479
0.6042417883872986
0.6491899490356445
0.6847878098487854
0.7132024765014648
0.7360148429870605
0.7544348239898682
0.7693378329277039
0.7813915014266968
0.7910829782485962
0.7987845540046692
0.8047675490379333
0.8092359900474548
0.8123317956924438
0.8141530156135559
0.8147535920143127
0.8141530156135559
0.8123317956924438
0.8092359900474548
0.8047675490379333
0.7987845540046692
0.7910829782485962
0.7813915014266968
0.7693378329277039
0.7544348239898682
0.7360148429870605
0.7132024765014648
0.6847878098487854
0.6491899490356445
0.6042417883872986
0.547249436378479
0.47486579418182373
0.38387930393218994
0.2723144590854645
0.14187981188297272
0.0
0.0
0.1737326830625534
0.32884469628334045
0.45226341485977173
0.547120988368988
0.6181430220603943
0.6716006994247437
0.7122871279716492
0.7436608672142029
0.7682062983512878
0.7876125574111938
0.8031026721000671
0.8155236840248108
0.8255017995834351
0.8334820866584778
0.8397983312606812
0.8446899652481079
0.8483349680900574
0.8508561849594116
0.8523378968238831
0.8528262972831726
0.8523378968238831
0.8508561849594116
0.8483349680900574
0.8446899652481079
0.8397983312606812
0.8334820866584778
0.8255017995834351
0.8155236840248108
0.8031026721000671
0.7876125574111938
0.7682062983512878
0.7436608672142029
0.7122871279716492
0.6716006994247437
0.6181430220603943
0.547120988368988
0.45226341485977173
0.32884469628334045
0.1737326830625534
0.0
0.0
0.2224414199590683
0.4083421528339386
0.5433897972106934
0.6359319686889648
0.70069819688797
0.7467319965362549
0.7805548310279846
0.8059322834014893
0.8254274725914001
0.8406290411949158
0.8526443839073181
0.8622069954872131
0.8698466420173645
0.875930666923523
0.8807308673858643
0.8844394087791443
0.8871979713439941
0.8891037106513977
0.8902228474617004
0.8905915021896362
0.8902228474617004
0.8891037106513977
0.8871979713439941
0.8844394087791443
0.8807308673858643
0.875930666923523
0.8698466420173645
0.8622069954872131
0.8526443839073181
0.8406290411949158
0.8254274725914001
0.8059322834014893
0.7805548310279846
0.7467319965362549
0.70069819688797
0.6359319686889648
0.5433897972106934
0.4083421528339386
0.2224414199590683
0.0
0.0
0.3007788360118866
0.5393204092979431
0.6650201082229614
0.7442760467529297
0.7944465279579163
0.8285776972770691
0.8527541160583496
0.8705106973648071
0.8839444518089294
0.894310712814331
0.9024441838264465
0.9088826179504395
0.9140064120292664
0.9180750250816345
0.9212782979011536
0.9237491488456726
0.9255849719047546
0.9268522262573242
0.9275960326194763
0.9278410077095032
0.9275960326194763
0.9268522262573242
0.9255849719047546
0.9237491488456726
0.9212782979011536
0.9180750250816345
0.9140064120292664
0.9088826179504395
0.9024441838264465
0.894310712814331
0.8839444518089294
0.8705106973648071
0.8527541160583496
0.8285776972770691
0.7944465279579163
0.7442760467529297
0.6650201082229614
0.5393204092979431
0.3007788360118866
0.0
0.0
0.5501450300216675
0.7242207527160645
0.8222496509552002
0.8680786490440369
0.8964513540267944
0.9143701791763306
0.9268478751182556
0.9358402490615845
0.9425889849662781
0.9477638006210327
0.9518091082572937
0.9550027847290039
0.9575398564338684
0.9595518708229065
0.9611345529556274
0.9623546004295349
0.9632607102394104
0.9638859629631042
0.9642529487609863
0.964373767375946
0.9642529487609863
0.9638859629631042
0.9632607102394104
0.9623546004295349
0.9611345529556274
0.9595518708229065
0.9575398564338684
0.9550027847290039
0.9518091082572937
0.9477638006210327
0.9425889849662781
0.9358402490615845
0.9268478751182556
0.9143701791763306
0.8964513540267944
0.8680786490440369
0.8222496509552002
0.7242207527160645
0.5501450300216675
0.0
1.0
1.0
1.0
1.0
1.0
1.0
1.0
1.0
1.0
1.0
1.0
1.0
1.0
1.0
1.0
1.0
1.0
1.0
1.0
1.0
1.0
1.0
1.0
1.0
1.0
1.0
1.0
1.0
1.0
1.0
1.0
1.0
1.0
1.0
1.0
1.0
1.0
1.0
1.0
1.0
1.0
