0.0
0.0
0.0
0.0
0.0
0.0
0.0
0.0
0.0
0.0
0.0
0.0
0.0
0.0
0.0
0.0
0.0
0.0
0.0
0.0
0.0
0.0
0.0
0.0
0.0
0.0
0.0
0.0
0.0
0.0
0.0
0.0
0.0
0.0
0.0
0.0
0.0
0.0
0.0
0.0
0.0
0.0
0.0017455966444686055
0.0034174954053014517
0.005002852529287338
0.006504020653665066
0.007922569289803505
0.00925847515463829
0.010511119849979877
0.011679287999868393
0.012761497870087624
0.01375613734126091
0.014661560766398907
0.015476195141673088
0.01619856059551239
0.016827333718538284
0.017361342906951904
0.017799604684114456
0.018141306936740875
0.01838582754135132
0.018532713875174522
0.018581707030534744
0.018532713875174522
0.01838582754135132
0.018141306936740875
0.017799604684114456
0.017361342906951904
0.016827333718538284
0.01619856059551239
0.015476195141673088
0.014661560766398907
0.01375613734126091
0.012761497870087624
0.011679287999868393
0.010511119849979877
0.00925847515463829
0.007922569289803505
0.006504020653665066
0.005002852529287338
0.0034174954053014517
0.0017455966444686055
0.0
0.0
0.003436330473050475
0.00677083246409893
0.009950739331543446
0.012966888956725597
0.015817122533917427
0.018500564619898796
0.021015774458646774
0.023360418155789375
0.025531722232699394
0.02752663753926754
0.029342053458094597
0.03097497671842575
0.032422591000795364
0.03368237614631653
0.034752100706100464
0.035629890859127045
0.03631419315934181
0.03680383414030075
0.037097953259944916
0.03719605132937431
0.037097953259944916
0.03680383414030075
0.03631419315934181
0.035629890859127045
0.034752100706100464
0.03368237614631653
0.032422591000795364
0.03097497671842575
0.029342053458094597
0.02752663753926754
0.025531722232699394
0.023360418155789375
0.021015774458646774
0.018500564619898796
0.015817122533917427
0.012966888956725597
0.009950739331543446
0.00677083246409893
0.003436330473050475
0.0
0.0
0.005076289176940918
0.010041707195341587
0.01481636706739664
0.019362930208444595
0.02366464212536812
0.02771543525159359
0.031511057168245316
0.03504763916134834
0.038321081548929214
0.04132707417011261
0.04406129568815231
0.04651958867907524
0.048698052763938904
0.05059320479631424
0.05220196023583412
0.05352173373103142
0.05455039441585541
0.05528632178902626
0.055728331208229065
0.0558757483959198
0.055728331208229065
0.05528632178902626
0.05455039441585541
0.05352173373103142
0.05220196023583412
0.05059320479631424
0.048698052763938904
0.04651958867907524
0.04406129568815231
0.04132707417011261
0.038321081548929214
0.03504763916134834
0.031511057168245316
0.02771543525159359
0.02366464212536812
0.019362930208444595
0.01481636706739664
0.010041707195341587
0.005076289176940918
0.0
0.0
0.006682665087282658
0.013250777497887611
0.01960819959640503
0.02569170482456684
0.03146270290017128
0.03690299019217491
0.04200119152665138
0.046750105917453766
0.051143474876880646
0.055175602436065674
0.05884106084704399
0.06213478744029999
0.0650520920753479
0.06758883595466614
0.06974136084318161
0.07150663435459137
0.07288214564323425
0.07386601716279984
0.07445687055587769
0.07465391606092453
0.07445687055587769
0.07386601716279984
0.07288214564323425
0.07150663435459137
0.06974136084318161
0.06758883595466614
0.0650520920753479
0.06213478744029999
0.05884106084704399
0.055175602436065674
0.051143474876880646
0.046750105917453766
0.04200119152665138
0.03690299019217491
0.03146270290017128
0.02569170482456684
0.01960819959640503
0.013250777497887611
0.006682665087282658
0.0
0.0
0.008271059021353722
0.016423849388957024
0.024351665750145912
0.03197208046913147
0.03922510892152786
0.046075236052274704
0.05249916389584541
0.058483291417360306
0.0640173852443695
0.0690937340259552
0.07370560616254807
0.07784717530012131
0.08151323348283768
0.08469929546117783
0.08740148693323135
0.08961661905050278
0.09134209156036377
0.09257595241069794
0.09331680834293365
0.09356386214494705
0.09331680834293365
0.09257595241069794
0.09134209156036377
0.08961661905050278
0.08740148693323135
0.08469929546117783
0.08151323348283768
0.07784717530012131
0.07370560616254807
0.0690937340259552
0.0640173852443695
0.058483291417360306
0.05249916389584541
0.046075236052274704
0.03922510892152786
0.03197208046913147
0.024351665750145912
0.016423849388957024
0.008271059021353722
0.0
0.0
0.009854409843683243
0.019585780799388885
0.02907891757786274
0.03823678195476532
0.04698096588253975
0.05525769293308258
0.0630287155508995
0.070270836353302
0.07696749269962311
0.08310770243406296
0.08868282288312912
0.09368617832660675
0.09811221063137054
0.10195637494325638
0.1052149310708046
0.10788485407829285
0.10996377468109131
0.1114499419927597
0.11234211176633835
0.11263959109783173
0.11234211176633835
0.1114499419927597
0.10996377468109131
0.10788485407829285
0.1052149310708046
0.10195637494325638
0.09811221063137054
0.09368617832660675
0.08868282288312912
0.08310770243406296
0.07696749269962311
0.070270836353302
0.0630287155508995
0.05525769293308258
0.04698096588253975
0.03823678195476532
0.02907891757786274
0.019585780799388885
0.009854409843683243
0.0
0.0
0.011444611474871635
0.02275991067290306
0.033822305500507355
0.044522617012262344
0.05476703122258186
0.0644848495721817
0.07362208515405655
0.08214359730482101
0.09002425521612167
0.09724823385477066
0.10380402952432632
0.10968382656574249
0.11488168686628342
0.11939327418804169
0.12321526557207108
0.1263452023267746
0.1287812441587448
0.13052211701869965
0.13156695663928986
0.13191528618335724
0.13156695663928986
0.13052211701869965
0.1287812441587448
0.1263452023267746
0.12321526557207108
0.11939327418804169
0.11488168686628342
0.10968382656574249
0.10380402952432632
0.09724823385477066
0.09002425521612167
0.08214359730482101
0.07362208515405655
0.0644848495721817
0.05476703122258186
0.044522617012262344
0.033822305500507355
0.02275991067290306
0.011444611474871635
0.0
0.0
0.013052265159785748
0.025967301800847054
0.03861247003078461
0.050867386162281036
0.06262471526861191
0.0737985372543335
0.08431968837976456
0.09414020925760269
0.10322489589452744
0.1115516647696495
0.11910511553287506
0.12587577104568481
0.131857231259346
0.1370454579591751
0.14143788814544678
0.14503292739391327
0.14782965183258057
0.14982753992080688
0.15102635324001312
0.15142595767974854
0.15102635324001312
0.14982753992080688
0.14782965183258057
0.14503292739391327
0.14143788814544678
0.1370454579591751
0.131857231259346
0.12587577104568481
0.11910511553287506
0.1115516647696495
0.10322489589452744
0.09414020925760269
0.08431968837976456
0.0737985372543335
0.06262471526861191
0.050867386162281036
0.03861247003078461
0.025967301800847054
0.013052265159785748
0.0
0.0
0.014687453396618366
0.02922804094851017
0.04347889870405197
0.05730835348367691
0.07059641927480698
0.08324343711137772
0.09516621381044388
0.10630408674478531
0.11661125719547272
0.12605836987495422
0.13462525606155396
0.1423002928495407
0.14907632768154144
0.1549498289823532
0.1599191427230835
0.16398394107818604
0.1671445220708847
0.16940146684646606
0.17075534164905548
0.17120659351348877
0.17075534164905548
0.16940146684646606
0.1671445220708847
0.16398394107818604
0.1599191427230835
0.1549498289823532
0.14907632768154144
0.1423002928495407
0.13462525606155396
0.12605836987495422
0.11661125719547272
0.10630408674478531
0.09516621381044388
0.08324343711137772
0.07059641927480698
0.05730835348367691
0.04347889870405197
0.02922804094851017
0.014687453396618366
0.0
0.0
0.016359688714146614
0.0325610488653183
0.04844954237341881
0.06388156116008759
0.07872460037469864
0.09286612272262573
0.10620994865894318
0.11868341267108917
0.13023029267787933
0.14081360399723053
0.15040798485279083
0.1589992791414261
0.1665794849395752
0.173145592212677
0.17869721353054047
0.1832355111837387
0.18676243722438812
0.1892799288034439
0.19078968465328217
0.19129280745983124
0.19078968465328217
0.1892799288034439
0.18676243722438812
0.1832355111837387
0.17869721353054047
0.173145592212677
0.1665794849395752
0.1589992791414261
0.15040798485279083
0.14081360399723053
0.13023029267787933
0.11868341267108917
0.10620994865894318
0.09286612272262573
0.07872460037469864
0.06388156116008759
0.04844954237341881
0.0325610488653183
0.016359688714146614
0.0
0.0
0.01807837001979351
0.035984981805086136
0.053551919758319855
0.07062255591154099
0.0870514065027237
0.1027134507894516
0.11750029772520065
0.13132821023464203
0.14413124322891235
0.15586502850055695
0.16649901866912842
0.17601646482944489
0.18440856039524078
0.19167296588420868
0.1978107988834381
0.2028251439332962
0.20671989023685455
0.20949874818325043
0.21116475760936737
0.21171987056732178
0.21116475760936737
0.20949874818325043
0.20671989023685455
0.2028251439332962
0.1978107988834381
0.19167296588420868
0.18440856039524078
0.17601646482944489
0.16649901866912842
0.15586502850055695
0.14413124322891235
0.13132821023464203
0.11750029772520065
0.1027134507894516
0.0870514065027237
0.07062255591154099
0.053551919758319855
0.035984981805086136
0.01807837001979351
0.0
0.0
0.019852785393595695
0.03951822966337204
0.05881311744451523
0.07756638526916504
0.09561876207590103
0.11283266544342041
0.12908801436424255
0.14429084956645966
0.1583663821220398
0.17126362025737762
0.18294735252857208
0.19339855015277863
0.2026078999042511
0.21057409048080444
0.21730010211467743
0.22279134392738342
0.22705411911010742
0.23009416460990906
0.23191623389720917
0.23252321779727936
0.23191623389720917
0.23009416460990906
0.22705411911010742
0.22279134392738342
0.21730010211467743
0.21057409048080444
0.2026078999042511
0.19339855015277863
0.18294735252857208
0.17126362025737762
0.1583663821220398
0.14429084956645966
0.12908801436424255
0.11283266544342041
0.09561876207590103
0.07756638526916504
0.05881311744451523
0.03951822966337204
0.019852785393595695
0.0
0.0
0.02169245481491089
0.043179579079151154
0.06426066160202026
0.08474849164485931
0.10446885973215103
0.12327126413583755
0.1410241425037384
0.15762414038181305
0.17298871278762817
0.18706123530864716
0.19980284571647644
0.21119292080402374
0.22122231125831604
0.22989124059677124
0.2372051328420639
0.24317221343517303
0.24780163168907166
0.2511015832424164
0.25307878851890564
0.25373733043670654
0.25307878851890564
0.2511015832424164
0.24780163168907166
0.24317221343517303
0.2372051328420639
0.22989124059677124
0.22122231125831604
0.21119292080402374
0.19980284571647644
0.18706123530864716
0.17298871278762817
0.15762414038181305
0.1410241425037384
0.12327126413583755
0.10446885973215103
0.08474849164485931
0.06426066160202026
0.043179579079151154
0.02169245481491089
0.0
0.0
0.023607192561030388
0.046988360583782196
0.0699227824807167
0.09220513701438904
0.11364483088254929
0.13407781720161438
0.15336111187934875
0.17138266563415527
0.18805326521396637
0.2033119946718216
0.21711760759353638
0.2294490486383438
0.2402983158826828
0.24966801702976227
0.25756675004959106
0.26400622725486755
0.26899898052215576
0.2725561261177063
0.274686723947525
0.2753962278366089
0.274686723947525
0.2725561261177063
0.26899898052215576
0.26400622725486755
0.25756675004959106
0.24966801702976227
0.2402983158826828
0.2294490486383438
0.21711760759353638
0.2033119946718216
0.18805326521396637
0.17138266563415527
0.15336111187934875
0.13407781720161438
0.11364483088254929
0.09220513701438904
0.0699227824807167
0.046988360583782196
0.023607192561030388
0.0
0.0
0.025607433170080185
0.05096502974629402
0.07582917809486389
0.0999741405248642
0.12319124490022659
0.14530210196971893
0.1661522090435028
0.18562151491641998
0.20361539721488953
0.22007010877132416
0.2349436730146408
0.24821609258651733
0.2598819136619568
0.26994720101356506
0.27842476963996887
0.28533056378364563
0.29068124294281006
0.29449135065078735
0.29677262902259827
0.2975321412086487
0.29677262902259827
0.29449135065078735
0.29068124294281006
0.28533056378364563
0.27842476963996887
0.26994720101356506
0.2598819136619568
0.24821609258651733
0.2349436730146408
0.22007010877132416
0.20361539721488953
0.18562151491641998
0.1661522090435028
0.14530210196971893
0.12319124490022659
0.0999741405248642
0.07582917809486389
0.05096502974629402
0.025607433170080185
0.0
0.0
0.027704380452632904
0.055131517350673676
0.08201160281896591
0.10809578746557236
0.13315539062023163
0.1569966822862625
0.17945349216461182
0.2003984898328781
0.21973295509815216
0.23739206790924072
0.25333505868911743
0.26754480600357056
0.28002017736434937
0.29077214002609253
0.2998190224170685
0.3071820139884949
0.312882661819458
0.3169396221637726
0.3193677067756653
0.32017597556114197
0.3193677067756653
0.3169396221637726
0.312882661819458
0.3071820139884949
0.2998190224170685
0.29077214002609253
0.28002017736434937
0.26754480600357056
0.25333505868911743
0.23739206790924072
0.21973295509815216
0.2003984898328781
0.17945349216461182
0.1569966822862625
0.13315539062023163
0.10809578746557236
0.08201160281896591
0.055131517350673676
0.027704380452632904
0.0
0.0
0.02991037257015705
0.05951187387108803
0.08850458264350891
0.1166134923696518
0.1435876190662384
0.1692168414592743
0.19332316517829895
0.2157728374004364
0.23646458983421326
0.2553345263004303
0.2723453640937805
0.2874850630760193
0.3007589280605316
0.312184602022171
0.3217874765396118
0.329595148563385
0.33563512563705444
0.33993077278137207
0.34250062704086304
0.34335586428642273
0.34250062704086304
0.33993077278137207
0.33563512563705444
0.329595148563385
0.3217874765396118
0.312184602022171
0.3007589280605316
0.2874850630760193
0.2723453640937805
0.2553345263004303
0.23646458983421326
0.2157728374004364
0.19332316517829895
0.1692168414592743
0.1435876190662384
0.1166134923696518
0.08850458264350891
0.05951187387108803
0.02991037257015705
0.0
0.0
0.03223920986056328
0.0641329437494278
0.0953466072678566
0.12557543814182281
0.15454357862472534
0.18202325701713562
0.20782463252544403
0.23180854320526123
0.25387299060821533
0.27395743131637573
0.2920306622982025
0.30808839201927185
0.3221447467803955
0.3342263400554657
0.3443673551082611
0.3526032269001007
0.3589686155319214
0.363492488861084
0.3661975860595703
0.3670975863933563
0.3661975860595703
0.363492488861084
0.3589686155319214
0.3526032269001007
0.3443673551082611
0.3342263400554657
0.3221447467803955
0.30808839201927185
0.2920306622982025
0.27395743131637573
0.25387299060821533
0.23180854320526123
0.20782463252544403
0.18202325701713562
0.15454357862472534
0.12557543814182281
0.0953466072678566
0.0641329437494278
0.03223920986056328
0.0
0.0
0.03470660373568535
0.06902515888214111
0.10258092731237411
0.1350352019071579
0.16608428955078125
0.1954815834760666
0.2230253964662552
0.24857261776924133
0.2720228135585785
0.29332149028778076
0.31244686245918274
0.3294052183628082
0.3442226052284241
0.35693684220314026
0.3675931394100189
0.3762364983558655
0.3829099237918854
0.38764891028404236
0.390481173992157
0.39142322540283203
0.390481173992157
0.38764891028404236
0.3829099237918854
0.3762364983558655
0.3675931394100189
0.35693684220314026
0.3442226052284241
0.3294052183628082
0.31244686245918274
0.29332149028778076
0.2720228135585785
0.24857261776924133
0.2230253964662552
0.1954815834760666
0.16608428955078125
0.1350352019071579
0.10258092731237411
0.06902515888214111
0.03470660373568535
0.0
0.0
0.037330836057662964
0.07422386109828949
0.11025768518447876
0.14505469799041748
0.17827996611595154
0.20966672897338867
0.23900187015533447
0.26614001393318176
0.2909852862358093
0.31349268555641174
0.33365345001220703
0.3514882028102875
0.3670381009578705
0.3803551197052002
0.3914978504180908
0.40052273869514465
0.40748265385627747
0.41242069005966187
0.4153701663017273
0.4163509011268616
0.4153701663017273
0.41242069005966187
0.40748265385627747
0.40052273869514465
0.3914978504180908
0.3803551197052002
0.3670381009578705
0.3514882028102875
0.33365345001220703
0.31349268555641174
0.2909852862358093
0.26614001393318176
0.23900187015533447
0.20966672897338867
0.17827996611595154
0.14505469799041748
0.11025768518447876
0.07422386109828949
0.037330836057662964
0.0
0.0
0.04013338312506676
0.07977038621902466
0.11843497306108475
0.1557047963142395
0.1912098228931427
0.2246619611978531
0.2558373510837555
0.28459104895591736
0.3108352720737457
0.3345387876033783
0.35571035742759705
0.3743889629840851
0.39063483476638794
0.404517263174057
0.41611093282699585
0.4254858195781708
0.43270620703697205
0.43782395124435425
0.4408787488937378
0.4418941140174866
0.4408787488937378
0.43782395124435425
0.43270620703697205
0.4254858195781708
0.41611093282699585
0.404517263174057
0.39063483476638794
0.3743889629840851
0.35571035742759705
0.3345387876033783
0.3108352720737457
0.28459104895591736
0.2558373510837555
0.2246619611978531
0.1912098228931427
0.1557047963142395
0.11843497306108475
0.07977038621902466
0.04013338312506676
0.0
0.0
0.04314018785953522
0.08571454882621765
0.1271827071905136
0.16707053780555725
0.2049684077501297
0.24056583642959595
0.2736296057701111
0.3040185570716858
0.33165791630744934
0.3565353453159332
0.3786826431751251
0.39816203713417053
0.4150572121143341
0.4294584095478058
0.44145938754081726
0.45114585757255554
0.4585953652858734
0.4638696014881134
0.46701550483703613
0.46806076169013977
0.46701550483703613
0.4638696014881134
0.4585953652858734
0.45114585757255554
0.44145938754081726
0.4294584095478058
0.4150572121143341
0.39816203713417053
0.3786826431751251
0.3565353453159332
0.33165791630744934
0.3040185570716858
0.2736296057701111
0.24056583642959595
0.2049684077501297
0.16707053780555725
0.1271827071905136
0.08571454882621765
0.04314018785953522
0.0
0.0
0.046382658183574677
0.0921163558959961
0.13658420741558075
0.17925183475017548
0.21966509521007538
0.257490336894989
0.2924874722957611
0.3245238661766052
0.35354405641555786
0.37956106662750244
0.40263625979423523
0.42286086082458496
0.4403470456600189
0.4552099108695984
0.4675656259059906
0.4775179624557495
0.4851594865322113
0.49056291580200195
0.49378326535224915
0.49485281109809875
0.49378326535224915
0.49056291580200195
0.4851594865322113
0.4775179624557495
0.4675656259059906
0.4552099108695984
0.4403470456600189
0.42286086082458496
0.40263625979423523
0.37956106662750244
0.35354405641555786
0.3245238661766052
0.2924874722957611
0.257490336894989
0.21966509521007538
0.17925183475017548
0.13658420741558075
0.0921163558959961
0.046382658183574677
0.0
0.0
0.0499001145362854
0.09905078262090683
0.14674334228038788
0.19237284362316132
0.2354348599910736
0.2755725085735321
0.31254255771636963
0.34622758626937866
0.37659966945648193
0.40370550751686096
0.4276440441608429
0.44854220747947693
0.4665463864803314
0.4818010628223419
0.4944480359554291
0.5046117305755615
0.5124013423919678
0.5179019570350647
0.5211772918701172
0.5222645401954651
0.5211772918701172
0.5179019570350647
0.5124013423919678
0.5046117305755615
0.4944480359554291
0.4818010628223419
0.4665463864803314
0.44854220747947693
0.4276440441608429
0.40370550751686096
0.37659966945648193
0.34622758626937866
0.31254255771636963
0.2755725085735321
0.2354348599910736
0.19237284362316132
0.14674334228038788
0.09905078262090683
0.0499001145362854
0.0
0.0
0.05374161899089813
0.10661066323518753
0.15778709948062897
0.20658284425735474
0.2524369955062866
0.2949705719947815
0.3339434564113617
0.36926260590553284
0.40093863010406494
0.42906221747398376
0.45377951860427856
0.47526097297668457
0.49369361996650696
0.5092559456825256
0.5221189856529236
0.5324300527572632
0.5403168201446533
0.5458775758743286
0.5491854548454285
0.550282895565033
0.5491854548454285
0.5458775758743286
0.5403168201446533
0.5324300527572632
0.5221189856529236
0.5092559456825256
0.49369361996650696
0.47526097297668457
0.45377951860427856
0.42906221747398376
0.40093863010406494
0.36926260590553284
0.3339434564113617
0.2949705719947815
0.2524369955062866
0.20658284425735474
0.15778709948062897
0.10661066323518753
0.05374161899089813
0.0
0.0
0.05797090381383896
0.11491639167070389
0.16987960040569305
0.22207367420196533
0.27087438106536865
0.31588372588157654
0.3568742275238037
0.3937903046607971
0.4266958236694336
0.45573854446411133
0.48112383484840393
0.503074586391449
0.5218255519866943
0.537594199180603
0.5505841374397278
0.5609678626060486
0.5688927173614502
0.5744709968566895
0.5777857303619385
0.5788848400115967
0.5777857303619385
0.5744709968566895
0.5688927173614502
0.5609678626060486
0.5505841374397278
0.537594199180603
0.5218255519866943
0.503074586391449
0.48112383484840393
0.45573854446411133
0.4266958236694336
0.3937903046607971
0.3568742275238037
0.31588372588157654
0.27087438106536865
0.22207367420196533
0.16987960040569305
0.11491639167070389
0.05797090381383896
0.0
0.0
0.06266999244689941
0.12412131577730179
0.18322645127773285
0.23908062279224396
0.2909899652004242
0.33854418992996216
0.38154369592666626
0.4199884533882141
0.45401516556739807
0.4838450849056244
0.509756863117218
0.5320360064506531
0.550972580909729
0.566827654838562
0.5798407196998596
0.5902111530303955
0.5981068015098572
0.6036545038223267
0.6069472432136536
0.6080383062362671
0.6069472432136536
0.6036545038223267
0.5981068015098572
0.5902111530303955
0.5798407196998596
0.566827654838562
0.550972580909729
0.5320360064506531
0.509756863117218
0.4838450849056244
0.45401516556739807
0.4199884533882141
0.38154369592666626
0.33854418992996216
0.2909899652004242
0.23908062279224396
0.18322645127773285
0.12412131577730179
0.06266999244689941
0.0
0.0
0.06795009225606918
0.13443270325660706
0.19810381531715393
0.25791674852371216
0.3131023943424225
0.36325111985206604
0.4082144498825073
0.4480743110179901
0.48306649923324585
0.5135067701339722
0.5397637486457825
0.5621968507766724
0.5811589360237122
0.5969592332839966
0.6098752021789551
0.6201340556144714
0.6279245615005493
0.6333878040313721
0.6366263031959534
0.6376987099647522
0.6366263031959534
0.6333878040313721
0.6279245615005493
0.6201340556144714
0.6098752021789551
0.5969592332839966
0.5811589360237122
0.5621968507766724
0.5397637486457825
0.5135067701339722
0.48306649923324585
0.4480743110179901
0.4082144498825073
0.36325111985206604
0.3131023943424225
0.25791674852371216
0.19810381531715393
0.13443270325660706
0.06795009225606918
0.0
0.0
0.07395949959754944
0.14612281322479248
0.21486638486385345
0.2789725363254547
0.33759674429893494
0.39035317301750183
0.43718189001083374
0.4782828986644745
0.5140259861946106
0.5448466539382935
0.5712223649024963
0.5935984253883362
0.6123971343040466
0.6279793381690979
0.6406615972518921
0.6506990194320679
0.6583002805709839
0.6636196970939636
0.6667688488960266
0.66781085729599
0.6667688488960266
0.6636196970939636
0.6583002805709839
0.6506990194320679
0.6406615972518921
0.6279793381690979
0.6123971343040466
0.5935984253883362
0.5712223649024963
0.5448466539382935
0.5140259861946106
0.4782828986644745
0.43718189001083374
0.39035317301750183
0.33759674429893494
0.2789725363254547
0.21486638486385345
0.14612281322479248
0.07395949959754944
0.0
0.0
0.08091025799512863
0.15957963466644287
0.23401282727718353
0.3027878999710083
0.36499205231666565
0.42030656337738037
0.46881768107414246
0.5108969807624817
0.54709392786026
0.5779946446418762
0.6042062044143677
0.6262703537940979
0.6446843147277832
0.6598616242408752
0.6721570491790771
0.6818516254425049
0.6891718506813049
0.6942836046218872
0.6973055005073547
0.6983047127723694
0.6973055005073547
0.6942836046218872
0.6891718506813049
0.6818516254425049
0.6721570491790771
0.6598616242408752
0.6446843147277832
0.6262703537940979
0.6042062044143677
0.5779946446418762
0.54709392786026
0.5108969807624817
0.46881768107414246
0.42030656337738037
0.36499205231666565
0.3027878999710083
0.23401282727718353
0.15957963466644287
0.08091025799512863
0.0
0.0
0.08909843116998672
0.1753295361995697
0.25620025396347046
0.3300434648990631
0.39591464400291443
0.4536343514919281
0.5035271048545837
0.5462074279785156
0.5824626088142395
0.6130636930465698
0.6387673020362854
0.6602203845977783
0.6779965758323669
0.6925604343414307
0.7043012976646423
0.71352219581604
0.7204636931419373
0.7253001928329468
0.7281553745269775
0.7290986776351929
0.7281553745269775
0.7253001928329468
0.7204636931419373
0.71352219581604
0.7043012976646423
0.6925604343414307
0.6779965758323669
0.6602203845977783
0.6387673020362854
0.6130636930465698
0.5824626088142395
0.5462074279785156
0.5035271048545837
0.4536343514919281
0.39591464400291443
0.3300434648990631
0.25620025396347046
0.1753295361995697
0.08909843116998672
0.0
0.0
0.0989774838089943
0.19418412446975708
0.28240641951560974
0.3617223799228668
0.4312264025211334
0.49101901054382324
0.5418040156364441
0.5845412015914917
0.6203253865242004
0.6501477956771851
0.6749294996261597
0.6954247951507568
0.7122793197631836
0.7260019183158875
0.7370089292526245
0.7456188201904297
0.7520805597305298
0.7565726637840271
0.7592207193374634
0.7600950002670288
0.7592207193374634
0.7565726637840271
0.7520805597305298
0.7456188201904297
0.7370089292526245
0.7260019183158875
0.7122793197631836
0.6954247951507568
0.6749294996261597
0.6501477956771851
0.6203253865242004
0.5845412015914917
0.5418040156364441
0.49101901054382324
0.4312264025211334
0.3617223799228668
0.28240641951560974
0.19418412446975708
0.0989774838089943
0.0
0.0
0.11122625321149826
0.21726983785629272
0.31395283341407776
0.3990573287010193
0.47194212675094604
0.5332028269767761
0.5841424465179443
0.6261916160583496
0.6608275771141052
0.6892903447151184
0.7126693725585938
0.7318189144134521
0.7474437952041626
0.7600842118263245
0.7701719999313354
0.7780312299728394
0.7839118838310242
0.7879910469055176
0.7903923392295837
0.7911844849586487
0.7903923392295837
0.7879910469055176
0.7839118838310242
0.7780312299728394
0.7701719999313354
0.7600842118263245
0.7474437952041626
0.7318189144134521
0.7126693725585938
0.6892903447151184
0.6608275771141052
0.6261916160583496
0.5841424465179443
0.5332028269767761
0.47194212675094604
0.3990573287010193
0.31395283341407776
0.21726983785629272
0.11122625321149826
0.0
0.0
0.12696915864944458
0.2465885579586029
0.3529428541660309
0.44390901923179626
0.5194443464279175
0.5810975432395935
0.6310682892799377
0.6714110374450684
0.7040427327156067
0.7304566502571106
0.7518913745880127
0.7692762613296509
0.7833503484725952
0.7946648597717285
0.8036500811576843
0.8106234073638916
0.8158261775970459
0.8194276094436646
0.8215449452400208
0.8222429156303406
0.8215449452400208
0.8194276094436646
0.8158261775970459
0.8106234073638916
0.8036500811576843
0.7946648597717285
0.7833503484725952
0.7692762613296509
0.7518913745880127
0.7304566502571106
0.7040427327156067
0.6714110374450684
0.6310682892799377
0.5810975432395935
0.5194443464279175
0.44390901923179626
0.3529428541660309
0.2465885579586029
0.12696915864944458
0.0
0.0
0.1481291502714157
0.2847997546195984
0.402275413274765
0.4984849989414215
0.5752222537994385
0.6355424523353577
0.6829705238342285
0.7203042507171631
0.7499127388000488
0.7735047340393066
0.7924165725708008
0.8076071739196777
0.8198125958442688
0.8295666575431824
0.837277352809906
0.8432403802871704
0.8476777672767639
0.8507435917854309
0.8525438904762268
0.8531370162963867
0.8525438904762268
0.8507435917854309
0.8476777672767639
0.8432403802871704
0.837277352809906
0.8295666575431824
0.8198125958442688
0.8076071739196777
0.7924165725708008
0.7735047340393066
0.7499127388000488
0.7203042507171631
0.6829705238342285
0.6355424523353577
0.5752222537994385
0.4984849989414215
0.402275413274765
0.2847997546195984
0.1481291502714157
0.0
0.0
0.17800378799438477
0.3382955491542816
0.4667886793613434
0.5661404728889465
0.6410133838653564
0.6972731351852417
0.7399905323982239
0.7727236747741699
0.7981645464897156
0.8181252479553223
0.8339409232139587
0.8465311527252197
0.8565784692764282
0.8645656108856201
0.8708542585372925
0.8757027983665466
0.8793027400970459
0.881786048412323
0.8832427859306335
0.8837224841117859
0.8832427859306335
0.881786048412323
0.8793027400970459
0.8757027983665466
0.8708542585372925
0.8645656108856201
0.8565784692764282
0.8465311527252197
0.8339409232139587
0.8181252479553223
0.7981645464897156
0.7727236747741699
0.7399905323982239
0.6972731351852417
0.6410133838653564
0.5661404728889465
0.4667886793613434
0.3382955491542816
0.17800378799438477
0.0
0.0
0.22413723170757294
0.41336968541145325
0.5531294941902161
0.6499298810958862
0.718056857585907
0.766400158405304
0.8017927408218384
0.8281674385070801
0.8482833504676819
0.8638447523117065
0.8760511875152588
0.8856948018074036
0.8933477401733398
0.8994057178497314
0.9041604399681091
0.9078176021575928
0.9105283617973328
0.9123959541320801
0.9134907126426697
0.9138510823249817
0.9134907126426697
0.9123959541320801
0.9105283617973328
0.9078176021575928
0.9041604399681091
0.8994057178497314
0.8933477401733398
0.8856948018074036
0.8760511875152588
0.8638447523117065
0.8482833504676819
0.8281674385070801
0.8017927408218384
0.766400158405304
0.718056857585907
0.6499298810958862
0.5531294941902161
0.41336968541145325
0.22413723170757294
0.0
0.0
0.29700034856796265
0.5388073921203613
0.6703384518623352
0.7532248497009277
0.8061223030090332
0.8419586420059204
0.8672019243240356
0.8856000304222107
0.8994057774543762
0.909970760345459
0.918194591999054
0.924656093120575
0.929763674736023
0.9337950348854065
0.936952531337738
0.9393773078918457
0.94117271900177
0.9424086809158325
0.9431328773498535
0.9433711767196655
0.9431328773498535
0.9424086809158325
0.94117271900177
0.9393773078918457
0.936952531337738
0.9337950348854065
0.929763674736023
0.924656093120575
0.918194591999054
0.909970760345459
0.8994057774543762
0.8856000304222107
0.8672019243240356
0.8419586420059204
0.8061223030090332
0.7532248497009277
0.6703384518623352
0.5388073921203613
0.29700034856796265
0.0
0.0
0.5453515648841858
0.7198178172111511
0.8243552446365356
0.872348427772522
0.9024435877799988
0.9212280511856079
0.9342331290245056
0.9435149431228638
0.9504208564758301
0.9556697010993958
0.9597397446632385
0.962928831577301
0.9654452800750732
0.9674290418624878
0.9689815044403076
0.9701731204986572
0.9710550904273987
0.9716621041297913
0.9720177054405212
0.9721347093582153
0.9720177054405212
0.9716621041297913
0.9710550904273987
0.9701731204986572
0.9689815044403076
0.9674290418624878
0.9654452800750732
0.962928831577301
0.9597397446632385
0.9556697010993958
0.9504208564758301
0.9435149431228638
0.9342331290245056
0.9212280511856079
0.9024435877799988
0.872348427772522
0.8243552446365356
0.7198178172111511
0.5453515648841858
0.0
1.0
1.0
1.0
1.0
1.0
1.0
1.0
1.0
1.0
1.0
1.0
1.0
1.0
1.0
1.0
1.0
1.0
1.0
1.0
1.0
1.0
1.0
1.0
1.0
1.0
1.0
1.0
1.0
1.0
1.0
1.0
1.0
1.0
1.0
1.0
1.0
1.0
1.0
1.0
1.0
1.0
