0.0
0.0
0.0
0.0
0.0
0.0
0.0
0.0
0.0
0.0
0.0
0.0
0.0
0.0
0.0
0.0
0.0
0.0
0.0
0.0
0.0
0.0
0.0
0.0
0.0
0.0
0.0
0.0
0.0
0.0
0.0
0.0
0.0
0.0
0.0
0.0
0.0
0.0
0.0
0.0
0.0
0.0
0.0016462361672893167
0.0032257356215268373
0.004726090934127569
0.006148650776594877
0.007494243327528238
0.008762420155107975
0.009952270425856113
0.01106241811066866
0.01209128275513649
0.013037205673754215
0.013898520730435848
0.014673654921352863
0.01536113116890192
0.015959640964865685
0.016468020156025887
0.01688529923558235
0.017210671678185463
0.017443524673581123
0.01758340746164322
0.017630068585276604
0.01758340746164322
0.017443524673581123
0.017210671678185463
0.01688529923558235
0.016468020156025887
0.015959640964865685
0.01536113116890192
0.014673654921352863
0.013898520730435848
0.013037205673754215
0.01209128275513649
0.01106241811066866
0.009952270425856113
0.008762420155107975
0.007494243327528238
0.006148650776594877
0.004726090934127569
0.0032257356215268373
0.0016462361672893167
0.0
0.0
0.003243717597797513
0.006394535303115845
0.009403714910149574
0.012261622585356236
0.014965142123401165
0.017512578517198563
0.019901888445019722
0.022130372002720833
0.024195021018385887
0.02609265223145485
0.027820084244012833
0.029374292120337486
0.03075244277715683
0.03195201978087425
0.03297078609466553
0.03380688279867172
0.03445875272154808
0.034925226122140884
0.03520544245839119
0.0352989062666893
0.03520544245839119
0.034925226122140884
0.03445875272154808
0.03380688279867172
0.03297078609466553
0.03195201978087425
0.03075244277715683
0.029374292120337486
0.027820084244012833
0.02609265223145485
0.024195021018385887
0.022130372002720833
0.019901888445019722
0.017512578517198563
0.014965142123401165
0.012261622585356236
0.009403714910149574
0.006394535303115845
0.003243717597797513
0.0
0.0
0.004796271678060293
0.009490672498941422
0.014009486883878708
0.01831737905740738
0.022397618740797043
0.02624332718551159
0.029849473387002945
0.0332116037607193
0.03632519394159317
0.039185672998428345
0.04178851842880249
0.04412946105003357
0.046204522252082825
0.04801015928387642
0.049543239176273346
0.050801150500774384
0.05178172513842583
0.052483320236206055
0.05290473997592926
0.05304529890418053
0.05290473997592926
0.052483320236206055
0.05178172513842583
0.050801150500774384
0.049543239176273346
0.04801015928387642
0.046204522252082825
0.04412946105003357
0.04178851842880249
0.039185672998428345
0.03632519394159317
0.0332116037607193
0.029849473387002945
0.02624332718551159
0.022397618740797043
0.01831737905740738
0.014009486883878708
0.009490672498941422
0.004796271678060293
0.0
0.0
0.0063195438124239445
0.012533247470855713
0.018552154302597046
0.024317223578691483
0.029791703447699547
0.034957319498062134
0.03980215638875961
0.04431832209229469
0.04849895462393761
0.052337903529405594
0.055829375982284546
0.05896803364157677
0.06174897402524948
0.06416787207126617
0.06622092425823212
0.0679049864411354
0.06921744346618652
0.07015632838010788
0.07072021067142487
0.07090827077627182
0.07072021067142487
0.07015632838010788
0.06921744346618652
0.0679049864411354
0.06622092425823212
0.06416787207126617
0.06174897402524948
0.05896803364157677
0.055829375982284546
0.052337903529405594
0.04849895462393761
0.04431832209229469
0.03980215638875961
0.034957319498062134
0.029791703447699547
0.024317223578691483
0.018552154302597046
0.012533247470855713
0.0063195438124239445
0.0
0.0
0.00782789010554552
0.015546129085123539
0.023055721074342728
0.0302798543125391
0.03716210648417473
0.04366821423172951
0.04977504909038544
0.055468473583459854
0.06073758378624916
0.06557400524616241
0.06997040659189224
0.07392045855522156
0.07741852849721909
0.08045974373817444
0.08303991705179214
0.08515559136867523
0.08680393546819687
0.08798284083604813
0.08869077265262604
0.08892685174942017
0.08869077265262604
0.08798284083604813
0.08680393546819687
0.08515559136867523
0.08303991705179214
0.08045974373817444
0.07741852849721909
0.07392045855522156
0.06997040659189224
0.06557400524616241
0.06073758378624916
0.055468473583459854
0.04977504909038544
0.04366821423172951
0.03716210648417473
0.0302798543125391
0.023055721074342728
0.015546129085123539
0.00782789010554552
0.0
0.0
0.009333386085927486
0.0185525082051754
0.02755032666027546
0.036236416548490524
0.04453730210661888
0.05240184813737869
0.059792980551719666
0.06668739765882492
0.07306794822216034
0.07892285287380219
0.08424258232116699
0.08901967853307724
0.09324782341718674
0.09692185372114182
0.10003741085529327
0.10259102284908295
0.10457990318536758
0.10600198805332184
0.10685579478740692
0.10714050382375717
0.10685579478740692
0.10600198805332184
0.10457990318536758
0.10259102284908295
0.10003741085529327
0.09692185372114182
0.09324782341718674
0.08901967853307724
0.08424258232116699
0.07892285287380219
0.07306794822216034
0.06668739765882492
0.059792980551719666
0.05240184813737869
0.04453730210661888
0.036236416548490524
0.02755032666027546
0.0185525082051754
0.009333386085927486
0.0
0.0
0.010847220197319984
0.02157433144748211
0.032066460698843
0.042221859097480774
0.051952723413705826
0.06119218096137047
0.06988845765590668
0.07800693064928055
0.0855221301317215
0.09241733700037003
0.09867990016937256
0.1043008416891098
0.10927310585975647
0.11359134316444397
0.11725129932165146
0.12024974822998047
0.12258420884609222
0.12425289303064346
0.1252545714378357
0.1255885362625122
0.1252545714378357
0.12425289303064346
0.12258420884609222
0.12024974822998047
0.11725129932165146
0.11359134316444397
0.10927310585975647
0.1043008416891098
0.09867990016937256
0.09241733700037003
0.0855221301317215
0.07800693064928055
0.06988845765590668
0.06119218096137047
0.051952723413705826
0.042221859097480774
0.032066460698843
0.02157433144748211
0.010847220197319984
0.0
0.0
0.012379463762044907
0.024631602689623833
0.03663322702050209
0.04827218875288963
0.05944809690117836
0.07007984817028046
0.08010141551494598
0.08946597576141357
0.09813832491636276
0.10609540343284607
0.11332041025161743
0.1198023185133934
0.1255331039428711
0.13050729036331177
0.13472092151641846
0.13817131519317627
0.1408565193414688
0.14277531206607819
0.14392687380313873
0.14431077241897583
0.14392687380313873
0.14277531206607819
0.1408565193414688
0.13817131519317627
0.13472092151641846
0.13050729036331177
0.1255331039428711
0.1198023185133934
0.11332041025161743
0.10609540343284607
0.09813832491636276
0.08946597576141357
0.08010141551494598
0.07007984817028046
0.05944809690117836
0.04827218875288963
0.03663322702050209
0.024631602689623833
0.012379463762044907
0.0
0.0
0.01393976155668497
0.027743522077798843
0.041278813034296036
0.05442311242222786
0.06706424802541733
0.07910823076963425
0.09047574549913406
0.10110782831907272
0.11095891892910004
0.11999864876270294
0.12820513546466827
0.13556472957134247
0.14206814765930176
0.14770981669425964
0.15248624980449677
0.15639548003673553
0.15943647921085358
0.1616087704896927
0.16291216015815735
0.16334663331508636
0.16291216015815735
0.1616087704896927
0.15943647921085358
0.15639548003673553
0.15248624980449677
0.14770981669425964
0.14206814765930176
0.13556472957134247
0.12820513546466827
0.11999864876270294
0.11095891892910004
0.10110782831907272
0.09047574549913406
0.07910823076963425
0.06706424802541733
0.05442311242222786
0.041278813034296036
0.027743522077798843
0.01393976155668497
0.0
0.0
0.015537274070084095
0.030928315594792366
0.046030160039663315
0.0607093945145607
0.07484225183725357
0.08832262456417084
0.10105880349874496
0.11298022419214249
0.12403104454278946
0.13417312502861023
0.14337900280952454
0.15163195133209229
0.15892121195793152
0.1652410924434662
0.17058870196342468
0.17496313154697418
0.17836445569992065
0.18079327046871185
0.1822502166032791
0.18273581564426422
0.1822502166032791
0.18079327046871185
0.17836445569992065
0.17496313154697418
0.17058870196342468
0.1652410924434662
0.15892121195793152
0.15163195133209229
0.14337900280952454
0.13417312502861023
0.12403104454278946
0.11298022419214249
0.10105880349874496
0.08832262456417084
0.07484225183725357
0.0607093945145607
0.046030160039663315
0.030928315594792366
0.015537274070084095
0.0
0.0
0.01718110404908657
0.03420405834913254
0.05091394484043121
0.06716553866863251
0.08282311260700226
0.09776879101991653
0.11189915984869003
0.12513278424739838
0.13740405440330505
0.14866717159748077
0.15888898074626923
0.16804949939250946
0.17613638937473297
0.18314391374588013
0.1890699863433838
0.1939149647951126
0.19768039882183075
0.20036819577217102
0.2019800841808319
0.20251724123954773
0.2019800841808319
0.20036819577217102
0.19768039882183075
0.1939149647951126
0.1890699863433838
0.18314391374588013
0.17613638937473297
0.16804949939250946
0.15888898074626923
0.14866717159748077
0.13740405440330505
0.12513278424739838
0.11189915984869003
0.09776879101991653
0.08282311260700226
0.06716553866863251
0.05091394484043121
0.03420405834913254
0.01718110404908657
0.0
0.0
0.018880290910601616
0.037588655948638916
0.05595657229423523
0.07382577657699585
0.09104788303375244
0.10749317705631256
0.12304692715406418
0.1376175433397293
0.15113034844398499
0.16353237628936768
0.17478518187999725
0.18486563861370087
0.19376005232334137
0.20146283507347107
0.20797297358512878
0.2132924646139145
0.2174246460199356
0.22037304937839508
0.22214077413082123
0.22272975742816925
0.22214077413082123
0.22037304937839508
0.2174246460199356
0.2132924646139145
0.20797297358512878
0.20146283507347107
0.19376005232334137
0.18486563861370087
0.17478518187999725
0.16353237628936768
0.15113034844398499
0.1376175433397293
0.12304692715406418
0.10749317705631256
0.09104788303375244
0.07382577657699585
0.05595657229423523
0.037588655948638916
0.018880290910601616
0.0
0.0
0.020644135773181915
0.04110049083828926
0.06118500977754593
0.08072491735219955
0.09955811500549316
0.11754269897937775
0.13455277681350708
0.1504872441291809
0.16526316106319427
0.17882129549980164
0.1911185383796692
0.2021292895078659
0.21183888614177704
0.22024233639240265
0.22734016180038452
0.2331363707780838
0.2376365214586258
0.24084614217281342
0.24276991188526154
0.24341081082820892
0.24276991188526154
0.24084614217281342
0.2376365214586258
0.2331363707780838
0.22734016180038452
0.22024233639240265
0.21183888614177704
0.2021292895078659
0.1911185383796692
0.17882129549980164
0.16526316106319427
0.1504872441291809
0.13455277681350708
0.11754269897937775
0.09955811500549316
0.08072491735219955
0.06118500977754593
0.04110049083828926
0.020644135773181915
0.0
0.0
0.022482268512248993
0.04475853964686394
0.06662704795598984
0.08789873868227005
0.1083965077996254
0.12796565890312195
0.14646907150745392
0.16379661858081818
0.17985807359218597
0.19458889961242676
0.20794245600700378
0.2198915034532547
0.23042131960391998
0.23952816426753998
0.24721471965312958
0.25348764657974243
0.25835520029067993
0.261825293302536
0.26390454173088074
0.2645971179008484
0.26390454173088074
0.261825293302536
0.25835520029067993
0.25348764657974243
0.24721471965312958
0.23952816426753998
0.23042131960391998
0.2198915034532547
0.20794245600700378
0.19458889961242676
0.17985807359218597
0.16379661858081818
0.14646907150745392
0.12796565890312195
0.1083965077996254
0.08789873868227005
0.06662704795598984
0.04475853964686394
0.022482268512248993
0.0
0.0
0.024404946714639664
0.048582956194877625
0.07231201231479645
0.09538471698760986
0.11760740727186203
0.13881176710128784
0.15884926915168762
0.17760130763053894
0.1949712634086609
0.21089054644107819
0.22531038522720337
0.23820313811302185
0.24955523014068604
0.25936514139175415
0.2676386833190918
0.2743857502937317
0.2796180546283722
0.2833463251590729
0.2855795621871948
0.28632327914237976
0.2855795621871948
0.2833463251590729
0.2796180546283722
0.2743857502937317
0.2676386833190918
0.25936514139175415
0.24955523014068604
0.23820313811302185
0.22531038522720337
0.21089054644107819
0.1949712634086609
0.17760130763053894
0.15884926915168762
0.13881176710128784
0.11760740727186203
0.09538471698760986
0.07231201231479645
0.048582956194877625
0.024404946714639664
0.0
0.0
0.026423221454024315
0.05259540677070618
0.07827134430408478
0.10322290658950806
0.12723802030086517
0.15013378858566284
0.17174994945526123
0.1919599175453186
0.21066170930862427
0.2277841717004776
0.24327801167964935
0.25711682438850403
0.2692897319793701
0.27979880571365356
0.28865402936935425
0.2958696484565735
0.30146151781082153
0.3054438829421997
0.307828426361084
0.3086223900318146
0.307828426361084
0.3054438829421997
0.30146151781082153
0.2958696484565735
0.28865402936935425
0.27979880571365356
0.2692897319793701
0.25711682438850403
0.24327801167964935
0.2277841717004776
0.21066170930862427
0.1919599175453186
0.17174994945526123
0.15013378858566284
0.12723802030086517
0.10322290658950806
0.07827134430408478
0.05259540677070618
0.026423221454024315
0.0
0.0
0.028549278154969215
0.05681968852877617
0.08453935384750366
0.11145661026239395
0.13733884692192078
0.16198742389678955
0.1852301061153412
0.20693284273147583
0.22698955237865448
0.2453281730413437
0.2619009017944336
0.2766845226287842
0.2896728217601776
0.3008730113506317
0.3103008270263672
0.3179760277271271
0.32391947507858276
0.3281497061252594
0.3306816518306732
0.331524521112442
0.3306816518306732
0.3281497061252594
0.32391947507858276
0.3179760277271271
0.3103008270263672
0.3008730113506317
0.2896728217601776
0.2766845226287842
0.2619009017944336
0.2453281730413437
0.22698955237865448
0.20693284273147583
0.1852301061153412
0.16198742389678955
0.13733884692192078
0.11145661026239395
0.08453935384750366
0.05681968852877617
0.028549278154969215
0.0
0.0
0.030796777456998825
0.0612824372947216
0.09115434437990189
0.12013398855924606
0.14796577394008636
0.17443406581878662
0.19935424625873566
0.22258560359477997
0.24401938915252686
0.2635846436023712
0.2812374532222748
0.29696014523506165
0.31075340509414673
0.3226317763328552
0.33261847496032715
0.3407400846481323
0.3470238447189331
0.351493239402771
0.3541671633720398
0.3550570607185364
0.3541671633720398
0.351493239402771
0.3470238447189331
0.3407400846481323
0.33261847496032715
0.3226317763328552
0.31075340509414673
0.29696014523506165
0.2812374532222748
0.2635846436023712
0.24401938915252686
0.22258560359477997
0.19935424625873566
0.17443406581878662
0.14796577394008636
0.12013398855924606
0.09115434437990189
0.0612824372947216
0.030796777456998825
0.0
0.0
0.03318128362298012
0.066013865172863
0.09815941751003265
0.12930873036384583
0.15918035805225372
0.18754027783870697
0.21419134736061096
0.23898711800575256
0.2618180811405182
0.28261685371398926
0.30134615302085876
0.31799668073654175
0.3325789272785187
0.3451169431209564
0.3556436002254486
0.36419400572776794
0.3708030581474304
0.37550023198127747
0.3783090114593506
0.37924352288246155
0.3783090114593506
0.37550023198127747
0.3708030581474304
0.36419400572776794
0.3556436002254486
0.3451169431209564
0.3325789272785187
0.31799668073654175
0.30134615302085876
0.28261685371398926
0.2618180811405182
0.23898711800575256
0.21419134736061096
0.18754027783870697
0.15918035805225372
0.12930873036384583
0.09815941751003265
0.066013865172863
0.03318128362298012
0.0
0.0
0.03572092577815056
0.07104911655187607
0.1056046262383461
0.1390429437160492
0.1710534393787384
0.20138221979141235
0.22981955111026764
0.2562146484851837
0.28045961260795593
0.3024936318397522
0.32228952646255493
0.3398497700691223
0.3551977574825287
0.3683699369430542
0.37941133975982666
0.3883674740791321
0.3952823877334595
0.4001927077770233
0.4031273126602173
0.4041033685207367
0.4031273126602173
0.4001927077770233
0.3952823877334595
0.3883674740791321
0.37941133975982666
0.3683699369430542
0.3551977574825287
0.3398497700691223
0.32228952646255493
0.3024936318397522
0.28045961260795593
0.2562146484851837
0.22981955111026764
0.20138221979141235
0.1710534393787384
0.1390429437160492
0.1056046262383461
0.07104911655187607
0.03572092577815056
0.0
0.0
0.03843703120946884
0.07642931491136551
0.11354803293943405
0.14940783381462097
0.18366514146327972
0.21604467928409576
0.24632443487644196
0.27435120940208435
0.3000219464302063
0.3232860863208771
0.3441307842731476
0.36257416009902954
0.3786563575267792
0.3924294710159302
0.40395334362983704
0.41328608989715576
0.42048266530036926
0.42558804154396057
0.42863723635673523
0.42965105175971985
0.42863723635673523
0.42558804154396057
0.42048266530036926
0.41328608989715576
0.40395334362983704
0.3924294710159302
0.3786563575267792
0.36257416009902954
0.3441307842731476
0.3232860863208771
0.3000219464302063
0.27435120940208435
0.24632443487644196
0.21604467928409576
0.18366514146327972
0.14940783381462097
0.11354803293943405
0.07642931491136551
0.03843703120946884
0.0
0.0
0.04135536402463913
0.08220409601926804
0.12205955386161804
0.16048893332481384
0.19711117446422577
0.2316281944513321
0.26380640268325806
0.29349300265312195
0.320593923330307
0.3450736701488495
0.36693882942199707
0.38622790575027466
0.4030022621154785
0.4173332452774048
0.4292986989021301
0.43897172808647156
0.44641998410224915
0.4516981542110443
0.4548482596874237
0.45589524507522583
0.4548482596874237
0.4516981542110443
0.44641998410224915
0.43897172808647156
0.4292986989021301
0.4173332452774048
0.4030022621154785
0.38622790575027466
0.36693882942199707
0.3450736701488495
0.320593923330307
0.29349300265312195
0.26380640268325806
0.2316281944513321
0.19711117446422577
0.16048893332481384
0.12205955386161804
0.08220409601926804
0.04135536402463913
0.0
0.0
0.04450714960694313
0.08843325823545456
0.13122260570526123
0.17238685488700867
0.21150241792201996
0.24824713170528412
0.2823775112628937
0.3137451708316803
0.3422705829143524
0.3679393231868744
0.3907836973667145
0.41086816787719727
0.42828047275543213
0.44311535358428955
0.4554719626903534
0.4654409885406494
0.4731048345565796
0.47852906584739685
0.4817637503147125
0.48283836245536804
0.4817637503147125
0.47852906584739685
0.4731048345565796
0.4654409885406494
0.4554719626903534
0.44311535358428955
0.42828047275543213
0.41086816787719727
0.3907836973667145
0.3679393231868744
0.3422705829143524
0.3137451708316803
0.2823775112628937
0.24824713170528412
0.21150241792201996
0.17238685488700867
0.13122260570526123
0.08843325823545456
0.04450714960694313
0.0
0.0
0.0479314960539341
0.09519156068563461
0.14114123582839966
0.1852266639471054
0.22697579860687256
0.2660415768623352
0.3021734356880188
0.33523306250572205
0.36516299843788147
0.3919776678085327
0.4157429337501526
0.4365559220314026
0.4545366168022156
0.4698077142238617
0.4824935495853424
0.4927048981189728
0.5005408525466919
0.5060793161392212
0.5093791484832764
0.5104749202728271
0.5093791484832764
0.5060793161392212
0.5005408525466919
0.4927048981189728
0.4824935495853424
0.4698077142238617
0.4545366168022156
0.4365559220314026
0.4157429337501526
0.3919776678085327
0.36516299843788147
0.33523306250572205
0.3021734356880188
0.2660415768623352
0.22697579860687256
0.1852266639471054
0.14114123582839966
0.09519156068563461
0.0479314960539341
0.0
0.0
0.05167723074555397
0.10257169604301453
0.15194277465343475
0.19915896654129028
0.24369312822818756
0.2851735055446625
0.3233475089073181
0.3580949902534485
0.3893907070159912
0.4172877073287964
0.4418950080871582
0.4633503258228302
0.481812447309494
0.4974372088909149
0.5103776454925537
0.5207675695419312
0.5287246108055115
0.5343400239944458
0.5376824140548706
0.5387916564941406
0.5376824140548706
0.5343400239944458
0.5287246108055115
0.5207675695419312
0.5103776454925537
0.4974372088909149
0.481812447309494
0.4633503258228302
0.4418950080871582
0.4172877073287964
0.3893907070159912
0.3580949902534485
0.3233475089073181
0.2851735055446625
0.24369312822818756
0.19915896654129028
0.15194277465343475
0.10257169604301453
0.05167723074555397
0.0
0.0
0.05580781772732735
0.11069384962320328
0.16379186511039734
0.21437732875347137
0.26186060905456543
0.30584704875946045
0.3460899293422699
0.38249915838241577
0.4150954782962799
0.44398343563079834
0.4693269729614258
0.491313636302948
0.5101486444473267
0.5260260701179504
0.539131760597229
0.5496248006820679
0.5576429963111877
0.5632921457290649
0.566650927066803
0.5677649974822998
0.566650927066803
0.5632921457290649
0.5576429963111877
0.5496248006820679
0.539131760597229
0.5260260701179504
0.5101486444473267
0.491313636302948
0.4693269729614258
0.44398343563079834
0.4150954782962799
0.38249915838241577
0.3460899293422699
0.30584704875946045
0.26186060905456543
0.21437732875347137
0.16379186511039734
0.11069384962320328
0.05580781772732735
0.0
0.0
0.06040499359369278
0.11971131712198257
0.17689497768878937
0.2311195582151413
0.28172558546066284
0.32830047607421875
0.3706167936325073
0.4086311161518097
0.44242897629737854
0.47218236327171326
0.4981246292591095
0.5205036997795105
0.5395791530609131
0.5555887222290039
0.5687544345855713
0.5792631506919861
0.5872738361358643
0.5929073691368103
0.5962529182434082
0.5973619222640991
0.5962529182434082
0.5929073691368103
0.5872738361358643
0.5792631506919861
0.5687544345855713
0.5555887222290039
0.5395791530609131
0.5205036997795105
0.4981246292591095
0.47218236327171326
0.44242897629737854
0.4086311161518097
0.3706167936325073
0.32830047607421875
0.28172558546066284
0.2311195582151413
0.17689497768878937
0.11971131712198257
0.06040499359369278
0.0
0.0
0.0655796155333519
0.12983131408691406
0.19152958691120148
0.24970218539237976
0.3036126494407654
0.3528411090373993
0.3972002863883972
0.4367181956768036
0.4715706408023834
0.5020180940628052
0.528380274772644
0.5509775280952454
0.5701320171356201
0.5861302614212036
0.5992333292961121
0.6096569299697876
0.6175819039344788
0.6231442093849182
0.6264433264732361
0.6275361180305481
0.6264433264732361
0.6231442093849182
0.6175819039344788
0.6096569299697876
0.5992333292961121
0.5861302614212036
0.5701320171356201
0.5509775280952454
0.528380274772644
0.5020180940628052
0.4715706408023834
0.4367181956768036
0.3972002863883972
0.3528411090373993
0.3036126494407654
0.24970218539237976
0.19152958691120148
0.12983131408691406
0.0655796155333519
0.0
0.0
0.07147965580224991
0.14132638275623322
0.20805256068706512
0.2705206871032715
0.3279148042201996
0.3798277974128723
0.42614713311195374
0.46700674295425415
0.5027070641517639
0.5336223840713501
0.560178816318512
0.5827814936637878
0.6018232107162476
0.6176431179046631
0.6305431723594666
0.6407681703567505
0.648520290851593
0.6539499163627625
0.6571659445762634
0.6582304239273071
0.6571659445762634
0.6539499163627625
0.648520290851593
0.6407681703567505
0.6305431723594666
0.6176431179046631
0.6018232107162476
0.5827814936637878
0.560178816318512
0.5336223840713501
0.5027070641517639
0.46700674295425415
0.42614713311195374
0.3798277974128723
0.3279148042201996
0.2705206871032715
0.20805256068706512
0.14132638275623322
0.07147965580224991
0.0
0.0
0.07831677049398422
0.15458498895168304
0.22696582973003387
0.29412227869033813
0.35516247153282166
0.40973109006881714
0.4578445851802826
0.49979448318481445
0.5360516905784607
0.5671359896659851
0.593601644039154
0.6159509420394897
0.6346532106399536
0.650102436542511
0.6626409292221069
0.6725413203239441
0.6800251603126526
0.6852552890777588
0.6883488297462463
0.6893720030784607
0.6883488297462463
0.6852552890777588
0.6800251603126526
0.6725413203239441
0.6626409292221069
0.650102436542511
0.6346532106399536
0.6159509420394897
0.593601644039154
0.5671359896659851
0.5360516905784607
0.49979448318481445
0.4578445851802826
0.40973109006881714
0.35516247153282166
0.29412227869033813
0.22696582973003387
0.15458498895168304
0.07831677049398422
0.0
0.0
0.08638673275709152
0.17013491690158844
0.2489318549633026
0.32119816541671753
0.38599690794944763
0.4430915415287018
0.4927157163619995
0.535388708114624
0.5718106031417847
0.6026824116706848
0.62870854139328
0.6504982709884644
0.6686004996299744
0.6834631562232971
0.6954656839370728
0.7049049735069275
0.7120182514190674
0.7169781923294067
0.7199076414108276
0.7208757400512695
0.7199076414108276
0.7169781923294067
0.7120182514190674
0.7049049735069275
0.6954656839370728
0.6834631562232971
0.6686004996299744
0.6504982709884644
0.62870854139328
0.6026824116706848
0.5718106031417847
0.535388708114624
0.4927157163619995
0.4430915415287018
0.38599690794944763
0.32119816541671753
0.2489318549633026
0.17013491690158844
0.08638673275709152
0.0
0.0
0.09614275395870209
0.18879003822803497
0.27493715286254883
0.3527480661869049
0.4213030934333801
0.4806174635887146
0.531279444694519
0.5741379261016846
0.6101941466331482
0.640367865562439
0.6655310988426208
0.6864041686058044
0.703612208366394
0.7176510095596313
0.7289302349090576
0.737764298915863
0.7444007992744446
0.7490176558494568
0.7517405152320862
0.752639651298523
0.7517405152320862
0.7490176558494568
0.7444007992744446
0.737764298915863
0.7289302349090576
0.7176510095596313
0.703612208366394
0.6864041686058044
0.6655310988426208
0.640367865562439
0.6101941466331482
0.5741379261016846
0.531279444694519
0.4806174635887146
0.4213030934333801
0.3527480661869049
0.27493715286254883
0.18879003822803497
0.09614275395870209
0.0
0.0
0.10826388001441956
0.21168182790279388
0.30631694197654724
0.3900280296802521
0.46212494373321533
0.5230813026428223
0.5740571618080139
0.6163575649261475
0.651363730430603
0.6802465915679932
0.704052209854126
0.7236066460609436
0.7395996451377869
0.7525625228881836
0.7629234790802002
0.7710052132606506
0.7770578265190125
0.7812590599060059
0.7837332487106323
0.7845496535301208
0.7837332487106323
0.7812590599060059
0.7770578265190125
0.7710052132606506
0.7629234790802002
0.7525625228881836
0.7395996451377869
0.7236066460609436
0.704052209854126
0.6802465915679932
0.651363730430603
0.6163575649261475
0.5740571618080139
0.5230813026428223
0.46212494373321533
0.3900280296802521
0.30631694197654724
0.21168182790279388
0.10826388001441956
0.0
0.0
0.12387530505657196
0.2408209592103958
0.34520047903060913
0.43493932485580444
0.5098932981491089
0.571440577507019
0.6216124892234802
0.6623275876045227
0.6954110860824585
0.7222941517829895
0.7441809773445129
0.7619799375534058
0.7764211893081665
0.7880513668060303
0.7973003387451172
0.8044863343238831
0.8098522424697876
0.8135688304901123
0.8157546520233154
0.8164753913879395
0.8157546520233154
0.8135688304901123
0.8098522424697876
0.8044863343238831
0.7973003387451172
0.7880513668060303
0.7764211893081665
0.7619799375534058
0.7441809773445129
0.7222941517829895
0.6954110860824585
0.6623275876045227
0.6216124892234802
0.571440577507019
0.5098932981491089
0.43493932485580444
0.34520047903060913
0.2408209592103958
0.12387530505657196
0.0
0.0
0.1449023336172104
0.2788856327533722
0.3945239782333374
0.4897436797618866
0.5661540031433105
0.6265842318534851
0.6743714809417725
0.712177574634552
0.7422922253608704
0.7663751840591431
0.7857394814491272
0.8013321757316589
0.8138860464096069
0.8239349126815796
0.8318888545036316
0.8380462527275085
0.8426316976547241
0.8458015322685242
0.8476635813713074
0.8482771515846252
0.8476635813713074
0.8458015322685242
0.8426316976547241
0.8380462527275085
0.8318888545036316
0.8239349126815796
0.8138860464096069
0.8013321757316589
0.7857394814491272
0.7663751840591431
0.7422922253608704
0.712177574634552
0.6743714809417725
0.6265842318534851
0.5661540031433105
0.4897436797618866
0.3945239782333374
0.2788856327533722
0.1449023336172104
0.0
0.0
0.1746504306793213
0.3323031961917877
0.45921653509140015
0.5578994750976562
0.6327411532402039
0.6893178224563599
0.7325197458267212
0.7657833099365234
0.7917436361312866
0.8121808767318726
0.8284195065498352
0.8413758277893066
0.8517341613769531
0.8599807024002075
0.8664810657501221
0.8714973330497742
0.8752243518829346
0.8777965307235718
0.879305899143219
0.8798030018806458
0.879305899143219
0.8777965307235718
0.8752243518829346
0.8714973330497742
0.8664810657501221
0.8599807024002075
0.8517341613769531
0.8413758277893066
0.8284195065498352
0.8121808767318726
0.7917436361312866
0.7657833099365234
0.7325197458267212
0.6893178224563599
0.6327411532402039
0.5578994750976562
0.45921653509140015
0.3323031961917877
0.1746504306793213
0.0
0.0
0.22066643834114075
0.4074431359767914
0.5460307002067566
0.6425951719284058
0.710992693901062
0.7598174214363098
0.7957542538642883
0.8226550221443176
0.8432498574256897
0.8592308163642883
0.8717978000640869
0.8817464113235474
0.8896542191505432
0.895922064781189
0.900846540927887
0.9046372175216675
0.9074486494064331
0.909386396408081
0.9105226397514343
0.9108966588973999
0.9105226397514343
0.909386396408081
0.9074486494064331
0.9046372175216675
0.900846540927887
0.895922064781189
0.8896542191505432
0.8817464113235474
0.8717978000640869
0.8592308163642883
0.8432498574256897
0.8226550221443176
0.7957542538642883
0.7598174214363098
0.710992693901062
0.6425951719284058
0.5460307002067566
0.4074431359767914
0.22066643834114075
0.0
0.0
0.2935311794281006
0.5332545042037964
0.6643633246421814
0.7474333047866821
0.8008111715316772
0.8371718525886536
0.8629118204116821
0.8817484378814697
0.8959305286407471
0.9068131446838379
0.915302574634552
0.9219846129417419
0.9272739291191101
0.9314533472061157
0.9347296953201294
0.9372475147247314
0.9391127228736877
0.9403972029685974
0.9411500096321106
0.9413977861404419
0.9411500096321106
0.9403972029685974
0.9391127228736877
0.9372475147247314
0.9347296953201294
0.9314533472061157
0.9272739291191101
0.9219846129417419
0.915302574634552
0.9068131446838379
0.8959305286407471
0.8817484378814697
0.8629118204116821
0.8371718525886536
0.8008111715316772
0.7474333047866821
0.6643633246421814
0.5332545042037964
0.2935311794281006
0.0
0.0
0.5419077277183533
0.7156575918197632
0.8205920457839966
0.8689680099487305
0.8995118737220764
0.9186640381813049
0.9319838881492615
0.9415234327316284
0.9486415386199951
0.954064130783081
0.958276629447937
0.9615823030471802
0.9641937613487244
0.9662544131278992
0.9678682088851929
0.9691075682640076
0.9700253009796143
0.9706571102142334
0.9710273146629333
0.9711491465568542
0.9710273146629333
0.9706571102142334
0.9700253009796143
0.9691075682640076
0.9678682088851929
0.9662544131278992
0.9641937613487244
0.9615823030471802
0.958276629447937
0.954064130783081
0.9486415386199951
0.9415234327316284
0.9319838881492615
0.9186640381813049
0.8995118737220764
0.8689680099487305
0.8205920457839966
0.7156575918197632
0.5419077277183533
0.0
1.0
1.0
1.0
1.0
1.0
1.0
1.0
1.0
1.0
1.0
1.0
1.0
1.0
1.0
1.0
1.0
1.0
1.0
1.0
1.0
1.0
1.0
1.0
1.0
1.0
1.0
1.0
1.0
1.0
1.0
1.0
1.0
1.0
1.0
1.0
1.0
1.0
1.0
1.0
1.0
1.0
