0.0
0.0
0.0
0.0
0.0
0.0
0.0
0.0
0.0
0.0
0.0
0.0
0.0
0.0
0.0
0.0
0.0
0.0
0.0
0.0
0.0
0.0
0.0
0.0
0.0
0.0
0.0
0.0
0.0
0.0
0.0
0.0
0.0
0.0
0.0
0.0
0.0
0.0
0.0
0.0
0.0
0.0
0.002296316670253873
0.004531193524599075
0.006686313543468714
0.008755140006542206
0.010731729678809643
0.012610036879777908
0.014384213835000992
0.01604866050183773
0.017598096281290054
0.01902771182358265
0.02033313550055027
0.021510547026991844
0.022556589916348457
0.023468447849154472
0.024243732914328575
0.02488054148852825
0.025377335026860237
0.025732984766364098
0.025946680456399918
0.026017969474196434
0.025946680456399918
0.025732984766364098
0.025377335026860237
0.02488054148852825
0.024243732914328575
0.023468447849154472
0.022556589916348457
0.021510547026991844
0.02033313550055027
0.01902771182358265
0.017598096281290054
0.01604866050183773
0.014384213835000992
0.012610036879777908
0.010731729678809643
0.008755140006542206
0.006686313543468714
0.004531193524599075
0.002296316670253873
0.0
0.0
0.004556461237370968
0.009020553901791573
0.013337364420294762
0.01748405583202839
0.021444598212838173
0.02520596981048584
0.02875620499253273
0.03208424523472786
0.03517987206578255
0.03803388774394989
0.040638040751218796
0.04298519343137741
0.0450691357254982
0.04688471183180809
0.04842759296298027
0.049694351851940155
0.050682250410318375
0.051389291882514954
0.05181405693292618
0.05195574089884758
0.05181405693292618
0.051389291882514954
0.050682250410318375
0.049694351851940155
0.04842759296298027
0.04688471183180809
0.0450691357254982
0.04298519343137741
0.040638040751218796
0.03803388774394989
0.03517987206578255
0.03208424523472786
0.02875620499253273
0.02520596981048584
0.021444598212838173
0.01748405583202839
0.013337364420294762
0.009020553901791573
0.004556461237370968
0.0
0.0
0.006785768084228039
0.013460802845656872
0.019940610975027084
0.02617451548576355
0.032128725200891495
0.03777983412146568
0.04310823976993561
0.04809729382395744
0.052732203155756
0.05700010806322098
0.06088975444436073
0.0643916204571724
0.0674976035952568
0.07020110636949539
0.072496697306633
0.07438017427921295
0.07584822177886963
0.07689846307039261
0.07752922922372818
0.07773959636688232
0.07752922922372818
0.07689846307039261
0.07584822177886963
0.07438017427921295
0.072496697306633
0.07020110636949539
0.0674976035952568
0.0643916204571724
0.06088975444436073
0.05700010806322098
0.052732203155756
0.04809729382395744
0.04310823976993561
0.03777983412146568
0.032128725200891495
0.02617451548576355
0.019940610975027084
0.013460802845656872
0.006785768084228039
0.0
0.0
0.008999352343380451
0.017872372642159462
0.026510626077651978
0.03483542427420616
0.042789775878190994
0.05033514276146889
0.05744151026010513
0.06408579647541046
0.07024873793125153
0.07591462135314941
0.08107029646635056
0.08570511639118195
0.08981040120124817
0.09337933361530304
0.09640654921531677
0.09888804703950882
0.10082080960273743
0.10220273584127426
0.10303241014480591
0.10330906510353088
0.10303241014480591
0.10220273584127426
0.10082080960273743
0.09888804703950882
0.09640654921531677
0.09337933361530304
0.08981040120124817
0.08570511639118195
0.08107029646635056
0.07591462135314941
0.07024873793125153
0.06408579647541046
0.05744151026010513
0.05033514276146889
0.042789775878190994
0.03483542427420616
0.026510626077651978
0.017872372642159462
0.008999352343380451
0.0
0.0
0.01121185626834631
0.022280074656009674
0.03307439014315605
0.043490469455718994
0.053446996957063675
0.0628867968916893
0.07176674157381058
0.08005604892969131
0.08773086965084076
0.09477341920137405
0.1011698842048645
0.10690997540950775
0.1119859591126442
0.11639229208230972
0.12012501806020737
0.12318151444196701
0.12556004524230957
0.12725956737995148
0.12827947735786438
0.1286194771528244
0.12827947735786438
0.12725956737995148
0.12556004524230957
0.12318151444196701
0.12012501806020737
0.11639229208230972
0.1119859591126442
0.10690997540950775
0.1011698842048645
0.09477341920137405
0.08773086965084076
0.08005604892969131
0.07176674157381058
0.0628867968916893
0.053446996957063675
0.043490469455718994
0.03307439014315605
0.022280074656009674
0.01121185626834631
0.0
0.0
0.013436451554298401
0.02670874260365963
0.03966401889920235
0.05217337608337402
0.06413152068853378
0.07546152174472809
0.08610567450523376
0.09602462500333786
0.10518994182348251
0.11358260363340378
0.12118948251008987
0.12800222635269165
0.13401572406291962
0.1392272412776947
0.14363570511341095
0.14724113047122955
0.15004406869411469
0.1520453691482544
0.15324577689170837
0.153645858168602
0.15324577689170837
0.1520453691482544
0.15004406869411469
0.14724113047122955
0.14363570511341095
0.1392272412776947
0.13401572406291962
0.12800222635269165
0.12118948251008987
0.11358260363340378
0.10518994182348251
0.09602462500333786
0.08610567450523376
0.07546152174472809
0.06413152068853378
0.05217337608337402
0.03966401889920235
0.02670874260365963
0.013436451554298401
0.0
0.0
0.0156856756657362
0.031182417646050453
0.046312130987644196
0.06092093139886856
0.07488002628087997
0.08809299767017365
0.1004875972867012
0.11201588809490204
0.12264537811279297
0.1323568969964981
0.1411394625902176
0.14898832142353058
0.1559026837348938
0.16188426315784454
0.16693630814552307
0.1710626631975174
0.1742672324180603
0.17655345797538757
0.1779240518808365
0.17838071286678314
0.1779240518808365
0.17655345797538757
0.1742672324180603
0.1710626631975174
0.16693630814552307
0.16188426315784454
0.1559026837348938
0.14898832142353058
0.1411394625902176
0.1323568969964981
0.12264537811279297
0.11201588809490204
0.1004875972867012
0.08809299767017365
0.07488002628087997
0.06092093139886856
0.046312130987644196
0.031182417646050453
0.0156856756657362
0.0
0.0
0.017971230670809746
0.0357237309217453
0.053050447255373
0.06977086514234543
0.08573255687952042
0.10082044452428818
0.11494875699281693
0.12806209921836853
0.14012527465820312
0.15112045407295227
0.1610405147075653
0.16988611221313477
0.1776624470949173
0.1843772530555725
0.1900394707918167
0.19465790688991547
0.1982407420873642
0.20079472661018372
0.2023250162601471
0.20283474028110504
0.2023250162601471
0.20079472661018372
0.1982407420873642
0.19465790688991547
0.1900394707918167
0.1843772530555725
0.1776624470949173
0.16988611221313477
0.1610405147075653
0.15112045407295227
0.14012527465820312
0.12806209921836853
0.11494875699281693
0.10082044452428818
0.08573255687952042
0.06977086514234543
0.053050447255373
0.0357237309217453
0.017971230670809746
0.0
0.0
0.020304474979639053
0.0403546541929245
0.05990986153483391
0.07876043021678925
0.09672966599464417
0.11368484795093536
0.1295284777879715
0.14419977366924286
0.15766295790672302
0.16990365087985992
0.1809205859899521
0.19072166085243225
0.19931979477405548
0.20673023164272308
0.2129688411951065
0.21805040538311005
0.22198820114135742
0.22479286789894104
0.22647246718406677
0.22703175246715546
0.22647246718406677
0.22479286789894104
0.22198820114135742
0.21805040538311005
0.2129688411951065
0.20673023164272308
0.19931979477405548
0.19072166085243225
0.1809205859899521
0.16990365087985992
0.15766295790672302
0.14419977366924286
0.1295284777879715
0.11368484795093536
0.09672966599464417
0.07876043021678925
0.05990986153483391
0.0403546541929245
0.020304474979639053
0.0
0.0
0.02269641123712063
0.04509640485048294
0.06692029535770416
0.08792612701654434
0.10791192948818207
0.12672843039035797
0.1442687213420868
0.16046938300132751
0.17529696226119995
0.18874312937259674
0.20081482827663422
0.2115291804075241
0.22090856730937958
0.2289770394563675
0.23575857281684875
0.24127481877803802
0.24554479122161865
0.24858355522155762
0.2504023611545563
0.2510078251361847
0.2504023611545563
0.24858355522155762
0.24554479122161865
0.24127481877803802
0.23575857281684875
0.2289770394563675
0.22090856730937958
0.2115291804075241
0.20081482827663422
0.18874312937259674
0.17529696226119995
0.16046938300132751
0.1442687213420868
0.12672843039035797
0.10791192948818207
0.08792612701654434
0.06692029535770416
0.04509640485048294
0.02269641123712063
0.0
0.0
0.025158025324344635
0.04997007176280022
0.07411129027605057
0.09730380028486252
0.11931924521923065
0.1399931013584137
0.15921173989772797
0.17691254615783691
0.19306789338588715
0.20767851173877716
0.2207622230052948
0.23234745860099792
0.2424677163362503
0.25115716457366943
0.25844889879226685
0.2643721401691437
0.26895228028297424
0.272209107875824
0.27415743470191956
0.27480581402778625
0.27415743470191956
0.272209107875824
0.26895228028297424
0.2643721401691437
0.25844889879226685
0.25115716457366943
0.2424677163362503
0.23234745860099792
0.2207622230052948
0.20767851173877716
0.19306789338588715
0.17691254615783691
0.15921173989772797
0.1399931013584137
0.11931924521923065
0.09730380028486252
0.07411129027605057
0.04997007176280022
0.025158025324344635
0.0
0.0
0.027700353413820267
0.054996732622385025
0.0815122127532959
0.10692903399467468
0.13099130988121033
0.1535208374261856
0.1744004637002945
0.19357237219810486
0.2110186517238617
0.22675253450870514
0.24080558121204376
0.2532196640968323
0.26404106616973877
0.27331534028053284
0.28108546137809753
0.28738903999328613
0.2922581434249878
0.2957177460193634
0.29778629541397095
0.29847452044487
0.29778629541397095
0.2957177460193634
0.2922581434249878
0.28738903999328613
0.28108546137809753
0.27331534028053284
0.26404106616973877
0.2532196640968323
0.24080558121204376
0.22675253450870514
0.2110186517238617
0.19357237219810486
0.1744004637002945
0.1535208374261856
0.13099130988121033
0.10692903399467468
0.0815122127532959
0.054996732622385025
0.027700353413820267
0.0
0.0
0.030334746465086937
0.06019792705774307
0.08915278315544128
0.11683742702007294
0.14296746253967285
0.167353093624115
0.18987740576267242
0.21049177646636963
0.2291923463344574
0.24600858986377716
0.260988712310791
0.2741903066635132
0.28567397594451904
0.2954978346824646
0.30371561646461487
0.3103737533092499
0.3155114948749542
0.3191591501235962
0.32133904099464417
0.3220641016960144
0.32133904099464417
0.3191591501235962
0.3155114948749542
0.3103737533092499
0.30371561646461487
0.2954978346824646
0.28567397594451904
0.2741903066635132
0.260988712310791
0.24600858986377716
0.2291923463344574
0.21049177646636963
0.18987740576267242
0.167353093624115
0.14296746253967285
0.11683742702007294
0.08915278315544128
0.06019792705774307
0.030334746465086937
0.0
0.0
0.03307303041219711
0.06559599190950394
0.09706360846757889
0.12706540524959564
0.1552877277135849
0.1815319061279297
0.20568563044071198
0.227714404463768
0.247633159160614
0.2654913663864136
0.2813569903373718
0.2953054904937744
0.3074134886264801
0.3177525997161865
0.3263881802558899
0.3333759009838104
0.3387625813484192
0.34258410334587097
0.3448667526245117
0.3456258177757263
0.3448667526245117
0.34258410334587097
0.3387625813484192
0.3333759009838104
0.3263881802558899
0.3177525997161865
0.3074134886264801
0.2953054904937744
0.2813569903373718
0.2654913663864136
0.247633159160614
0.227714404463768
0.20568563044071198
0.1815319061279297
0.1552877277135849
0.12706540524959564
0.09706360846757889
0.06559599190950394
0.03307303041219711
0.0
0.0
0.03592774271965027
0.07121443003416061
0.10527654737234116
0.13765034079551697
0.1679927408695221
0.19609953463077545
0.22186815738677979
0.24528373777866364
0.26638486981391907
0.2852451205253601
0.3019552528858185
0.316610723733902
0.3293057680130005
0.34012654423713684
0.3491506576538086
0.3564435839653015
0.36205995082855225
0.3660414516925812
0.36841851472854614
0.36920875310897827
0.36841851472854614
0.3660414516925812
0.36205995082855225
0.3564435839653015
0.3491506576538086
0.34012654423713684
0.3293057680130005
0.316610723733902
0.3019552528858185
0.2852451205253601
0.26638486981391907
0.24528373777866364
0.22186815738677979
0.19609953463077545
0.1679927408695221
0.13765034079551697
0.10527654737234116
0.07121443003416061
0.03592774271965027
0.0
0.0
0.038912441581487656
0.07707854360342026
0.11382567882537842
0.1486320048570633
0.18112528324127197
0.21110013127326965
0.23846964538097382
0.26324453949928284
0.2854924499988556
0.3053150475025177
0.3228289484977722
0.33815181255340576
0.3513968586921692
0.36266595125198364
0.37204959988594055
0.37962353229522705
0.3854505121707916
0.389578253030777
0.39204141497612
0.3928600549697876
0.39204141497612
0.389578253030777
0.3854505121707916
0.37962353229522705
0.37204959988594055
0.36266595125198364
0.3513968586921692
0.33815181255340576
0.3228289484977722
0.3053150475025177
0.2854924499988556
0.26324453949928284
0.23846964538097382
0.21110013127326965
0.18112528324127197
0.1486320048570633
0.11382567882537842
0.07707854360342026
0.038912441581487656
0.0
0.0
0.04204195365309715
0.08321581780910492
0.12274757772684097
0.16005244851112366
0.19473008811473846
0.22657927870750427
0.25553569197654724
0.2816421687602997
0.305000901222229
0.3257458508014679
0.3440225422382355
0.3599729537963867
0.37373086810112
0.385414719581604
0.39512866735458374
0.4029591977596283
0.4089775085449219
0.4132375419139862
0.41577842831611633
0.41662266850471497
0.41577842831611633
0.4132375419139862
0.4089775085449219
0.4029591977596283
0.39512866735458374
0.385414719581604
0.37373086810112
0.3599729537963867
0.3440225422382355
0.3257458508014679
0.305000901222229
0.2816421687602997
0.25553569197654724
0.22657927870750427
0.19473008811473846
0.16005244851112366
0.12274757772684097
0.08321581780910492
0.04204195365309715
0.0
0.0
0.0453329011797905
0.08965695649385452
0.1320829540491104
0.17195819318294525
0.2088562399148941
0.24258661270141602
0.2731153666973114
0.3005247712135315
0.32495734095573425
0.34658363461494446
0.3655811548233032
0.3821183443069458
0.3963509500026703
0.4084150791168213
0.41842925548553467
0.4264911711215973
0.4326809346675873
0.4370588958263397
0.43966880440711975
0.4405357539653778
0.43966880440711975
0.4370588958263397
0.4326809346675873
0.4264911711215973
0.41842925548553467
0.4084150791168213
0.3963509500026703
0.3821183443069458
0.3655811548233032
0.34658363461494446
0.32495734095573425
0.3005247712135315
0.2731153666973114
0.24258661270141602
0.2088562399148941
0.17195819318294525
0.1320829540491104
0.08965695649385452
0.0453329011797905
0.0
0.0
0.048804040998220444
0.09643633663654327
0.14187683165073395
0.18440012633800507
0.2235567271709442
0.25917497277259827
0.29126033186912537
0.31994226574897766
0.34540989995002747
0.3678746521472931
0.38754916191101074
0.40463051199913025
0.4192979037761688
0.43170616030693054
0.441989004611969
0.4502559006214142
0.45659613609313965
0.46107691526412964
0.46374666690826416
0.4646332561969757
0.46374666690826416
0.46107691526412964
0.45659613609313965
0.4502559006214142
0.441989004611969
0.43170616030693054
0.4192979037761688
0.40463051199913025
0.38754916191101074
0.3678746521472931
0.34540989995002747
0.31994226574897766
0.29126033186912537
0.25917497277259827
0.2235567271709442
0.18440012633800507
0.14187683165073395
0.09643633663654327
0.048804040998220444
0.0
0.0
0.05247717723250389
0.1035938635468483
0.15218137204647064
0.19743680953979492
0.23889219760894775
0.27640432119369507
0.31002846360206604
0.3399498164653778
0.36641058325767517
0.3896677494049072
0.40997228026390076
0.4275520443916321
0.4426113963127136
0.45532500743865967
0.4658425748348236
0.47428596019744873
0.48075416684150696
0.4853214621543884
0.4880412220954895
0.4889441132545471
0.4880412220954895
0.4853214621543884
0.48075416684150696
0.47428596019744873
0.4658425748348236
0.45532500743865967
0.4426113963127136
0.4275520443916321
0.40997228026390076
0.3896677494049072
0.36641058325767517
0.3399498164653778
0.31002846360206604
0.27640432119369507
0.23889219760894775
0.19743680953979492
0.15218137204647064
0.1035938635468483
0.05247717723250389
0.0
0.0
0.05637764558196068
0.1111755520105362
0.16305598616600037
0.21113424003124237
0.25493013858795166
0.294340580701828
0.32948240637779236
0.36060601472854614
0.38801369071006775
0.4120127558708191
0.4328958988189697
0.4509241282939911
0.4663286507129669
0.479305237531662
0.4900204539299011
0.4986093044281006
0.5051808953285217
0.5098168849945068
0.5125759243965149
0.5134915709495544
0.5125759243965149
0.5098168849945068
0.5051808953285217
0.4986093044281006
0.4900204539299011
0.479305237531662
0.4663286507129669
0.4509241282939911
0.4328958988189697
0.4120127558708191
0.38801369071006775
0.36060601472854614
0.32948240637779236
0.294340580701828
0.25493013858795166
0.21113424003124237
0.16305598616600037
0.1111755520105362
0.05637764558196068
0.0
0.0
0.0605359748005867
0.11923673748970032
0.17457203567028046
0.22557134926319122
0.2717507779598236
0.313061386346817
0.349695086479187
0.3819778561592102
0.410279780626297
0.4349636733531952
0.4563676118850708
0.4747883081436157
0.49048563838005066
0.5036779046058655
0.5145494937896729
0.5232492089271545
0.5298969149589539
0.5345818996429443
0.5373682379722595
0.538292646408081
0.5373682379722595
0.5345818996429443
0.5298969149589539
0.5232492089271545
0.5145494937896729
0.5036779046058655
0.49048563838005066
0.4747883081436157
0.4563676118850708
0.4349636733531952
0.410279780626297
0.3819778561592102
0.349695086479187
0.313061386346817
0.2717507779598236
0.22557134926319122
0.17457203567028046
0.11923673748970032
0.0605359748005867
0.0
0.0
0.06498865783214569
0.12784306704998016
0.1868131160736084
0.240839421749115
0.28944575786590576
0.33265408873558044
0.3707472085952759
0.4041381776332855
0.4332732856273651
0.4585764408111572
0.48043516278266907
0.49918466806411743
0.5151156187057495
0.5284702181816101
0.5394518375396729
0.5482237339019775
0.5549169778823853
0.5596290230751038
0.5624294281005859
0.5633581280708313
0.5624294281005859
0.5596290230751038
0.5549169778823853
0.5482237339019775
0.5394518375396729
0.5284702181816101
0.5151156187057495
0.49918466806411743
0.48043516278266907
0.4585764408111572
0.4332732856273651
0.4041381776332855
0.3707472085952759
0.33265408873558044
0.28944575786590576
0.240839421749115
0.1868131160736084
0.12784306704998016
0.06498865783214569
0.0
0.0
0.06978120654821396
0.137076273560524
0.19988314807415009
0.2570514380931854
0.30812758207321167
0.3532249927520752
0.39273542165756226
0.42717233300209045
0.45706766843795776
0.4829127788543701
0.5051491260528564
0.5241537094116211
0.5402501225471497
0.5537059903144836
0.5647448897361755
0.5735451579093933
0.5802496075630188
0.5849639177322388
0.5877635478973389
0.5886915922164917
0.5877635478973389
0.5849639177322388
0.5802496075630188
0.5735451579093933
0.5647448897361755
0.5537059903144836
0.5402501225471497
0.5241537094116211
0.5051491260528564
0.4829127788543701
0.45706766843795776
0.42717233300209045
0.39273542165756226
0.3532249927520752
0.30812758207321167
0.2570514380931854
0.19988314807415009
0.137076273560524
0.06978120654821396
0.0
0.0
0.07496961206197739
0.14703595638275146
0.213906928896904
0.27434107661247253
0.32792747020721436
0.374895840883255
0.41576841473579407
0.4511742889881134
0.481741726398468
0.5080368518829346
0.5305601954460144
0.5497338771820068
0.5659170150756836
0.579404354095459
0.5904404520988464
0.5992196202278137
0.605896532535553
0.6105854511260986
0.6133677363395691
0.6142895817756653
0.6133677363395691
0.6105854511260986
0.605896532535553
0.5992196202278137
0.5904404520988464
0.579404354095459
0.5659170150756836
0.5497338771820068
0.5305601954460144
0.5080368518829346
0.481741726398468
0.4511742889881134
0.41576841473579407
0.374895840883255
0.32792747020721436
0.27434107661247253
0.213906928896904
0.14703595638275146
0.07496961206197739
0.0
0.0
0.08062629401683807
0.15785059332847595
0.2290448695421219
0.2928789258003235
0.34901097416877747
0.3978179693222046
0.43997859954833984
0.47625553607940674
0.5073860883712769
0.5340195298194885
0.5567213892936707
0.5759627819061279
0.5921409130096436
0.6055790781974792
0.6165438294410706
0.6252457499504089
0.6318516135215759
0.6364841461181641
0.6392304301261902
0.6401398777961731
0.6392304301261902
0.6364841461181641
0.6318516135215759
0.6252457499504089
0.6165438294410706
0.6055790781974792
0.5921409130096436
0.5759627819061279
0.5567213892936707
0.5340195298194885
0.5073860883712769
0.47625553607940674
0.43997859954833984
0.3978179693222046
0.34901097416877747
0.2928789258003235
0.2290448695421219
0.15785059332847595
0.08062629401683807
0.0
0.0
0.08684301376342773
0.16968104243278503
0.24549424648284912
0.3128708004951477
0.37157392501831055
0.4221666157245636
0.46551570296287537
0.502538800239563
0.5340971946716309
0.5609333515167236
0.5836842060089111
0.6028741002082825
0.6189407706260681
0.632237434387207
0.6430531144142151
0.6516147255897522
0.6581009030342102
0.6626425981521606
0.6653323769569397
0.6662226915359497
0.6653323769569397
0.6626425981521606
0.6581009030342102
0.6516147255897522
0.6430531144142151
0.632237434387207
0.6189407706260681
0.6028741002082825
0.5836842060089111
0.5609333515167236
0.5340971946716309
0.502538800239563
0.46551570296287537
0.4221666157245636
0.37157392501831055
0.3128708004951477
0.24549424648284912
0.16968104243278503
0.08684301376342773
0.0
0.0
0.09374349564313889
0.18274325132369995
0.2635178565979004
0.3345874547958374
0.39586928486824036
0.4481629431247711
0.4925631284713745
0.5301690697669983
0.5619844198226929
0.5888559818267822
0.6114996671676636
0.6304970979690552
0.6463286280632019
0.6593780517578125
0.6699568629264832
0.6783076524734497
0.6846203804016113
0.6890333294868469
0.6916441321372986
0.692507803440094
0.6916441321372986
0.6890333294868469
0.6846203804016113
0.6783076524734497
0.6699568629264832
0.6593780517578125
0.6463286280632019
0.6304970979690552
0.6114996671676636
0.5888559818267822
0.5619844198226929
0.5301690697669983
0.4925631284713745
0.4481629431247711
0.39586928486824036
0.3345874547958374
0.2635178565979004
0.18274325132369995
0.09374349564313889
0.0
0.0
0.10148996114730835
0.19731548428535461
0.2834465205669403
0.35836061835289
0.4221988618373871
0.4760628640651703
0.5213263630867004
0.5593028664588928
0.5911601781845093
0.6178626418113708
0.6402126550674438
0.6588526964187622
0.6743069887161255
0.6869897246360779
0.6972338557243347
0.7052962183952332
0.7113767862319946
0.7156200408935547
0.7181276082992554
0.7189565896987915
0.7181276082992554
0.7156200408935547
0.7113767862319946
0.7052962183952332
0.6972338557243347
0.6869897246360779
0.6743069887161255
0.6588526964187622
0.6402126550674438
0.6178626418113708
0.5911601781845093
0.5593028664588928
0.5213263630867004
0.4760628640651703
0.4221988618373871
0.35836061835289
0.2834465205669403
0.19731548428535461
0.10148996114730835
0.0
0.0
0.11031296104192734
0.21379075944423676
0.30573955178260803
0.38464099168777466
0.45095962285995483
0.5061906576156616
0.5520538687705994
0.5901191830635071
0.6217445135116577
0.6480258703231812
0.669858992099762
0.6879493594169617
0.7028646469116211
0.7150472402572632
0.7248491644859314
0.7325390577316284
0.7383244633674622
0.7423544526100159
0.7447331547737122
0.7455191016197205
0.7447331547737122
0.7423544526100159
0.7383244633674622
0.7325390577316284
0.7248491644859314
0.7150472402572632
0.7028646469116211
0.6879493594169617
0.669858992099762
0.6480258703231812
0.6217445135116577
0.5901191830635071
0.5520538687705994
0.5061906576156616
0.45095962285995483
0.38464099168777466
0.30573955178260803
0.21379075944423676
0.11031296104192734
0.0
0.0
0.1205282136797905
0.2326914519071579
0.33098986744880676
0.41398677229881287
0.48262476921081543
0.5389154553413391
0.5850147604942322
0.6228001713752747
0.6538496613502502
0.6794044375419617
0.7004584074020386
0.7177790999412537
0.7319744229316711
0.7435108423233032
0.752754807472229
0.7599830627441406
0.765407383441925
0.7691786885261536
0.77140212059021
0.7721362113952637
0.77140212059021
0.7691786885261536
0.765407383441925
0.7599830627441406
0.752754807472229
0.7435108423233032
0.7319744229316711
0.7177790999412537
0.7004584074020386
0.6794044375419617
0.6538496613502502
0.6228001713752747
0.5850147604942322
0.5389154553413391
0.48262476921081543
0.41398677229881287
0.33098986744880676
0.2326914519071579
0.1205282136797905
0.0
0.0
0.13261668384075165
0.254812628030777
0.3600621521472931
0.4471819996833801
0.5178198218345642
0.5746946334838867
0.620515763759613
0.657532811164856
0.6875735521316528
0.7120335102081299
0.7320036292076111
0.7483073472976685
0.7615849375724792
0.7723190784454346
0.7808840870857239
0.7875588536262512
0.7925549745559692
0.7960220575332642
0.7980636358261108
0.7987372875213623
0.7980636358261108
0.7960220575332642
0.7925549745559692
0.7875588536262512
0.7808840870857239
0.7723190784454346
0.7615849375724792
0.7483073472976685
0.7320036292076111
0.7120335102081299
0.6875735521316528
0.657532811164856
0.620515763759613
0.5746946334838867
0.5178198218345642
0.4471819996833801
0.3600621521472931
0.254812628030777
0.13261668384075165
0.0
0.0
0.14728158712387085
0.2812350392341614
0.3941037356853485
0.485193133354187
0.5572741627693176
0.6140199303627014
0.6588576436042786
0.6944755911827087
0.7229771018028259
0.7459104657173157
0.764453113079071
0.7794699668884277
0.791620135307312
0.8013906478881836
0.8091539740562439
0.8151837587356567
0.8196858167648315
0.8228042721748352
0.8246384263038635
0.8252432942390442
0.8246384263038635
0.8228042721748352
0.8196858167648315
0.8151837587356567
0.8091539740562439
0.8013906478881836
0.791620135307312
0.7794699668884277
0.764453113079071
0.7459104657173157
0.7229771018028259
0.6944755911827087
0.6588576436042786
0.6140199303627014
0.5572741627693176
0.485193133354187
0.3941037356853485
0.2812350392341614
0.14728158712387085
0.0
0.0
0.16568787395954132
0.3138449490070343
0.4348730146884918
0.5294165015220642
0.6019108295440674
0.6574406027793884
0.7003151774406433
0.7337276339530945
0.7600526213645935
0.7809683084487915
0.7977097630500793
0.8111573457717896
0.821967601776123
0.8306154608726501
0.8374589085578918
0.8427572846412659
0.8467039465904236
0.8494328856468201
0.8510362505912781
0.8515646457672119
0.8510362505912781
0.8494328856468201
0.8467039465904236
0.8427572846412659
0.8374589085578918
0.8306154608726501
0.821967601776123
0.8111573457717896
0.7977097630500793
0.7809683084487915
0.7600526213645935
0.7337276339530945
0.7003151774406433
0.6574406027793884
0.6019108295440674
0.5294165015220642
0.4348730146884918
0.3138449490070343
0.16568787395954132
0.0
0.0
0.18977031111717224
0.35509565472602844
0.484781950712204
0.5814651250839233
0.652712881565094
0.7054287791252136
0.7450554966926575
0.7752761840820312
0.7986972332000732
0.8170636296272278
0.8316179513931274
0.843216061592102
0.8524826765060425
0.8598597645759583
0.8656761050224304
0.8701662421226501
0.8735037446022034
0.8758080005645752
0.8771605491638184
0.8776060342788696
0.8771605491638184
0.8758080005645752
0.8735037446022034
0.8701662421226501
0.8656761050224304
0.8598597645759583
0.8524826765060425
0.843216061592102
0.8316179513931274
0.8170636296272278
0.7986972332000732
0.7752761840820312
0.7450554966926575
0.7054287791252136
0.652712881565094
0.5814651250839233
0.484781950712204
0.35509565472602844
0.18977031111717224
0.0
0.0
0.22288262844085693
0.4108125567436218
0.5474941730499268
0.6436366438865662
0.71062171459198
0.7582734227180481
0.7930055856704712
0.818906843662262
0.8386479020118713
0.8539349436759949
0.8659365177154541
0.8754317164421082
0.8829773664474487
0.8889593482017517
0.8936607837677002
0.8972815275192261
0.899968147277832
0.9018206596374512
0.9029071927070618
0.9032649397850037
0.9029071927070618
0.9018206596374512
0.899968147277832
0.8972815275192261
0.8936607837677002
0.8889593482017517
0.8829773664474487
0.8754317164421082
0.8659365177154541
0.8539349436759949
0.8386479020118713
0.818906843662262
0.7930055856704712
0.7582734227180481
0.71062171459198
0.6436366438865662
0.5474941730499268
0.4108125567436218
0.22288262844085693
0.0
0.0
0.2725359797477722
0.4864675998687744
0.6283550262451172
0.7176103591918945
0.7761764526367188
0.8157445192337036
0.843748152256012
0.8641523718833923
0.8794761300086975
0.8912103772163391
0.9003522396087646
0.9075428247451782
0.9132331609725952
0.9177298545837402
0.9212557077407837
0.9239663481712341
0.9259750247001648
0.927358865737915
0.9281700849533081
0.9284371137619019
0.9281700849533081
0.927358865737915
0.9259750247001648
0.9239663481712341
0.9212557077407837
0.9177298545837402
0.9132331609725952
0.9075428247451782
0.9003522396087646
0.8912103772163391
0.8794761300086975
0.8641523718833923
0.843748152256012
0.8157445192337036
0.7761764526367188
0.7176103591918945
0.6283550262451172
0.4864675998687744
0.2725359797477722
0.0
0.0
0.34856173396110535
0.6082008481025696
0.7322297096252441
0.8050707578659058
0.8484899401664734
0.8768357634544373
0.8962699770927429
0.91019606590271
0.9205300211906433
0.9283818006515503
0.934466540813446
0.9392345547676086
0.9429979920387268
0.9459662437438965
0.9482906460762024
0.9500757455825806
0.951397716999054
0.9523080587387085
0.9528415203094482
0.9530170559883118
0.9528415203094482
0.9523080587387085
0.951397716999054
0.9500757455825806
0.9482906460762024
0.9459662437438965
0.9429979920387268
0.9392345547676086
0.934466540813446
0.9283818006515503
0.9205300211906433
0.91019606590271
0.8962699770927429
0.8768357634544373
0.8484899401664734
0.8050707578659058
0.7322297096252441
0.6082008481025696
0.34856173396110535
0.0
0.0
0.5949363112449646
0.768937349319458
0.8612390756607056
0.9011938571929932
0.9248778820037842
0.9392697811126709
0.9490314722061157
0.9559197425842285
0.9610074758529663
0.9648582339286804
0.9678372740745544
0.9701690077781677
0.972008466720581
0.9734587669372559
0.9745943546295166
0.9754664301872253
0.9761122465133667
0.9765569567680359
0.9768175482749939
0.9769033193588257
0.9768175482749939
0.9765569567680359
0.9761122465133667
0.9754664301872253
0.9745943546295166
0.9734587669372559
0.972008466720581
0.9701690077781677
0.9678372740745544
0.9648582339286804
0.9610074758529663
0.9559197425842285
0.9490314722061157
0.9392697811126709
0.9248778820037842
0.9011938571929932
0.8612390756607056
0.768937349319458
0.5949363112449646
0.0
1.0
1.0
1.0
1.0
1.0
1.0
1.0
1.0
1.0
1.0
1.0
1.0
1.0
1.0
1.0
1.0
1.0
1.0
1.0
1.0
1.0
1.0
1.0
1.0
1.0
1.0
1.0
1.0
1.0
1.0
1.0
1.0
1.0
1.0
1.0
1.0
1.0
1.0
1.0
1.0
1.0
