0.0
0.0
0.0
0.0
0.0
0.0
0.0
0.0
0.0
0.0
0.0
0.0
0.0
0.0
0.0
0.0
0.0
0.0
0.0
0.0
0.0
0.0
0.0
0.0
0.0
0.0
0.0
0.0
0.0
0.0
0.0
0.0
0.0
0.0
0.0
0.0
0.0
0.0
0.0
0.0
0.0
0.0
0.0014510375913232565
0.0028779879212379456
0.004269841592758894
0.005619428586214781
0.006920123938471079
0.008165692910552025
0.00935027189552784
0.010468430817127228
0.011515114456415176
0.01248573325574398
0.013376087881624699
0.014182454906404018
0.014901501126587391
0.015530358999967575
0.016066541895270348
0.01650800183415413
0.016853056848049164
0.017100438475608826
0.017249222844839096
0.017298882827162743
0.017249222844839096
0.017100438475608826
0.016853056848049164
0.01650800183415413
0.016066541895270348
0.015530358999967575
0.014901501126587391
0.014182454906404018
0.013376087881624699
0.01248573325574398
0.011515114456415176
0.010468430817127228
0.00935027189552784
0.008165692910552025
0.006920123938471079
0.005619428586214781
0.004269841592758894
0.0028779879212379456
0.0014510375913232565
0.0
0.0
0.0028953186701983213
0.005751554388552904
0.008541522547602654
0.011248093098402023
0.013856757432222366
0.016354670748114586
0.018729915842413902
0.020971570163965225
0.023069510236382484
0.025014586746692657
0.02679845131933689
0.028413720428943634
0.029853804036974907
0.031113041564822197
0.032186537981033325
0.03307027369737625
0.03376094996929169
0.03425607457756996
0.03455384448170662
0.034653227776288986
0.03455384448170662
0.03425607457756996
0.03376094996929169
0.03307027369737625
0.032186537981033325
0.031113041564822197
0.029853804036974907
0.028413720428943634
0.02679845131933689
0.025014586746692657
0.023069510236382484
0.020971570163965225
0.018729915842413902
0.016354670748114586
0.013856757432222366
0.011248093098402023
0.008541522547602654
0.005751554388552904
0.0028953186701983213
0.0
0.0
0.004338580649346113
0.008627118542790413
0.01282437238842249
0.016900060698390007
0.020829590037465096
0.024592364206910133
0.028169769793748856
0.03154513239860535
0.034703150391578674
0.0376301184296608
0.040313612669706345
0.04274270310997963
0.04490768164396286
0.046800244599580765
0.048413243144750595
0.04974082112312317
0.050778187811374664
0.05152174457907677
0.051968879997730255
0.05211810767650604
0.051968879997730255
0.05152174457907677
0.050778187811374664
0.04974082112312317
0.048413243144750595
0.046800244599580765
0.04490768164396286
0.04274270310997963
0.040313612669706345
0.0376301184296608
0.034703150391578674
0.03154513239860535
0.028169769793748856
0.024592364206910133
0.020829590037465096
0.016900060698390007
0.01282437238842249
0.008627118542790413
0.004338580649346113
0.0
0.0
0.005789622198790312
0.011519516818225384
0.017136234790086746
0.022596314549446106
0.02786351554095745
0.032908011227846146
0.03770344704389572
0.042226843535900116
0.046457428485155106
0.050376880913972855
0.05396873503923416
0.05721865966916084
0.060114018619060516
0.06264407932758331
0.06479965150356293
0.06657325476408005
0.06795880943536758
0.06895174086093903
0.06954876333475113
0.06974799931049347
0.06954876333475113
0.06895174086093903
0.06795880943536758
0.06657325476408005
0.06479965150356293
0.06264407932758331
0.060114018619060516
0.05721865966916084
0.05396873503923416
0.050376880913972855
0.046457428485155106
0.042226843535900116
0.03770344704389572
0.032908011227846146
0.02786351554095745
0.022596314549446106
0.017136234790086746
0.011519516818225384
0.005789622198790312
0.0
0.0
0.00725732883438468
0.014445219188928604
0.021498961374163628
0.028362620621919632
0.03498788923025131
0.041334547102451324
0.04736745357513428
0.053056590259075165
0.058375269174575806
0.06330040097236633
0.0678115040063858
0.07189099490642548
0.07552352547645569
0.07869620621204376
0.08139809221029282
0.08362036198377609
0.08535585552453995
0.08659927546977997
0.08734678477048874
0.08759622275829315
0.08734678477048874
0.08659927546977997
0.08535585552453995
0.08362036198377609
0.08139809221029282
0.07869620621204376
0.07552352547645569
0.07189099490642548
0.0678115040063858
0.06330040097236633
0.058375269174575806
0.053056590259075165
0.04736745357513428
0.041334547102451324
0.03498788923025131
0.028362620621919632
0.021498961374163628
0.014445219188928604
0.00725732883438468
0.0
0.0
0.008750377222895622
0.017421094700694084
0.02593631111085415
0.03422803431749344
0.042235855013132095
0.04990857467055321
0.05720147490501404
0.06407683342695236
0.07050156593322754
0.07644762843847275
0.0818905159831047
0.08680954575538635
0.09118694812059402
0.09500797837972641
0.0982603058218956
0.10093406587839127
0.10302136838436127
0.1045164093375206
0.10541500896215439
0.1057148277759552
0.10541500896215439
0.1045164093375206
0.10302136838436127
0.10093406587839127
0.0982603058218956
0.09500797837972641
0.09118694812059402
0.08680954575538635
0.0818905159831047
0.07644762843847275
0.07050156593322754
0.06407683342695236
0.05720147490501404
0.04990857467055321
0.042235855013132095
0.03422803431749344
0.02593631111085415
0.017421094700694084
0.008750377222895622
0.0
0.0
0.010277456603944302
0.020464174449443817
0.030472733080387115
0.04022306576371193
0.0496426485478878
0.05866902321577072
0.0672474205493927
0.07533188909292221
0.0828825980424881
0.08986636996269226
0.09625469893217087
0.10202404111623764
0.107154481112957
0.11162984371185303
0.11543678492307663
0.11856482923030853
0.12100569903850555
0.12275338172912598
0.12380360066890717
0.12415396422147751
0.12380360066890717
0.12275338172912598
0.12100569903850555
0.11856482923030853
0.11543678492307663
0.11162984371185303
0.107154481112957
0.10202404111623764
0.09625469893217087
0.08986636996269226
0.0828825980424881
0.07533188909292221
0.0672474205493927
0.05866902321577072
0.0496426485478878
0.04022306576371193
0.030472733080387115
0.020464174449443817
0.010277456603944302
0.0
0.0
0.011847227811813354
0.023591507226228714
0.0351330041885376
0.04637915641069412
0.05724507197737694
0.06765682250261307
0.07754930108785629
0.0868680477142334
0.09556625783443451
0.10360559076070786
0.1109536737203598
0.11758437752723694
0.12347603589296341
0.1286115199327469
0.1329769343137741
0.13656169176101685
0.1393575519323349
0.1413586139678955
0.14256079494953156
0.1429618000984192
0.14256079494953156
0.1413586139678955
0.1393575519323349
0.13656169176101685
0.1329769343137741
0.1286115199327469
0.12347603589296341
0.11758437752723694
0.1109536737203598
0.10360559076070786
0.09556625783443451
0.0868680477142334
0.07754930108785629
0.06765682250261307
0.05724507197737694
0.04637915641069412
0.0351330041885376
0.023591507226228714
0.011847227811813354
0.0
0.0
0.013468475081026554
0.026820382103323936
0.03994229808449745
0.052728354930877686
0.06508081406354904
0.076913982629776
0.08815225958824158
0.09873255342245102
0.10860110074281693
0.11771451681852341
0.1260368376970291
0.13353975117206573
0.1402003914117813
0.1460011601448059
0.1509282886981964
0.15497153997421265
0.1581232249736786
0.16037797927856445
0.16173216700553894
0.16218380630016327
0.16173216700553894
0.16037797927856445
0.1581232249736786
0.15497153997421265
0.1509282886981964
0.1460011601448059
0.1402003914117813
0.13353975117206573
0.1260368376970291
0.11771451681852341
0.10860110074281693
0.09873255342245102
0.08815225958824158
0.076913982629776
0.06508081406354904
0.052728354930877686
0.03994229808449745
0.026820382103323936
0.013468475081026554
0.0
0.0
0.015150132589042187
0.030168380588293076
0.04492621496319771
0.05930336192250252
0.07318844646215439
0.0864836573600769
0.099102683365345
0.11097387224435806
0.1220366582274437
0.13224297761917114
0.14155374467372894
0.14993906021118164
0.15737546980381012
0.16384568810462952
0.16933666169643402
0.17383921146392822
0.17734670639038086
0.17985479533672333
0.18136066198349
0.18186278641223907
0.18136066198349
0.17985479533672333
0.17734670639038086
0.17383921146392822
0.16933666169643402
0.16384568810462952
0.15737546980381012
0.14993906021118164
0.14155374467372894
0.13224297761917114
0.1220366582274437
0.11097387224435806
0.099102683365345
0.0864836573600769
0.07318844646215439
0.05930336192250252
0.04492621496319771
0.030168380588293076
0.015150132589042187
0.0
0.0
0.016901420429348946
0.03365359082818031
0.05011103302240372
0.06613761931657791
0.08160733431577682
0.09640967845916748
0.11044751852750778
0.1236407533288002
0.13592244684696198
0.14724038541316986
0.15755309164524078
0.16682982444763184
0.17504745721817017
0.18218976259231567
0.18824531137943268
0.19320663809776306
0.19706885516643524
0.19982914626598358
0.20148582756519318
0.20203813910484314
0.20148582756519318
0.19982914626598358
0.19706885516643524
0.19320663809776306
0.18824531137943268
0.18218976259231567
0.17504745721817017
0.16682982444763184
0.15755309164524078
0.14724038541316986
0.13592244684696198
0.1236407533288002
0.11044751852750778
0.09640967845916748
0.08160733431577682
0.06613761931657791
0.05011103302240372
0.03365359082818031
0.016901420429348946
0.0
0.0
0.018731912598013878
0.03729477524757385
0.055523935705423355
0.07326565682888031
0.09037797898054123
0.10673708468675613
0.12223479151725769
0.13678286969661713
0.1503085345029831
0.1627562940120697
0.1740831881761551
0.18425871431827545
0.1932610720396042
0.2010761946439743
0.2076951563358307
0.21311308443546295
0.21732757985591888
0.2203378677368164
0.22214390337467194
0.222745880484581
0.22214390337467194
0.2203378677368164
0.21732757985591888
0.21311308443546295
0.2076951563358307
0.2010761946439743
0.1932610720396042
0.18425871431827545
0.1740831881761551
0.1627562940120697
0.1503085345029831
0.13678286969661713
0.12223479151725769
0.10673708468675613
0.09037797898054123
0.07326565682888031
0.055523935705423355
0.03729477524757385
0.018731912598013878
0.0
0.0
0.02065168134868145
0.04111160337924957
0.06119327247142792
0.08072321861982346
0.099542036652565
0.1175118014216423
0.13451310992240906
0.1504499763250351
0.16524465382099152
0.17883935570716858
0.1911909580230713
0.20227046310901642
0.21205870807170868
0.2205449640750885
0.22772394120693207
0.23359434306621552
0.23815704882144928
0.24141398072242737
0.24336716532707214
0.2440180480480194
0.24336716532707214
0.24141398072242737
0.23815704882144928
0.23359434306621552
0.22772394120693207
0.2205449640750885
0.21205870807170868
0.20227046310901642
0.1911909580230713
0.17883935570716858
0.16524465382099152
0.1504499763250351
0.13451310992240906
0.1175118014216423
0.099542036652565
0.08072321861982346
0.06119327247142792
0.04111160337924957
0.02065168134868145
0.0
0.0
0.02267143502831459
0.04512493684887886
0.06714901328086853
0.0885479673743248
0.10914312303066254
0.12878158688545227
0.1473325937986374
0.16469301283359528
0.18078109622001648
0.19553826749324799
0.20892271399497986
0.22090856730937958
0.23148086667060852
0.24063365161418915
0.2483665645122528
0.2546829581260681
0.2595878839492798
0.2630866765975952
0.2651839256286621
0.2658826410770416
0.2651839256286621
0.2630866765975952
0.2595878839492798
0.2546829581260681
0.2483665645122528
0.24063365161418915
0.23148086667060852
0.22090856730937958
0.20892271399497986
0.19553826749324799
0.18078109622001648
0.16469301283359528
0.1473325937986374
0.12878158688545227
0.10914312303066254
0.0885479673743248
0.06714901328086853
0.04512493684887886
0.02267143502831459
0.0
0.0
0.0248026791960001
0.04935711622238159
0.07342304289340973
0.09677957743406296
0.11922675371170044
0.14059574902057648
0.16074439883232117
0.17956320941448212
0.19696785509586334
0.21290065348148346
0.22732308506965637
0.2402142584323883
0.2515653073787689
0.26137664914131165
0.2696543037891388
0.27640751004219055
0.2816465198993683
0.2853808104991913
0.28761813044548035
0.2883633077144623
0.28761813044548035
0.2853808104991913
0.2816465198993683
0.27640751004219055
0.2696543037891388
0.26137664914131165
0.2515653073787689
0.2402142584323883
0.22732308506965637
0.21290065348148346
0.19696785509586334
0.17956320941448212
0.16074439883232117
0.14059574902057648
0.11922675371170044
0.09677957743406296
0.07342304289340973
0.04935711622238159
0.0248026791960001
0.0
0.0
0.027057992294430733
0.05383248254656792
0.08004994690418243
0.10546090453863144
0.12984171509742737
0.1530066281557083
0.1748022437095642
0.19511377811431885
0.21385610103607178
0.23097455501556396
0.246436208486557
0.2602275013923645
0.27234771847724915
0.28280556201934814
0.29161515831947327
0.29879286885261536
0.30435532331466675
0.3083169460296631
0.31068921089172363
0.3114790916442871
0.31068921089172363
0.3083169460296631
0.30435532331466675
0.29879286885261536
0.29161515831947327
0.28280556201934814
0.27234771847724915
0.2602275013923645
0.246436208486557
0.23097455501556396
0.21385610103607178
0.19511377811431885
0.1748022437095642
0.1530066281557083
0.12984171509742737
0.10546090453863144
0.08004994690418243
0.05383248254656792
0.027057992294430733
0.0
0.0
0.029451213777065277
0.05857771635055542
0.0870673879981041
0.11463811248540878
0.14103993773460388
0.16606928408145905
0.18956178426742554
0.21139895915985107
0.23149707913398743
0.24980713427066803
0.2663046419620514
0.28098589181900024
0.29386088252067566
0.3049486577510834
0.31427329778671265
0.32185983657836914
0.3277323544025421
0.3319111168384552
0.33441194891929626
0.33524438738822937
0.33441194891929626
0.3319111168384552
0.3277323544025421
0.32185983657836914
0.31427329778671265
0.3049486577510834
0.29386088252067566
0.28098589181900024
0.2663046419620514
0.24980713427066803
0.23149707913398743
0.21139895915985107
0.18956178426742554
0.16606928408145905
0.14103993773460388
0.11463811248540878
0.0870673879981041
0.05857771635055542
0.029451213777065277
0.0
0.0
0.031997933983802795
0.06362279504537582
0.09451748430728912
0.12436254322528839
0.1528787463903427
0.17984379827976227
0.20508308708667755
0.22847643494606018
0.24994441866874695
0.26944682002067566
0.28697094321250916
0.30252599716186523
0.3161355257034302
0.32783132791519165
0.3376493752002716
0.34562501311302185
0.35179102420806885
0.3561744689941406
0.3587961792945862
0.3596685528755188
0.3587961792945862
0.3561744689941406
0.35179102420806885
0.34562501311302185
0.3376493752002716
0.32783132791519165
0.3161355257034302
0.30252599716186523
0.28697094321250916
0.26944682002067566
0.24994441866874695
0.22847643494606018
0.20508308708667755
0.17984379827976227
0.1528787463903427
0.12436254322528839
0.09451748430728912
0.06362279504537582
0.031997933983802795
0.0
0.0
0.034715790301561356
0.0690014585852623
0.10244724154472351
0.13469089567661285
0.16542063653469086
0.19439475238323212
0.22142966091632843
0.2464061677455902
0.2692526876926422
0.28994181752204895
0.30847641825675964
0.32488229870796204
0.33919957280158997
0.35147547721862793
0.36176010966300964
0.370100736618042
0.37654027342796326
0.3811134994029999
0.38384684920310974
0.38475605845451355
0.38384684920310974
0.3811134994029999
0.37654027342796326
0.370100736618042
0.36176010966300964
0.35147547721862793
0.33919957280158997
0.32488229870796204
0.30847641825675964
0.28994181752204895
0.2692526876926422
0.2464061677455902
0.22142966091632843
0.19439475238323212
0.16542063653469086
0.13469089567661285
0.10244724154472351
0.0690014585852623
0.034715790301561356
0.0
0.0
0.037625301629304886
0.07475286722183228
0.1109110414981842
0.14568835496902466
0.1787368655204773
0.20979508757591248
0.23867230117321014
0.2652539312839508
0.2894807755947113
0.31134292483329773
0.33086341619491577
0.34808871150016785
0.36307910084724426
0.37590017914772034
0.386618435382843
0.3952949345111847
0.4019840657711029
0.4067293107509613
0.40956342220306396
0.4105057716369629
0.40956342220306396
0.4067293107509613
0.4019840657711029
0.3952949345111847
0.386618435382843
0.37590017914772034
0.36307910084724426
0.34808871150016785
0.33086341619491577
0.31134292483329773
0.2894807755947113
0.2652539312839508
0.23867230117321014
0.20979508757591248
0.1787368655204773
0.14568835496902466
0.1109110414981842
0.07475286722183228
0.037625301629304886
0.0
0.0
0.04075034707784653
0.08092234283685684
0.11997122317552567
0.1574288159608841
0.1929071545600891
0.2261250913143158
0.25688764452934265
0.2850896120071411
0.31068989634513855
0.3337016701698303
0.3541736304759979
0.3721774220466614
0.3877975642681122
0.40112102031707764
0.41223329305648804
0.4212110638618469
0.4281216263771057
0.4330180883407593
0.4359402358531952
0.4369114339351654
0.4359402358531952
0.4330180883407593
0.4281216263771057
0.4212110638618469
0.41223329305648804
0.40112102031707764
0.3877975642681122
0.3721774220466614
0.3541736304759979
0.3337016701698303
0.31068989634513855
0.2850896120071411
0.25688764452934265
0.2261250913143158
0.1929071545600891
0.1574288159608841
0.11997122317552567
0.08092234283685684
0.04075034707784653
0.0
0.0
0.04411967098712921
0.08756433427333832
0.1297024041414261
0.17000018060207367
0.20802552998065948
0.24347855150699615
0.27616408467292786
0.30599266290664673
0.3329482674598694
0.357074111700058
0.378450870513916
0.3971807062625885
0.41337668895721436
0.42715057730674744
0.43860942125320435
0.44784754514694214
0.45494645833969116
0.4599699378013611
0.4629653990268707
0.4639604985713959
0.4629653990268707
0.4599699378013611
0.45494645833969116
0.44784754514694214
0.43860942125320435
0.42715057730674744
0.41337668895721436
0.3971807062625885
0.378450870513916
0.357074111700058
0.3329482674598694
0.30599266290664673
0.27616408467292786
0.24347855150699615
0.20802552998065948
0.17000018060207367
0.1297024041414261
0.08756433427333832
0.04411967098712921
0.0
0.0
0.04776772856712341
0.09474366903305054
0.14019250869750977
0.18350471556186676
0.2241998165845871
0.2619611620903015
0.29659953713417053
0.3280492126941681
0.3563282787799835
0.3815182149410248
0.4037390351295471
0.4231293201446533
0.43983545899391174
0.4539976716041565
0.46574726700782776
0.47519800066947937
0.4824470281600952
0.4875696301460266
0.4906214475631714
0.4916347861289978
0.4906214475631714
0.4875696301460266
0.4824470281600952
0.47519800066947937
0.46574726700782776
0.4539976716041565
0.43983545899391174
0.4231293201446533
0.4037390351295471
0.3815182149410248
0.3563282787799835
0.3280492126941681
0.29659953713417053
0.2619611620903015
0.2241998165845871
0.18350471556186676
0.14019250869750977
0.09474366903305054
0.04776772856712341
0.0
0.0
0.0517374649643898
0.10254096239805222
0.15155041217803955
0.19806823134422302
0.2415614277124405
0.28170040249824524
0.31831035017967224
0.3513599932193756
0.3809128403663635
0.40709856152534485
0.43008512258529663
0.45005425810813904
0.4671909213066101
0.4816674292087555
0.49364206194877625
0.5032498836517334
0.510604977607727
0.5157947540283203
0.5188836455345154
0.5199087262153625
0.5188836455345154
0.5157947540283203
0.510604977607727
0.5032498836517334
0.49364206194877625
0.4816674292087555
0.4671909213066101
0.45005425810813904
0.43008512258529663
0.40709856152534485
0.3809128403663635
0.3513599932193756
0.31831035017967224
0.28170040249824524
0.2415614277124405
0.19806823134422302
0.15155041217803955
0.10254096239805222
0.0517374649643898
0.0
0.0
0.056081902235746384
0.11105498671531677
0.16390787065029144
0.21384064853191376
0.2602642774581909
0.3028426766395569
0.3414274752140045
0.37603598833084106
0.4067910313606262
0.4338825047016144
0.4575362503528595
0.47798460721969604
0.4954565465450287
0.5101603865623474
0.5222839117050171
0.5319851636886597
0.5393959879875183
0.5446168184280396
0.5477209091186523
0.5487504601478577
0.5477209091186523
0.5446168184280396
0.5393959879875183
0.5319851636886597
0.5222839117050171
0.5101603865623474
0.4954565465450287
0.47798460721969604
0.4575362503528595
0.4338825047016144
0.4067910313606262
0.37603598833084106
0.3414274752140045
0.3028426766395569
0.2602642774581909
0.21384064853191376
0.16390787065029144
0.11105498671531677
0.056081902235746384
0.0
0.0
0.06086966022849083
0.12041311711072922
0.1774338334798813
0.23101256787776947
0.2805017828941345
0.32556936144828796
0.36611032485961914
0.40220925211906433
0.43406617641448975
0.4619455933570862
0.4861427843570709
0.5069487690925598
0.5246423482894897
0.539471447467804
0.5516558289527893
0.5613776445388794
0.5687873959541321
0.5739985108375549
0.5770933628082275
0.5781192779541016
0.5770933628082275
0.5739985108375549
0.5687873959541321
0.5613776445388794
0.5516558289527893
0.539471447467804
0.5246423482894897
0.5069487690925598
0.4861427843570709
0.4619455933570862
0.43406617641448975
0.40220925211906433
0.36611032485961914
0.32556936144828796
0.2805017828941345
0.23101256787776947
0.1774338334798813
0.12041311711072922
0.06086966022849083
0.0
0.0
0.06618817150592804
0.1307760626077652
0.1923380345106125
0.2498159110546112
0.30250415205955505
0.3500910699367523
0.39253947138786316
0.43002545833587646
0.4628486931324005
0.4913654625415802
0.5159534215927124
0.5369710326194763
0.5547526478767395
0.5695891380310059
0.5817339420318604
0.5913941860198975
0.5987391471862793
0.6038953065872192
0.6069539189338684
0.60796719789505
0.6069539189338684
0.6038953065872192
0.5987391471862793
0.5913941860198975
0.5817339420318604
0.5695891380310059
0.5547526478767395
0.5369710326194763
0.5159534215927124
0.4913654625415802
0.4628486931324005
0.43002545833587646
0.39253947138786316
0.3500910699367523
0.30250415205955505
0.2498159110546112
0.1923380345106125
0.1307760626077652
0.06618817150592804
0.0
0.0
0.07215551286935806
0.14235976338386536
0.20889978110790253
0.27055561542510986
0.32656869292259216
0.37667417526245117
0.4209372103214264
0.4596584737300873
0.4932655096054077
0.5222269296646118
0.5470172762870789
0.5680713057518005
0.5857842564582825
0.6004924178123474
0.6124838590621948
0.6219907402992249
0.6292005181312561
0.6342520117759705
0.6372448801994324
0.6382356882095337
0.6372448801994324
0.6342520117759705
0.6292005181312561
0.6219907402992249
0.6124838590621948
0.6004924178123474
0.5857842564582825
0.5680713057518005
0.5470172762870789
0.5222269296646118
0.4932655096054077
0.4596584737300873
0.4209372103214264
0.37667417526245117
0.32656869292259216
0.27055561542510986
0.20889978110790253
0.14235976338386536
0.07215551286935806
0.0
0.0
0.0789276733994484
0.15544529259204865
0.22747482359409332
0.2936093211174011
0.3530529737472534
0.405628502368927
0.4515535235404968
0.4912963807582855
0.5254477858543396
0.5546122193336487
0.5793765187263489
0.600260317325592
0.6177237629890442
0.6321500539779663
0.6438614726066589
0.6531139612197876
0.6601117849349976
0.6650049090385437
0.6679002046585083
0.668857991695404
0.6679002046585083
0.6650049090385437
0.6601117849349976
0.6531139612197876
0.6438614726066589
0.6321500539779663
0.6177237629890442
0.600260317325592
0.5793765187263489
0.5546122193336487
0.5254477858543396
0.4912963807582855
0.4515535235404968
0.405628502368927
0.3530529737472534
0.2936093211174011
0.22747482359409332
0.15544529259204865
0.0789276733994484
0.0
0.0
0.0867268294095993
0.17043040692806244
0.24855801463127136
0.3194914162158966
0.3824293911457062
0.437349408864975
0.4846939742565155
0.5251578092575073
0.5595382452011108
0.5886021852493286
0.6130641102790833
0.6335352063179016
0.6505426168441772
0.6645151376724243
0.6758072376251221
0.6846958994865417
0.6913996934890747
0.6960774660110474
0.6988415718078613
0.6997553706169128
0.6988415718078613
0.6960774660110474
0.6913996934890747
0.6846958994865417
0.6758072376251221
0.6645151376724243
0.6505426168441772
0.6335352063179016
0.6130641102790833
0.5886021852493286
0.5595382452011108
0.5251578092575073
0.4846939742565155
0.437349408864975
0.3824293911457062
0.3194914162158966
0.24855801463127136
0.17043040692806244
0.0867268294095993
0.0
0.0
0.09586014598608017
0.1878507137298584
0.2727968990802765
0.3488468825817108
0.415266215801239
0.4722897410392761
0.5206910967826843
0.5614662170410156
0.5956709384918213
0.6242618560791016
0.6480942368507385
0.6678741574287415
0.6841940879821777
0.6975247263908386
0.7082476615905762
0.7166566252708435
0.7229803204536438
0.7273834943771362
0.7299818396568298
0.7308402061462402
0.7299818396568298
0.7273834943771362
0.7229803204536438
0.7166566252708435
0.7082476615905762
0.6975247263908386
0.6841940879821777
0.6678741574287415
0.6480942368507385
0.6242618560791016
0.5956709384918213
0.5614662170410156
0.5206910967826843
0.4722897410392761
0.415266215801239
0.3488468825817108
0.2727968990802765
0.1878507137298584
0.09586014598608017
0.0
0.0
0.10679683834314346
0.20852306485176086
0.3011406660079956
0.382587730884552
0.4523230493068695
0.511019229888916
0.5599319934844971
0.6004577279090881
0.6339670419692993
0.6616305708885193
0.6844506859779358
0.7032249569892883
0.718603789806366
0.7310911417007446
0.7410879135131836
0.7488976716995239
0.754753828048706
0.7588227987289429
0.7612207531929016
0.7620123028755188
0.7612207531929016
0.7588227987289429
0.754753828048706
0.7488976716995239
0.7410879135131836
0.7310911417007446
0.718603789806366
0.7032249569892883
0.6844506859779358
0.6616305708885193
0.6339670419692993
0.6004577279090881
0.5599319934844971
0.511019229888916
0.4523230493068695
0.382587730884552
0.3011406660079956
0.20852306485176086
0.10679683834314346
0.0
0.0
0.12023051828145981
0.23357777297496796
0.3348672688007355
0.42185425758361816
0.49449363350868225
0.5541556477546692
0.602799654006958
0.6423353552818298
0.6745036840438843
0.7007027268409729
0.7220764756202698
0.7395006418228149
0.7536685466766357
0.765103816986084
0.7742151021957397
0.7813063859939575
0.786608874797821
0.790285587310791
0.7924494743347168
0.7931632995605469
0.7924494743347168
0.790285587310791
0.786608874797821
0.7813063859939575
0.7742151021957397
0.765103816986084
0.7536685466766357
0.7395006418228149
0.7220764756202698
0.7007027268409729
0.6745036840438843
0.6423353552818298
0.602799654006958
0.5541556477546692
0.49449363350868225
0.42185425758361816
0.3348672688007355
0.23357777297496796
0.12023051828145981
0.0
0.0
0.137314572930336
0.2649863064289093
0.3759602904319763
0.4683142304420471
0.5429384112358093
0.6024116277694702
0.6496632099151611
0.687239944934845
0.7172805666923523
0.741397500038147
0.760848879814148
0.7765601277351379
0.7892422676086426
0.7994186878204346
0.8074900507926941
0.8137495517730713
0.8184177279472351
0.821648359298706
0.8235474824905396
0.8241735100746155
0.8235474824905396
0.821648359298706
0.8184177279472351
0.8137495517730713
0.8074900507926941
0.7994186878204346
0.7892422676086426
0.7765601277351379
0.760848879814148
0.741397500038147
0.7172805666923523
0.687239944934845
0.6496632099151611
0.6024116277694702
0.5429384112358093
0.4683142304420471
0.3759602904319763
0.2649863064289093
0.137314572930336
0.0
0.0
0.15997973084449768
0.3053874671459198
0.4271708130836487
0.523938775062561
0.5989059209823608
0.6564217209815979
0.7007651329040527
0.7351793646812439
0.7621819376945496
0.7835416197776794
0.8005747199058533
0.8142099380493164
0.8251405954360962
0.8338638544082642
0.8407538533210754
0.8460800051689148
0.8500426411628723
0.852780282497406
0.8543878197669983
0.8549174666404724
0.8543878197669983
0.852780282497406
0.8500426411628723
0.8460800051689148
0.8407538533210754
0.8338638544082642
0.8251405954360962
0.8142099380493164
0.8005747199058533
0.7835416197776794
0.7621819376945496
0.7351793646812439
0.7007651329040527
0.6564217209815979
0.5989059209823608
0.523938775062561
0.4271708130836487
0.3053874671459198
0.15997973084449768
0.0
0.0
0.19161656498908997
0.36095425486564636
0.49284255504608154
0.5915846228599548
0.6636987924575806
0.7166377902030945
0.7560800313949585
0.7859224677085876
0.8088999390602112
0.8268184065818787
0.8409566283226013
0.8521825075149536
0.861126720905304
0.8682308793067932
0.873822033405304
0.8781322240829468
0.8813326954841614
0.8835405707359314
0.884835958480835
0.8852624893188477
0.884835958480835
0.8835405707359314
0.8813326954841614
0.8781322240829468
0.873822033405304
0.8682308793067932
0.861126720905304
0.8521825075149536
0.8409566283226013
0.8268184065818787
0.8088999390602112
0.7859224677085876
0.7560800313949585
0.7166377902030945
0.6636987924575806
0.5915846228599548
0.49284255504608154
0.36095425486564636
0.19161656498908997
0.0
0.0
0.2397216558456421
0.4378926753997803
0.5792081356048584
0.6736561059951782
0.738153338432312
0.782921552658081
0.8151638507843018
0.8389317989349365
0.8569233417510986
0.8707756400108337
0.8816087245941162
0.890152633190155
0.896926999092102
0.9022876620292664
0.9064951539039612
0.9097320437431335
0.9121319651603699
0.9137858152389526
0.9147555232048035
0.9150747060775757
0.9147555232048035
0.9137858152389526
0.9121319651603699
0.9097320437431335
0.9064951539039612
0.9022876620292664
0.896926999092102
0.890152633190155
0.8816087245941162
0.8707756400108337
0.8569233417510986
0.8389317989349365
0.8151638507843018
0.782921552658081
0.738153338432312
0.6736561059951782
0.5792081356048584
0.4378926753997803
0.2397216558456421
0.0
0.0
0.3150859475135803
0.5640196204185486
0.6932649612426758
0.7725346088409424
0.8215503692626953
0.8541721701622009
0.8768451809883118
0.8932310938835144
0.9054608345031738
0.9147894382476807
0.9220380187034607
0.9277285933494568
0.9322261214256287
0.9357765913009644
0.9385586380958557
0.9406961798667908
0.9422796964645386
0.9433702230453491
0.9440094232559204
0.9442197680473328
0.9440094232559204
0.9433702230453491
0.9422796964645386
0.9406961798667908
0.9385586380958557
0.9357765913009644
0.9322261214256287
0.9277285933494568
0.9220380187034607
0.9147894382476807
0.9054608345031738
0.8932310938835144
0.8768451809883118
0.8541721701622009
0.8215503692626953
0.7725346088409424
0.6932649612426758
0.5640196204185486
0.3150859475135803
0.0
0.0
0.563618540763855
0.7395911812782288
0.8389052748680115
0.8836907744407654
0.9109510183334351
0.9277696013450623
0.9392889738082886
0.947466254234314
0.9535293579101562
0.9581300020217896
0.9616952538490295
0.9644889235496521
0.9666944146156311
0.9684342741966248
0.9697969555854797
0.9708436727523804
0.9716188907623291
0.9721527695655823
0.9724656939506531
0.9725686311721802
0.9724656939506531
0.9721527695655823
0.9716188907623291
0.9708436727523804
0.9697969555854797
0.9684342741966248
0.9666944146156311
0.9644889235496521
0.9616952538490295
0.9581300020217896
0.9535293579101562
0.947466254234314
0.9392889738082886
0.9277696013450623
0.9109510183334351
0.8836907744407654
0.8389052748680115
0.7395911812782288
0.563618540763855
0.0
1.0
1.0
1.0
1.0
1.0
1.0
1.0
1.0
1.0
1.0
1.0
1.0
1.0
1.0
1.0
1.0
1.0
1.0
1.0
1.0
1.0
1.0
1.0
1.0
1.0
1.0
1.0
1.0
1.0
1.0
1.0
1.0
1.0
1.0
1.0
1.0
1.0
1.0
1.0
1.0
1.0
