0.0
0.0
0.0
0.0
0.0
0.0
0.0
0.0
0.0
0.0
0.0
0.0
0.0
0.0
0.0
0.0
0.0
0.0
0.0
0.0
0.0
0.0
0.0
0.0
0.0
0.0
0.0
0.0
0.0
0.0
0.0
0.0
0.0
0.0
0.0
0.0
0.0
0.0
0.0
0.0
0.0
0.0
0.0013276716927066445
0.002615717239677906
0.0038533261977136135
0.005037563852965832
0.0061658406630158424
0.007235449273139238
0.008243752643465996
0.009188182651996613
0.010066276416182518
0.010875742882490158
0.011614450253546238
0.012280484661459923
0.012872117571532726
0.013387851417064667
0.013826384209096432
0.01418664027005434
0.014467733912169933
0.014668996445834637
0.014789941720664501
0.014830290339887142
0.014789941720664501
0.014668996445834637
0.014467733912169933
0.01418664027005434
0.013826384209096432
0.013387851417064667
0.012872117571532726
0.012280484661459923
0.011614450253546238
0.010875742882490158
0.010066276416182518
0.009188182651996613
0.008243752643465996
0.007235449273139238
0.0061658406630158424
0.005037563852965832
0.0038533261977136135
0.002615717239677906
0.0013276716927066445
0.0
0.0
0.002631021197885275
0.005203831009566784
0.007684872951358557
0.010061939246952534
0.012327209115028381
0.014474669471383095
0.01649879477918148
0.01839439570903778
0.020156556740403175
0.02178073301911354
0.02326270565390587
0.02459869347512722
0.025785285979509354
0.026819538325071335
0.027698881924152374
0.028421204537153244
0.02898476831614971
0.02938825637102127
0.029630716890096664
0.029711604118347168
0.029630716890096664
0.02938825637102127
0.02898476831614971
0.028421204537153244
0.027698881924152374
0.026819538325071335
0.025785285979509354
0.02459869347512722
0.02326270565390587
0.02178073301911354
0.020156556740403175
0.01839439570903778
0.01649879477918148
0.014474669471383095
0.012327209115028381
0.010061939246952534
0.007684872951358557
0.005203831009566784
0.002631021197885275
0.0
0.0
0.003913461696356535
0.007759522646665573
0.011487535201013088
0.015068701468408108
0.018485011532902718
0.021724874153733253
0.024778682738542557
0.02763821929693222
0.030295930802822113
0.03274499252438545
0.03497912362217903
0.036992743611335754
0.03878083825111389
0.04033908247947693
0.041663724929094315
0.04275168478488922
0.043600425124168396
0.044208038598299026
0.044573139399290085
0.0446949377655983
0.044573139399290085
0.044208038598299026
0.043600425124168396
0.04275168478488922
0.041663724929094315
0.04033908247947693
0.03878083825111389
0.036992743611335754
0.03497912362217903
0.03274499252438545
0.030295930802822113
0.02763821929693222
0.024778682738542557
0.021724874153733253
0.018485011532902718
0.015068701468408108
0.011487535201013088
0.007759522646665573
0.003913461696356535
0.0
0.0
0.005184986628592014
0.010296549648046494
0.015272020362317562
0.020066820085048676
0.024649495258927345
0.028999634087085724
0.033101364970207214
0.036942340433597565
0.04051173850893974
0.043800219893455505
0.046799346804618835
0.049501754343509674
0.05190088227391243
0.05399112403392792
0.05576763674616814
0.05722646042704582
0.05836435407400131
0.05917888134717941
0.05966827645897865
0.05983152985572815
0.05966827645897865
0.05917888134717941
0.05836435407400131
0.05722646042704582
0.05576763674616814
0.05399112403392792
0.05190088227391243
0.049501754343509674
0.046799346804618835
0.043800219893455505
0.04051173850893974
0.036942340433597565
0.033101364970207214
0.028999634087085724
0.024649495258927345
0.020066820085048676
0.015272020362317562
0.010296549648046494
0.005184986628592014
0.0
0.0
0.006455332040786743
0.012831736356019974
0.019057491794228554
0.02507508173584938
0.030839553102850914
0.0363193079829216
0.04148990288376808
0.046333231031894684
0.05083411931991577
0.05498016998171806
0.05876051262021065
0.062165915966033936
0.06518828868865967
0.06782080978155136
0.07005765289068222
0.0718940794467926
0.07332625240087509
0.07435128092765808
0.07496710121631622
0.07517251372337341
0.07496710121631622
0.07435128092765808
0.07332625240087509
0.0718940794467926
0.07005765289068222
0.06782080978155136
0.06518828868865967
0.062165915966033936
0.05876051262021065
0.05498016998171806
0.05083411931991577
0.046333231031894684
0.04148990288376808
0.0363193079829216
0.030839553102850914
0.02507508173584938
0.019057491794228554
0.012831736356019974
0.006455332040786743
0.0
0.0
0.007733344566076994
0.01538210641592741
0.022866813465952873
0.030119160190224648
0.03708183020353317
0.04371139779686928
0.04997331649065018
0.05584210529923439
0.06129692867398262
0.06632152199745178
0.07090205699205399
0.07502724230289459
0.07868735492229462
0.08187442272901535
0.08458170294761658
0.08680380880832672
0.08853638917207718
0.08977622538805008
0.09052101522684097
0.09076943248510361
0.09052101522684097
0.08977622538805008
0.08853638917207718
0.08680380880832672
0.08458170294761658
0.08187442272901535
0.07868735492229462
0.07502724230289459
0.07090205699205399
0.06632152199745178
0.06129692867398262
0.05584210529923439
0.04997331649065018
0.04371139779686928
0.03708183020353317
0.030119160190224648
0.022866813465952873
0.01538210641592741
0.007733344566076994
0.0
0.0
0.009027580730617046
0.017964420840144157
0.026723600924015045
0.03522730618715286
0.043407149612903595
0.051208220422267914
0.058585286140441895
0.06550423800945282
0.07193735986948013
0.07786357402801514
0.08326543122529984
0.0881292074918747
0.09244342893362045
0.0961989164352417
0.09938810020685196
0.10200503468513489
0.10404499620199203
0.10550453513860703
0.10638118535280228
0.10667356848716736
0.10638118535280228
0.10550453513860703
0.10404499620199203
0.10200503468513489
0.09938810020685196
0.0961989164352417
0.09244342893362045
0.0881292074918747
0.08326543122529984
0.07786357402801514
0.07193735986948013
0.06550423800945282
0.058585286140441895
0.051208220422267914
0.043407149612903595
0.03522730618715286
0.026723600924015045
0.017964420840144157
0.009027580730617046
0.0
0.0
0.010346167720854282
0.02059476636350155
0.0306512713432312
0.04042894020676613
0.049849167466163635
0.058846160769462585
0.06736399233341217
0.0753592923283577
0.08279655128717422
0.08964899927377701
0.09589488059282303
0.10151761025190353
0.10650370270013809
0.1108427345752716
0.11452632397413254
0.11754807829856873
0.11990302056074142
0.12158758193254471
0.12259925901889801
0.12293665111064911
0.12259925901889801
0.12158758193254471
0.11990302056074142
0.11754807829856873
0.11452632397413254
0.1108427345752716
0.10650370270013809
0.10151761025190353
0.09589488059282303
0.08964899927377701
0.08279655128717422
0.0753592923283577
0.06736399233341217
0.058846160769462585
0.049849167466163635
0.04042894020676613
0.0306512713432312
0.02059476636350155
0.010346167720854282
0.0
0.0
0.011697149835526943
0.02328910492360592
0.03467324376106262
0.04575394466519356
0.056442804634571075
0.0666637197136879
0.07635033875703812
0.08544983714818954
0.09391839802265167
0.10172289609909058
0.10883662104606628
0.1152397096157074
0.12091638147830963
0.12585490942001343
0.13004609942436218
0.13348320126533508
0.13616113364696503
0.13807633519172668
0.13922634720802307
0.13960985839366913
0.13922634720802307
0.13807633519172668
0.13616113364696503
0.13348320126533508
0.13004609942436218
0.12585490942001343
0.12091638147830963
0.1152397096157074
0.10883662104606628
0.10172289609909058
0.09391839802265167
0.08544983714818954
0.07635033875703812
0.0666637197136879
0.056442804634571075
0.04575394466519356
0.03467324376106262
0.02328910492360592
0.011697149835526943
0.0
0.0
0.013088461942970753
0.026063192635774612
0.03881277143955231
0.05123239755630493
0.0632239356637001
0.07470125705003738
0.08558789640665054
0.09582162648439407
0.10535013675689697
0.11413352936506271
0.12213971465826035
0.12934520840644836
0.13573171198368073
0.14128607511520386
0.14599835872650146
0.14986158907413483
0.15287066996097565
0.15502221882343292
0.1563139408826828
0.15674465894699097
0.1563139408826828
0.15502221882343292
0.15287066996097565
0.14986158907413483
0.14599835872650146
0.14128607511520386
0.13573171198368073
0.12934520840644836
0.12213971465826035
0.11413352936506271
0.10535013675689697
0.09582162648439407
0.08558789640665054
0.07470125705003738
0.0632239356637001
0.05123239755630493
0.03881277143955231
0.026063192635774612
0.013088461942970753
0.0
0.0
0.0145281832665205
0.028933050110936165
0.0430934801697731
0.05689490959048271
0.0702291950583458
0.08300027996301651
0.09512176364660263
0.10652222484350204
0.11714086681604385
0.12693093717098236
0.13585473597049713
0.14388495683670044
0.15100061893463135
0.15718719363212585
0.16243402659893036
0.16673403978347778
0.17008231580257416
0.17247579991817474
0.17391255497932434
0.17439158260822296
0.17391255497932434
0.17247579991817474
0.17008231580257416
0.16673403978347778
0.16243402659893036
0.15718719363212585
0.15100061893463135
0.14388495683670044
0.13585473597049713
0.12693093717098236
0.11714086681604385
0.10652222484350204
0.09512176364660263
0.08300027996301651
0.0702291950583458
0.05689490959048271
0.0430934801697731
0.028933050110936165
0.0145281832665205
0.0
0.0
0.016024557873606682
0.03191500902175903
0.04753945767879486
0.06277277320623398
0.07749627530574799
0.09160381555557251
0.1049991026520729
0.11760168522596359
0.12934251129627228
0.1401679962873459
0.15003493428230286
0.15891213715076447
0.16677603125572205
0.17361073195934296
0.1794050633907318
0.1841520369052887
0.18784715235233307
0.19048786163330078
0.19207271933555603
0.1926010698080063
0.19207271933555603
0.19048786163330078
0.18784715235233307
0.1841520369052887
0.1794050633907318
0.17361073195934296
0.16677603125572205
0.15891213715076447
0.15003493428230286
0.1401679962873459
0.12934251129627228
0.11760168522596359
0.1049991026520729
0.09160381555557251
0.07749627530574799
0.06277277320623398
0.04753945767879486
0.03191500902175903
0.016024557873606682
0.0
0.0
0.01758621819317341
0.03502614423632622
0.052175797522068024
0.06889846175909042
0.08506415784358978
0.10055626183748245
0.11526849865913391
0.12911157310009003
0.14200840890407562
0.1538989245891571
0.1647346168756485
0.17448067665100098
0.18311114609241486
0.19060905277729034
0.19696295261383057
0.20216621458530426
0.2062150537967682
0.20910771191120148
0.21084342896938324
0.21142201125621796
0.21084342896938324
0.20910771191120148
0.2062150537967682
0.20216621458530426
0.19696295261383057
0.19060905277729034
0.18311114609241486
0.17448067665100098
0.1647346168756485
0.1538989245891571
0.14200840890407562
0.12911157310009003
0.11526849865913391
0.10055626183748245
0.08506415784358978
0.06889846175909042
0.052175797522068024
0.03502614423632622
0.01758621819317341
0.0
0.0
0.01922227069735527
0.038284432142972946
0.05702890455722809
0.07530611008405685
0.09297381341457367
0.10990431159734726
0.1259811520576477
0.1411062330007553
0.15519481897354126
0.16818074882030487
0.18001072108745575
0.19064676761627197
0.20006100833415985
0.20823580026626587
0.21515990793704987
0.22082750499248505
0.22523586452007294
0.228384330868721
0.23027312755584717
0.23090265691280365
0.23027312755584717
0.228384330868721
0.22523586452007294
0.22082750499248505
0.21515990793704987
0.20823580026626587
0.20006100833415985
0.19064676761627197
0.18001072108745575
0.16818074882030487
0.15519481897354126
0.1411062330007553
0.1259811520576477
0.10990431159734726
0.09297381341457367
0.07530611008405685
0.05702890455722809
0.038284432142972946
0.01922227069735527
0.0
0.0
0.020942531526088715
0.04170920327305794
0.06212702393531799
0.08203203976154327
0.10126851499080658
0.1196969673037529
0.13719035685062408
0.153641939163208
0.1689596176147461
0.1830717772245407
0.19592100381851196
0.20746691524982452
0.2176804542541504
0.22654399275779724
0.2340470850467682
0.24018529057502747
0.24495749175548553
0.24836455285549164
0.25040796399116516
0.2510889172554016
0.25040796399116516
0.24836455285549164
0.24495749175548553
0.24018529057502747
0.2340470850467682
0.22654399275779724
0.2176804542541504
0.20746691524982452
0.19592100381851196
0.1830717772245407
0.1689596176147461
0.153641939163208
0.13719035685062408
0.1196969673037529
0.10126851499080658
0.08203203976154327
0.06212702393531799
0.04170920327305794
0.020942531526088715
0.0
0.0
0.02275770902633667
0.045321524143218994
0.06750088930130005
0.08911564201116562
0.10999510437250137
0.12998709082603455
0.14895349740982056
0.16677896678447723
0.18336451053619385
0.19863379001617432
0.21252629160881042
0.22500014305114746
0.23602618277072906
0.24558767676353455
0.2536759674549103
0.26028871536254883
0.2654271125793457
0.2690940201282501
0.27129265666007996
0.2720252275466919
0.27129265666007996
0.2690940201282501
0.2654271125793457
0.26028871536254883
0.2536759674549103
0.24558767676353455
0.23602618277072906
0.22500014305114746
0.21252629160881042
0.19863379001617432
0.18336451053619385
0.16677896678447723
0.14895349740982056
0.12998709082603455
0.10999510437250137
0.08911564201116562
0.06750088930130005
0.045321524143218994
0.02275770902633667
0.0
0.0
0.024679694324731827
0.04914470389485359
0.0731842964887619
0.09659995883703232
0.11920429766178131
0.1408313363790512
0.16133137047290802
0.1805805265903473
0.19847354292869568
0.21493025124073029
0.22988827526569366
0.24330559372901917
0.25515425205230713
0.26541975140571594
0.2740963101387024
0.28118467330932617
0.2866891920566559
0.290615439414978
0.2929687798023224
0.2937527596950531
0.2929687798023224
0.290615439414978
0.2866891920566559
0.28118467330932617
0.2740963101387024
0.26541975140571594
0.25515425205230713
0.24330559372901917
0.22988827526569366
0.21493025124073029
0.19847354292869568
0.1805805265903473
0.16133137047290802
0.1408313363790512
0.11920429766178131
0.09659995883703232
0.0731842964887619
0.04914470389485359
0.024679694324731827
0.0
0.0
0.02672191709280014
0.053205035626888275
0.07921532541513443
0.10453330725431442
0.1289527863264084
0.15229272842407227
0.1743912249803543
0.1951160430908203
0.21435634791851044
0.23202943801879883
0.24807259440422058
0.262445330619812
0.27512267231941223
0.28609389066696167
0.2953576147556305
0.302918940782547
0.30878645181655884
0.3129691779613495
0.3154752850532532
0.31630998849868774
0.3154752850532532
0.3129691779613495
0.30878645181655884
0.302918940782547
0.2953576147556305
0.28609389066696167
0.27512267231941223
0.262445330619812
0.24807259440422058
0.23202943801879883
0.21435634791851044
0.1951160430908203
0.1743912249803543
0.15229272842407227
0.1289527863264084
0.10453330725431442
0.07921532541513443
0.053205035626888275
0.02672191709280014
0.0
0.0
0.02889973856508732
0.057532478123903275
0.08563706278800964
0.11296989768743515
0.139303520321846
0.16444042325019836
0.18820585310459137
0.21045957505702972
0.23108620941638947
0.25000208616256714
0.26714617013931274
0.2824816107749939
0.295988529920578
0.3076620101928711
0.31750690937042236
0.3255341947078705
0.33175793290138245
0.3361916244029999
0.33884692192077637
0.3397310972213745
0.33884692192077637
0.3361916244029999
0.33175793290138245
0.3255341947078705
0.31750690937042236
0.3076620101928711
0.295988529920578
0.2824816107749939
0.26714617013931274
0.25000208616256714
0.23108620941638947
0.21045957505702972
0.18820585310459137
0.16444042325019836
0.139303520321846
0.11296989768743515
0.08563706278800964
0.057532478123903275
0.02889973856508732
0.0
0.0
0.031231123954057693
0.062162019312381744
0.09249971807003021
0.1219727098941803
0.15032930672168732
0.1773538738489151
0.20285823941230774
0.2266947329044342
0.24874483048915863
0.2689259946346283
0.28718137741088867
0.3034803569316864
0.3178110122680664
0.33017653226852417
0.34059029817581177
0.3490709662437439
0.35563963651657104
0.3603154420852661
0.36311429738998413
0.36404600739479065
0.36311429738998413
0.3603154420852661
0.35563963651657104
0.3490709662437439
0.34059029817581177
0.33017653226852417
0.3178110122680664
0.3034803569316864
0.28718137741088867
0.2689259946346283
0.24874483048915863
0.2266947329044342
0.20285823941230774
0.1773538738489151
0.15032930672168732
0.1219727098941803
0.09249971807003021
0.062162019312381744
0.031231123954057693
0.0
0.0
0.03373723477125168
0.06713470071554184
0.099861741065979
0.1316142976284027
0.16211296617984772
0.19112221896648407
0.21844004094600677
0.24391226470470428
0.26741930842399597
0.28888246417045593
0.3082523047924042
0.3255077302455902
0.34064802527427673
0.3536873757839203
0.3646504282951355
0.37356555461883545
0.38046276569366455
0.3853679895401001
0.38830244541168213
0.38927897810935974
0.38830244541168213
0.3853679895401001
0.38046276569366455
0.37356555461883545
0.3646504282951355
0.3536873757839203
0.34064802527427673
0.3255077302455902
0.3082523047924042
0.28888246417045593
0.26741930842399597
0.24391226470470428
0.21844004094600677
0.19112221896648407
0.16211296617984772
0.1316142976284027
0.099861741065979
0.06713470071554184
0.03373723477125168
0.0
0.0
0.036443695425987244
0.07250012457370758
0.10779363662004471
0.14198186993598938
0.17475353181362152
0.20585127174854279
0.2350590080022812
0.26221764087677
0.2872093915939331
0.3099629282951355
0.3304405212402344
0.3486345708370209
0.3645596206188202
0.37824442982673645
0.3897278606891632
0.39905068278312683
0.4062536060810089
0.41137099266052246
0.41443029046058655
0.41544800996780396
0.41443029046058655
0.41137099266052246
0.4062536060810089
0.39905068278312683
0.3897278606891632
0.37824442982673645
0.3645596206188202
0.3486345708370209
0.3304405212402344
0.3099629282951355
0.2872093915939331
0.26221764087677
0.2350590080022812
0.20585127174854279
0.17475353181362152
0.14198186993598938
0.10779363662004471
0.07250012457370758
0.036443695425987244
0.0
0.0
0.03938157856464386
0.07831814140081406
0.11637964844703674
0.1531783789396286
0.18836624920368195
0.22166208922863007
0.2528361976146698
0.28172704577445984
0.30822262167930603
0.3322637975215912
0.35382983088493347
0.37293165922164917
0.3896039128303528
0.40389394760131836
0.4158584773540497
0.4255532920360565
0.43303215503692627
0.43833935260772705
0.4415096640586853
0.44256389141082764
0.4415096640586853
0.43833935260772705
0.43303215503692627
0.4255532920360565
0.4158584773540497
0.40389394760131836
0.3896039128303528
0.37293165922164917
0.35382983088493347
0.3322637975215912
0.30822262167930603
0.28172704577445984
0.2528361976146698
0.22166208922863007
0.18836624920368195
0.1531783789396286
0.11637964844703674
0.07831814140081406
0.03938157856464386
0.0
0.0
0.04258983954787254
0.08466362208127975
0.1257249265909195
0.16533176600933075
0.20309332013130188
0.23870284855365753
0.27191805839538574
0.3025788962841034
0.33058488368988037
0.35589542984962463
0.3785136342048645
0.3984752595424652
0.4158408045768738
0.4306809604167938
0.4430742859840393
0.4530946612358093
0.4608112573623657
0.46627986431121826
0.4695437550544739
0.470628559589386
0.4695437550544739
0.46627986431121826
0.4608112573623657
0.4530946612358093
0.4430742859840393
0.4306809604167938
0.4158408045768738
0.3984752595424652
0.3785136342048645
0.35589542984962463
0.33058488368988037
0.3025788962841034
0.27191805839538574
0.23870284855365753
0.20309332013130188
0.16533176600933075
0.1257249265909195
0.08466362208127975
0.04258983954787254
0.0
0.0
0.04611711949110031
0.09162946790456772
0.13595837354660034
0.17859654128551483
0.21910353004932404
0.2571457326412201
0.29247114062309265
0.32492703199386597
0.354432612657547
0.3809741735458374
0.4045874774456024
0.42534056305885315
0.44332659244537354
0.4586450159549713
0.47140052914619446
0.48168835043907166
0.48959535360336304
0.4951905310153961
0.4985266923904419
0.4996349513530731
0.4985266923904419
0.4951905310153961
0.48959535360336304
0.48168835043907166
0.47140052914619446
0.4586450159549713
0.44332659244537354
0.42534056305885315
0.4045874774456024
0.3809741735458374
0.354432612657547
0.32492703199386597
0.29247114062309265
0.2571457326412201
0.21910353004932404
0.17859654128551483
0.13595837354660034
0.09162946790456772
0.04611711949110031
0.0
0.0
0.050026699900627136
0.099336177110672
0.1472466140985489
0.19317112863063812
0.23661166429519653
0.2772074341773987
0.3147018551826477
0.3489585816860199
0.37992796301841736
0.40763458609580994
0.4321579933166504
0.45360779762268066
0.47211769223213196
0.4878218173980713
0.5008556842803955
0.5113389492034912
0.5193785429000854
0.5250580906867981
0.5284409523010254
0.5295640230178833
0.5284409523010254
0.5250580906867981
0.5193785429000854
0.5113389492034912
0.5008556842803955
0.4878218173980713
0.47211769223213196
0.45360779762268066
0.4321579933166504
0.40763458609580994
0.37992796301841736
0.3489585816860199
0.3147018551826477
0.2772074341773987
0.23661166429519653
0.19317112863063812
0.1472466140985489
0.099336177110672
0.050026699900627136
0.0
0.0
0.05440010875463486
0.10793762654066086
0.15979908406734467
0.20930011570453644
0.25587648153305054
0.2991423010826111
0.3388460576534271
0.37488120794296265
0.40724554657936096
0.43601667881011963
0.46133187413215637
0.4833531081676483
0.502263605594635
0.518238365650177
0.531448245048523
0.5420405268669128
0.5501441359519958
0.5558583736419678
0.5592578649520874
0.5603857636451721
0.5592578649520874
0.5558583736419678
0.5501441359519958
0.5420405268669128
0.531448245048523
0.518238365650177
0.502263605594635
0.4833531081676483
0.46133187413215637
0.43601667881011963
0.40724554657936096
0.37488120794296265
0.3388460576534271
0.2991423010826111
0.25587648153305054
0.20930011570453644
0.15979908406734467
0.10793762654066086
0.05440010875463486
0.0
0.0
0.05934798717498779
0.1176418662071228
0.1738971471786499
0.22730889916419983
0.2772374451160431
0.3232783079147339
0.36520108580589294
0.4029500186443329
0.4365931451320648
0.46628081798553467
0.49222543835639954
0.5146540403366089
0.5338090062141418
0.5499125123023987
0.5631750822067261
0.5737737417221069
0.5818607807159424
0.5875520706176758
0.5909335613250732
0.5920546650886536
0.5909335613250732
0.5875520706176758
0.5818607807159424
0.5737737417221069
0.5631750822067261
0.5499125123023987
0.5338090062141418
0.5146540403366089
0.49222543835639954
0.46628081798553467
0.4365931451320648
0.4029500186443329
0.36520108580589294
0.3232783079147339
0.2772374451160431
0.22730889916419983
0.1738971471786499
0.1176418662071228
0.05934798717498779
0.0
0.0
0.06501814723014832
0.12872296571731567
0.18990367650985718
0.2476056069135666
0.3011074960231781
0.3500007390975952
0.39410439133644104
0.4334436357021332
0.46818873286247253
0.4985875189304352
0.5249483585357666
0.5475772619247437
0.5667853951454163
0.582848072052002
0.596018373966217
0.6065047979354858
0.6144834160804749
0.6200864315032959
0.6234108209609985
0.624512255191803
0.6234108209609985
0.6200864315032959
0.6144834160804749
0.6065047979354858
0.596018373966217
0.582848072052002
0.5667853951454163
0.5475772619247437
0.5249483585357666
0.4985875189304352
0.46818873286247253
0.4334436357021332
0.39410439133644104
0.3500007390975952
0.3011074960231781
0.2476056069135666
0.18990367650985718
0.12872296571731567
0.06501814723014832
0.0
0.0
0.07162212580442429
0.14157161116600037
0.20832903683185577
0.2707550823688507
0.32804471254348755
0.379815936088562
0.42598390579223633
0.46670153737068176
0.5022851228713989
0.533112108707428
0.5596105456352234
0.5821800827980042
0.601209282875061
0.6170305609703064
0.6299410462379456
0.6401804685592651
0.6479475498199463
0.6533896923065186
0.6566139459609985
0.6576813459396362
0.6566139459609985
0.6533896923065186
0.6479475498199463
0.6401804685592651
0.6299410462379456
0.6170305609703064
0.601209282875061
0.5821800827980042
0.5596105456352234
0.533112108707428
0.5022851228713989
0.46670153737068176
0.42598390579223633
0.379815936088562
0.32804471254348755
0.2707550823688507
0.20832903683185577
0.14157161116600037
0.07162212580442429
0.0
0.0
0.07945586740970612
0.15671990811824799
0.22984910011291504
0.297474205493927
0.3587275445461273
0.41330987215042114
0.4613114595413208
0.5030782222747803
0.5391309261322021
0.5700137615203857
0.5962997674942017
0.618495523929596
0.6370728611946106
0.6524228453636169
0.6648851633071899
0.674728512763977
0.6821715235710144
0.6873743534088135
0.6904522180557251
0.6914703249931335
0.6904522180557251
0.6873743534088135
0.6821715235710144
0.674728512763977
0.6648851633071899
0.6524228453636169
0.6370728611946106
0.618495523929596
0.5962997674942017
0.5700137615203857
0.5391309261322021
0.5030782222747803
0.4613114595413208
0.41330987215042114
0.3587275445461273
0.297474205493927
0.22984910011291504
0.15671990811824799
0.07945586740970612
0.0
0.0
0.08897312730550766
0.17498797178268433
0.2554709017276764
0.32880136370658875
0.39409610629081726
0.4512559473514557
0.5006729364395142
0.5429843068122864
0.5789892673492432
0.6094402074813843
0.6350781321525574
0.6565245389938354
0.6743350625038147
0.6889557242393494
0.7007634043693542
0.7100501656532288
0.7170495986938477
0.721930742263794
0.7248139381408691
0.7257668375968933
0.7248139381408691
0.721930742263794
0.7170495986938477
0.7100501656532288
0.7007634043693542
0.6889557242393494
0.6743350625038147
0.6565245389938354
0.6350781321525574
0.6094402074813843
0.5789892673492432
0.5429843068122864
0.5006729364395142
0.4512559473514557
0.39409610629081726
0.32880136370658875
0.2554709017276764
0.17498797178268433
0.08897312730550766
0.0
0.0
0.10085432231426239
0.19752073287963867
0.2865627408027649
0.36604928970336914
0.43526777625083923
0.4945065677165985
0.5446669459342957
0.5868023037910461
0.6220752596855164
0.6514856219291687
0.6759555339813232
0.6962215900421143
0.7129148244857788
0.7265266180038452
0.7374605536460876
0.7460235953330994
0.7524567246437073
0.7569323182106018
0.7595720291137695
0.7604437470436096
0.7595720291137695
0.7569323182106018
0.7524567246437073
0.7460235953330994
0.7374605536460876
0.7265266180038452
0.7129148244857788
0.6962215900421143
0.6759555339813232
0.6514856219291687
0.6220752596855164
0.5868023037910461
0.5446669459342957
0.4945065677165985
0.43526777625083923
0.36604928970336914
0.2865627408027649
0.19752073287963867
0.10085432231426239
0.0
0.0
0.1162291169166565
0.2263476848602295
0.32531172037124634
0.4112129509449005
0.4837905764579773
0.5441386699676514
0.5939635038375854
0.6348973512649536
0.6685430407524109
0.6961673498153687
0.7188657522201538
0.7374723553657532
0.752672553062439
0.7649843692779541
0.7748220562934875
0.7824946045875549
0.788240909576416
0.7922295331954956
0.7945787310600281
0.795353889465332
0.7945787310600281
0.7922295331954956
0.788240909576416
0.7824946045875549
0.7748220562934875
0.7649843692779541
0.752672553062439
0.7374723553657532
0.7188657522201538
0.6961673498153687
0.6685430407524109
0.6348973512649536
0.5939635038375854
0.5441386699676514
0.4837905764579773
0.4112129509449005
0.32531172037124634
0.2263476848602295
0.1162291169166565
0.0
0.0
0.13702750205993652
0.26419657468795776
0.3747444748878479
0.46668824553489685
0.5413584113121033
0.6011792421340942
0.649101734161377
0.6874827742576599
0.7184044122695923
0.7433828711509705
0.7636466026306152
0.7800883054733276
0.7934121489524841
0.8041353225708008
0.8126609921455383
0.8192846775054932
0.8242311477661133
0.8276574611663818
0.8296728134155273
0.8303373456001282
0.8296728134155273
0.8276574611663818
0.8242311477661133
0.8192846775054932
0.8126609921455383
0.8041353225708008
0.7934121489524841
0.7800883054733276
0.7636466026306152
0.7433828711509705
0.7184044122695923
0.6874827742576599
0.649101734161377
0.6011792421340942
0.5413584113121033
0.46668824553489685
0.3747444748878479
0.26419657468795776
0.13702750205993652
0.0
0.0
0.1665872186422348
0.3175640404224396
0.43998995423316956
0.5361805558204651
0.6100537180900574
0.6666337251663208
0.7104094624519348
0.7445241808891296
0.7714452743530273
0.7928448915481567
0.8099924921989441
0.8237728476524353
0.8348573446273804
0.8437268137931824
0.850747287273407
0.8561829328536987
0.8602319955825806
0.8630316257476807
0.8646764755249023
0.8652185201644897
0.8646764755249023
0.8630316257476807
0.8602319955825806
0.8561829328536987
0.850747287273407
0.8437268137931824
0.8348573446273804
0.8237728476524353
0.8099924921989441
0.7928448915481567
0.7714452743530273
0.7445241808891296
0.7104094624519348
0.6666337251663208
0.6100537180900574
0.5361805558204651
0.43998995423316956
0.3175640404224396
0.1665872186422348
0.0
0.0
0.21245135366916656
0.39303284883499146
0.5280748605728149
0.6232167482376099
0.6914948225021362
0.740884006023407
0.7777084708213806
0.8055980801582336
0.8271758556365967
0.8440731167793274
0.8574656248092651
0.8681387305259705
0.8766701817512512
0.8834639191627502
0.8888218402862549
0.8929587602615356
0.8960341215133667
0.8981574773788452
0.8994039297103882
0.8998144268989563
0.8994039297103882
0.8981574773788452
0.8960341215133667
0.8929587602615356
0.8888218402862549
0.8834639191627502
0.8766701817512512
0.8681387305259705
0.8574656248092651
0.8440731167793274
0.8271758556365967
0.8055980801582336
0.7777084708213806
0.740884006023407
0.6914948225021362
0.6232167482376099
0.5280748605728149
0.39303284883499146
0.21245135366916656
0.0
0.0
0.2855650782585144
0.5199263691902161
0.6492069363594055
0.7320157885551453
0.7859894633293152
0.8232323527336121
0.8499280214309692
0.869682252407074
0.88470059633255
0.89632248878479
0.905453622341156
0.9126845598220825
0.9184373021125793
0.9230021238327026
0.9265927672386169
0.9293596744537354
0.9314136505126953
0.9328303933143616
0.9336614608764648
0.9339351654052734
0.9336614608764648
0.9328303933143616
0.9314136505126953
0.9293596744537354
0.9265927672386169
0.9230021238327026
0.9184373021125793
0.9126845598220825
0.905453622341156
0.89632248878479
0.88470059633255
0.869682252407074
0.8499280214309692
0.8232323527336121
0.7859894633293152
0.7320157885551453
0.6492069363594055
0.5199263691902161
0.2855650782585144
0.0
0.0
0.5339006781578064
0.7056501507759094
0.8109023571014404
0.8598228693008423
0.8911840319633484
0.9110696911811829
0.9250665307044983
0.93519127368927
0.9428126811981201
0.9486624598503113
0.9532356858253479
0.9568436741828918
0.959706723690033
0.9619742631912231
0.9637554287910461
0.9651265740394592
0.966143786907196
0.9668450355529785
0.9672563076019287
0.9673916697502136
0.9672563076019287
0.9668450355529785
0.966143786907196
0.9651265740394592
0.9637554287910461
0.9619742631912231
0.959706723690033
0.9568436741828918
0.9532356858253479
0.9486624598503113
0.9428126811981201
0.93519127368927
0.9250665307044983
0.9110696911811829
0.8911840319633484
0.8598228693008423
0.8109023571014404
0.7056501507759094
0.5339006781578064
0.0
1.0
1.0
1.0
1.0
1.0
1.0
1.0
1.0
1.0
1.0
1.0
1.0
1.0
1.0
1.0
1.0
1.0
1.0
1.0
1.0
1.0
1.0
1.0
1.0
1.0
1.0
1.0
1.0
1.0
1.0
1.0
1.0
1.0
1.0
1.0
1.0
1.0
1.0
1.0
1.0
1.0
