0.0
0.0
0.0
0.0
0.0
0.0
0.0
0.0
0.0
0.0
0.0
0.0
0.0
0.0
0.0
0.0
0.0
0.0
0.0
0.0
0.0
0.0
0.0
0.0
0.0
0.0
0.0
0.0
0.0
0.0
0.0
0.0
0.0
0.0
0.0
0.0
0.0
0.0
0.0
0.0
0.0
0.0
0.0018997946754097939
0.0037788222543895245
0.00562383234500885
0.007423881441354752
0.009168528020381927
0.010847819037735462
0.012452293187379837
0.013973104767501354
0.015401981770992279
0.01673135906457901
0.017954308539628983
0.019064657390117645
0.020056890323758125
0.02092624083161354
0.02166859060525894
0.02228054590523243
0.022759320214390755
0.023102812469005585
0.0233094971626997
0.02337849698960781
0.0233094971626997
0.023102812469005585
0.022759320214390755
0.02228054590523243
0.02166859060525894
0.02092624083161354
0.020056890323758125
0.019064657390117645
0.017954308539628983
0.01673135906457901
0.015401981770992279
0.013973104767501354
0.012452293187379837
0.010847819037735462
0.009168528020381927
0.007423881441354752
0.00562383234500885
0.0037788222543895245
0.0018997946754097939
0.0
0.0
0.0038020603824406862
0.007567272987216711
0.011265864595770836
0.014874085783958435
0.01837010495364666
0.02173364907503128
0.024945620447397232
0.027988320216536522
0.030845310539007187
0.03350166976451874
0.03594382479786873
0.03815976530313492
0.04013882949948311
0.041871871799230576
0.043351028114557266
0.04456986486911774
0.04552311822772026
0.046206843107938766
0.04661817476153374
0.046755485236644745
0.04661817476153374
0.046206843107938766
0.04552311822772026
0.04456986486911774
0.043351028114557266
0.041871871799230576
0.04013882949948311
0.03815976530313492
0.03594382479786873
0.03350166976451874
0.030845310539007187
0.027988320216536522
0.024945620447397232
0.02173364907503128
0.01837010495364666
0.014874085783958435
0.011265864595770836
0.007567272987216711
0.0038020603824406862
0.0
0.0
0.005716410465538502
0.011381321586668491
0.016948802396655083
0.022379906848073006
0.02763972617685795
0.03269673511385918
0.037521738559007645
0.042088109999895096
0.04637143388390541
0.050349827855825424
0.05400363728404045
0.05731566995382309
0.06027085334062576
0.06285641342401505
0.06506147235631943
0.06687723845243454
0.06829656660556793
0.069314144551754
0.06992615759372711
0.07013043016195297
0.06992615759372711
0.069314144551754
0.06829656660556793
0.06687723845243454
0.06506147235631943
0.06285641342401505
0.06027085334062576
0.05731566995382309
0.05400363728404045
0.050349827855825424
0.04637143388390541
0.042088109999895096
0.037521738559007645
0.03269673511385918
0.02763972617685795
0.022379906848073006
0.016948802396655083
0.011381321586668491
0.005716410465538502
0.0
0.0
0.007654242217540741
0.015241784043610096
0.022700350731611252
0.029974764212965965
0.037015460431575775
0.043778449296951294
0.050223737955093384
0.056315649300813675
0.06202204152941704
0.06731469184160233
0.07216867059469223
0.07656261324882507
0.08047808706760406
0.08389978110790253
0.08681486546993256
0.08921311795711517
0.09108638018369675
0.09242863953113556
0.09323561936616898
0.0935049057006836
0.09323561936616898
0.09242863953113556
0.09108638018369675
0.08921311795711517
0.08681486546993256
0.08389978110790253
0.08047808706760406
0.07656261324882507
0.07216867059469223
0.06731469184160233
0.06202204152941704
0.056315649300813675
0.050223737955093384
0.043778449296951294
0.037015460431575775
0.029974764212965965
0.022700350731611252
0.015241784043610096
0.007654242217540741
0.0
0.0
0.009627088904380798
0.019170507788658142
0.0285505298525095
0.03769475221633911
0.046537719666957855
0.055021848529577255
0.06309568881988525
0.07071445137262344
0.07783868908882141
0.08443467319011688
0.09047333151102066
0.09593041241168976
0.10078553110361099
0.10502219200134277
0.10862692445516586
0.11158926039934158
0.1139010339975357
0.11555635929107666
0.11655110120773315
0.11688296496868134
0.11655110120773315
0.11555635929107666
0.1139010339975357
0.11158926039934158
0.10862692445516586
0.10502219200134277
0.10078553110361099
0.09593041241168976
0.09047333151102066
0.08443467319011688
0.07783868908882141
0.07071445137262344
0.06309568881988525
0.055021848529577255
0.046537719666957855
0.03769475221633911
0.0285505298525095
0.019170507788658142
0.009627088904380798
0.0
0.0
0.011646497994661331
0.023189755156636238
0.03453053906559944
0.04557771608233452
0.056248705834150314
0.0664714053273201
0.07618250697851181
0.08532828092575073
0.09386269003152847
0.10174766927957535
0.10895144194364548
0.11544850468635559
0.12121817469596863
0.12624438107013702
0.13051453232765198
0.13401924073696136
0.1367514580488205
0.1387062817811966
0.13988038897514343
0.14027199149131775
0.13988038897514343
0.1387062817811966
0.1367514580488205
0.13401924073696136
0.13051453232765198
0.12624438107013702
0.12121817469596863
0.11544850468635559
0.10895144194364548
0.10174766927957535
0.09386269003152847
0.08532828092575073
0.07618250697851181
0.0664714053273201
0.056248705834150314
0.04557771608233452
0.03453053906559944
0.023189755156636238
0.011646497994661331
0.0
0.0
0.013724160380661488
0.027322061359882355
0.040672045201063156
0.053662143647670746
0.06619119644165039
0.07817187160253525
0.08952891081571579
0.10020022094249725
0.1101343110203743
0.11929033696651459
0.127635657787323
0.1351454108953476
0.14180056750774384
0.14758726954460144
0.15249542891979218
0.1565181314945221
0.15965060889720917
0.16188989579677582
0.16323408484458923
0.1636822521686554
0.16323408484458923
0.16188989579677582
0.15965060889720917
0.1565181314945221
0.15249542891979218
0.14758726954460144
0.14180056750774384
0.1351454108953476
0.127635657787323
0.11929033696651459
0.1101343110203743
0.10020022094249725
0.08952891081571579
0.07817187160253525
0.06619119644165039
0.053662143647670746
0.040672045201063156
0.027322061359882355
0.013724160380661488
0.0
0.0
0.015871960669755936
0.031590282917022705
0.047007106244564056
0.06198690086603165
0.07640823721885681
0.09016795456409454
0.10317912697792053
0.1153724417090416
0.12669259309768677
0.1370980143547058
0.14655742049217224
0.15504884719848633
0.162556990981102
0.16907216608524323
0.17458845674991608
0.179102823138237
0.18261393904685974
0.1851215958595276
0.18662600219249725
0.18712742626667023
0.18662600219249725
0.1851215958595276
0.18261393904685974
0.179102823138237
0.17458845674991608
0.16907216608524323
0.162556990981102
0.15504884719848633
0.14655742049217224
0.1370980143547058
0.12669259309768677
0.1153724417090416
0.10317912697792053
0.09016795456409454
0.07640823721885681
0.06198690086603165
0.047007106244564056
0.031590282917022705
0.015871960669755936
0.0
0.0
0.01810205914080143
0.03601768612861633
0.053568121045827866
0.07059091329574585
0.08694247901439667
0.1025034487247467
0.11717600375413895
0.1308853179216385
0.1435745805501938
0.15520405769348145
0.16574642062187195
0.17518514394760132
0.1835109293460846
0.19072020053863525
0.1968129277229309
0.20179128646850586
0.20565848052501678
0.2084178328514099
0.21007221937179565
0.21062344312667847
0.21007221937179565
0.2084178328514099
0.20565848052501678
0.20179128646850586
0.1968129277229309
0.19072020053863525
0.1835109293460846
0.17518514394760132
0.16574642062187195
0.15520405769348145
0.1435745805501938
0.1308853179216385
0.11717600375413895
0.1025034487247467
0.08694247901439667
0.07059091329574585
0.053568121045827866
0.03601768612861633
0.01810205914080143
0.0
0.0
0.020427023991942406
0.040628161281347275
0.060388024896383286
0.07951334118843079
0.09783630073070526
0.11522127687931061
0.13156095147132874
0.1467774212360382
0.1608152985572815
0.17363984882831573
0.18523073196411133
0.19557951390743256
0.2046853005886078
0.21255263686180115
0.2191888988018036
0.2246028035879135
0.22880303859710693
0.23179717361927032
0.23359118402004242
0.2341887503862381
0.23359118402004242
0.23179717361927032
0.22880303859710693
0.2246028035879135
0.2191888988018036
0.21255263686180115
0.2046853005886078
0.19557951390743256
0.18523073196411133
0.17363984882831573
0.1608152985572815
0.1467774212360382
0.13156095147132874
0.11522127687931061
0.09783630073070526
0.07951334118843079
0.060388024896383286
0.040628161281347275
0.020427023991942406
0.0
0.0
0.022859884425997734
0.04544628784060478
0.06750032305717468
0.08879338204860687
0.10913141071796417
0.1283629685640335
0.14637337625026703
0.16308490931987762
0.17844730615615845
0.19243445992469788
0.20503637194633484
0.21625559031963348
0.22610199451446533
0.23459015786647797
0.24173639714717865
0.24755707383155823
0.2520671784877777
0.25527915358543396
0.25720250606536865
0.25784292817115784
0.25720250606536865
0.25527915358543396
0.2520671784877777
0.24755707383155823
0.24173639714717865
0.23459015786647797
0.22610199451446533
0.21625559031963348
0.20503637194633484
0.19243445992469788
0.17844730615615845
0.16308490931987762
0.14637337625026703
0.1283629685640335
0.10913141071796417
0.08879338204860687
0.06750032305717468
0.04544628784060478
0.022859884425997734
0.0
0.0
0.02541433461010456
0.050497688353061676
0.07493947446346283
0.09847070276737213
0.1208692193031311
0.1419689655303955
0.16165098547935486
0.17984190583229065
0.1965010166168213
0.21161499619483948
0.2251877635717392
0.23723582923412323
0.24778223037719727
0.25685328245162964
0.26447567343711853
0.27067434787750244
0.2754712998867035
0.2788843810558319
0.280926913022995
0.2816067934036255
0.280926913022995
0.2788843810558319
0.2754712998867035
0.27067434787750244
0.26447567343711853
0.25685328245162964
0.24778223037719727
0.23723582923412323
0.2251877635717392
0.21161499619483948
0.1965010166168213
0.17984190583229065
0.16165098547935486
0.1419689655303955
0.1208692193031311
0.09847070276737213
0.07493947446346283
0.050497688353061676
0.02541433461010456
0.0
0.0
0.02810479700565338
0.055809084326028824
0.08274085819721222
0.10858526080846786
0.13309058547019958
0.1560783088207245
0.1774294525384903
0.19708018004894257
0.21500450372695923
0.23120638728141785
0.24570752680301666
0.2585412859916687
0.2697461247444153
0.2793617844581604
0.2874264717102051
0.29397451877593994
0.2990356385707855
0.3026333451271057
0.3047850430011749
0.3055010437965393
0.3047850430011749
0.3026333451271057
0.2990356385707855
0.29397451877593994
0.2874264717102051
0.2793617844581604
0.2697461247444153
0.2585412859916687
0.24570752680301666
0.23120638728141785
0.21500450372695923
0.19708018004894257
0.1774294525384903
0.1560783088207245
0.13309058547019958
0.10858526080846786
0.08274085819721222
0.055809084326028824
0.02810479700565338
0.0
0.0
0.030946725979447365
0.06140882894396782
0.09094146639108658
0.11917804181575775
0.1458364874124527
0.1707293689250946
0.19374318420886993
0.21482998132705688
0.23398424685001373
0.25123217701911926
0.2666171193122864
0.28019213676452637
0.2920132279396057
0.30213502049446106
0.3106082081794739
0.31747737526893616
0.3227802515029907
0.3265463709831238
0.32879751920700073
0.32954636216163635
0.32879751920700073
0.3265463709831238
0.3227802515029907
0.31747737526893616
0.3106082081794739
0.30213502049446106
0.2920132279396057
0.28019213676452637
0.2666171193122864
0.25123217701911926
0.23398424685001373
0.21482998132705688
0.19374318420886993
0.1707293689250946
0.1458364874124527
0.11917804181575775
0.09094146639108658
0.06140882894396782
0.030946725979447365
0.0
0.0
0.03395667299628258
0.06732696294784546
0.0995798110961914
0.13029080629348755
0.15914781391620636
0.18595953285694122
0.21062517166137695
0.2331198900938034
0.2534651756286621
0.27171453833580017
0.287936806678772
0.3022075593471527
0.3146021366119385
0.3251914381980896
0.3340395390987396
0.3412017226219177
0.3467242419719696
0.3506428599357605
0.3529838025569916
0.35376226902008057
0.3529838025569916
0.3506428599357605
0.3467242419719696
0.3412017226219177
0.3340395390987396
0.3251914381980896
0.3146021366119385
0.3022075593471527
0.287936806678772
0.27171453833580017
0.2534651756286621
0.2331198900938034
0.21062517166137695
0.18595953285694122
0.15914781391620636
0.13029080629348755
0.0995798110961914
0.06732696294784546
0.03395667299628258
0.0
0.0
0.03715279698371887
0.07359607517719269
0.10869699716567993
0.141967311501503
0.17306648194789886
0.20180656015872955
0.22810816764831543
0.2519780993461609
0.27347174286842346
0.292675256729126
0.3096865713596344
0.32460635900497437
0.3375311493873596
0.3485490381717682
0.3577384054660797
0.3651656210422516
0.3708857595920563
0.37494105100631714
0.3773622512817383
0.37816715240478516
0.3773622512817383
0.37494105100631714
0.3708857595920563
0.3651656210422516
0.3577384054660797
0.3485490381717682
0.3375311493873596
0.32460635900497437
0.3096865713596344
0.292675256729126
0.27347174286842346
0.2519780993461609
0.22810816764831543
0.20180656015872955
0.17306648194789886
0.141967311501503
0.10869699716567993
0.07359607517719269
0.03715279698371887
0.0
0.0
0.04055492579936981
0.08025136590003967
0.11833665519952774
0.1542530059814453
0.18763525784015656
0.21830826997756958
0.24622471630573273
0.27143242955207825
0.2940281331539154
0.31413570046424866
0.3318859338760376
0.34740689396858215
0.36081773042678833
0.37222492694854736
0.3817215859889984
0.3893856704235077
0.3952813148498535
0.3994573652744293
0.4019492566585541
0.40277740359306335
0.4019492566585541
0.3994573652744293
0.3952813148498535
0.3893856704235077
0.3817215859889984
0.37222492694854736
0.36081773042678833
0.34740689396858215
0.3318859338760376
0.31413570046424866
0.2940281331539154
0.27143242955207825
0.24622471630573273
0.21830826997756958
0.18763525784015656
0.1542530059814453
0.11833665519952774
0.08025136590003967
0.04055492579936981
0.0
0.0
0.04418538883328438
0.08733202517032623
0.12854664027690887
0.16719701886177063
0.20289970934391022
0.235504612326622
0.2650090157985687
0.2915121614933014
0.3151596486568451
0.33611834049224854
0.3545551598072052
0.370627760887146
0.3844793736934662
0.39623555541038513
0.40600481629371643
0.41387704014778137
0.4199256896972656
0.42420631647109985
0.42675915360450745
0.42760729789733887
0.42675915360450745
0.42420631647109985
0.4199256896972656
0.41387704014778137
0.40600481629371643
0.39623555541038513
0.3844793736934662
0.370627760887146
0.3545551598072052
0.33611834049224854
0.3151596486568451
0.2915121614933014
0.2650090157985687
0.235504612326622
0.20289970934391022
0.16719701886177063
0.12854664027690887
0.08733202517032623
0.04418538883328438
0.0
0.0
0.04806913435459137
0.09488135576248169
0.13937894999980927
0.18085181713104248
0.21890787780284882
0.25343742966651917
0.28449684381484985
0.3122478723526001
0.3368927836418152
0.35864633321762085
0.3777149021625519
0.3942875862121582
0.40853288769721985
0.4205963611602783
0.43060237169265747
0.43865305185317993
0.44483140110969543
0.449199914932251
0.451803594827652
0.4526683986186981
0.451803594827652
0.449199914932251
0.44483140110969543
0.43865305185317993
0.43060237169265747
0.4205963611602783
0.40853288769721985
0.3942875862121582
0.3777149021625519
0.35864633321762085
0.3368927836418152
0.3122478723526001
0.28449684381484985
0.25343742966651917
0.21890787780284882
0.18085181713104248
0.13937894999980927
0.09488135576248169
0.04806913435459137
0.0
0.0
0.05223509296774864
0.10294906795024872
0.15089254081249237
0.19527633488178253
0.23571346700191498
0.2721535563468933
0.3047283887863159
0.33367401361465454
0.35925722122192383
0.38174548745155334
0.4013875424861908
0.41840580105781555
0.4329952299594879
0.44532206654548645
0.45552703738212585
0.4637249708175659
0.47000852227211
0.4744472801685333
0.4770912826061249
0.4779691696166992
0.4770912826061249
0.4744472801685333
0.47000852227211
0.4637249708175659
0.45552703738212585
0.44532206654548645
0.4329952299594879
0.41840580105781555
0.4013875424861908
0.38174548745155334
0.35925722122192383
0.33367401361465454
0.3047283887863159
0.2721535563468933
0.23571346700191498
0.19527633488178253
0.15089254081249237
0.10294906795024872
0.05223509296774864
0.0
0.0
0.05671640485525131
0.11159147322177887
0.16315330564975739
0.21053560078144073
0.25337544083595276
0.291704386472702
0.3257478177547455
0.35582849383354187
0.3822854161262512
0.4054434597492218
0.4255965054035187
0.44300204515457153
0.4578826427459717
0.47042596340179443
0.4807896614074707
0.48910149931907654
0.49546417593955994
0.499954491853714
0.5026274919509888
0.5035147070884705
0.5026274919509888
0.499954491853714
0.49546417593955994
0.48910149931907654
0.4807896614074707
0.47042596340179443
0.4578826427459717
0.44300204515457153
0.4255965054035187
0.4054434597492218
0.3822854161262512
0.35582849383354187
0.3257478177547455
0.291704386472702
0.25337544083595276
0.21053560078144073
0.16315330564975739
0.11159147322177887
0.05671640485525131
0.0
0.0
0.0615527406334877
0.12087538838386536
0.17623870074748993
0.22670583426952362
0.2719630300998688
0.3121505677700043
0.3476075828075409
0.37875616550445557
0.4060153663158417
0.42977192997932434
0.4503677189350128
0.4680970311164856
0.4832112193107605
0.4959201216697693
0.5063988566398621
0.5147885084152222
0.521202027797699
0.5257235765457153
0.5284134149551392
0.5293058753013611
0.5284134149551392
0.5257235765457153
0.521202027797699
0.5147885084152222
0.5063988566398621
0.4959201216697693
0.4832112193107605
0.4680970311164856
0.4503677189350128
0.42977192997932434
0.4060153663158417
0.37875616550445557
0.3476075828075409
0.3121505677700043
0.2719630300998688
0.22670583426952362
0.17623870074748993
0.12087538838386536
0.0615527406334877
0.0
0.0
0.06679077446460724
0.13087858259677887
0.1902378499507904
0.2438739836215973
0.2915550470352173
0.3335612118244171
0.37036722898483276
0.4025076627731323
0.43048936128616333
0.4547654390335083
0.4757285714149475
0.4937116801738739
0.5089960694313049
0.5218147039413452
0.5323606133460999
0.5407885909080505
0.5472220778465271
0.5517527461051941
0.5544461011886597
0.5553393959999084
0.5544461011886597
0.5517527461051941
0.5472220778465271
0.5407885909080505
0.5323606133460999
0.5218147039413452
0.5089960694313049
0.4937116801738739
0.4757285714149475
0.4547654390335083
0.43048936128616333
0.4025076627731323
0.37036722898483276
0.3335612118244171
0.2915550470352173
0.2438739836215973
0.1902378499507904
0.13087858259677887
0.06679077446460724
0.0
0.0
0.07248829305171967
0.14169658720493317
0.20525944232940674
0.2621460258960724
0.3122478127479553
0.3560209572315216
0.39409950375556946
0.4271441400051117
0.4557574689388275
0.4804636538028717
0.5017092227935791
0.5198675394058228
0.5352513194084167
0.5481173396110535
0.5586773157119751
0.5670999884605408
0.5735194683074951
0.5780349969863892
0.5807172060012817
0.5816064476966858
0.5807172060012817
0.5780349969863892
0.5735194683074951
0.5670999884605408
0.5586773157119751
0.5481173396110535
0.5352513194084167
0.5198675394058228
0.5017092227935791
0.4804636538028717
0.4557574689388275
0.4271441400051117
0.39409950375556946
0.3560209572315216
0.3122478127479553
0.2621460258960724
0.20525944232940674
0.14169658720493317
0.07248829305171967
0.0
0.0
0.07871520519256592
0.15344363451004028
0.22143206000328064
0.28164637088775635
0.3341539204120636
0.3796282410621643
0.41888827085494995
0.4527350962162018
0.48187538981437683
0.5069094300270081
0.528340756893158
0.5465854406356812
0.5619889497756958
0.5748327970504761
0.5853477716445923
0.5937168002128601
0.6000847220420837
0.6045582890510559
0.6072134375572205
0.6080933213233948
0.6072134375572205
0.6045582890510559
0.6000847220420837
0.5937168002128601
0.5853477716445923
0.5748327970504761
0.5619889497756958
0.5465854406356812
0.528340756893158
0.5069094300270081
0.48187538981437683
0.4527350962162018
0.41888827085494995
0.3796282410621643
0.3341539204120636
0.28164637088775635
0.22143206000328064
0.15344363451004028
0.07871520519256592
0.0
0.0
0.08556132018566132
0.16626523435115814
0.23891828954219818
0.302531898021698
0.35741502046585083
0.40450599789619446
0.4448367953300476
0.479364275932312
0.5089082717895508
0.5341508388519287
0.5556561946868896
0.573885440826416
0.5892181396484375
0.6019613742828369
0.612365186214447
0.6206268668174744
0.6269016861915588
0.6313039660453796
0.6339144706726074
0.6347790956497192
0.6339144706726074
0.6313039660453796
0.6269016861915588
0.6206268668174744
0.612365186214447
0.6019613742828369
0.5892181396484375
0.573885440826416
0.5556561946868896
0.5341508388519287
0.5089082717895508
0.479364275932312
0.4448367953300476
0.40450599789619446
0.35741502046585083
0.302531898021698
0.23891828954219818
0.16626523435115814
0.08556132018566132
0.0
0.0
0.09313851594924927
0.18034029006958008
0.2579154372215271
0.3249908685684204
0.3821992874145508
0.4307982623577118
0.4720638394355774
0.5071256160736084
0.5369269847869873
0.5622380375862122
0.5836877822875977
0.6017847061157227
0.616943895816803
0.6294982433319092
0.6397172808647156
0.6478121876716614
0.6539484858512878
0.6582472324371338
0.6607939600944519
0.6616370677947998
0.6607939600944519
0.6582472324371338
0.6539484858512878
0.6478121876716614
0.6397172808647156
0.6294982433319092
0.616943895816803
0.6017847061157227
0.5836877822875977
0.5622380375862122
0.5369269847869873
0.5071256160736084
0.4720638394355774
0.4307982623577118
0.3821992874145508
0.3249908685684204
0.2579154372215271
0.18034029006958008
0.09313851594924927
0.0
0.0
0.10159674286842346
0.19590583443641663
0.2786821126937866
0.3492678999900818
0.4087223410606384
0.4586859941482544
0.5007145404815674
0.5361299514770508
0.566011369228363
0.591223955154419
0.6124660968780518
0.6302958726882935
0.6451645493507385
0.6574310064315796
0.66738361120224
0.67524653673172
0.681194543838501
0.6853548884391785
0.6878171563148499
0.6886318325996399
0.6878171563148499
0.6853548884391785
0.681194543838501
0.67524653673172
0.66738361120224
0.6574310064315796
0.6451645493507385
0.6302958726882935
0.6124660968780518
0.591223955154419
0.566011369228363
0.5361299514770508
0.5007145404815674
0.4586859941482544
0.4087223410606384
0.3492678999900818
0.2786821126937866
0.19590583443641663
0.10159674286842346
0.0
0.0
0.11112909018993378
0.21326197683811188
0.301539808511734
0.375661164522171
0.4372418224811554
0.4883800745010376
0.5309529304504395
0.5664978623390198
0.5962438583374023
0.6211593747138977
0.6420165300369263
0.659424364566803
0.6738706827163696
0.6857391595840454
0.6953355669975281
0.7028955221176147
0.7086018323898315
0.7125865817070007
0.7149423956871033
0.7157214283943176
0.7149423956871033
0.7125865817070007
0.7086018323898315
0.7028955221176147
0.6953355669975281
0.6857391595840454
0.6738706827163696
0.659424364566803
0.6420165300369263
0.6211593747138977
0.5962438583374023
0.5664978623390198
0.5309529304504395
0.4883800745010376
0.4372418224811554
0.375661164522171
0.301539808511734
0.21326197683811188
0.11112909018993378
0.0
0.0
0.12200838327407837
0.2328256368637085
0.3269263207912445
0.40456870198249817
0.46809130907058716
0.5201432704925537
0.5629736185073853
0.598363995552063
0.6277093291282654
0.6520898342132568
0.672354519367218
0.6891636848449707
0.7030400037765503
0.7143893837928772
0.723532497882843
0.7307138442993164
0.7361218929290771
0.7398918271064758
0.7421181797981262
0.7428539991378784
0.7421181797981262
0.7398918271064758
0.7361218929290771
0.7307138442993164
0.723532497882843
0.7143893837928772
0.7030400037765503
0.6891636848449707
0.672354519367218
0.6520898342132568
0.6277093291282654
0.598363995552063
0.5629736185073853
0.5201432704925537
0.46809130907058716
0.40456870198249817
0.3269263207912445
0.2328256368637085
0.12200838327407837
0.0
0.0
0.1346006542444229
0.2551417350769043
0.35539937019348145
0.4364805519580841
0.501667857170105
0.5542749166488647
0.596987247467041
0.6318640112876892
0.6604847311973572
0.6840479373931885
0.7034810185432434
0.7194926142692566
0.7326364517211914
0.7433361411094666
0.7519227862358093
0.7586461901664734
0.7636973857879639
0.7672123312950134
0.7692858576774597
0.7699706554412842
0.7692858576774597
0.7672123312950134
0.7636973857879639
0.7586461901664734
0.7519227862358093
0.7433361411094666
0.7326364517211914
0.7194926142692566
0.7034810185432434
0.6840479373931885
0.6604847311973572
0.6318640112876892
0.596987247467041
0.5542749166488647
0.501667857170105
0.4364805519580841
0.35539937019348145
0.2551417350769043
0.1346006542444229
0.0
0.0
0.14946109056472778
0.28101953864097595
0.38775157928466797
0.47206681966781616
0.5384814143180847
0.5911339521408081
0.6332238912582397
0.66712886095047
0.6946284770965576
0.7170422673225403
0.735371470451355
0.7503659725189209
0.7626023888587952
0.7725148797035217
0.7804385423660278
0.7866234183311462
0.7912589311599731
0.7944789528846741
0.7963763475418091
0.7970026731491089
0.7963763475418091
0.7944789528846741
0.7912589311599731
0.7866234183311462
0.7804385423660278
0.7725148797035217
0.7626023888587952
0.7503659725189209
0.735371470451355
0.7170422673225403
0.6946284770965576
0.66712886095047
0.6332238912582397
0.5911339521408081
0.5384814143180847
0.47206681966781616
0.38775157928466797
0.28101953864097595
0.14946109056472778
0.0
0.0
0.16737934947013855
0.3115465044975281
0.42502012848854065
0.5121472477912903
0.5791237354278564
0.631101667881012
0.671903669834137
0.7042611241340637
0.7301650643348694
0.7510473132133484
0.7679710388183594
0.781712532043457
0.7928590178489685
0.8018440008163452
0.8089983463287354
0.8145654201507568
0.8187281489372253
0.8216148614883423
0.8233140110969543
0.8238745331764221
0.8233140110969543
0.8216148614883423
0.8187281489372253
0.8145654201507568
0.8089983463287354
0.8018440008163452
0.7928590178489685
0.781712532043457
0.7679710388183594
0.7510473132133484
0.7301650643348694
0.7042611241340637
0.671903669834137
0.631101667881012
0.5791237354278564
0.5121472477912903
0.42502012848854065
0.3115465044975281
0.16737934947013855
0.0
0.0
0.18967168033123016
0.348541259765625
0.46873244643211365
0.5578595399856567
0.6243039965629578
0.6745775938034058
0.7132037281990051
0.743301272392273
0.7670536637306213
0.7859795093536377
0.8011757135391235
0.8134217858314514
0.8232961297035217
0.8312175273895264
0.8375014662742615
0.8423768877983093
0.8460144996643066
0.848533034324646
0.8500139713287354
0.8505023121833801
0.8500139713287354
0.848533034324646
0.8460144996643066
0.8423768877983093
0.8375014662742615
0.8312175273895264
0.8232961297035217
0.8134217858314514
0.8011757135391235
0.7859795093536377
0.7670536637306213
0.743301272392273
0.7132037281990051
0.6745775938034058
0.6243039965629578
0.5578595399856567
0.46873244643211365
0.348541259765625
0.18967168033123016
0.0
0.0
0.21841946244239807
0.39438870549201965
0.5209668874740601
0.6104863286018372
0.6747668981552124
0.7218760848045349
0.757202684879303
0.7841898798942566
0.8051707744598389
0.8216891884803772
0.834831714630127
0.8453459739685059
0.8537766337394714
0.8605099320411682
0.8658332824707031
0.8699524998664856
0.8730199933052063
0.8751407861709595
0.876386821269989
0.8767974376678467
0.876386821269989
0.8751407861709595
0.8730199933052063
0.8699524998664856
0.8658332824707031
0.8605099320411682
0.8537766337394714
0.8453459739685059
0.834831714630127
0.8216891884803772
0.8051707744598389
0.7841898798942566
0.757202684879303
0.7218760848045349
0.6747668981552124
0.6104863286018372
0.5209668874740601
0.39438870549201965
0.21841946244239807
0.0
0.0
0.25737711787223816
0.45435231924057007
0.5846168994903564
0.6717780828475952
0.7311086058616638
0.7731250524520874
0.8037557601928711
0.826691746711731
0.8442555665969849
0.8579274415969849
0.8687137365341187
0.8772868514060974
0.8841276168823242
0.8895703554153442
0.8938611745834351
0.8971741199493408
0.8996372818946838
0.9013383388519287
0.9023370146751404
0.9026659727096558
0.9023370146751404
0.9013383388519287
0.8996372818946838
0.8971741199493408
0.8938611745834351
0.8895703554153442
0.8841276168823242
0.8772868514060974
0.8687137365341187
0.8579274415969849
0.8442555665969849
0.826691746711731
0.8037557601928711
0.7731250524520874
0.7311086058616638
0.6717780828475952
0.5846168994903564
0.45435231924057007
0.25737711787223816
0.0
0.0
0.3141295909881592
0.5335336327552795
0.6641092896461487
0.7426319718360901
0.7935797572135925
0.8279780149459839
0.8524298667907715
0.8703585863113403
0.883910596370697
0.8943542838096619
0.9025376439094543
0.9090080261230469
0.914151668548584
0.9182325005531311
0.9214428663253784
0.9239177703857422
0.9257557392120361
0.9270240068435669
0.9277682304382324
0.9280133247375488
0.9277682304382324
0.9270240068435669
0.9257557392120361
0.9239177703857422
0.9214428663253784
0.9182325005531311
0.914151668548584
0.9090080261230469
0.9025376439094543
0.8943542838096619
0.883910596370697
0.8703585863113403
0.8524298667907715
0.8279780149459839
0.7935797572135925
0.7426319718360901
0.6641092896461487
0.5335336327552795
0.3141295909881592
0.0
0.0
0.39969703555107117
0.6546230316162109
0.7616222500801086
0.8241949081420898
0.8611533641815186
0.8854925632476807
0.9023074507713318
0.9144655466079712
0.9235600233078003
0.9305216670036316
0.9359516501426697
0.9402310848236084
0.9436253905296326
0.9463139176368713
0.9484266042709351
0.9500538110733032
0.9512616395950317
0.9520946741104126
0.9525834321975708
0.9527443647384644
0.9525834321975708
0.9520946741104126
0.9512616395950317
0.9500538110733032
0.9484266042709351
0.9463139176368713
0.9436253905296326
0.9402310848236084
0.9359516501426697
0.9305216670036316
0.9235600233078003
0.9144655466079712
0.9023074507713318
0.8854925632476807
0.8611533641815186
0.8241949081420898
0.7616222500801086
0.6546230316162109
0.39969703555107117
0.0
0.0
0.6420993208885193
0.7992380261421204
0.8778223991394043
0.9114761352539062
0.9314113855361938
0.9436634182929993
0.9520596861839294
0.958048403263092
0.9625120162963867
0.9659181833267212
0.968571662902832
0.9706611633300781
0.9723179936408997
0.9736300110816956
0.9746610522270203
0.9754551649093628
0.9760445952415466
0.9764512181282043
0.9766897559165955
0.9767683148384094
0.9766897559165955
0.9764512181282043
0.9760445952415466
0.9754551649093628
0.9746610522270203
0.9736300110816956
0.9723179936408997
0.9706611633300781
0.968571662902832
0.9659181833267212
0.9625120162963867
0.958048403263092
0.9520596861839294
0.9436634182929993
0.9314113855361938
0.9114761352539062
0.8778223991394043
0.7992380261421204
0.6420993208885193
0.0
1.0
1.0
1.0
1.0
1.0
1.0
1.0
1.0
1.0
1.0
1.0
1.0
1.0
1.0
1.0
1.0
1.0
1.0
1.0
1.0
1.0
1.0
1.0
1.0
1.0
1.0
1.0
1.0
1.0
1.0
1.0
1.0
1.0
1.0
1.0
1.0
1.0
1.0
1.0
1.0
1.0
