0.0
0.0
0.0
0.0
0.0
0.0
0.0
0.0
0.0
0.0
0.0
0.0
0.0
0.0
0.0
0.0
0.0
0.0
0.0
0.0
0.0
0.0
0.0
0.0
0.0
0.0
0.0
0.0
0.0
0.0
0.0
0.0
0.0
0.0
0.0
0.0
0.0
0.0
0.0
0.0
0.0
0.0
0.0018958259606733918
0.003451394382864237
0.004765564110130072
0.005934107583016157
0.006999171804636717
0.007976144552230835
0.008874976076185703
0.009700973518192768
0.010457418859004974
0.011146203614771366
0.011768471449613571
0.012324849143624306
0.012815676629543304
0.013241100125014782
0.01360116247087717
0.013895849697291851
0.014125118963420391
0.01428892556577921
0.014387226663529873
0.014419997110962868
0.014387226663529873
0.01428892556577921
0.014125118963420391
0.013895849697291851
0.01360116247087717
0.013241100125014782
0.012815676629543304
0.012324849143624306
0.011768471449613571
0.011146203614771366
0.010457418859004974
0.009700973518192768
0.008874976076185703
0.007976144552230835
0.006999171804636717
0.005934107583016157
0.004765564110130072
0.003451394382864237
0.0018958259606733918
0.0
0.0
0.003467270638793707
0.006627104245126247
0.009342486038804054
0.011742052622139454
0.013912474736571312
0.015893692150712013
0.017711540684103966
0.0193787794560194
0.02090371400117874
0.022290930151939392
0.023543335497379303
0.024662531912326813
0.025649474933743477
0.026504630222916603
0.027228225022554398
0.027820324525237083
0.028280919417738914
0.02860996313393116
0.028807412832975388
0.028873233124613762
0.028807412832975388
0.02860996313393116
0.028280919417738914
0.027820324525237083
0.027228225022554398
0.026504630222916603
0.025649474933743477
0.024662531912326813
0.023543335497379303
0.022290930151939392
0.02090371400117874
0.0193787794560194
0.017711540684103966
0.015893692150712013
0.013912474736571312
0.011742052622139454
0.009342486038804054
0.006627104245126247
0.003467270638793707
0.0
0.0
0.004825117532163858
0.00941666029393673
0.01358718890696764
0.017312245443463326
0.020658297464251518
0.02369632013142109
0.02647245116531849
0.029011055827140808
0.03132837638258934
0.0334332138299942
0.03533141687512398
0.037026263773441315
0.03851985186338425
0.0398133248090744
0.0409073606133461
0.0418022982776165
0.042498305439949036
0.04299543797969818
0.04329371824860573
0.043393149971961975
0.04329371824860573
0.04299543797969818
0.042498305439949036
0.0418022982776165
0.0409073606133461
0.0398133248090744
0.03851985186338425
0.037026263773441315
0.03533141687512398
0.0334332138299942
0.03132837638258934
0.029011055827140808
0.02647245116531849
0.02369632013142109
0.020658297464251518
0.017312245443463326
0.01358718890696764
0.00941666029393673
0.004825117532163858
0.0
0.0
0.0060742744244635105
0.011965829879045486
0.017505278810858727
0.022582750767469406
0.0271726343780756
0.031334344297647476
0.035123199224472046
0.038576945662498474
0.0417218953371048
0.04457290843129158
0.04714030772447586
0.0494299940764904
0.05144599825143814
0.05319064110517502
0.054665468633174896
0.05587136745452881
0.05680890008807182
0.057478390634059906
0.05788002535700798
0.05801389366388321
0.05788002535700798
0.057478390634059906
0.05680890008807182
0.05587136745452881
0.054665468633174896
0.05319064110517502
0.05144599825143814
0.0494299940764904
0.04714030772447586
0.04457290843129158
0.0417218953371048
0.038576945662498474
0.035123199224472046
0.031334344297647476
0.0271726343780756
0.022582750767469406
0.017505278810858727
0.011965829879045486
0.0060742744244635105
0.0
0.0
0.007266310974955559
0.01437930017709732
0.021188389509916306
0.02756628394126892
0.03342915698885918
0.038775257766246796
0.043637778609991074
0.04806051030755043
0.05207782983779907
0.055712055414915085
0.058979250490665436
0.06188902258872986
0.06444822996854782
0.06666100770235062
0.06853028386831284
0.07005786895751953
0.07124501466751099
0.07209248840808868
0.07260080426931381
0.07277020812034607
0.07260080426931381
0.07209248840808868
0.07124501466751099
0.07005786895751953
0.06853028386831284
0.06666100770235062
0.06444822996854782
0.06188902258872986
0.058979250490665436
0.055712055414915085
0.05207782983779907
0.04806051030755043
0.043637778609991074
0.038775257766246796
0.03342915698885918
0.02756628394126892
0.021188389509916306
0.01437930017709732
0.007266310974955559
0.0
0.0
0.00842517614364624
0.016714027151465416
0.024731066077947617
0.03235059604048729
0.03946565091609955
0.04602187126874924
0.05200826749205589
0.057454921305179596
0.06239485368132591
0.06685598939657211
0.07085991650819778
0.07442063838243484
0.07754862308502197
0.08025047928094864
0.08253110945224762
0.08439365029335022
0.08584040403366089
0.08687284588813782
0.0874919518828392
0.08769825845956802
0.0874919518828392
0.08687284588813782
0.08584040403366089
0.08439365029335022
0.08253110945224762
0.08025047928094864
0.07754862308502197
0.07442063838243484
0.07085991650819778
0.06685598939657211
0.06239485368132591
0.057454921305179596
0.05200826749205589
0.04602187126874924
0.03946565091609955
0.03235059604048729
0.024731066077947617
0.016714027151465416
0.00842517614364624
0.0
0.0
0.009569406509399414
0.019012704491615295
0.028203630819916725
0.03702069818973541
0.04535045474767685
0.05311020091176033
0.06024966761469841
0.06676727533340454
0.07268022000789642
0.07801567018032074
0.0827978327870369
0.08704498410224915
0.09077145904302597
0.09398689866065979
0.09669870883226395
0.0989118218421936
0.10062996298074722
0.10185556858778
0.10259032249450684
0.10283513367176056
0.10259032249450684
0.10185556858778
0.10062996298074722
0.0989118218421936
0.09669870883226395
0.09398689866065979
0.09077145904302597
0.08704498410224915
0.0827978327870369
0.07801567018032074
0.07268022000789642
0.06676727533340454
0.06024966761469841
0.05311020091176033
0.04535045474767685
0.03702069818973541
0.028203630819916725
0.019012704491615295
0.009569406509399414
0.0
0.0
0.010712306015193462
0.02130400389432907
0.031654149293899536
0.0416448600590229
0.051161762326955795
0.06010826304554939
0.06840791553258896
0.0760263055562973
0.08295495063066483
0.089210644364357
0.09481432288885117
0.0997864305973053
0.1041443943977356
0.10790097713470459
0.11106643080711365
0.11364787071943283
0.11565081030130386
0.11707894504070282
0.11793488264083862
0.11822003126144409
0.11793488264083862
0.11707894504070282
0.11565081030130386
0.11364787071943283
0.11106643080711365
0.10790097713470459
0.1041443943977356
0.0997864305973053
0.09481432288885117
0.089210644364357
0.08295495063066483
0.0760263055562973
0.06840791553258896
0.06010826304554939
0.051161762326955795
0.0416448600590229
0.031654149293899536
0.02130400389432907
0.010712306015193462
0.0
0.0
0.011865301989018917
0.02361239306628704
0.03512270376086235
0.046280041337013245
0.05696959048509598
0.06708795577287674
0.07654372602701187
0.08527729660272598
0.09325346350669861
0.10047008842229843
0.10693749040365219
0.11267425119876862
0.11769867688417435
0.12202618271112442
0.12566977739334106
0.12863904237747192
0.13094156980514526
0.13258257508277893
0.13356581330299377
0.13389331102371216
0.13356581330299377
0.13258257508277893
0.13094156980514526
0.12863904237747192
0.12566977739334106
0.12202618271112442
0.11769867688417435
0.11267425119876862
0.10693749040365219
0.10047008842229843
0.09325346350669861
0.08527729660272598
0.07654372602701187
0.06708795577287674
0.05696959048509598
0.046280041337013245
0.03512270376086235
0.02361239306628704
0.011865301989018917
0.0
0.0
0.013038139790296555
0.025958072394132614
0.03864129260182381
0.05097152665257454
0.06283307820558548
0.07411851733922958
0.08472754806280136
0.09458306431770325
0.10362737625837326
0.11183678358793259
0.11920542269945145
0.12574495375156403
0.13147109746932983
0.13640041649341583
0.14054805040359497
0.14392592012882233
0.14654389023780823
0.1484089195728302
0.14952605962753296
0.14989809691905975
0.14952605962753296
0.1484089195728302
0.14654389023780823
0.14392592012882233
0.14054805040359497
0.13640041649341583
0.13147109746932983
0.12574495375156403
0.11920542269945145
0.11183678358793259
0.10362737625837326
0.09458306431770325
0.08472754806280136
0.07411851733922958
0.06283307820558548
0.05097152665257454
0.03864129260182381
0.025958072394132614
0.013038139790296555
0.0
0.0
0.014240068383514881
0.028360025957226753
0.042239557951688766
0.055760689079761505
0.06880570203065872
0.08126376569271088
0.09302842617034912
0.10401090979576111
0.11413690447807312
0.12336275726556778
0.1316642463207245
0.13904134929180145
0.1455032378435135
0.15106524527072906
0.1557432860136032
0.15955127775669098
0.16250121593475342
0.1646019071340561
0.1658598631620407
0.16627874970436096
0.1658598631620407
0.1646019071340561
0.16250121593475342
0.15955127775669098
0.1557432860136032
0.15106524527072906
0.1455032378435135
0.13904134929180145
0.1316642463207245
0.12336275726556778
0.11413690447807312
0.10401090979576111
0.09302842617034912
0.08126376569271088
0.06880570203065872
0.055760689079761505
0.042239557951688766
0.028360025957226753
0.014240068383514881
0.0
0.0
0.015479802154004574
0.030835917219519615
0.045944567769765854
0.06068458780646324
0.07493508607149124
0.0885816365480423
0.10151278972625732
0.11363145709037781
0.12485112249851227
0.13511164486408234
0.14437119662761688
0.15261565148830414
0.15984418988227844
0.16606824100017548
0.17130254209041595
0.17556212842464447
0.17886072397232056
0.18120893836021423
0.1826147884130478
0.18308284878730774
0.1826147884130478
0.18120893836021423
0.17886072397232056
0.17556212842464447
0.17130254209041595
0.16606824100017548
0.15984418988227844
0.15261565148830414
0.14437119662761688
0.13511164486408234
0.12485112249851227
0.11363145709037781
0.10151278972625732
0.0885816365480423
0.07493508607149124
0.06068458780646324
0.045944567769765854
0.030835917219519615
0.015479802154004574
0.0
0.0
0.01676620915532112
0.033403586596250534
0.04978335276246071
0.06577973812818527
0.08126745373010635
0.09612780809402466
0.1102445125579834
0.12351392209529877
0.13584041595458984
0.14715105295181274
0.15738898515701294
0.16652551293373108
0.17454789578914642
0.1814608871936798
0.18727587163448334
0.19200776517391205
0.19567136466503143
0.19827879965305328
0.19983956217765808
0.20035912096500397
0.19983956217765808
0.19827879965305328
0.19567136466503143
0.19200776517391205
0.18727587163448334
0.1814608871936798
0.17454789578914642
0.16652551293373108
0.15738898515701294
0.14715105295181274
0.13584041595458984
0.12351392209529877
0.1102445125579834
0.09612780809402466
0.08126745373010635
0.06577973812818527
0.04978335276246071
0.033403586596250534
0.01676620915532112
0.0
0.0
0.018108272925019264
0.03608101233839989
0.05378289893269539
0.07108215987682343
0.08784785866737366
0.10395621508359909
0.11928582191467285
0.1337273120880127
0.14717786014080048
0.1595546156167984
0.1707884818315506
0.1808374524116516
0.1896764039993286
0.19730159640312195
0.20371918380260468
0.2089424729347229
0.21298635005950928
0.2158641219139099
0.2175864577293396
0.2181597799062729
0.2175864577293396
0.2158641219139099
0.21298635005950928
0.2089424729347229
0.20371918380260468
0.19730159640312195
0.1896764039993286
0.1808374524116516
0.1707884818315506
0.1595546156167984
0.14717786014080048
0.1337273120880127
0.11928582191467285
0.10395621508359909
0.08784785866737366
0.07108215987682343
0.05378289893269539
0.03608101233839989
0.018108272925019264
0.0
0.0
0.0195156242698431
0.038887351751327515
0.057971712201833725
0.07662945985794067
0.0947226732969284
0.1121215671300888
0.12869903445243835
0.14434029161930084
0.15893635153770447
0.1723966896533966
0.18464267253875732
0.19562101364135742
0.20529510080814362
0.21365192532539368
0.22069093585014343
0.22642244398593903
0.2308603674173355
0.23401854932308197
0.2359086126089096
0.23653773963451385
0.2359086126089096
0.23401854932308197
0.2308603674173355
0.22642244398593903
0.22069093585014343
0.21365192532539368
0.20529510080814362
0.19562101364135742
0.18464267253875732
0.1723966896533966
0.15893635153770447
0.14434029161930084
0.12869903445243835
0.1121215671300888
0.0947226732969284
0.07662945985794067
0.057971712201833725
0.038887351751327515
0.0195156242698431
0.0
0.0
0.02099858596920967
0.04184309020638466
0.06238013133406639
0.0824613869190216
0.10194055736064911
0.12068076431751251
0.13854855298995972
0.1554236263036728
0.17119158804416656
0.18575578927993774
0.19903026521205902
0.2109527289867401
0.221476748585701
0.23058032989501953
0.23825567960739136
0.24450908601284027
0.24935247004032135
0.2527995705604553
0.25486257672309875
0.25554925203323364
0.25486257672309875
0.2527995705604553
0.24935247004032135
0.24450908601284027
0.23825567960739136
0.23058032989501953
0.221476748585701
0.2109527289867401
0.19903026521205902
0.18575578927993774
0.17119158804416656
0.1554236263036728
0.13854855298995972
0.12068076431751251
0.10194055736064911
0.0824613869190216
0.06238013133406639
0.04184309020638466
0.02099858596920967
0.0
0.0
0.02256869338452816
0.04497101530432701
0.06704161316156387
0.08862132579088211
0.10955388098955154
0.12969417870044708
0.14890159666538239
0.16705025732517242
0.18402063846588135
0.19971132278442383
0.21403087675571442
0.22691033780574799
0.23829565942287445
0.24815693497657776
0.2564794421195984
0.26326483488082886
0.26852232217788696
0.2722649574279785
0.27450498938560486
0.2752506136894226
0.27450498938560486
0.2722649574279785
0.26852232217788696
0.26326483488082886
0.2564794421195984
0.24815693497657776
0.23829565942287445
0.22691033780574799
0.21403087675571442
0.19971132278442383
0.18402063846588135
0.16705025732517242
0.14890159666538239
0.12969417870044708
0.10955388098955154
0.08862132579088211
0.06704161316156387
0.04497101530432701
0.02256869338452816
0.0
0.0
0.02423890493810177
0.048296671360731125
0.0719936192035675
0.09515766054391861
0.11762076616287231
0.13922832906246185
0.15983173251152039
0.1792992204427719
0.1975065916776657
0.2143486589193344
0.22973033785820007
0.24357818067073822
0.25583282113075256
0.26645830273628235
0.2754340171813965
0.282757043838501
0.288433700799942
0.2924758195877075
0.2948954105377197
0.2957008481025696
0.2948954105377197
0.2924758195877075
0.288433700799942
0.282757043838501
0.2754340171813965
0.26645830273628235
0.25583282113075256
0.24357818067073822
0.22973033785820007
0.2143486589193344
0.1975065916776657
0.1792992204427719
0.15983173251152039
0.13922832906246185
0.11762076616287231
0.09515766054391861
0.0719936192035675
0.048296671360731125
0.02423890493810177
0.0
0.0
0.026024213060736656
0.05184948816895485
0.07727891951799393
0.10212504863739014
0.12620599567890167
0.14935629069805145
0.17141838371753693
0.19225452840328217
0.211736261844635
0.22975577414035797
0.2462160289287567
0.2610413730144501
0.2741697430610657
0.2855612635612488
0.29519122838974
0.3030528724193573
0.3091498017311096
0.31349244713783264
0.3160923421382904
0.31695786118507385
0.3160923421382904
0.31349244713783264
0.3091498017311096
0.3030528724193573
0.29519122838974
0.2855612635612488
0.2741697430610657
0.2610413730144501
0.2462160289287567
0.22975577414035797
0.211736261844635
0.19225452840328217
0.17141838371753693
0.14935629069805145
0.12620599567890167
0.10212504863739014
0.07727891951799393
0.05184948816895485
0.026024213060736656
0.0
0.0
0.02794213965535164
0.055663835257291794
0.08294743299484253
0.10958713293075562
0.13538476824760437
0.16016235947608948
0.18375256657600403
0.206011563539505
0.22680725157260895
0.24603046476840973
0.26358428597450256
0.27939313650131226
0.293395072221756
0.30554893612861633
0.3158281743526459
0.32422366738319397
0.33073702454566956
0.3353775143623352
0.338156133890152
0.3390812277793884
0.338156133890152
0.3353775143623352
0.33073702454566956
0.32422366738319397
0.3158281743526459
0.30554893612861633
0.293395072221756
0.27939313650131226
0.26358428597450256
0.24603046476840973
0.22680725157260895
0.206011563539505
0.18375256657600403
0.16016235947608948
0.13538476824760437
0.10958713293075562
0.08294743299484253
0.055663835257291794
0.02794213965535164
0.0
0.0
0.030013589188456535
0.05978048965334892
0.08905783295631409
0.11761786788702011
0.14524316787719727
0.17174160480499268
0.19693513214588165
0.2206740528345108
0.24282370507717133
0.26327526569366455
0.2819342613220215
0.29872792959213257
0.3135976493358612
0.3265037536621094
0.3374207615852356
0.34633907675743103
0.35325971245765686
0.35819128155708313
0.3611445724964142
0.3621278703212738
0.3611445724964142
0.35819128155708313
0.35325971245765686
0.34633907675743103
0.3374207615852356
0.3265037536621094
0.3135976493358612
0.29872792959213257
0.2819342613220215
0.26327526569366455
0.24282370507717133
0.2206740528345108
0.19693513214588165
0.17174160480499268
0.14524316787719727
0.11761786788702011
0.08905783295631409
0.05978048965334892
0.030013589188456535
0.0
0.0
0.032263875007629395
0.06424882262945175
0.09568114578723907
0.12630659341812134
0.1558849811553955
0.1842079907655716
0.21108613908290863
0.23636440932750702
0.2599070966243744
0.28160804510116577
0.3013782799243927
0.3191511332988739
0.33487480878829956
0.34851470589637756
0.36004960536956787
0.369471937417984
0.37678399682044983
0.3819948434829712
0.3851155638694763
0.3861546516418457
0.3851155638694763
0.3819948434829712
0.37678399682044983
0.369471937417984
0.36004960536956787
0.34851470589637756
0.33487480878829956
0.3191511332988739
0.3013782799243927
0.28160804510116577
0.2599070966243744
0.23636440932750702
0.21108613908290863
0.1842079907655716
0.1558849811553955
0.12630659341812134
0.09568114578723907
0.06424882262945175
0.032263875007629395
0.0
0.0
0.034724049270153046
0.06912900507450104
0.10290300101041794
0.1357596218585968
0.16743163764476776
0.19769252836704254
0.22634091973304749
0.25321775674819946
0.2781887650489807
0.30115365982055664
0.3220328986644745
0.34076985716819763
0.35732388496398926
0.3716691732406616
0.3837926685810089
0.3936915993690491
0.40137210488319397
0.40684497356414795
0.41012251377105713
0.41121381521224976
0.41012251377105713
0.40684497356414795
0.40137210488319397
0.3936915993690491
0.3837926685810089
0.3716691732406616
0.35732388496398926
0.34076985716819763
0.3220328986644745
0.30115365982055664
0.2781887650489807
0.25321775674819946
0.22634091973304749
0.19769252836704254
0.16743163764476776
0.1357596218585968
0.10290300101041794
0.06912900507450104
0.034724049270153046
0.0
0.0
0.037433017045259476
0.07449641078710556
0.11083061248064041
0.14610977470874786
0.18003436923027039
0.21235749125480652
0.2428658902645111
0.27139854431152344
0.2978264093399048
0.3220595419406891
0.3440331518650055
0.3637055456638336
0.3810524344444275
0.39606142044067383
0.4087317883968353
0.4190690815448761
0.4270859360694885
0.43279680609703064
0.43621641397476196
0.4373549520969391
0.43621641397476196
0.43279680609703064
0.4270859360694885
0.4190690815448761
0.4087317883968353
0.39606142044067383
0.3810524344444275
0.3637055456638336
0.3440331518650055
0.3220595419406891
0.2978264093399048
0.27139854431152344
0.2428658902645111
0.21235749125480652
0.18003436923027039
0.14610977470874786
0.11083061248064041
0.07449641078710556
0.037433017045259476
0.0
0.0
0.040439803153276443
0.08044528216123581
0.11959628760814667
0.15751826763153076
0.19387321174144745
0.22839191555976868
0.2608504593372345
0.29108959436416626
0.3189913332462311
0.3444821238517761
0.36751893162727356
0.38808104395866394
0.4061669111251831
0.4217824637889862
0.434944212436676
0.4456697106361389
0.4539812505245209
0.459898978471756
0.46344152092933655
0.46462079882621765
0.46344152092933655
0.459898978471756
0.4539812505245209
0.4456697106361389
0.434944212436676
0.4217824637889862
0.4061669111251831
0.38808104395866394
0.36751893162727356
0.3444821238517761
0.3189913332462311
0.29108959436416626
0.2608504593372345
0.22839191555976868
0.19387321174144745
0.15751826763153076
0.11959628760814667
0.08044528216123581
0.040439803153276443
0.0
0.0
0.04380807280540466
0.0870978906750679
0.12937144935131073
0.17019341886043549
0.2091795951128006
0.2460370510816574
0.28053390979766846
0.3125188946723938
0.3418935239315033
0.36860933899879456
0.39265432953834534
0.41403669118881226
0.4327849745750427
0.44892948865890503
0.4625091850757599
0.4735576808452606
0.4821102023124695
0.4881949722766876
0.49183595180511475
0.4930477440357208
0.49183595180511475
0.4881949722766876
0.4821102023124695
0.4735576808452606
0.4625091850757599
0.44892948865890503
0.4327849745750427
0.41403669118881226
0.39265432953834534
0.36860933899879456
0.3418935239315033
0.3125188946723938
0.28053390979766846
0.2460370510816574
0.2091795951128006
0.17019341886043549
0.12937144935131073
0.0870978906750679
0.04380807280540466
0.0
0.0
0.04762039706110954
0.09461119771003723
0.14037244021892548
0.18439239263534546
0.22623227536678314
0.2655756175518036
0.3021891117095947
0.33593904972076416
0.36675941944122314
0.3946383595466614
0.4196069538593292
0.44171175360679626
0.4610201418399811
0.47759321331977844
0.49149802327156067
0.5027884244918823
0.5115158557891846
0.5177189111709595
0.5214284658432007
0.5226627588272095
0.5214284658432007
0.5177189111709595
0.5115158557891846
0.5027884244918823
0.49149802327156067
0.47759321331977844
0.4610201418399811
0.44171175360679626
0.4196069538593292
0.3946383595466614
0.36675941944122314
0.33593904972076416
0.3021891117095947
0.2655756175518036
0.22623227536678314
0.18439239263534546
0.14037244021892548
0.09461119771003723
0.04762039706110954
0.0
0.0
0.051988519728183746
0.10319729149341583
0.15289057791233063
0.20045970380306244
0.24540133774280548
0.2873786985874176
0.3261684477329254
0.3616703450679779
0.3938695192337036
0.4228069484233856
0.44857272505760193
0.4712633490562439
0.4909951090812683
0.5078670382499695
0.521979808807373
0.5334115028381348
0.542232871055603
0.5484949350357056
0.5522370934486389
0.5534817576408386
0.5522370934486389
0.5484949350357056
0.542232871055603
0.5334115028381348
0.521979808807373
0.5078670382499695
0.4909951090812683
0.4712633490562439
0.44857272505760193
0.4228069484233856
0.3938695192337036
0.3616703450679779
0.3261684477329254
0.2873786985874176
0.24540133774280548
0.20045970380306244
0.15289057791233063
0.10319729149341583
0.051988519728183746
0.0
0.0
0.05706239119172096
0.11313633620738983
0.16730183362960815
0.21882665157318115
0.2671351134777069
0.31187981367111206
0.3528697192668915
0.3900616765022278
0.4235193431377411
0.4533575177192688
0.4797447919845581
0.5028409361839294
0.5228219032287598
0.5398319363594055
0.5540104508399963
0.5654633045196533
0.5742830038070679
0.5805346369743347
0.5842673182487488
0.5855081677436829
0.5842673182487488
0.5805346369743347
0.5742830038070679
0.5654633045196533
0.5540104508399963
0.5398319363594055
0.5228219032287598
0.5028409361839294
0.4797447919845581
0.4533575177192688
0.4235193431377411
0.3900616765022278
0.3528697192668915
0.31187981367111206
0.2671351134777069
0.21882665157318115
0.16730183362960815
0.11313633620738983
0.05706239119172096
0.0
0.0
0.06305580586194992
0.12482758611440659
0.18413710594177246
0.24009588360786438
0.2920496165752411
0.3396627902984619
0.3828144669532776
0.42155709862709045
0.4560720920562744
0.48657655715942383
0.5133414268493652
0.5366048812866211
0.5566135048866272
0.5735628604888916
0.5876352787017822
0.5989667177200317
0.6076728105545044
0.6138336062431335
0.6175082921981812
0.6187292337417603
0.6175082921981812
0.6138336062431335
0.6076728105545044
0.5989667177200317
0.5876352787017822
0.5735628604888916
0.5566135048866272
0.5366048812866211
0.5133414268493652
0.48657655715942383
0.4560720920562744
0.42155709862709045
0.3828144669532776
0.3396627902984619
0.2920496165752411
0.24009588360786438
0.18413710594177246
0.12482758611440659
0.06305580586194992
0.0
0.0
0.07026880979537964
0.1388145238161087
0.20409707725048065
0.26502761244773865
0.3208872973918915
0.37139713764190674
0.4165743291378021
0.4566214680671692
0.4918918311595917
0.5227386951446533
0.5495620369911194
0.5726936459541321
0.5924597978591919
0.609112560749054
0.6228787899017334
0.6339255571365356
0.6423912644386292
0.6483709216117859
0.651933491230011
0.6531164646148682
0.651933491230011
0.6483709216117859
0.6423912644386292
0.6339255571365356
0.6228787899017334
0.609112560749054
0.5924597978591919
0.5726936459541321
0.5495620369911194
0.5227386951446533
0.4918918311595917
0.4566214680671692
0.4165743291378021
0.37139713764190674
0.3208872973918915
0.26502761244773865
0.20409707725048065
0.1388145238161087
0.07026880979537964
0.0
0.0
0.07915910333395004
0.15593667328357697
0.22823452949523926
0.29474034905433655
0.3547041416168213
0.40799999237060547
0.45489636063575745
0.49583256244659424
0.5314055681228638
0.5621461272239685
0.5886099338531494
0.6112349033355713
0.63043212890625
0.6465110778808594
0.6597415208816528
0.6703196167945862
0.6784040331840515
0.68410325050354
0.687494695186615
0.6886200308799744
0.687494695186615
0.68410325050354
0.6784040331840515
0.6703196167945862
0.6597415208816528
0.6465110778808594
0.63043212890625
0.6112349033355713
0.5886099338531494
0.5621461272239685
0.5314055681228638
0.49583256244659424
0.45489636063575745
0.40799999237060547
0.3547041416168213
0.29474034905433655
0.22823452949523926
0.15593667328357697
0.07915910333395004
0.0
0.0
0.09041581302881241
0.17735974490642548
0.25796616077423096
0.3306317925453186
0.39473822712898254
0.450472891330719
0.4985463321208954
0.5397453308105469
0.5749965906143188
0.6050500273704529
0.630636990070343
0.6523092985153198
0.6705600023269653
0.6857526302337646
0.6981933116912842
0.7081024050712585
0.7156542539596558
0.7209672927856445
0.7241249084472656
0.7251719832420349
0.7241249084472656
0.7209672927856445
0.7156542539596558
0.7081024050712585
0.6981933116912842
0.6857526302337646
0.6705600023269653
0.6523092985153198
0.630636990070343
0.6050500273704529
0.5749965906143188
0.5397453308105469
0.4985463321208954
0.450472891330719
0.39473822712898254
0.3306317925453186
0.25796616077423096
0.17735974490642548
0.09041581302881241
0.0
0.0
0.10517202317714691
0.20516647398471832
0.29560086131095886
0.37488502264022827
0.4427853226661682
0.5001660585403442
0.5484688878059387
0.5889816880226135
0.6230478286743164
0.6516653895378113
0.6757444739341736
0.6959425210952759
0.7128208875656128
0.7267841696739197
0.7381627559661865
0.747191846370697
0.7540537118911743
0.7588716745376587
0.7617315053939819
0.7626791596412659
0.7617315053939819
0.7588716745376587
0.7540537118911743
0.747191846370697
0.7381627559661865
0.7267841696739197
0.7128208875656128
0.6959425210952759
0.6757444739341736
0.6516653895378113
0.6230478286743164
0.5889816880226135
0.5484688878059387
0.5001660585403442
0.4427853226661682
0.37488502264022827
0.29560086131095886
0.20516647398471832
0.10517202317714691
0.0
0.0
0.12538349628448486
0.242121621966362
0.3442617952823639
0.43008190393447876
0.5007847547531128
0.5583863258361816
0.6054834127426147
0.6440163850784302
0.6757997870445251
0.7020845413208008
0.7239314913749695
0.742078959941864
0.7571274638175964
0.7695019245147705
0.7795382738113403
0.7874736785888672
0.7934882044792175
0.7977031469345093
0.8002020120620728
0.8010295629501343
0.8002020120620728
0.7977031469345093
0.7934882044792175
0.7874736785888672
0.7795382738113403
0.7695019245147705
0.7571274638175964
0.742078959941864
0.7239314913749695
0.7020845413208008
0.6757997870445251
0.6440163850784302
0.6054834127426147
0.5583863258361816
0.5007847547531128
0.43008190393447876
0.3442617952823639
0.242121621966362
0.12538349628448486
0.0
0.0
0.15436027944087982
0.2948974668979645
0.409501314163208
0.500417947769165
0.5713688731193542
0.6266425251960754
0.6703492403030396
0.7051639556884766
0.7333132028579712
0.7562323808670044
0.7750557065010071
0.7905473113059998
0.8033009767532349
0.8137300610542297
0.8221520185470581
0.828789234161377
0.8338074684143066
0.8373182415962219
0.8393973708152771
0.840085506439209
0.8393973708152771
0.8373182415962219
0.8338074684143066
0.828789234161377
0.8221520185470581
0.8137300610542297
0.8033009767532349
0.7905473113059998
0.7750557065010071
0.7562323808670044
0.7333132028579712
0.7051639556884766
0.6703492403030396
0.6266425251960754
0.5713688731193542
0.500417947769165
0.409501314163208
0.2948974668979645
0.15436027944087982
0.0
0.0
0.1997075229883194
0.3701406717300415
0.49853482842445374
0.5899699330329895
0.656713604927063
0.7058584094047546
0.7433241605758667
0.7723454833030701
0.7953569293022156
0.8138209581375122
0.8288209438323975
0.8410652279853821
0.8510818481445312
0.8592337369918823
0.8657923936843872
0.8709468841552734
0.8748360872268677
0.8775529861450195
0.8791605234146118
0.8796923160552979
0.8791605234146118
0.8775529861450195
0.8748360872268677
0.8709468841552734
0.8657923936843872
0.8592337369918823
0.8510818481445312
0.8410652279853821
0.8288209438323975
0.8138209581375122
0.7953569293022156
0.7723454833030701
0.7433241605758667
0.7058584094047546
0.656713604927063
0.5899699330329895
0.49853482842445374
0.3701406717300415
0.1997075229883194
0.0
0.0
0.27230194211006165
0.49774861335754395
0.6233430504798889
0.7042940855026245
0.7582162022590637
0.7960827350616455
0.8238511681556702
0.8448794484138489
0.8612610697746277
0.8742527365684509
0.8847121596336365
0.8931950330734253
0.9000998139381409
0.9056984186172485
0.9101898670196533
0.913712203502655
0.9163656830787659
0.9182173609733582
0.9193121194839478
0.9196742177009583
0.9193121194839478
0.9182173609733582
0.9163656830787659
0.913712203502655
0.9101898670196533
0.9056984186172485
0.9000998139381409
0.8931950330734253
0.8847121596336365
0.8742527365684509
0.8612610697746277
0.8448794484138489
0.8238511681556702
0.7960827350616455
0.7582162022590637
0.7042940855026245
0.6233430504798889
0.49774861335754395
0.27230194211006165
0.0
0.0
0.5205942392349243
0.6875219345092773
0.7935037612915039
0.8423807621002197
0.8746958374977112
0.8954195976257324
0.9103844165802002
0.9214456677436829
0.92997807264328
0.9366855621337891
0.9420560598373413
0.9463933110237122
0.9499127268791199
0.9527597427368164
0.9550396203994751
0.956825315952301
0.958169162273407
0.9591063261032104
0.9596601724624634
0.9598432779312134
0.9596601724624634
0.9591063261032104
0.958169162273407
0.956825315952301
0.9550396203994751
0.9527597427368164
0.9499127268791199
0.9463933110237122
0.9420560598373413
0.9366855621337891
0.92997807264328
0.9214456677436829
0.9103844165802002
0.8954195976257324
0.8746958374977112
0.8423807621002197
0.7935037612915039
0.6875219345092773
0.5205942392349243
0.0
1.0
1.0
1.0
1.0
1.0
1.0
1.0
1.0
1.0
1.0
1.0
1.0
1.0
1.0
1.0
1.0
1.0
1.0
1.0
1.0
1.0
1.0
1.0
1.0
1.0
1.0
1.0
1.0
1.0
1.0
1.0
1.0
1.0
1.0
1.0
1.0
1.0
1.0
1.0
1.0
1.0
