0.0
0.0
0.0
0.0
0.0
0.0
0.0
0.0
0.0
0.0
0.0
0.0
0.0
0.0
0.0
0.0
0.0
0.0
0.0
0.0
0.0
0.0
0.0
0.0
0.0
0.0
0.0
0.0
0.0
0.0
0.0
0.0
0.0
0.0
0.0
0.0
0.0
0.0
0.0
0.0
0.0
0.0
0.002109634457156062
0.003936005290597677
0.005530165508389473
0.006966131739318371
0.008281894959509373
0.009493421763181686
0.010611006058752537
0.011640140786767006
0.012584203854203224
0.013445046730339527
0.014223710633814335
0.014920665882527828
0.01553607638925314
0.016069909557700157
0.016522033140063286
0.01689227484166622
0.01718045584857464
0.0173864234238863
0.017510052770376205
0.017551271244883537
0.017510052770376205
0.0173864234238863
0.01718045584857464
0.01689227484166622
0.016522033140063286
0.016069909557700157
0.01553607638925314
0.014920665882527828
0.014223710633814335
0.013445046730339527
0.012584203854203224
0.011640140786767006
0.010611006058752537
0.009493421763181686
0.008281894959509373
0.006966131739318371
0.005530165508389473
0.003936005290597677
0.002109634457156062
0.0
0.0
0.003954534884542227
0.0076195537112653255
0.010873278602957726
0.013800572603940964
0.016470475122332573
0.018920879811048508
0.021176598966121674
0.023250523954629898
0.02515098825097084
0.026882490143179893
0.02844773419201374
0.029848041012883186
0.03108403831720352
0.03215586021542549
0.033063407987356186
0.0338064506649971
0.03438471630215645
0.034797970205545425
0.03504600003361702
0.03512869402766228
0.03504600003361702
0.034797970205545425
0.03438471630215645
0.0338064506649971
0.033063407987356186
0.03215586021542549
0.03108403831720352
0.029848041012883186
0.02844773419201374
0.026882490143179893
0.02515098825097084
0.023250523954629898
0.021176598966121674
0.018920879811048508
0.016470475122332573
0.013800572603940964
0.010873278602957726
0.0076195537112653255
0.003954534884542227
0.0
0.0
0.005600057542324066
0.010959919542074203
0.015901492908596992
0.020393749698996544
0.02448120340704918
0.028221115469932556
0.031653985381126404
0.034803133457899094
0.037684183567762375
0.040305688977241516
0.042673155665397644
0.044789474457502365
0.04665631055831909
0.04827435687184334
0.0496438629925251
0.050764769315719604
0.05163690075278282
0.05226004123687744
0.05263400822877884
0.052758682519197464
0.05263400822877884
0.05226004123687744
0.05163690075278282
0.050764769315719604
0.0496438629925251
0.04827435687184334
0.04665631055831909
0.044789474457502365
0.042673155665397644
0.040305688977241516
0.037684183567762375
0.034803133457899094
0.031653985381126404
0.028221115469932556
0.02448120340704918
0.020393749698996544
0.015901492908596992
0.010959919542074203
0.005600057542324066
0.0
0.0
0.007131424732506275
0.014063694514334202
0.020620232447981834
0.026693934574723244
0.032255031168460846
0.03734466806054115
0.042006440460681915
0.04627363756299019
0.05017010495066643
0.05370987951755524
0.05690258741378784
0.05975361913442612
0.06226646155118942
0.06444293260574341
0.06628409028053284
0.06779036670923233
0.06896194815635681
0.06979884952306747
0.07030101865530014
0.07046841830015182
0.07030101865530014
0.06979884952306747
0.06896194815635681
0.06779036670923233
0.06628409028053284
0.06444293260574341
0.06226646155118942
0.05975361913442612
0.05690258741378784
0.05370987951755524
0.05017010495066643
0.04627363756299019
0.042006440460681915
0.03734466806054115
0.032255031168460846
0.026693934574723244
0.020620232447981834
0.014063694514334202
0.007131424732506275
0.0
0.0
0.008597798645496368
0.017021464183926582
0.025105345994234085
0.03271738067269325
0.03977349400520325
0.04626370221376419
0.05220940336585045
0.05764519050717354
0.06259997934103012
0.06709382683038712
0.0711413025856018
0.07475122809410095
0.0779297798871994
0.08068055659532547
0.08300597220659256
0.0849074050784111
0.08638572692871094
0.08744141459465027
0.08807474374771118
0.08828583359718323
0.08807474374771118
0.08744141459465027
0.08638572692871094
0.0849074050784111
0.08300597220659256
0.08068055659532547
0.0779297798871994
0.07475122809410095
0.0711413025856018
0.06709382683038712
0.06259997934103012
0.05764519050717354
0.05220940336585045
0.04626370221376419
0.03977349400520325
0.03271738067269325
0.025105345994234085
0.017021464183926582
0.008597798645496368
0.0
0.0
0.010025338269770145
0.01989123970270157
0.029442450031638145
0.03854106366634369
0.04707500711083412
0.05498702824115753
0.06225992366671562
0.06891350448131561
0.07497291266918182
0.08046165853738785
0.08539851754903793
0.08979617059230804
0.09366413205862045
0.09700839966535568
0.09983338415622711
0.1021418422460556
0.10393574833869934
0.10521633177995682
0.1059844046831131
0.10624037683010101
0.1059844046831131
0.10521633177995682
0.10393574833869934
0.1021418422460556
0.09983338415622711
0.09700839966535568
0.09366413205862045
0.08979617059230804
0.08539851754903793
0.08046165853738785
0.07497291266918182
0.06891350448131561
0.06225992366671562
0.05498702824115753
0.04707500711083412
0.03854106366634369
0.029442450031638145
0.01989123970270157
0.010025338269770145
0.0
0.0
0.011434441432356834
0.022717667743563652
0.03370052948594093
0.044244248420000076
0.054224420338869095
0.06355363875627518
0.07217831909656525
0.08009006828069687
0.08729860931634903
0.0938248559832573
0.09968873113393784
0.10490629822015762
0.10949044674634933
0.11345010995864868
0.11679217219352722
0.11952129006385803
0.12164095789194107
0.12315347045660019
0.12406040728092194
0.12436261773109436
0.12406040728092194
0.12315347045660019
0.12164095789194107
0.11952129006385803
0.11679217219352722
0.11345010995864868
0.10949044674634933
0.10490629822015762
0.09968873113393784
0.0938248559832573
0.08729860931634903
0.08009006828069687
0.07217831909656525
0.06355363875627518
0.054224420338869095
0.044244248420000076
0.03370052948594093
0.022717667743563652
0.011434441432356834
0.0
0.0
0.012840021401643753
0.025532327592372894
0.03793051093816757
0.049895577132701874
0.06129716709256172
0.07202988862991333
0.08201298117637634
0.09120819717645645
0.09960220009088516
0.10720548778772354
0.1140340194106102
0.12010509520769119
0.12543413043022156
0.1300329566001892
0.13391129672527313
0.13707607984542847
0.13953272998332977
0.14128492772579193
0.14233529567718506
0.14268524944782257
0.14233529567718506
0.14128492772579193
0.13953272998332977
0.13707607984542847
0.13391129672527313
0.1300329566001892
0.12543413043022156
0.12010509520769119
0.1140340194106102
0.10720548778772354
0.09960220009088516
0.09120819717645645
0.08201298117637634
0.07202988862991333
0.06129716709256172
0.049895577132701874
0.03793051093816757
0.025532327592372894
0.012840021401643753
0.0
0.0
0.014254920184612274
0.02836228534579277
0.042175523936748505
0.05555413290858269
0.06836332380771637
0.08048669248819351
0.0918254405260086
0.1023164838552475
0.11192212998867035
0.120635986328125
0.1284642219543457
0.13542190194129944
0.14152497053146362
0.1467876434326172
0.15122240781784058
0.1548387110233307
0.15764422714710236
0.15964438021183014
0.16084301471710205
0.1612423062324524
0.16084301471710205
0.15964438021183014
0.15764422714710236
0.1548387110233307
0.15122240781784058
0.1467876434326172
0.14152497053146362
0.13542190194129944
0.1284642219543457
0.120635986328125
0.11192212998867035
0.1023164838552475
0.0918254405260086
0.08048669248819351
0.06836332380771637
0.05555413290858269
0.042175523936748505
0.02836228534579277
0.014254920184612274
0.0
0.0
0.015690062195062637
0.031230034306645393
0.046470727771520615
0.06126858666539192
0.07548446208238602
0.0889940932393074
0.10168620944023132
0.11347882449626923
0.12431269139051437
0.1341622918844223
0.1430198699235916
0.15089423954486847
0.1577991396188736
0.16374994814395905
0.16876128315925598
0.17284516990184784
0.17601169645786285
0.1782682090997696
0.17962010204792023
0.18007037043571472
0.17962010204792023
0.1782682090997696
0.17601169645786285
0.17284516990184784
0.16876128315925598
0.16374994814395905
0.1577991396188736
0.15089423954486847
0.1430198699235916
0.1341622918844223
0.12431269139051437
0.11347882449626923
0.10168620944023132
0.0889940932393074
0.07548446208238602
0.06126858666539192
0.046470727771520615
0.031230034306645393
0.015690062195062637
0.0
0.0
0.017155710607767105
0.03415653482079506
0.05084852874279022
0.06708341836929321
0.08271680027246475
0.09761760383844376
0.1116650328040123
0.12476318329572678
0.13683561980724335
0.14783872663974762
0.15774910151958466
0.16656595468521118
0.17429786920547485
0.180959552526474
0.1865667849779129
0.19113382697105408
0.19467322528362274
0.1971944123506546
0.19870443642139435
0.19920729100704193
0.19870443642139435
0.1971944123506546
0.19467322528362274
0.19113382697105408
0.1865667849779129
0.180959552526474
0.17429786920547485
0.16656595468521118
0.15774910151958466
0.14783872663974762
0.13683561980724335
0.12476318329572678
0.1116650328040123
0.09761760383844376
0.08271680027246475
0.06708341836929321
0.05084852874279022
0.03415653482079506
0.017155710607767105
0.0
0.0
0.018661439418792725
0.03716113045811653
0.05533840134739876
0.07303860038518906
0.09011095762252808
0.10641763359308243
0.12182973325252533
0.13624057173728943
0.14956024289131165
0.1617295891046524
0.172710120677948
0.1824897676706314
0.19106972217559814
0.19846211373806
0.20468257367610931
0.2097470611333847
0.2136702984571457
0.2164638787508011
0.21813660860061646
0.2186935693025589
0.21813660860061646
0.2164638787508011
0.2136702984571457
0.2097470611333847
0.20468257367610931
0.19846211373806
0.19106972217559814
0.1824897676706314
0.172710120677948
0.1617295891046524
0.14956024289131165
0.13624057173728943
0.12182973325252533
0.10641763359308243
0.09011095762252808
0.07303860038518906
0.05533840134739876
0.03716113045811653
0.018661439418792725
0.0
0.0
0.02021685242652893
0.0402630940079689
0.05996941030025482
0.07917310297489166
0.09771569073200226
0.11545202881097794
0.1322454959154129
0.14798055589199066
0.16255667805671692
0.17590214312076569
0.18796539306640625
0.1987229287624359
0.2081674039363861
0.21630670130252838
0.22315503656864166
0.228729248046875
0.23304593563079834
0.23611870408058167
0.2379581779241562
0.23857057094573975
0.2379581779241562
0.23611870408058167
0.23304593563079834
0.228729248046875
0.22315503656864166
0.21630670130252838
0.2081674039363861
0.1987229287624359
0.18796539306640625
0.17590214312076569
0.16255667805671692
0.14798055589199066
0.1322454959154129
0.11545202881097794
0.09771569073200226
0.07917310297489166
0.05996941030025482
0.0402630940079689
0.02021685242652893
0.0
0.0
0.02183155156672001
0.043481599539518356
0.06477022916078568
0.08552495390176773
0.10557816922664642
0.12477659434080124
0.14297577738761902
0.1600523293018341
0.17589707672595978
0.19042830169200897
0.2035837471485138
0.21532966196537018
0.22565020620822906
0.2345481663942337
0.24203534424304962
0.2481287568807602
0.252846360206604
0.25620368123054504
0.2582131028175354
0.2588820159435272
0.2582131028175354
0.25620368123054504
0.252846360206604
0.2481287568807602
0.24203534424304962
0.2345481663942337
0.22565020620822906
0.21532966196537018
0.2035837471485138
0.19042830169200897
0.17589707672595978
0.1600523293018341
0.14297577738761902
0.12477659434080124
0.10557816922664642
0.08552495390176773
0.06477022916078568
0.043481599539518356
0.02183155156672001
0.0
0.0
0.02351568080484867
0.046836789697408676
0.0697706863284111
0.0921332985162735
0.113746277987957
0.13444723188877106
0.15408340096473694
0.17252404987812042
0.18965266644954681
0.20537981390953064
0.21963492035865784
0.2323758602142334
0.2435794323682785
0.25324320793151855
0.26137620210647583
0.2679949700832367
0.2731184959411621
0.2767639756202698
0.2789455056190491
0.2796716094017029
0.2789455056190491
0.2767639756202698
0.2731184959411621
0.2679949700832367
0.26137620210647583
0.25324320793151855
0.2435794323682785
0.2323758602142334
0.21963492035865784
0.20537981390953064
0.18965266644954681
0.17252404987812042
0.15408340096473694
0.13444723188877106
0.113746277987957
0.0921332985162735
0.0697706863284111
0.046836789697408676
0.02351568080484867
0.0
0.0
0.02527998574078083
0.050349920988082886
0.07500215619802475
0.09903896600008011
0.12226959317922592
0.1445213258266449
0.16563250124454498
0.18546520173549652
0.20389656722545624
0.22083115577697754
0.23619243502616882
0.24993208050727844
0.2620212435722351
0.2724531590938568
0.2812342345714569
0.2883804738521576
0.2939116954803467
0.29784664511680603
0.30020108819007874
0.3009846806526184
0.30020108819007874
0.29784664511680603
0.2939116954803467
0.2883804738521576
0.2812342345714569
0.2724531590938568
0.2620212435722351
0.24993208050727844
0.23619243502616882
0.22083115577697754
0.20389656722545624
0.18546520173549652
0.16563250124454498
0.1445213258266449
0.12226959317922592
0.09903896600008011
0.07500215619802475
0.050349920988082886
0.02527998574078083
0.0
0.0
0.027136312797665596
0.05404432862997055
0.08049873262643814
0.10628590732812881
0.13120071589946747
0.1550588756799698
0.1776890605688095
0.1989462673664093
0.2187020182609558
0.23685652017593384
0.25332939624786377
0.2680685520172119
0.2810417115688324
0.292239248752594
0.30166590213775635
0.3093374967575073
0.315274715423584
0.3194979429244995
0.32202449440956116
0.3228653371334076
0.32202449440956116
0.3194979429244995
0.315274715423584
0.3093374967575073
0.30166590213775635
0.292239248752594
0.2810417115688324
0.2680685520172119
0.25332939624786377
0.23685652017593384
0.2187020182609558
0.1989462673664093
0.1776890605688095
0.1550588756799698
0.13120071589946747
0.10628590732812881
0.08049873262643814
0.05404432862997055
0.027136312797665596
0.0
0.0
0.029097843915224075
0.05794592946767807
0.08629821240901947
0.11392255872488022
0.14059728384017944
0.1661251038312912
0.19032418727874756
0.2130424827337265
0.23414666950702667
0.25353410840034485
0.2711227834224701
0.28685927391052246
0.3007104694843292
0.3126659095287323
0.32273030281066895
0.33092013001441956
0.3372574746608734
0.3417645990848541
0.344460666179657
0.34535783529281616
0.344460666179657
0.3417645990848541
0.3372574746608734
0.33092013001441956
0.32273030281066895
0.3126659095287323
0.3007104694843292
0.28685927391052246
0.2711227834224701
0.25353410840034485
0.23414666950702667
0.2130424827337265
0.19032418727874756
0.1661251038312912
0.14059728384017944
0.11392255872488022
0.08629821240901947
0.05794592946767807
0.029097843915224075
0.0
0.0
0.031179677695035934
0.062084246426820755
0.09244325757026672
0.12200301885604858
0.15052278339862823
0.17779067158699036
0.20361357927322388
0.22783254086971283
0.2503102719783783
0.2709429860115051
0.2896493673324585
0.3063772916793823
0.3210957646369934
0.3337959349155426
0.3444846570491791
0.3531803488731384
0.3599076271057129
0.3646910488605499
0.3675519526004791
0.3685038685798645
0.3675519526004791
0.3646910488605499
0.3599076271057129
0.3531803488731384
0.3444846570491791
0.3337959349155426
0.3210957646369934
0.3063772916793823
0.2896493673324585
0.2709429860115051
0.2503102719783783
0.22783254086971283
0.20361357927322388
0.17779067158699036
0.15052278339862823
0.12200301885604858
0.09244325757026672
0.062084246426820755
0.031179677695035934
0.0
0.0
0.033399343490600586
0.06649353355169296
0.09898331016302109
0.13058973848819733
0.16105011105537415
0.19013622403144836
0.2176428586244583
0.24340441823005676
0.2672809064388275
0.2891693115234375
0.3089916706085205
0.32670021057128906
0.3422691822052002
0.35569432377815247
0.36698731780052185
0.37617042660713196
0.3832722306251526
0.3883203864097595
0.3913390338420868
0.39234331250190735
0.3913390338420868
0.3883203864097595
0.3832722306251526
0.37617042660713196
0.36698731780052185
0.35569432377815247
0.3422691822052002
0.32670021057128906
0.3089916706085205
0.2891693115234375
0.2672809064388275
0.24340441823005676
0.2176428586244583
0.19013622403144836
0.16105011105537415
0.13058973848819733
0.09898331016302109
0.06649353355169296
0.033399343490600586
0.0
0.0
0.03577760234475136
0.07121413946151733
0.10597601532936096
0.13975469768047333
0.1722620576620102
0.20325176417827606
0.23250576853752136
0.2598525583744049
0.28515109419822693
0.3083016872406006
0.3292329013347626
0.34790468215942383
0.3643002510070801
0.3784233033657074
0.3902933597564697
0.3999389410018921
0.40739431977272034
0.4126916229724884
0.41585829854011536
0.41691169142723083
0.41585829854011536
0.4126916229724884
0.40739431977272034
0.3999389410018921
0.3902933597564697
0.3784233033657074
0.3643002510070801
0.34790468215942383
0.3292329013347626
0.3083016872406006
0.28515109419822693
0.2598525583744049
0.23250576853752136
0.20325176417827606
0.1722620576620102
0.13975469768047333
0.10597601532936096
0.07121413946151733
0.03577760234475136
0.0
0.0
0.0383395217359066
0.07629472017288208
0.11349086463451385
0.14958439767360687
0.18425774574279785
0.21724432706832886
0.2483128309249878
0.27728694677352905
0.3040270507335663
0.32843998074531555
0.3504648804664612
0.37007346749305725
0.3872622549533844
0.40204665064811707
0.41445761919021606
0.42453277111053467
0.43231427669525146
0.437840074300766
0.44114214181900024
0.44224032759666443
0.44114214181900024
0.437840074300766
0.43231427669525146
0.42453277111053467
0.41445761919021606
0.40204665064811707
0.3872622549533844
0.37007346749305725
0.3504648804664612
0.32843998074531555
0.3040270507335663
0.27728694677352905
0.2483128309249878
0.21724432706832886
0.18425774574279785
0.14958439767360687
0.11349086463451385
0.07629472017288208
0.0383395217359066
0.0
0.0
0.041115693747997284
0.08179429918527603
0.12161121517419815
0.1601812243461609
0.19715245068073273
0.2322360873222351
0.2651875913143158
0.29582783579826355
0.32402220368385315
0.3496883511543274
0.37278100848197937
0.3932885229587555
0.4112257659435272
0.4266241490840912
0.43953007459640503
0.4499932825565338
0.4580664336681366
0.463795006275177
0.4672166109085083
0.4683542549610138
0.4672166109085083
0.463795006275177
0.4580664336681366
0.4499932825565338
0.43953007459640503
0.4266241490840912
0.4112257659435272
0.3932885229587555
0.37278100848197937
0.3496883511543274
0.32402220368385315
0.29582783579826355
0.2651875913143158
0.2322360873222351
0.19715245068073273
0.1601812243461609
0.12161121517419815
0.08179429918527603
0.041115693747997284
0.0
0.0
0.044144436717033386
0.08778675645589828
0.13044127821922302
0.1716727316379547
0.21108920872211456
0.24837757647037506
0.28328070044517517
0.31561994552612305
0.3452707529067993
0.37216731905937195
0.39628660678863525
0.4176395833492279
0.43626531958580017
0.4522162973880768
0.4655587077140808
0.47635790705680847
0.48467978835105896
0.490579217672348
0.49410077929496765
0.4952712655067444
0.49410077929496765
0.490579217672348
0.48467978835105896
0.47635790705680847
0.4655587077140808
0.4522162973880768
0.43626531958580017
0.4176395833492279
0.39628660678863525
0.37216731905937195
0.3452707529067993
0.31561994552612305
0.28328070044517517
0.24837757647037506
0.21108920872211456
0.1716727316379547
0.13044127821922302
0.08778675645589828
0.044144436717033386
0.0
0.0
0.04747390002012253
0.09436418116092682
0.14010924100875854
0.1842133104801178
0.2262376844882965
0.26584336161613464
0.30276286602020264
0.33682313561439514
0.3679170310497284
0.39600303769111633
0.42108869552612305
0.4432147443294525
0.46245139837265015
0.4788777232170105
0.4925845265388489
0.5036563873291016
0.5121752023696899
0.5182071924209595
0.5218052864074707
0.5230007171630859
0.5218052864074707
0.5182071924209595
0.5121752023696899
0.5036563873291016
0.4925845265388489
0.4788777232170105
0.46245139837265015
0.4432147443294525
0.42108869552612305
0.39600303769111633
0.3679170310497284
0.33682313561439514
0.30276286602020264
0.26584336161613464
0.2262376844882965
0.1842133104801178
0.14010924100875854
0.09436418116092682
0.04747390002012253
0.0
0.0
0.05116668716073036
0.10164617747068405
0.1507812738418579
0.1980021893978119
0.24281537532806396
0.2848552167415619
0.32384806871414185
0.3596344590187073
0.39213529229164124
0.4213438928127289
0.44730904698371887
0.4701104462146759
0.48985734581947327
0.506661593914032
0.5206437110900879
0.5319110751152039
0.5405644774436951
0.5466833710670471
0.5503300428390503
0.5515410900115967
0.5503300428390503
0.5466833710670471
0.5405644774436951
0.5319110751152039
0.5206437110900879
0.506661593914032
0.48985734581947327
0.4701104462146759
0.44730904698371887
0.4213438928127289
0.39213529229164124
0.3596344590187073
0.32384806871414185
0.2848552167415619
0.24281537532806396
0.1980021893978119
0.1507812738418579
0.10164617747068405
0.05116668716073036
0.0
0.0
0.0553039014339447
0.10978607833385468
0.16266678273677826
0.21328504383563995
0.2610839307308197
0.3056724965572357
0.3467794954776764
0.38427120447158813
0.4181118309497833
0.4483432471752167
0.47506916522979736
0.4984186589717865
0.5185492038726807
0.5356120467185974
0.5497622489929199
0.561133861541748
0.5698487162590027
0.5760013461112976
0.5796643495559692
0.5808801651000977
0.5796643495559692
0.5760013461112976
0.5698487162590027
0.561133861541748
0.5497622489929199
0.5356120467185974
0.5185492038726807
0.4984186589717865
0.47506916522979736
0.4483432471752167
0.4181118309497833
0.38427120447158813
0.3467794954776764
0.3056724965572357
0.2610839307308197
0.21328504383563995
0.16266678273677826
0.10978607833385468
0.0553039014339447
0.0
0.0
0.05999557301402092
0.11899149417877197
0.17604799568653107
0.2303907424211502
0.28138965368270874
0.3286336660385132
0.37186843156814575
0.41100502014160156
0.4460728168487549
0.47718095779418945
0.5045053362846375
0.5282370448112488
0.548591673374176
0.5657666325569153
0.5799562931060791
0.5913242697715759
0.60001540184021
0.6061403155326843
0.6097826957702637
0.6109908819198608
0.6097826957702637
0.6061403155326843
0.60001540184021
0.5913242697715759
0.5799562931060791
0.5657666325569153
0.548591673374176
0.5282370448112488
0.5045053362846375
0.47718095779418945
0.4460728168487549
0.41100502014160156
0.37186843156814575
0.3286336660385132
0.28138965368270874
0.2303907424211502
0.17604799568653107
0.11899149417877197
0.05999557301402092
0.0
0.0
0.06538930535316467
0.12953658401966095
0.19128918647766113
0.24973110854625702
0.3041521906852722
0.3541339635848999
0.39946532249450684
0.44013017416000366
0.47625380754470825
0.5080363750457764
0.5357466340065002
0.5596517324447632
0.5800356268882751
0.5971482396125793
0.6112270951271057
0.6224673390388489
0.6310380101203918
0.6370660066604614
0.64064621925354
0.6418329477310181
0.64064621925354
0.6370660066604614
0.6310380101203918
0.6224673390388489
0.6112270951271057
0.5971482396125793
0.5800356268882751
0.5596517324447632
0.5357466340065002
0.5080363750457764
0.47625380754470825
0.44013017416000366
0.39946532249450684
0.3541339635848999
0.3041521906852722
0.24973110854625702
0.19128918647766113
0.12953658401966095
0.06538930535316467
0.0
0.0
0.0716962218284607
0.1418130248785019
0.20890502631664276
0.27188047766685486
0.32994508743286133
0.382700651884079
0.43002304434776306
0.4720132350921631
0.5089353919029236
0.541111946105957
0.5689288377761841
0.5927442908287048
0.6129202246665955
0.6297637224197388
0.643557608127594
0.6545290350914001
0.6628705859184265
0.6687249541282654
0.6721972227096558
0.6733473539352417
0.6721972227096558
0.6687249541282654
0.6628705859184265
0.6545290350914001
0.643557608127594
0.6297637224197388
0.6129202246665955
0.5927442908287048
0.5689288377761841
0.541111946105957
0.5089353919029236
0.4720132350921631
0.43002304434776306
0.382700651884079
0.32994508743286133
0.27188047766685486
0.20890502631664276
0.1418130248785019
0.0716962218284607
0.0
0.0
0.07921265810728073
0.1563541293144226
0.22957569360733032
0.29756447672843933
0.35946065187454224
0.41493821144104004
0.4640359878540039
0.5070335865020752
0.544391930103302
0.5765923261642456
0.6041641235351562
0.6275709867477417
0.6472593545913696
0.6635964512825012
0.676909327507019
0.6874558925628662
0.6954497694969177
0.701047420501709
0.704362690448761
0.7054598927497864
0.704362690448761
0.701047420501709
0.6954497694969177
0.6874558925628662
0.676909327507019
0.6635964512825012
0.6472593545913696
0.6275709867477417
0.6041641235351562
0.5765923261642456
0.544391930103302
0.5070335865020752
0.4640359878540039
0.41493821144104004
0.35946065187454224
0.29756447672843933
0.22957569360733032
0.1563541293144226
0.07921265810728073
0.0
0.0
0.08839218318462372
0.17398545145988464
0.25432145595550537
0.3278453052043915
0.3936730623245239
0.4516606628894806
0.502133309841156
0.545644223690033
0.5829257965087891
0.6146605014801025
0.6415454745292664
0.6641596555709839
0.683035671710968
0.6985982656478882
0.7112142443656921
0.7211670875549316
0.7286869883537292
0.7339404225349426
0.7370471954345703
0.7380746603012085
0.7370471954345703
0.7339404225349426
0.7286869883537292
0.7211670875549316
0.7112142443656921
0.6985982656478882
0.683035671710968
0.6641596555709839
0.6415454745292664
0.6146605014801025
0.5829257965087891
0.545644223690033
0.502133309841156
0.4516606628894806
0.3936730623245239
0.3278453052043915
0.25432145595550537
0.17398545145988464
0.08839218318462372
0.0
0.0
0.09991775453090668
0.19585366547107697
0.284519761800766
0.3640536367893219
0.4337264597415924
0.49375370144844055
0.5449507236480713
0.5882651805877686
0.6247876882553101
0.6554427146911621
0.6811110973358154
0.70248943567276
0.7201898097991943
0.7346860766410828
0.7463749051094055
0.7555573582649231
0.762472927570343
0.7672929167747498
0.7701391577720642
0.7710796594619751
0.7701391577720642
0.7672929167747498
0.762472927570343
0.7555573582649231
0.7463749051094055
0.7346860766410828
0.7201898097991943
0.70248943567276
0.6811110973358154
0.6554427146911621
0.6247876882553101
0.5882651805877686
0.5449507236480713
0.49375370144844055
0.4337264597415924
0.3640536367893219
0.284519761800766
0.19585366547107697
0.09991775453090668
0.0
0.0
0.11491558700799942
0.22401033341884613
0.3223990499973297
0.4082435965538025
0.4812427759170532
0.5423693656921387
0.5932276844978333
0.6353210210800171
0.670180082321167
0.6989949941635132
0.7228254079818726
0.7424707412719727
0.7586024403572083
0.7717260718345642
0.7822521328926086
0.7904869318008423
0.7966693639755249
0.8009686470031738
0.8035037517547607
0.8043407797813416
0.8035037517547607
0.8009686470031738
0.7966693639755249
0.7904869318008423
0.7822521328926086
0.7717260718345642
0.7586024403572083
0.7424707412719727
0.7228254079818726
0.6989949941635132
0.670180082321167
0.6353210210800171
0.5932276844978333
0.5423693656921387
0.4812427759170532
0.4082435965538025
0.3223990499973297
0.22401033341884613
0.11491558700799942
0.0
0.0
0.1353292167186737
0.2611735761165619
0.3709961771965027
0.4628467559814453
0.5379663705825806
0.598594069480896
0.6475604772567749
0.6870760917663574
0.7191562652587891
0.745248019695282
0.7665520310401917
0.7839354872703552
0.7980942130088806
0.8095387816429138
0.8186718821525574
0.8257890343666077
0.831116795539856
0.8348138928413391
0.8369910717010498
0.8377094268798828
0.8369910717010498
0.8348138928413391
0.831116795539856
0.8257890343666077
0.8186718821525574
0.8095387816429138
0.7980942130088806
0.7839354872703552
0.7665520310401917
0.745248019695282
0.7191562652587891
0.6870760917663574
0.6475604772567749
0.598594069480896
0.5379663705825806
0.4628467559814453
0.3709961771965027
0.2611735761165619
0.1353292167186737
0.0
0.0
0.16445007920265198
0.31392163038253784
0.43559131026268005
0.531712532043457
0.6061305403709412
0.6635535359382629
0.708367109298706
0.7435585260391235
0.7715445756912231
0.793942391872406
0.8120044469833374
0.8266003727912903
0.8383991122245789
0.8478801846504211
0.8554118275642395
0.8612606525421143
0.8656275868415833
0.86865234375
0.8704314827919006
0.8710181713104248
0.8704314827919006
0.86865234375
0.8656275868415833
0.8612606525421143
0.8554118275642395
0.8478801846504211
0.8383991122245789
0.8266003727912903
0.8120044469833374
0.793942391872406
0.7715445756912231
0.7435585260391235
0.708367109298706
0.6635535359382629
0.6061305403709412
0.531712532043457
0.43559131026268005
0.31392163038253784
0.16445007920265198
0.0
0.0
0.20987442135810852
0.3887304663658142
0.5231665968894958
0.6184864044189453
0.687458336353302
0.7377347350120544
0.7755405902862549
0.8043935894966125
0.8268850445747375
0.8446158170700073
0.8587552905082703
0.8700847029685974
0.8791837692260742
0.8864592909812927
0.8922170400619507
0.8966754674911499
0.8999972939491272
0.9022947549819946
0.9036448001861572
0.9040897488594055
0.9036448001861572
0.9022947549819946
0.8999972939491272
0.8966754674911499
0.8922170400619507
0.8864592909812927
0.8791837692260742
0.8700847029685974
0.8587552905082703
0.8446158170700073
0.8268850445747375
0.8043935894966125
0.7755405902862549
0.7377347350120544
0.687458336353302
0.6184864044189453
0.5231665968894958
0.3887304663658142
0.20987442135810852
0.0
0.0
0.28219184279441833
0.5150688290596008
0.6445310115814209
0.7277084589004517
0.7824857234954834
0.8205512166023254
0.8480650782585144
0.8685779571533203
0.8842843770980835
0.8965173959732056
0.9061843752861023
0.9138792157173157
0.920028567314148
0.9249272346496582
0.9287931323051453
0.9317803382873535
0.9340026378631592
0.9355379343032837
0.936439573764801
0.9367365837097168
0.936439573764801
0.9355379343032837
0.9340026378631592
0.9317803382873535
0.9287931323051453
0.9249272346496582
0.920028567314148
0.9138792157173157
0.9061843752861023
0.8965173959732056
0.8842843770980835
0.8685779571533203
0.8480650782585144
0.8205512166023254
0.7824857234954834
0.7277084589004517
0.6445310115814209
0.5150688290596008
0.28219184279441833
0.0
0.0
0.5306059122085571
0.7012069821357727
0.8076386451721191
0.8569899201393127
0.8890400528907776
0.9094589948654175
0.923956573009491
0.9345143437385559
0.9425156116485596
0.9486939907073975
0.9535502791404724
0.9574001431465149
0.9604679942131042
0.9629067182540894
0.9648283123970032
0.9663114547729492
0.9674139022827148
0.9681751728057861
0.9686220288276672
0.9687692523002625
0.9686220288276672
0.9681751728057861
0.9674139022827148
0.9663114547729492
0.9648283123970032
0.9629067182540894
0.9604679942131042
0.9574001431465149
0.9535502791404724
0.9486939907073975
0.9425156116485596
0.9345143437385559
0.923956573009491
0.9094589948654175
0.8890400528907776
0.8569899201393127
0.8076386451721191
0.7012069821357727
0.5306059122085571
0.0
1.0
1.0
1.0
1.0
1.0
1.0
1.0
1.0
1.0
1.0
1.0
1.0
1.0
1.0
1.0
1.0
1.0
1.0
1.0
1.0
1.0
1.0
1.0
1.0
1.0
1.0
1.0
1.0
1.0
1.0
1.0
1.0
1.0
1.0
1.0
1.0
1.0
1.0
1.0
1.0
1.0
