0.0
0.0
0.0
0.0
0.0
0.0
0.0
0.0
0.0
0.0
0.0
0.0
0.0
0.0
0.0
0.0
0.0
0.0
0.0
0.0
0.0
0.0
0.0
0.0
0.0
0.0
0.0
0.0
0.0
0.0
0.0
0.0
0.0
0.0
0.0
0.0
0.0
0.0
0.0
0.0
0.0
0.0
0.0019971258006989956
0.0036477288231253624
0.005047923419624567
0.006294820457696915
0.007431995589286089
0.008475646376609802
0.009436225518584251
0.010319296270608902
0.011128292419016361
0.011865168809890747
0.012531089596450329
0.013126670382916927
0.01365221943706274
0.014107848517596722
0.014493557624518871
0.014809291809797287
0.015054972842335701
0.015230524353682995
0.01533588208258152
0.015371005982160568
0.01533588208258152
0.015230524353682995
0.015054972842335701
0.014809291809797287
0.014493557624518871
0.014107848517596722
0.01365221943706274
0.013126670382916927
0.012531089596450329
0.011865168809890747
0.011128292419016361
0.010319296270608902
0.009436225518584251
0.008475646376609802
0.007431995589286089
0.006294820457696915
0.005047923419624567
0.0036477288231253624
0.0019971258006989956
0.0
0.0
0.0036644143983721733
0.00701076490804553
0.009898924268782139
0.01245689857751131
0.014772910624742508
0.016888532787561417
0.01883064955472946
0.020612604916095734
0.022243060171604156
0.023726772516965866
0.025066711008548737
0.026264481246471405
0.027320990338921547
0.028236644342541695
0.029011592268943787
0.029645828530192375
0.030139271169900894
0.030491823330521584
0.03070339374244213
0.03077392466366291
0.03070339374244213
0.030491823330521584
0.030139271169900894
0.029645828530192375
0.029011592268943787
0.028236644342541695
0.027320990338921547
0.026264481246471405
0.025066711008548737
0.023726772516965866
0.022243060171604156
0.020612604916095734
0.01883064955472946
0.016888532787561417
0.014772910624742508
0.01245689857751131
0.009898924268782139
0.00701076490804553
0.0036644143983721733
0.0
0.0
0.005110538098961115
0.009976853616535664
0.014405222609639168
0.01836967095732689
0.021936677396297455
0.025178581476211548
0.02814287319779396
0.03085489012300968
0.033331498503685
0.03558182716369629
0.03761189058423042
0.03942500054836273
0.04102323576807976
0.04240766167640686
0.043578874319791794
0.04453711211681366
0.045282457023859024
0.045814890414476395
0.04613437503576279
0.046240873634815216
0.04613437503576279
0.045814890414476395
0.045282457023859024
0.04453711211681366
0.043578874319791794
0.04240766167640686
0.04102323576807976
0.03942500054836273
0.03761189058423042
0.03558182716369629
0.033331498503685
0.03085489012300968
0.02814287319779396
0.025178581476211548
0.021936677396297455
0.01836967095732689
0.014405222609639168
0.009976853616535664
0.005110538098961115
0.0
0.0
0.00644225487485528
0.012692177668213844
0.018572546541690826
0.023969655856490135
0.028856705874204636
0.033293332904577255
0.037335801869630814
0.04102298989892006
0.04438205063343048
0.04742835462093353
0.05017253756523132
0.052620626986026764
0.05477667227387428
0.05664294958114624
0.05822092294692993
0.05951138958334923
0.06051481515169144
0.06123143434524536
0.06166137382388115
0.06180468201637268
0.06166137382388115
0.06123143434524536
0.06051481515169144
0.05951138958334923
0.05822092294692993
0.05664294958114624
0.05477667227387428
0.052620626986026764
0.05017253756523132
0.04742835462093353
0.04438205063343048
0.04102298989892006
0.037335801869630814
0.033293332904577255
0.028856705874204636
0.023969655856490135
0.018572546541690826
0.012692177668213844
0.00644225487485528
0.0
0.0
0.0077130477875471115
0.015263909474015236
0.02249399572610855
0.029270393773913383
0.03550620749592781
0.04119889438152313
0.046381715685129166
0.05109921470284462
0.05538659170269966
0.059266820549964905
0.06275641918182373
0.06586524099111557
0.06860025227069855
0.07096559554338455
0.07296416163444519
0.07459768652915955
0.07586733996868134
0.07677381485700607
0.07731755077838898
0.07749877125024796
0.07731755077838898
0.07677381485700607
0.07586733996868134
0.07459768652915955
0.07296416163444519
0.07096559554338455
0.06860025227069855
0.06586524099111557
0.06275641918182373
0.059266820549964905
0.05538659170269966
0.05109921470284462
0.046381715685129166
0.04119889438152313
0.03550620749592781
0.029270393773913383
0.02249399572610855
0.015263909474015236
0.0077130477875471115
0.0
0.0
0.00894811563193798
0.01775149255990982
0.02626670151948929
0.03436153009533882
0.041924312710762024
0.04889852926135063
0.055272337049245834
0.06107591092586517
0.06634274870157242
0.07110141962766647
0.07537402212619781
0.07917492836713791
0.08251482993364334
0.08540041744709015
0.08783663064241409
0.0898265689611435
0.09137248992919922
0.09247580915689468
0.0931374728679657
0.09335796535015106
0.0931374728679657
0.09247580915689468
0.09137248992919922
0.0898265689611435
0.08783663064241409
0.08540041744709015
0.08251482993364334
0.07917492836713791
0.07537402212619781
0.07110141962766647
0.06634274870157242
0.06107591092586517
0.055272337049245834
0.04889852926135063
0.041924312710762024
0.03436153009533882
0.02626670151948929
0.01775149255990982
0.00894811563193798
0.0
0.0
0.010166920721530914
0.020199496299028397
0.029963523149490356
0.03933053836226463
0.04818134382367134
0.05642970651388168
0.06402339786291122
0.07096023857593536
0.07725740224123001
0.08294244855642319
0.08804004639387131
0.09256889671087265
0.09654365479946136
0.09997415542602539
0.10286791622638702
0.1052299216389656
0.107063889503479
0.10837224870920181
0.10915666818618774
0.10941804200410843
0.10915666818618774
0.10837224870920181
0.107063889503479
0.1052299216389656
0.10286791622638702
0.09997415542602539
0.09654365479946136
0.09256889671087265
0.08804004639387131
0.08294244855642319
0.07725740224123001
0.07096023857593536
0.06402339786291122
0.05642970651388168
0.04818134382367134
0.03933053836226463
0.029963523149490356
0.020199496299028397
0.010166920721530914
0.0
0.0
0.011383410543203354
0.02263794094324112
0.033634595572948456
0.044248178601264954
0.05435789376497269
0.06386251002550125
0.07268248498439789
0.08078201115131378
0.08815206587314606
0.09480948001146317
0.10077548027038574
0.10607091337442398
0.11071359366178513
0.1147165596485138
0.11809029430150986
0.12084203213453293
0.12297738343477249
0.1245000883936882
0.1254127472639084
0.12571680545806885
0.1254127472639084
0.1245000883936882
0.12297738343477249
0.12084203213453293
0.11809029430150986
0.1147165596485138
0.11071359366178513
0.10607091337442398
0.10077548027038574
0.09480948001146317
0.08815206587314606
0.08078201115131378
0.07268248498439789
0.06386251002550125
0.05435789376497269
0.044248178601264954
0.033634595572948456
0.02263794094324112
0.011383410543203354
0.0
0.0
0.012609530240297318
0.02509237639605999
0.037321679294109344
0.04917358234524727
0.06052631884813309
0.07127103954553604
0.08131224662065506
0.09058807790279388
0.09906221926212311
0.10673222690820694
0.11360850930213928
0.11970997601747513
0.12505531311035156
0.12966030836105347
0.13353829085826874
0.13669905066490173
0.13915036618709564
0.14089760184288025
0.1419445425271988
0.1422932744026184
0.1419445425271988
0.14089760184288025
0.13915036618709564
0.13669905066490173
0.13353829085826874
0.12966030836105347
0.12505531311035156
0.11970997601747513
0.11360850930213928
0.10673222690820694
0.09906221926212311
0.09058807790279388
0.08131224662065506
0.07127103954553604
0.06052631884813309
0.04917358234524727
0.037321679294109344
0.02509237639605999
0.012609530240297318
0.0
0.0
0.013855427503585815
0.027583828195929527
0.041058048605918884
0.054153766483068466
0.06674782931804657
0.07872669398784637
0.08998516947031021
0.10044307261705399
0.11004097014665604
0.11875452101230621
0.12657780945301056
0.13352270424365997
0.1396053284406662
0.14484266936779022
0.14925028383731842
0.15284042060375214
0.15562322735786438
0.1576058566570282
0.15879350900650024
0.15918904542922974
0.15879350900650024
0.1576058566570282
0.15562322735786438
0.15284042060375214
0.14925028383731842
0.14484266936779022
0.1396053284406662
0.13352270424365997
0.12657780945301056
0.11875452101230621
0.11004097014665604
0.10044307261705399
0.08998516947031021
0.07872669398784637
0.06674782931804657
0.054153766483068466
0.041058048605918884
0.027583828195929527
0.013855427503585815
0.0
0.0
0.015130679123103619
0.030131960287690163
0.044874414801597595
0.059231534600257874
0.07307764887809753
0.0862952172756195
0.09877221286296844
0.11041606217622757
0.12115008383989334
0.1309296190738678
0.1397302746772766
0.1475522369146347
0.15440510213375092
0.1603047251701355
0.16526752710342407
0.1693078577518463
0.1724380999803543
0.1746673882007599
0.1760024130344391
0.17644695937633514
0.1760024130344391
0.1746673882007599
0.1724380999803543
0.1693078577518463
0.16526752710342407
0.1603047251701355
0.15440510213375092
0.1475522369146347
0.1397302746772766
0.1309296190738678
0.12115008383989334
0.11041606217622757
0.09877221286296844
0.0862952172756195
0.07307764887809753
0.059231534600257874
0.044874414801597595
0.030131960287690163
0.015130679123103619
0.0
0.0
0.016444267705082893
0.03275498002767563
0.048798661679029465
0.06444507092237473
0.07956480234861374
0.09403615444898605
0.10774149000644684
0.12057928740978241
0.1324600875377655
0.14332237839698792
0.15312406420707703
0.16185125708580017
0.16950377821922302
0.17609362304210663
0.18163622915744781
0.18614718317985535
0.18964076042175293
0.19212795794010162
0.1936170756816864
0.1941128671169281
0.1936170756816864
0.19212795794010162
0.18964076042175293
0.18614718317985535
0.18163622915744781
0.17609362304210663
0.16950377821922302
0.16185125708580017
0.15312406420707703
0.14332237839698792
0.1324600875377655
0.12057928740978241
0.10774149000644684
0.09403615444898605
0.07956480234861374
0.06444507092237473
0.048798661679029465
0.03275498002767563
0.016444267705082893
0.0
0.0
0.01780528575181961
0.035471174865961075
0.052858512848615646
0.06983181089162827
0.08625663816928864
0.1020064651966095
0.11695822328329086
0.13100329041481018
0.14404258131980896
0.15600144863128662
0.1668226569890976
0.17647787928581238
0.18495526909828186
0.19226039946079254
0.19840560853481293
0.20340654253959656
0.20727868378162384
0.21003468334674835
0.2116844356060028
0.21223363280296326
0.2116844356060028
0.21003468334674835
0.20727868378162384
0.20340654253959656
0.19840560853481293
0.19226039946079254
0.18495526909828186
0.17647787928581238
0.1668226569890976
0.15600144863128662
0.14404258131980896
0.13100329041481018
0.11695822328329086
0.1020064651966095
0.08625663816928864
0.06983181089162827
0.052858512848615646
0.035471174865961075
0.01780528575181961
0.0
0.0
0.019222890958189964
0.038298871368169785
0.057081472128629684
0.07542844861745834
0.09319904446601868
0.11026103049516678
0.1264856606721878
0.14175806939601898
0.15597151219844818
0.16904114186763763
0.18089736998081207
0.1914987564086914
0.2008214145898819
0.20886285603046417
0.21563051640987396
0.22113873064517975
0.225403293967247
0.22843816876411438
0.23025459051132202
0.23085923492908478
0.23025459051132202
0.22843816876411438
0.225403293967247
0.22113873064517975
0.21563051640987396
0.20886285603046417
0.2008214145898819
0.1914987564086914
0.18089736998081207
0.16904114186763763
0.15597151219844818
0.14175806939601898
0.1264856606721878
0.11026103049516678
0.09319904446601868
0.07542844861745834
0.057081472128629684
0.038298871368169785
0.019222890958189964
0.0
0.0
0.02070685476064682
0.04125751182436943
0.061496444046497345
0.08127310872077942
0.10043901205062866
0.11885524541139603
0.13638678193092346
0.15291287004947662
0.16832023859024048
0.18251611292362213
0.1954212784767151
0.2069832682609558
0.21716713905334473
0.22596165537834167
0.23336811363697052
0.23939825594425201
0.2440672516822815
0.2473898082971573
0.2493782490491867
0.25004011392593384
0.2493782490491867
0.2473898082971573
0.2440672516822815
0.23939825594425201
0.23336811363697052
0.22596165537834167
0.21716713905334473
0.2069832682609558
0.1954212784767151
0.18251611292362213
0.16832023859024048
0.15291287004947662
0.13638678193092346
0.11885524541139603
0.10043901205062866
0.08127310872077942
0.061496444046497345
0.04125751182436943
0.02070685476064682
0.0
0.0
0.022267604246735573
0.044367775321006775
0.06613405048847198
0.08740587532520294
0.10802554339170456
0.12784633040428162
0.14672626554965973
0.1645386815071106
0.1811644732952118
0.1965046226978302
0.21047259867191315
0.22300715744495392
0.23406410217285156
0.24362383782863617
0.2516811490058899
0.2582443356513977
0.26332706212997437
0.2669442594051361
0.26910898089408875
0.26982951164245605
0.26910898089408875
0.2669442594051361
0.26332706212997437
0.2582443356513977
0.2516811490058899
0.24362383782863617
0.23406410217285156
0.22300715744495392
0.21047259867191315
0.1965046226978302
0.1811644732952118
0.1645386815071106
0.14672626554965973
0.12784633040428162
0.10802554339170456
0.08740587532520294
0.06613405048847198
0.044367775321006775
0.022267604246735573
0.0
0.0
0.023916741833090782
0.04765256866812706
0.07102789729833603
0.09387029707431793
0.1160111352801323
0.1372947245836258
0.15757131576538086
0.1767081469297409
0.1945808231830597
0.21108537912368774
0.226129949092865
0.23964689671993256
0.2515850067138672
0.2619175910949707
0.27063339948654175
0.2777368128299713
0.283239483833313
0.2871560752391815
0.28950008749961853
0.290280282497406
0.28950008749961853
0.2871560752391815
0.283239483833313
0.2777368128299713
0.27063339948654175
0.2619175910949707
0.2515850067138672
0.23964689671993256
0.226129949092865
0.21108537912368774
0.1945808231830597
0.1767081469297409
0.15757131576538086
0.1372947245836258
0.1160111352801323
0.09387029707431793
0.07102789729833603
0.04765256866812706
0.023916741833090782
0.0
0.0
0.025667255744338036
0.05113748461008072
0.0762154832482338
0.10071472823619843
0.12445378303527832
0.14726665616035461
0.1689949333667755
0.18949958682060242
0.2086513191461563
0.2263423502445221
0.24247735738754272
0.2569846510887146
0.2698083817958832
0.28091663122177124
0.2902933955192566
0.2979394793510437
0.303864449262619
0.30808234214782715
0.31060683727264404
0.3114471435546875
0.31060683727264404
0.30808234214782715
0.303864449262619
0.2979394793510437
0.2902933955192566
0.28091663122177124
0.2698083817958832
0.2569846510887146
0.24247735738754272
0.2263423502445221
0.2086513191461563
0.18949958682060242
0.1689949333667755
0.14726665616035461
0.12445378303527832
0.10071472823619843
0.0762154832482338
0.05113748461008072
0.025667255744338036
0.0
0.0
0.0275341235101223
0.05485190823674202
0.08173946291208267
0.10799358785152435
0.13341787457466125
0.15783455967903137
0.18107566237449646
0.20299577713012695
0.22346115112304688
0.24236148595809937
0.25959980487823486
0.27510273456573486
0.288812518119812
0.3006943464279175
0.3107292652130127
0.3189154267311096
0.3252607583999634
0.3297787308692932
0.33248305320739746
0.3333832323551178
0.33248305320739746
0.3297787308692932
0.3252607583999634
0.3189154267311096
0.3107292652130127
0.3006943464279175
0.288812518119812
0.27510273456573486
0.25959980487823486
0.24236148595809937
0.22346115112304688
0.20299577713012695
0.18107566237449646
0.15783455967903137
0.13341787457466125
0.10799358785152435
0.08173946291208267
0.05485190823674202
0.0275341235101223
0.0
0.0
0.029534820467233658
0.058830078691244125
0.08764949440956116
0.11577008664608002
0.14297789335250854
0.16908171772956848
0.19390307366847992
0.21729016304016113
0.23910550773143768
0.2592376470565796
0.27759015560150146
0.2940903902053833
0.3086816966533661
0.3213289976119995
0.33201292157173157
0.34073057770729065
0.34748920798301697
0.35230204463005066
0.35518303513526917
0.3561420440673828
0.35518303513526917
0.35230204463005066
0.34748920798301697
0.34073057770729065
0.33201292157173157
0.3213289976119995
0.3086816966533661
0.2940903902053833
0.27759015560150146
0.2592376470565796
0.23910550773143768
0.21729016304016113
0.19390307366847992
0.16908171772956848
0.14297789335250854
0.11577008664608002
0.08764949440956116
0.058830078691244125
0.029534820467233658
0.0
0.0
0.031690143048763275
0.0631125345826149
0.0940038338303566
0.12411748617887497
0.15321891009807587
0.1811017096042633
0.20757606625556946
0.23248401284217834
0.2556854784488678
0.27706974744796753
0.2965433597564697
0.31403741240501404
0.3294995129108429
0.3428974449634552
0.3542144000530243
0.3634484112262726
0.3706076741218567
0.3757059872150421
0.37875792384147644
0.379773885011673
0.37875792384147644
0.3757059872150421
0.3706076741218567
0.3634484112262726
0.3542144000530243
0.3428974449634552
0.3294995129108429
0.31403741240501404
0.2965433597564697
0.27706974744796753
0.2556854784488678
0.23248401284217834
0.20757606625556946
0.1811017096042633
0.15321891009807587
0.12411748617887497
0.0940038338303566
0.0631125345826149
0.031690143048763275
0.0
0.0
0.03402525559067726
0.0677483081817627
0.10087288916110992
0.13312414288520813
0.16424322128295898
0.19400647282600403
0.22221200168132782
0.24869626760482788
0.273318350315094
0.2959706783294678
0.3165661096572876
0.335042804479599
0.35135650634765625
0.365481436252594
0.37740665674209595
0.3871338665485382
0.39467430114746094
0.4000434875488281
0.4032573997974396
0.40432724356651306
0.4032573997974396
0.4000434875488281
0.39467430114746094
0.3871338665485382
0.37740665674209595
0.365481436252594
0.35135650634765625
0.335042804479599
0.3165661096572876
0.2959706783294678
0.273318350315094
0.24869626760482788
0.22221200168132782
0.19400647282600403
0.16424322128295898
0.13312414288520813
0.10087288916110992
0.0677483081817627
0.03402525559067726
0.0
0.0
0.03657098859548569
0.07279708236455917
0.10834146291017532
0.14289507269859314
0.17617036402225494
0.20792442560195923
0.23794282972812653
0.2660578489303589
0.29213041067123413
0.3160594701766968
0.33776840567588806
0.3572064936161041
0.3743421733379364
0.38916006684303284
0.4016590714454651
0.41184762120246887
0.4197424352169037
0.42536234855651855
0.42872583866119385
0.42984539270401
0.42872583866119385
0.42536234855651855
0.4197424352169037
0.41184762120246887
0.4016590714454651
0.38916006684303284
0.3743421733379364
0.3572064936161041
0.33776840567588806
0.3160594701766968
0.29213041067123413
0.2660578489303589
0.23794282972812653
0.20792442560195923
0.17617036402225494
0.14289507269859314
0.10834146291017532
0.07279708236455917
0.03657098859548569
0.0
0.0
0.0393659733235836
0.07833361625671387
0.11651565879583359
0.15356136858463287
0.18914909660816193
0.22301442921161652
0.2549304664134979
0.28472766280174255
0.31227272748947144
0.33747589588165283
0.36027655005455017
0.3806404769420624
0.39855411648750305
0.4140171706676483
0.42704281210899353
0.4376497268676758
0.44586294889450073
0.4517067074775696
0.45520320534706116
0.4563668668270111
0.45520320534706116
0.4517067074775696
0.44586294889450073
0.4376497268676758
0.42704281210899353
0.4140171706676483
0.39855411648750305
0.3806404769420624
0.36027655005455017
0.33747589588165283
0.31227272748947144
0.28472766280174255
0.2549304664134979
0.22301442921161652
0.18914909660816193
0.15356136858463287
0.11651565879583359
0.07833361625671387
0.0393659733235836
0.0
0.0
0.04245886579155922
0.08445132523775101
0.12552639842033386
0.16528208553791046
0.2033563107252121
0.2394612431526184
0.27335894107818604
0.3048819303512573
0.3339087963104248
0.3603675067424774
0.38422074913978577
0.40545713901519775
0.4240875840187073
0.440132200717926
0.45362329483032227
0.4645935595035553
0.4730796813964844
0.47911328077316284
0.48272189497947693
0.4839225709438324
0.48272189497947693
0.47911328077316284
0.4730796813964844
0.4645935595035553
0.45362329483032227
0.440132200717926
0.4240875840187073
0.40545713901519775
0.38422074913978577
0.3603675067424774
0.3339087963104248
0.3048819303512573
0.27335894107818604
0.2394612431526184
0.2033563107252121
0.16528208553791046
0.12552639842033386
0.08445132523775101
0.04245886579155922
0.0
0.0
0.04591289907693863
0.09127149730920792
0.1355433315038681
0.17826271057128906
0.2190193235874176
0.257500559091568
0.29346033930778503
0.32673975825309753
0.3572382926940918
0.38491055369377136
0.4097523093223572
0.43178313970565796
0.4510461091995239
0.4675878584384918
0.4814651608467102
0.4927288293838501
0.5014303922653198
0.5076112747192383
0.5113059282302856
0.5125348567962646
0.5113059282302856
0.5076112747192383
0.5014303922653198
0.4927288293838501
0.4814651608467102
0.4675878584384918
0.4510461091995239
0.43178313970565796
0.4097523093223572
0.38491055369377136
0.3572382926940918
0.32673975825309753
0.29346033930778503
0.257500559091568
0.2190193235874176
0.17826271057128906
0.1355433315038681
0.09127149730920792
0.04591289907693863
0.0
0.0
0.04981008917093277
0.0989498421549797
0.1467805653810501
0.19275696575641632
0.2364118993282318
0.2774083614349365
0.3154989778995514
0.3505436182022095
0.3824758231639862
0.4112890958786011
0.43702465295791626
0.4597427546977997
0.47952771186828613
0.49645915627479553
0.5106239914894104
0.522095263004303
0.5309426188468933
0.5372195839881897
0.5409688949584961
0.5422155261039734
0.5409688949584961
0.5372195839881897
0.5309426188468933
0.522095263004303
0.5106239914894104
0.49645915627479553
0.47952771186828613
0.4597427546977997
0.43702465295791626
0.4112890958786011
0.3824758231639862
0.3505436182022095
0.3154989778995514
0.2774083614349365
0.2364118993282318
0.19275696575641632
0.1467805653810501
0.0989498421549797
0.04981008917093277
0.0
0.0
0.05426154285669327
0.10769692808389664
0.15952664613723755
0.2091047763824463
0.2558974027633667
0.29954659938812256
0.3398157060146332
0.3765997886657715
0.409885972738266
0.4397234618663788
0.4662151038646698
0.48947393894195557
0.5096356272697449
0.5268200039863586
0.5411496758460999
0.55272376537323
0.5616329312324524
0.5679446458816528
0.5717114210128784
0.5729632377624512
0.5717114210128784
0.5679446458816528
0.5616329312324524
0.55272376537323
0.5411496758460999
0.5268200039863586
0.5096356272697449
0.48947393894195557
0.4662151038646698
0.4397234618663788
0.409885972738266
0.3765997886657715
0.3398157060146332
0.29954659938812256
0.2558974027633667
0.2091047763824463
0.15952664613723755
0.10769692808389664
0.05426154285669327
0.0
0.0
0.05941641703248024
0.11779103428125381
0.17415407299995422
0.22773192822933197
0.2779161334037781
0.32433807849884033
0.3667948842048645
0.40524137020111084
0.4397464096546173
0.47043654322624207
0.49749627709388733
0.5211051106452942
0.5414606928825378
0.5587305426597595
0.5730776190757751
0.5846307277679443
0.5935035347938538
0.5997790694236755
0.603520393371582
0.6047630906105042
0.603520393371582
0.5997790694236755
0.5935035347938538
0.5846307277679443
0.5730776190757751
0.5587305426597595
0.5414606928825378
0.5211051106452942
0.49749627709388733
0.47043654322624207
0.4397464096546173
0.40524137020111084
0.3667948842048645
0.32433807849884033
0.2779161334037781
0.22773192822933197
0.17415407299995422
0.11779103428125381
0.05941641703248024
0.0
0.0
0.06548761576414108
0.12962912023067474
0.19118914008140564
0.24923327565193176
0.3030724823474884
0.35235100984573364
0.3969387114048004
0.43689000606536865
0.472395658493042
0.5036887526512146
0.531059741973877
0.5547698736190796
0.575089693069458
0.5922402739524841
0.6064289212226868
0.6178159713745117
0.6265390515327454
0.6326972246170044
0.6363642811775208
0.6375815272331238
0.6363642811775208
0.6326972246170044
0.6265390515327454
0.6178159713745117
0.6064289212226868
0.5922402739524841
0.575089693069458
0.5547698736190796
0.531059741973877
0.5036887526512146
0.472395658493042
0.43689000606536865
0.3969387114048004
0.35235100984573364
0.3030724823474884
0.24923327565193176
0.19118914008140564
0.12962912023067474
0.06548761576414108
0.0
0.0
0.07277407497167587
0.14375180006027222
0.21132700145244598
0.274359792470932
0.3320954442024231
0.3842371106147766
0.4307970404624939
0.4719855785369873
0.5081703662872314
0.5397260785102844
0.567075788974762
0.5905778408050537
0.6105844378471375
0.627375066280365
0.641202449798584
0.6522587537765503
0.660705029964447
0.6666557192802429
0.6701947450637817
0.6713686585426331
0.6701947450637817
0.6666557192802429
0.660705029964447
0.6522587537765503
0.641202449798584
0.627375066280365
0.6105844378471375
0.5905778408050537
0.567075788974762
0.5397260785102844
0.5081703662872314
0.4719855785369873
0.4307970404624939
0.3842371106147766
0.3320954442024231
0.274359792470932
0.21132700145244598
0.14375180006027222
0.07277407497167587
0.0
0.0
0.08173230290412903
0.16099482774734497
0.23561181128025055
0.30421513319015503
0.3660191297531128
0.42088523507118225
0.4690835773944855
0.5110690593719482
0.5474591851234436
0.5788120031356812
0.6057098507881165
0.628620445728302
0.6479821801185608
0.6641330718994141
0.6773689985275269
0.6879114508628845
0.6959415078163147
0.701586902141571
0.7049398422241211
0.706051230430603
0.7049398422241211
0.701586902141571
0.6959415078163147
0.6879114508628845
0.6773689985275269
0.6641330718994141
0.6479821801185608
0.628620445728302
0.6057098507881165
0.5788120031356812
0.5474591851234436
0.5110690593719482
0.4690835773944855
0.42088523507118225
0.3660191297531128
0.30421513319015503
0.23561181128025055
0.16099482774734497
0.08173230290412903
0.0
0.0
0.09304981678724289
0.18251900374889374
0.2654503583908081
0.34017980098724365
0.4060567021369934
0.46326500177383423
0.5125266313552856
0.5546545386314392
0.5906030535697937
0.6211555600166321
0.6470732092857361
0.6689397692680359
0.6872764229774475
0.7024752497673035
0.7148678302764893
0.7246991395950317
0.7321649193763733
0.7374022006988525
0.7405083775520325
0.7415372729301453
0.7405083775520325
0.7374022006988525
0.7321649193763733
0.7246991395950317
0.7148678302764893
0.7024752497673035
0.6872764229774475
0.6689397692680359
0.6470732092857361
0.6211555600166321
0.5906030535697937
0.5546545386314392
0.5125266313552856
0.46326500177383423
0.4060567021369934
0.34017980098724365
0.2654503583908081
0.18251900374889374
0.09304981678724289
0.0
0.0
0.10785792768001556
0.21039940416812897
0.30313098430633545
0.38440316915512085
0.4539572596549988
0.5126712918281555
0.5620107650756836
0.6033031344413757
0.6379257440567017
0.6669161319732666
0.6912158131599426
0.7115151882171631
0.7284029126167297
0.7423110008239746
0.7535936832427979
0.7625089287757874
0.7692589163780212
0.7739837765693665
0.7767822742462158
0.7777085304260254
0.7767822742462158
0.7739837765693665
0.7692589163780212
0.7625089287757874
0.7535936832427979
0.7423110008239746
0.7284029126167297
0.7115151882171631
0.6912158131599426
0.6669161319732666
0.6379257440567017
0.6033031344413757
0.5620107650756836
0.5126712918281555
0.4539572596549988
0.38440316915512085
0.30313098430633545
0.21039940416812897
0.10785792768001556
0.0
0.0
0.1281096637248993
0.24738889932632446
0.35175520181655884
0.4394279718399048
0.5116068720817566
0.5703474879264832
0.6182874441146851
0.657421350479126
0.6896030306816101
0.7161261439323425
0.7380826473236084
0.7562424540519714
0.7712311148643494
0.7834982872009277
0.7934008240699768
0.8011959195137024
0.807080864906311
0.8111918568611145
0.8136236071586609
0.8144279718399048
0.8136236071586609
0.8111918568611145
0.807080864906311
0.8011959195137024
0.7934008240699768
0.7834982872009277
0.7712311148643494
0.7562424540519714
0.7380826473236084
0.7161261439323425
0.6896030306816101
0.657421350479126
0.6182874441146851
0.5703474879264832
0.5116068720817566
0.4394279718399048
0.35175520181655884
0.24738889932632446
0.1281096637248993
0.0
0.0
0.15710964798927307
0.3001370131969452
0.4168047308921814
0.5093566179275513
0.5815259218215942
0.6376887559890747
0.6820079684257507
0.7172262668609619
0.7456099390983582
0.7686364054679871
0.7874679565429688
0.80289626121521
0.8155360817909241
0.8258212208747864
0.8340864181518555
0.8405701518058777
0.8454524874687195
0.8488568067550659
0.8508681654930115
0.851533055305481
0.8508681654930115
0.8488568067550659
0.8454524874687195
0.8405701518058777
0.8340864181518555
0.8258212208747864
0.8155360817909241
0.80289626121521
0.7874679565429688
0.7686364054679871
0.7456099390983582
0.7172262668609619
0.6820079684257507
0.6376887559890747
0.5815259218215942
0.5093566179275513
0.4168047308921814
0.3001370131969452
0.15710964798927307
0.0
0.0
0.2024623602628708
0.3752436339855194
0.5054327249526978
0.5981467962265015
0.6657568216323853
0.7154821157455444
0.7533066272735596
0.7825303673744202
0.8056231141090393
0.824081540107727
0.8390109539031982
0.8511399626731873
0.8610124588012695
0.8690060973167419
0.8754050731658936
0.8804102540016174
0.8841710090637207
0.8867892622947693
0.8883346915245056
0.8888452649116516
0.8883346915245056
0.8867892622947693
0.8841710090637207
0.8804102540016174
0.8754050731658936
0.8690060973167419
0.8610124588012695
0.8511399626731873
0.8390109539031982
0.824081540107727
0.8056231141090393
0.7825303673744202
0.7533066272735596
0.7154821157455444
0.6657568216323853
0.5981467962265015
0.5054327249526978
0.3752436339855194
0.2024623602628708
0.0
0.0
0.2749583125114441
0.5024911761283875
0.6293030977249146
0.7110604047775269
0.7654297947883606
0.8035606741905212
0.8314547538757324
0.8525176644325256
0.8688675165176392
0.8817813396453857
0.8921307325363159
0.900483250617981
0.9072468876838684
0.9127023220062256
0.9170564413070679
0.9204545617103577
0.9230035543441772
0.9247760772705078
0.9258215427398682
0.926166832447052
0.9258215427398682
0.9247760772705078
0.9230035543441772
0.9204545617103577
0.9170564413070679
0.9127023220062256
0.9072468876838684
0.900483250617981
0.8921307325363159
0.8817813396453857
0.8688675165176392
0.8525176644325256
0.8314547538757324
0.8035606741905212
0.7654297947883606
0.7110604047775269
0.6293030977249146
0.5024911761283875
0.2749583125114441
0.0
0.0
0.5233083367347717
0.6913011074066162
0.7975310683250427
0.8466653227806091
0.8790290355682373
0.8997833728790283
0.9147200584411621
0.92573082447052
0.9341914057731628
0.9408149719238281
0.9460934400558472
0.9503350257873535
0.9537588953971863
0.9565138220787048
0.9587085843086243
0.9604191780090332
0.961700975894928
0.9625917077064514
0.9631168246269226
0.9632902145385742
0.9631168246269226
0.9625917077064514
0.961700975894928
0.9604191780090332
0.9587085843086243
0.9565138220787048
0.9537588953971863
0.9503350257873535
0.9460934400558472
0.9408149719238281
0.9341914057731628
0.92573082447052
0.9147200584411621
0.8997833728790283
0.8790290355682373
0.8466653227806091
0.7975310683250427
0.6913011074066162
0.5233083367347717
0.0
1.0
1.0
1.0
1.0
1.0
1.0
1.0
1.0
1.0
1.0
1.0
1.0
1.0
1.0
1.0
1.0
1.0
1.0
1.0
1.0
1.0
1.0
1.0
1.0
1.0
1.0
1.0
1.0
1.0
1.0
1.0
1.0
1.0
1.0
1.0
1.0
1.0
1.0
1.0
1.0
1.0
