0.0
0.0
0.0
0.0
0.0
0.0
0.0
0.0
0.0
0.0
0.0
0.0
0.0
0.0
0.0
0.0
0.0
0.0
0.0
0.0
0.0
0.0
0.0
0.0
0.0
0.0
0.0
0.0
0.0
0.0
0.0
0.0
0.0
0.0
0.0
0.0
0.0
0.0
0.0
0.0
0.0
0.0
0.001859938958659768
0.0033874751534312963
0.0046785855665802956
0.005826765671372414
0.006873263046145439
0.007833174429833889
0.008716263808310032
0.009527742862701416
0.010270842351019382
0.010947424918413162
0.011558624915778637
0.012105066329240799
0.012587095610797405
0.013004866428673267
0.013358431868255138
0.013647787272930145
0.013872899115085602
0.014033730141818523
0.014130243100225925
0.014162417501211166
0.014130243100225925
0.014033730141818523
0.013872899115085602
0.013647787272930145
0.013358431868255138
0.013004866428673267
0.012587095610797405
0.012105066329240799
0.011558624915778637
0.010947424918413162
0.010270842351019382
0.009527742862701416
0.008716263808310032
0.007833174429833889
0.006873263046145439
0.005826765671372414
0.0046785855665802956
0.0033874751534312963
0.001859938958659768
0.0
0.0
0.0034031355753540993
0.006505296565592289
0.009172522462904453
0.011530074290931225
0.01366259902715683
0.01560922246426344
0.0173952616751194
0.019033240154385567
0.020531313493847847
0.021894004195928574
0.023124178871512413
0.024223433807492256
0.025192726403474808
0.02603253722190857
0.026743106544017792
0.02732452005147934
0.02777678146958351
0.028099866583943367
0.028293732553720474
0.02835835888981819
0.028293732553720474
0.028099866583943367
0.02777678146958351
0.02732452005147934
0.026743106544017792
0.02603253722190857
0.025192726403474808
0.024223433807492256
0.023124178871512413
0.021894004195928574
0.020531313493847847
0.019033240154385567
0.0173952616751194
0.01560922246426344
0.01366259902715683
0.011530074290931225
0.009172522462904453
0.006505296565592289
0.0034031355753540993
0.0
0.0
0.004737331531941891
0.009245685301721096
0.013341549783945084
0.017000840976834297
0.02028830163180828
0.023273268714547157
0.02600088343024254
0.028495032340288162
0.03077164851129055
0.03283939138054848
0.034704018384218216
0.036368776112794876
0.03783575817942619
0.039106111973524094
0.04018053412437439
0.04105938971042633
0.04174285754561424
0.04223102331161499
0.04252391681075096
0.04262154921889305
0.04252391681075096
0.04223102331161499
0.04174285754561424
0.04105938971042633
0.04018053412437439
0.039106111973524094
0.03783575817942619
0.036368776112794876
0.034704018384218216
0.03283939138054848
0.03077164851129055
0.028495032340288162
0.02600088343024254
0.023273268714547157
0.02028830163180828
0.017000840976834297
0.013341549783945084
0.009245685301721096
0.004737331531941891
0.0
0.0
0.005965040531009436
0.011750823818147182
0.017191259190440178
0.022178707644343376
0.026687974110245705
0.030776960775256157
0.034499701112508774
0.0378931388258934
0.04098305478692055
0.043784040957689285
0.046306245028972626
0.04855549708008766
0.05053577944636345
0.05224941670894623
0.05369795486330986
0.05488230660557747
0.055803053081035614
0.056460537016391754
0.056854959577322006
0.05698642507195473
0.056854959577322006
0.056460537016391754
0.055803053081035614
0.05488230660557747
0.05369795486330986
0.05224941670894623
0.05053577944636345
0.04855549708008766
0.046306245028972626
0.043784040957689285
0.04098305478692055
0.0378931388258934
0.034499701112508774
0.030776960775256157
0.026687974110245705
0.022178707644343376
0.017191259190440178
0.011750823818147182
0.005965040531009436
0.0
0.0
0.007136807776987553
0.014123139902949333
0.020811254158616066
0.027076322585344315
0.03283613920211792
0.03808880224823952
0.042866628617048264
0.047212399542331696
0.05115974694490433
0.05473055690526962
0.057940591126680374
0.06079931557178497
0.06331349164247513
0.06548722088336945
0.06732343137264252
0.0688239187002182
0.06998997181653976
0.07082236558198929
0.07132162898778915
0.07148801535367966
0.07132162898778915
0.07082236558198929
0.06998997181653976
0.0688239187002182
0.06732343137264252
0.06548722088336945
0.06331349164247513
0.06079931557178497
0.057940591126680374
0.05473055690526962
0.05115974694490433
0.047212399542331696
0.042866628617048264
0.03808880224823952
0.03283613920211792
0.027076322585344315
0.020811254158616066
0.014123139902949333
0.007136807776987553
0.0
0.0
0.008276181295514107
0.01641855388879776
0.024294143542647362
0.03177960589528084
0.038769979029893875
0.045211855322122574
0.051094286143779755
0.05644656717777252
0.06130094453692436
0.06568475812673569
0.06961915642023087
0.07311791181564331
0.07619132101535797
0.07884592562913895
0.08108656853437424
0.08291638642549515
0.08433768153190613
0.08535191416740417
0.08596010506153107
0.08616276830434799
0.08596010506153107
0.08535191416740417
0.08433768153190613
0.08291638642549515
0.08108656853437424
0.07884592562913895
0.07619132101535797
0.07311791181564331
0.06961915642023087
0.06568475812673569
0.06130094453692436
0.05644656717777252
0.051094286143779755
0.045211855322122574
0.038769979029893875
0.03177960589528084
0.024294143542647362
0.01641855388879776
0.008276181295514107
0.0
0.0
0.009401400573551655
0.018679028376936913
0.027708951383829117
0.036371923983097076
0.04455656558275223
0.05218164995312691
0.05919772386550903
0.06560303270816803
0.07141426205635071
0.07665795832872391
0.08135781437158585
0.08553175628185272
0.08919387310743332
0.09235366433858871
0.09501844644546509
0.09719310700893402
0.09888134896755219
0.10008559376001358
0.10080753266811371
0.1010480746626854
0.10080753266811371
0.10008559376001358
0.09888134896755219
0.09719310700893402
0.09501844644546509
0.09235366433858871
0.08919387310743332
0.08553175628185272
0.08135781437158585
0.07665795832872391
0.07141426205635071
0.06560303270816803
0.05919772386550903
0.05218164995312691
0.04455656558275223
0.036371923983097076
0.027708951383829117
0.018679028376936913
0.009401400573551655
0.0
0.0
0.010525580495595932
0.02093280479311943
0.031102977693080902
0.040920380502939224
0.05027270317077637
0.05906505137681961
0.06722225248813629
0.07471033930778503
0.08152078837156296
0.08766990900039673
0.09317813068628311
0.09806548804044724
0.10234907269477844
0.10604143887758255
0.10915268957614899
0.11168985813856125
0.11365839838981628
0.11506197601556778
0.11590318381786346
0.11618342250585556
0.11590318381786346
0.11506197601556778
0.11365839838981628
0.11168985813856125
0.10915268957614899
0.10604143887758255
0.10234907269477844
0.09806548804044724
0.09317813068628311
0.08766990900039673
0.08152078837156296
0.07471033930778503
0.06722225248813629
0.05906505137681961
0.05027270317077637
0.040920380502939224
0.031102977693080902
0.02093280479311943
0.010525580495595932
0.0
0.0
0.011659996584057808
0.02320401929318905
0.03451572358608246
0.045481059700250626
0.05598727613687515
0.06593278795480728
0.07522769272327423
0.08381327241659164
0.09165473282337189
0.09874976426362991
0.10510831326246262
0.1107485368847847
0.11568837612867355
0.11994294822216034
0.12352507561445236
0.12644416093826294
0.12870773673057556
0.1303209811449051
0.1312875598669052
0.1316094994544983
0.1312875598669052
0.1303209811449051
0.12870773673057556
0.12644416093826294
0.12352507561445236
0.11994294822216034
0.11568837612867355
0.1107485368847847
0.10510831326246262
0.09874976426362991
0.09165473282337189
0.08381327241659164
0.07522769272327423
0.06593278795480728
0.05598727613687515
0.045481059700250626
0.03451572358608246
0.02320401929318905
0.011659996584057808
0.0
0.0
0.012814287096261978
0.025512635707855225
0.03797879070043564
0.05009865388274193
0.0617586113512516
0.07285311073064804
0.08328349143266678
0.09297382831573486
0.1018671914935112
0.10994003713130951
0.11718636006116867
0.12361747026443481
0.129248708486557
0.13409629464149475
0.1381751149892807
0.14149689674377441
0.14407135546207428
0.14590536057949066
0.1470039039850235
0.14736974239349365
0.1470039039850235
0.14590536057949066
0.14407135546207428
0.14149689674377441
0.1381751149892807
0.13409629464149475
0.129248708486557
0.12361747026443481
0.11718636006116867
0.10994003713130951
0.1018671914935112
0.09297382831573486
0.08328349143266678
0.07285311073064804
0.0617586113512516
0.05009865388274193
0.03797879070043564
0.025512635707855225
0.012814287096261978
0.0
0.0
0.013997606933116913
0.02787744253873825
0.04152151197195053
0.054814066737890244
0.0676395371556282
0.07988902181386948
0.09145782142877579
0.10225849598646164
0.1122177392244339
0.121292345225811
0.1294582039117813
0.13671503961086273
0.14307169616222382
0.14854317903518677
0.15314508974552155
0.15689106285572052
0.1597929447889328
0.161859393119812
0.1630968302488327
0.16350887715816498
0.1630968302488327
0.161859393119812
0.1597929447889328
0.15689106285572052
0.15314508974552155
0.14854317903518677
0.14307169616222382
0.13671503961086273
0.1294582039117813
0.121292345225811
0.1122177392244339
0.10225849598646164
0.09145782142877579
0.07988902181386948
0.0676395371556282
0.054814066737890244
0.04152151197195053
0.02787744253873825
0.013997606933116913
0.0
0.0
0.015218601562082767
0.030315957963466644
0.04517071694135666
0.05966402217745781
0.07367721945047379
0.08709787577390671
0.09981639683246613
0.11173714697360992
0.12277477234601974
0.13286979496479034
0.14198070764541626
0.15009327232837677
0.1572064459323883
0.1633313149213791
0.1684822291135788
0.17267397046089172
0.1759200245141983
0.17823082208633423
0.17961427569389343
0.18007487058639526
0.17961427569389343
0.17823082208633423
0.1759200245141983
0.17267397046089172
0.1684822291135788
0.1633313149213791
0.1572064459323883
0.15009327232837677
0.14198070764541626
0.13286979496479034
0.12277477234601974
0.11173714697360992
0.09981639683246613
0.08709787577390671
0.07367721945047379
0.05966402217745781
0.04517071694135666
0.030315957963466644
0.015218601562082767
0.0
0.0
0.01648607850074768
0.03284590318799019
0.04895324259996414
0.06468476355075836
0.07991750538349152
0.09453488886356354
0.10842254757881165
0.12147839367389679
0.13360810279846191
0.14473950862884521
0.15481624007225037
0.163809671998024
0.17170685529708862
0.17851221561431885
0.1842368096113205
0.18889521062374115
0.19250190258026123
0.1950688660144806
0.196605384349823
0.197116881608963
0.196605384349823
0.1950688660144806
0.19250190258026123
0.18889521062374115
0.1842368096113205
0.17851221561431885
0.17170685529708862
0.163809671998024
0.15481624007225037
0.14473950862884521
0.13360810279846191
0.12147839367389679
0.10842254757881165
0.09453488886356354
0.07991750538349152
0.06468476355075836
0.04895324259996414
0.03284590318799019
0.01648607850074768
0.0
0.0
0.017808975651860237
0.0354851558804512
0.052895937114953995
0.06991211324930191
0.0864052101969719
0.10225366801023483
0.11733810603618622
0.13155081868171692
0.14479030668735504
0.1569746732711792
0.1680353581905365
0.17793051898479462
0.1866348832845688
0.19414444267749786
0.20046494901180267
0.20560936629772186
0.20959222316741943
0.2124265879392624
0.2141229659318924
0.21468764543533325
0.2141229659318924
0.2124265879392624
0.20959222316741943
0.20560936629772186
0.20046494901180267
0.19414444267749786
0.1866348832845688
0.17793051898479462
0.1680353581905365
0.1569746732711792
0.14479030668735504
0.13155081868171692
0.11733810603618622
0.10225366801023483
0.0864052101969719
0.06991211324930191
0.052895937114953995
0.0354851558804512
0.017808975651860237
0.0
0.0
0.0191968884319067
0.0382528118789196
0.057027190923690796
0.07538352161645889
0.09318651258945465
0.1103086993098259
0.12662512063980103
0.1420227289199829
0.15639398992061615
0.16964936256408691
0.18171080946922302
0.1925252377986908
0.20205596089363098
0.21028967201709747
0.21722537279129028
0.2228730171918869
0.22724610567092896
0.23035819828510284
0.23222069442272186
0.2328406423330307
0.23222069442272186
0.23035819828510284
0.22724610567092896
0.2228730171918869
0.21722537279129028
0.21028967201709747
0.20205596089363098
0.1925252377986908
0.18171080946922302
0.16964936256408691
0.15639398992061615
0.1420227289199829
0.12662512063980103
0.1103086993098259
0.09318651258945465
0.07538352161645889
0.057027190923690796
0.0382528118789196
0.0191968884319067
0.0
0.0
0.020660115405917168
0.04116930440068245
0.06137727573513985
0.08113866299390793
0.10030995309352875
0.1187567487359047
0.13634784519672394
0.15296481549739838
0.16849470138549805
0.182841956615448
0.19592119753360748
0.20767037570476532
0.21804295480251312
0.2270165979862213
0.2345830351114273
0.2407480627298355
0.24552319943904877
0.24892181158065796
0.25095582008361816
0.2516328692436218
0.25095582008361816
0.24892181158065796
0.24552319943904877
0.2407480627298355
0.2345830351114273
0.2270165979862213
0.21804295480251312
0.20767037570476532
0.19592119753360748
0.182841956615448
0.16849470138549805
0.15296481549739838
0.13634784519672394
0.1187567487359047
0.10030995309352875
0.08113866299390793
0.06137727573513985
0.04116930440068245
0.020660115405917168
0.0
0.0
0.022210178896784782
0.04425738379359245
0.06597961485385895
0.08722086995840073
0.10782786458730698
0.1276581585407257
0.1465734988451004
0.16444993019104004
0.1811695098876953
0.19663187861442566
0.21074624359607697
0.22344385087490082
0.23467043042182922
0.24439571797847748
0.2526043951511383
0.25929754972457886
0.26448386907577515
0.26817595958709717
0.27038583159446716
0.27112141251564026
0.27038583159446716
0.26817595958709717
0.26448386907577515
0.25929754972457886
0.2526043951511383
0.24439571797847748
0.23467043042182922
0.22344385087490082
0.21074624359607697
0.19663187861442566
0.1811695098876953
0.16444993019104004
0.1465734988451004
0.1276581585407257
0.10782786458730698
0.08722086995840073
0.06597961485385895
0.04425738379359245
0.022210178896784782
0.0
0.0
0.023860029876232147
0.04754260554909706
0.07087167352437973
0.0936785414814949
0.11579840630292892
0.13707949221134186
0.15737569332122803
0.1765572875738144
0.19450168311595917
0.21110478043556213
0.2262720912694931
0.23993031680583954
0.25201982259750366
0.2625041604042053
0.27136194705963135
0.2785896062850952
0.2841927707195282
0.28818279504776
0.29057127237319946
0.2913663685321808
0.29057127237319946
0.28818279504776
0.2841927707195282
0.2785896062850952
0.27136194705963135
0.2625041604042053
0.25201982259750366
0.23993031680583954
0.2262720912694931
0.21110478043556213
0.19450168311595917
0.1765572875738144
0.15737569332122803
0.13707949221134186
0.11579840630292892
0.0936785414814949
0.07087167352437973
0.04754260554909706
0.023860029876232147
0.0
0.0
0.02562466822564602
0.05105440691113472
0.07609624415636063
0.10056640207767487
0.1242864653468132
0.1470939815044403
0.16883409023284912
0.18937115371227264
0.20857837796211243
0.22634901106357574
0.24258659780025482
0.2572155296802521
0.2701733708381653
0.2814195156097412
0.2909283936023712
0.29869237542152405
0.3047142028808594
0.30900368094444275
0.3115718364715576
0.3124268352985382
0.3115718364715576
0.30900368094444275
0.3047142028808594
0.29869237542152405
0.2909283936023712
0.2814195156097412
0.2701733708381653
0.2572155296802521
0.24258659780025482
0.22634901106357574
0.20857837796211243
0.18937115371227264
0.16883409023284912
0.1470939815044403
0.1242864653468132
0.10056640207767487
0.07609624415636063
0.05105440691113472
0.02562466822564602
0.0
0.0
0.027521640062332153
0.05482720956206322
0.08170332759618759
0.10794821381568909
0.1333674043416977
0.15778620541095734
0.18104006350040436
0.20298737287521362
0.22349774837493896
0.24246306717395782
0.2597868740558624
0.2753935754299164
0.2892206311225891
0.30122601985931396
0.3113820552825928
0.31967851519584656
0.3261159360408783
0.3307027518749237
0.33344942331314087
0.3343638777732849
0.33344942331314087
0.3307027518749237
0.3261159360408783
0.31967851519584656
0.3113820552825928
0.30122601985931396
0.2892206311225891
0.2753935754299164
0.2597868740558624
0.24246306717395782
0.22349774837493896
0.20298737287521362
0.18104006350040436
0.15778620541095734
0.1333674043416977
0.10794821381568909
0.08170332759618759
0.05482720956206322
0.027521640062332153
0.0
0.0
0.029571879655122757
0.05890185385942459
0.08775173872709274
0.11589812487363815
0.14312763512134552
0.16925157606601715
0.1940949410200119
0.21751029789447784
0.23936469852924347
0.2595503330230713
0.27797308564186096
0.294560045003891
0.30925172567367554
0.3220074474811554
0.3328002393245697
0.3416191637516022
0.34846386313438416
0.3533419668674469
0.35626348853111267
0.35723623633384705
0.35626348853111267
0.3533419668674469
0.34846386313438416
0.3416191637516022
0.3328002393245697
0.3220074474811554
0.30925172567367554
0.294560045003891
0.27797308564186096
0.2595503330230713
0.23936469852924347
0.21751029789447784
0.1940949410200119
0.16925157606601715
0.14312763512134552
0.11589812487363815
0.08775173872709274
0.05890185385942459
0.029571879655122757
0.0
0.0
0.03180075064301491
0.06332782655954361
0.09431266039609909
0.12450575083494186
0.1536712795495987
0.18160462379455566
0.2081194669008255
0.23306317627429962
0.2563017010688782
0.27772989869117737
0.2972589433193207
0.31482183933258057
0.33036568760871887
0.34385454654693604
0.3552654981613159
0.3645891547203064
0.37182626128196716
0.37698450684547424
0.38007405400276184
0.3811028301715851
0.38007405400276184
0.37698450684547424
0.37182626128196716
0.3645891547203064
0.3552654981613159
0.34385454654693604
0.33036568760871887
0.31482183933258057
0.2972589433193207
0.27772989869117737
0.2563017010688782
0.23306317627429962
0.2081194669008255
0.18160462379455566
0.1536712795495987
0.12450575083494186
0.09431266039609909
0.06332782655954361
0.03180075064301491
0.0
0.0
0.03423937037587166
0.06816544383764267
0.10147198289632797
0.13387775421142578
0.16512028872966766
0.19497700035572052
0.2232498675584793
0.24978218972682953
0.2744414210319519
0.2971280813217163
0.31776267290115356
0.33628788590431213
0.35266178846359253
0.3668568730354309
0.37885791063308716
0.38866016268730164
0.3962676525115967
0.4016895890235901
0.4049370586872101
0.4060184061527252
0.4049370586872101
0.4016895890235901
0.3962676525115967
0.38866016268730164
0.37885791063308716
0.3668568730354309
0.35266178846359253
0.33628788590431213
0.31776267290115356
0.2971280813217163
0.2744414210319519
0.24978218972682953
0.2232498675584793
0.19497700035572052
0.16512028872966766
0.13387775421142578
0.10147198289632797
0.06816544383764267
0.03423937037587166
0.0
0.0
0.03692672401666641
0.07349023967981339
0.1093372032046318
0.14414744079113007
0.1776265650987625
0.20953191816806793
0.23965367674827576
0.26783326268196106
0.29394325613975525
0.3178943395614624
0.33962148427963257
0.35908207297325134
0.3762502074241638
0.3911113142967224
0.40366223454475403
0.4139060378074646
0.42185288667678833
0.42751526832580566
0.43090635538101196
0.43203550577163696
0.43090635538101196
0.42751526832580566
0.42185288667678833
0.4139060378074646
0.40366223454475403
0.3911113142967224
0.3762502074241638
0.35908207297325134
0.33962148427963257
0.3178943395614624
0.29394325613975525
0.26783326268196106
0.23965367674827576
0.20953191816806793
0.1776265650987625
0.14414744079113007
0.1093372032046318
0.07349023967981339
0.03692672401666641
0.0
0.0
0.039911944419145584
0.07939670979976654
0.1180410236120224
0.15547659993171692
0.19137097895145416
0.22545947134494781
0.25752171874046326
0.28740090131759644
0.31498050689697266
0.34018731117248535
0.3629778027534485
0.38333001732826233
0.4012402594089508
0.41671204566955566
0.42975884675979614
0.44039538502693176
0.44864097237586975
0.45451346039772034
0.458029568195343
0.4592001736164093
0.458029568195343
0.45451346039772034
0.44864097237586975
0.44039538502693176
0.42975884675979614
0.41671204566955566
0.4012402594089508
0.38333001732826233
0.3629778027534485
0.34018731117248535
0.31498050689697266
0.28740090131759644
0.25752171874046326
0.22545947134494781
0.19137097895145416
0.15547659993171692
0.1180410236120224
0.07939670979976654
0.039911944419145584
0.0
0.0
0.04325881972908974
0.08600737899541855
0.12775535881519318
0.16807428002357483
0.20658601820468903
0.24300236999988556
0.27709513902664185
0.3087153434753418
0.33776578307151794
0.3641979992389679
0.38799911737442017
0.4091755747795105
0.4277534782886505
0.44376006722450256
0.45723098516464233
0.4681963622570038
0.4766881465911865
0.4827316999435425
0.48634883761405945
0.48755285143852234
0.48634883761405945
0.4827316999435425
0.4766881465911865
0.4681963622570038
0.45723098516464233
0.44376006722450256
0.4277534782886505
0.4091755747795105
0.38799911737442017
0.3641979992389679
0.33776578307151794
0.3087153434753418
0.27709513902664185
0.24300236999988556
0.20658601820468903
0.16807428002357483
0.12775535881519318
0.08600737899541855
0.04325881972908974
0.0
0.0
0.047050077468156815
0.09347956627607346
0.13869711756706238
0.18219858407974243
0.22355172038078308
0.2624450623989105
0.29864898324012756
0.33203187584877014
0.36252865195274353
0.3901270031929016
0.4148567318916321
0.43676209449768066
0.4559074640274048
0.47235050797462463
0.48615434765815735
0.4973689019680023
0.5060418248176575
0.5122085213661194
0.5158973336219788
0.5171248912811279
0.5158973336219788
0.5122085213661194
0.5060418248176575
0.4973689019680023
0.48615434765815735
0.47235050797462463
0.4559074640274048
0.43676209449768066
0.4148567318916321
0.3901270031929016
0.36252865195274353
0.33203187584877014
0.29864898324012756
0.2624450623989105
0.22355172038078308
0.18219858407974243
0.13869711756706238
0.09347956627607346
0.047050077468156815
0.0
0.0
0.05139763280749321
0.10202576965093613
0.1511583775281906
0.1981951743364334
0.2426399290561676
0.2841609716415405
0.3225386142730713
0.35767433047294617
0.38955366611480713
0.4182167053222656
0.44375157356262207
0.4662518799304962
0.4858303964138031
0.5025821328163147
0.516603410243988
0.5279679298400879
0.5367421507835388
0.5429733991622925
0.546698272228241
0.5479373335838318
0.546698272228241
0.5429733991622925
0.5367421507835388
0.5279679298400879
0.516603410243988
0.5025821328163147
0.4858303964138031
0.4662518799304962
0.44375157356262207
0.4182167053222656
0.38955366611480713
0.35767433047294617
0.3225386142730713
0.2841609716415405
0.2426399290561676
0.1981951743364334
0.1511583775281906
0.10202576965093613
0.05139763280749321
0.0
0.0
0.05645165592432022
0.11192663013935089
0.1655159741640091
0.2164967656135559
0.26430097222328186
0.30858635902404785
0.34916526079177856
0.38599568605422974
0.41914111375808716
0.4487146735191345
0.4748822748661041
0.49780014157295227
0.517640233039856
0.5345419645309448
0.5486401915550232
0.5600357055664062
0.5688164234161377
0.5750434994697571
0.5787627696990967
0.5799993872642517
0.5787627696990967
0.5750434994697571
0.5688164234161377
0.5600357055664062
0.5486401915550232
0.5345419645309448
0.517640233039856
0.49780014157295227
0.4748822748661041
0.4487146735191345
0.41914111375808716
0.38599568605422974
0.34916526079177856
0.30858635902404785
0.26430097222328186
0.2164967656135559
0.1655159741640091
0.11192663013935089
0.05645165592432022
0.0
0.0
0.06242615357041359
0.12358199805021286
0.18230196833610535
0.23770800232887268
0.2891538143157959
0.3363089859485626
0.379055380821228
0.4174458384513855
0.4516606628894806
0.48191437125205994
0.5084744691848755
0.5315747857093811
0.5514572858810425
0.5683123469352722
0.5823171138763428
0.5936022400856018
0.6022783517837524
0.608421266078949
0.6120866537094116
0.6133047342300415
0.6120866537094116
0.608421266078949
0.6022783517837524
0.5936022400856018
0.5823171138763428
0.5683123469352722
0.5514572858810425
0.5315747857093811
0.5084744691848755
0.48191437125205994
0.4516606628894806
0.4174458384513855
0.379055380821228
0.3363089859485626
0.2891538143157959
0.23770800232887268
0.18230196833610535
0.12358199805021286
0.06242615357041359
0.0
0.0
0.06962147355079651
0.13753606379032135
0.2022184580564499
0.26259133219718933
0.3179442584514618
0.36800286173820496
0.41278621554374695
0.45249614119529724
0.4874836504459381
0.5180982351303101
0.5447356104850769
0.5677223801612854
0.5873797535896301
0.603954017162323
0.6176665425300598
0.6286789178848267
0.6371241807937622
0.643092930316925
0.6466505527496338
0.6478320956230164
0.6466505527496338
0.643092930316925
0.6371241807937622
0.6286789178848267
0.6176665425300598
0.603954017162323
0.5873797535896301
0.5677223801612854
0.5447356104850769
0.5180982351303101
0.4874836504459381
0.45249614119529724
0.41278621554374695
0.36800286173820496
0.3179442584514618
0.26259133219718933
0.2022184580564499
0.13753606379032135
0.06962147355079651
0.0
0.0
0.0784955844283104
0.15462929010391235
0.226320281624794
0.29226893186569214
0.3517337143421173
0.40459221601486206
0.45111340284347534
0.49173396825790405
0.527047336101532
0.5575790405273438
0.5838796496391296
0.6063811779022217
0.6254890561103821
0.6415067911148071
0.6546984314918518
0.6652543544769287
0.673328161239624
0.6790234446525574
0.6824140548706055
0.6835395097732544
0.6824140548706055
0.6790234446525574
0.673328161239624
0.6652543544769287
0.6546984314918518
0.6415067911148071
0.6254890561103821
0.6063811779022217
0.5838796496391296
0.5575790405273438
0.527047336101532
0.49173396825790405
0.45111340284347534
0.40459221601486206
0.3517337143421173
0.29226893186569214
0.226320281624794
0.15462929010391235
0.0784955844283104
0.0
0.0
0.08973801881074905
0.1760285645723343
0.25602656602859497
0.32814282178878784
0.39176660776138306
0.44708681106567383
0.4948124289512634
0.5357251763343811
0.5707466006278992
0.6006197333335876
0.6260702013969421
0.6476430892944336
0.6658257842063904
0.6809753775596619
0.6933925151824951
0.7032917737960815
0.7108424305915833
0.7161582708358765
0.7193190455436707
0.7203674912452698
0.7193190455436707
0.7161582708358765
0.7108424305915833
0.7032917737960815
0.6933925151824951
0.6809753775596619
0.6658257842063904
0.6476430892944336
0.6260702013969421
0.6006197333335876
0.5707466006278992
0.5357251763343811
0.4948124289512634
0.44708681106567383
0.39176660776138306
0.32814282178878784
0.25602656602859497
0.1760285645723343
0.08973801881074905
0.0
0.0
0.10448227822780609
0.2038184404373169
0.293651282787323
0.3724043369293213
0.4398503005504608
0.49685099720954895
0.5448437333106995
0.5851081013679504
0.6189805865287781
0.6474512219429016
0.6714236736297607
0.691548228263855
0.7083805203437805
0.7223191261291504
0.7336889505386353
0.7427197098731995
0.7495890259742737
0.7544156908988953
0.7572821974754333
0.7582324147224426
0.7572821974754333
0.7544156908988953
0.7495890259742737
0.7427197098731995
0.7336889505386353
0.7223191261291504
0.7083805203437805
0.691548228263855
0.6714236736297607
0.6474512219429016
0.6189805865287781
0.5851081013679504
0.5448437333106995
0.49685099720954895
0.4398503005504608
0.3724043369293213
0.293651282787323
0.2038184404373169
0.10448227822780609
0.0
0.0
0.12468472123146057
0.24076664447784424
0.3423229157924652
0.4276452362537384
0.4979378879070282
0.5552082657814026
0.6020448803901672
0.6403761506080627
0.6720084547996521
0.698183536529541
0.719955563545227
0.7380561828613281
0.7530802488327026
0.7654472589492798
0.7754881978034973
0.7834352850914001
0.7894643545150757
0.7936927676200867
0.7962010502815247
0.7970319390296936
0.7962010502815247
0.7936927676200867
0.7894643545150757
0.7834352850914001
0.7754881978034973
0.7654472589492798
0.7530802488327026
0.7380561828613281
0.719955563545227
0.698183536529541
0.6720084547996521
0.6403761506080627
0.6020448803901672
0.5552082657814026
0.4979378879070282
0.4276452362537384
0.3423229157924652
0.24076664447784424
0.12468472123146057
0.0
0.0
0.15365692973136902
0.29355090856552124
0.40761134028434753
0.4980846643447876
0.5686905980110168
0.6236975789070129
0.6672046780586243
0.7018715143203735
0.729915976524353
0.752764105796814
0.7715440392494202
0.7870138883590698
0.799762487411499
0.8101987838745117
0.818635880947113
0.8252921104431152
0.8303298354148865
0.8338570594787598
0.8359471559524536
0.8366391658782959
0.8359471559524536
0.8338570594787598
0.8303298354148865
0.8252921104431152
0.818635880947113
0.8101987838745117
0.799762487411499
0.7870138883590698
0.7715440392494202
0.752764105796814
0.729915976524353
0.7018715143203735
0.6672046780586243
0.6236975789070129
0.5686905980110168
0.4980846643447876
0.40761134028434753
0.29355090856552124
0.15365692973136902
0.0
0.0
0.19900394976139069
0.36883023381233215
0.4967482089996338
0.5878301858901978
0.6543198823928833
0.7032800912857056
0.7406160235404968
0.7695472240447998
0.7925003170967102
0.8109299540519714
0.8259146809577942
0.8381580710411072
0.8481846451759338
0.8563538789749146
0.8629341125488281
0.8681113123893738
0.8720217347145081
0.8747557997703552
0.8763744831085205
0.8769101500511169
0.8763744831085205
0.8747557997703552
0.8720217347145081
0.8681113123893738
0.8629341125488281
0.8563538789749146
0.8481846451759338
0.8381580710411072
0.8259146809577942
0.8109299540519714
0.7925003170967102
0.7695472240447998
0.7406160235404968
0.7032800912857056
0.6543198823928833
0.5878301858901978
0.4967482089996338
0.36883023381233215
0.19900394976139069
0.0
0.0
0.27162620425224304
0.4965314567089081
0.6217948794364929
0.7025156617164612
0.7562957406044006
0.7940656542778015
0.8217728137969971
0.8427637815475464
0.8591263294219971
0.8721123933792114
0.8825765252113342
0.8910717964172363
0.897994339466095
0.9036138653755188
0.9081275463104248
0.9116714596748352
0.9143440127372742
0.9162105917930603
0.9173149466514587
0.9176802635192871
0.9173149466514587
0.9162105917930603
0.9143440127372742
0.9116714596748352
0.9081275463104248
0.9036138653755188
0.897994339466095
0.8910717964172363
0.8825765252113342
0.8721123933792114
0.8591263294219971
0.8427637815475464
0.8217728137969971
0.7940656542778015
0.7562957406044006
0.7025156617164612
0.6217948794364929
0.4965314567089081
0.27162620425224304
0.0
0.0
0.5198996067047119
0.6865479946136475
0.7924503087997437
0.8412456512451172
0.8735319375991821
0.8942313194274902
0.9091876149177551
0.9202466011047363
0.9287832379341125
0.9354991912841797
0.9408813714981079
0.9452325701713562
0.948767364025116
0.951630175113678
0.953925609588623
0.9557255506515503
0.95708167552948
0.9580281376838684
0.9585878849029541
0.9587730169296265
0.9585878849029541
0.9580281376838684
0.95708167552948
0.9557255506515503
0.953925609588623
0.951630175113678
0.948767364025116
0.9452325701713562
0.9408813714981079
0.9354991912841797
0.9287832379341125
0.9202466011047363
0.9091876149177551
0.8942313194274902
0.8735319375991821
0.8412456512451172
0.7924503087997437
0.6865479946136475
0.5198996067047119
0.0
1.0
1.0
1.0
1.0
1.0
1.0
1.0
1.0
1.0
1.0
1.0
1.0
1.0
1.0
1.0
1.0
1.0
1.0
1.0
1.0
1.0
1.0
1.0
1.0
1.0
1.0
1.0
1.0
1.0
1.0
1.0
1.0
1.0
1.0
1.0
1.0
1.0
1.0
1.0
1.0
1.0
