0.0
0.0
0.0
0.0
0.0
0.0
0.0
0.0
0.0
0.0
0.0
0.0
0.0
0.0
0.0
0.0
0.0
0.0
0.0
0.0
0.0
0.0
0.0
0.0
0.0
0.0
0.0
0.0
0.0
0.0
0.0
0.0
0.0
0.0
0.0
0.0
0.0
0.0
0.0
0.0
0.0
0.0
0.0017198408022522926
0.0032657121773809195
0.004651620518416166
0.005916399881243706
0.007082649040967226
0.008160972967743874
0.009158294647932053
0.010078344494104385
0.010923403315246105
0.011694670654833317
0.012392771430313587
0.0130179263651371
0.013570139184594154
0.014049285091459751
0.014455175027251244
0.01478760875761509
0.015046389773488045
0.01523135881870985
0.015342389233410358
0.015379409305751324
0.015342389233410358
0.01523135881870985
0.015046389773488045
0.01478760875761509
0.014455175027251244
0.014049285091459751
0.013570139184594154
0.0130179263651371
0.012392771430313587
0.011694670654833317
0.010923403315246105
0.010078344494104385
0.009158294647932053
0.008160972967743874
0.007082649040967226
0.005916399881243706
0.004651620518416166
0.0032657121773809195
0.0017198408022522926
0.0
0.0
0.003282342106103897
0.006368743721395731
0.009175863116979599
0.011740773916244507
0.01410023495554924
0.01627756468951702
0.01828848198056221
0.020141515880823135
0.02184215933084488
0.02339332364499569
0.024796662852168083
0.02605287730693817
0.027162181213498116
0.02812446467578411
0.028939466923475266
0.029606865718960762
0.030126338824629784
0.030497608706355095
0.030720457434654236
0.03079475648701191
0.030720457434654236
0.030497608706355095
0.030126338824629784
0.029606865718960762
0.028939466923475266
0.02812446467578411
0.027162181213498116
0.02605287730693817
0.024796662852168083
0.02339332364499569
0.02184215933084488
0.020141515880823135
0.01828848198056221
0.01627756468951702
0.01410023495554924
0.011740773916244507
0.009175863116979599
0.006368743721395731
0.003282342106103897
0.0
0.0
0.004714855924248695
0.00925409235060215
0.013492660596966743
0.01740103028714657
0.0209966991096735
0.024310266599059105
0.02736520580947399
0.030176108703017235
0.032752834260463715
0.035100825130939484
0.037223465740680695
0.039122406393289566
0.040798451751470566
0.04225178062915802
0.043482277542352676
0.04448966681957245
0.045273616909980774
0.04583382606506348
0.046170055866241455
0.046282149851322174
0.046170055866241455
0.04583382606506348
0.045273616909980774
0.04448966681957245
0.043482277542352676
0.04225178062915802
0.040798451751470566
0.039122406393289566
0.037223465740680695
0.035100825130939484
0.032752834260463715
0.030176108703017235
0.02736520580947399
0.024310266599059105
0.0209966991096735
0.01740103028714657
0.013492660596966743
0.00925409235060215
0.004714855924248695
0.0
0.0
0.00606691837310791
0.011980032548308372
0.017606958746910095
0.02286883443593979
0.027737826108932495
0.032230623066425323
0.03636913746595383
0.04017237201333046
0.04365439713001251
0.046823784708976746
0.049686335027217865
0.05224519222974777
0.054502252489328384
0.05645833909511566
0.05811380222439766
0.059468626976013184
0.06052267551422119
0.06127575412392616
0.061727676540613174
0.06187833473086357
0.061727676540613174
0.06127575412392616
0.06052267551422119
0.059468626976013184
0.05811380222439766
0.05645833909511566
0.054502252489328384
0.05224519222974777
0.049686335027217865
0.046823784708976746
0.04365439713001251
0.04017237201333046
0.03636913746595383
0.032230623066425323
0.027737826108932495
0.02286883443593979
0.017606958746910095
0.011980032548308372
0.00606691837310791
0.0
0.0
0.007371544372290373
0.014603668823838234
0.02156658284366131
0.028159841895103455
0.03431876003742218
0.040027469396591187
0.04529130458831787
0.050127092748880386
0.05455012619495392
0.05857185274362564
0.062200646847486496
0.06544161587953568
0.06829820573329926
0.07077231258153915
0.0728650912642479
0.07457709312438965
0.0759085863828659
0.07685965299606323
0.07743030786514282
0.07762052863836288
0.07743030786514282
0.07685965299606323
0.0759085863828659
0.07457709312438965
0.0728650912642479
0.07077231258153915
0.06829820573329926
0.06544161587953568
0.062200646847486496
0.05857185274362564
0.05455012619495392
0.050127092748880386
0.04529130458831787
0.040027469396591187
0.03431876003742218
0.028159841895103455
0.02156658284366131
0.014603668823838234
0.007371544372290373
0.0
0.0
0.008648892864584923
0.017167167738080025
0.02542925998568535
0.033326178789138794
0.04077069088816643
0.04771517962217331
0.054139044135808945
0.06004711985588074
0.06544983386993408
0.07035916298627853
0.07478508353233337
0.0787346288561821
0.08221307396888733
0.08522368967533112
0.08776883035898209
0.08984987437725067
0.09146778285503387
0.09262309968471527
0.09331618249416351
0.09354718774557114
0.09331618249416351
0.09262309968471527
0.09146778285503387
0.08984987437725067
0.08776883035898209
0.08522368967533112
0.08221307396888733
0.0787346288561821
0.07478508353233337
0.07035916298627853
0.06544983386993408
0.06004711985588074
0.054139044135808945
0.04771517962217331
0.04077069088816643
0.033326178789138794
0.02542925998568535
0.017167167738080025
0.008648892864584923
0.0
0.0
0.009915308095514774
0.019704798236489296
0.029245372861623764
0.038424257189035416
0.04714193195104599
0.05532786250114441
0.06293585151433945
0.06995094567537308
0.07637148350477219
0.08220561593770981
0.08746246248483658
0.09215029329061508
0.09627595543861389
0.0998443067073822
0.10285912454128265
0.1053229346871376
0.10723764449357986
0.10860448330640793
0.10942427814006805
0.10969749093055725
0.10942427814006805
0.10860448330640793
0.10723764449357986
0.1053229346871376
0.10285912454128265
0.0998443067073822
0.09627595543861389
0.09215029329061508
0.08746246248483658
0.08220561593770981
0.07637148350477219
0.06995094567537308
0.06293585151433945
0.05532786250114441
0.04714193195104599
0.038424257189035416
0.029245372861623764
0.019704798236489296
0.009915308095514774
0.0
0.0
0.011183390393853188
0.02224268764257431
0.03305547684431076
0.04350658133625984
0.05348915979266167
0.06291716545820236
0.071723572909832
0.07987210899591446
0.08734416216611862
0.09413907676935196
0.10026147961616516
0.10571910440921783
0.11051949113607407
0.11466889083385468
0.11817259341478348
0.12103445827960968
0.12325756996870041
0.12484404444694519
0.125795379281044
0.12611238658428192
0.125795379281044
0.12484404444694519
0.12325756996870041
0.12103445827960968
0.11817259341478348
0.11466889083385468
0.11051949113607407
0.10571910440921783
0.10026147961616516
0.09413907676935196
0.08734416216611862
0.07987210899591446
0.071723572909832
0.06291716545820236
0.05348915979266167
0.04350658133625984
0.03305547684431076
0.02224268764257431
0.011183390393853188
0.0
0.0
0.012464313767850399
0.024803951382637024
0.03689536452293396
0.04862064868211746
0.059867437928915024
0.07053907960653305
0.08055318892002106
0.08985453099012375
0.09840632975101471
0.10619490593671799
0.11321654915809631
0.11947590857744217
0.12497959285974503
0.12973469495773315
0.13374777138233185
0.13702411949634552
0.13956813514232635
0.14138302206993103
0.1424710899591446
0.1428336203098297
0.1424710899591446
0.14138302206993103
0.13956813514232635
0.13702411949634552
0.13374777138233185
0.12973469495773315
0.12497959285974503
0.11947590857744217
0.11321654915809631
0.10619490593671799
0.09840632975101471
0.08985453099012375
0.08055318892002106
0.07053907960653305
0.059867437928915024
0.04862064868211746
0.03689536452293396
0.024803951382637024
0.012464313767850399
0.0
0.0
0.013767875730991364
0.027408558875322342
0.04079573228955269
0.053807977586984634
0.06632790714502335
0.07825081795454025
0.08948272466659546
0.099952831864357
0.10960741341114044
0.11841810494661331
0.12636995315551758
0.13346172869205475
0.1396971344947815
0.1450829654932022
0.14962653815746307
0.15333445370197296
0.1562124788761139
0.15826497972011566
0.15949523448944092
0.1599051058292389
0.15949523448944092
0.15826497972011566
0.1562124788761139
0.15333445370197296
0.14962653815746307
0.1450829654932022
0.1396971344947815
0.13346172869205475
0.12636995315551758
0.11841810494661331
0.10960741341114044
0.099952831864357
0.08948272466659546
0.07825081795454025
0.06632790714502335
0.053807977586984634
0.04079573228955269
0.027408558875322342
0.013767875730991364
0.0
0.0
0.01510345283895731
0.030075518414378166
0.04478558152914047
0.05910765007138252
0.07291897386312485
0.08610787242650986
0.0985710620880127
0.11022534221410751
0.12100254744291306
0.13085979223251343
0.1397695243358612
0.1477222889661789
0.15471667051315308
0.16075782477855682
0.16585296392440796
0.17000962793827057
0.17323490977287292
0.1755344122648239
0.17691244184970856
0.17737147212028503
0.17691244184970856
0.1755344122648239
0.17323490977287292
0.17000962793827057
0.16585296392440796
0.16075782477855682
0.15471667051315308
0.1477222889661789
0.1397695243358612
0.13085979223251343
0.12100254744291306
0.11022534221410751
0.0985710620880127
0.08610787242650986
0.07291897386312485
0.05910765007138252
0.04478558152914047
0.030075518414378166
0.01510345283895731
0.0
0.0
0.0164799802005291
0.032822802662849426
0.04889208823442459
0.06455611437559128
0.07968611270189285
0.094163678586483
0.1078774556517601
0.1207340657711029
0.13265319168567657
0.14357882738113403
0.15347079932689667
0.16231010854244232
0.17008854448795319
0.1768081784248352
0.1824750453233719
0.18709716200828552
0.19068266451358795
0.19323837757110596
0.19476966559886932
0.19527970254421234
0.19476966559886932
0.19323837757110596
0.19068266451358795
0.18709716200828552
0.1824750453233719
0.1768081784248352
0.17008854448795319
0.16231010854244232
0.15347079932689667
0.14357882738113403
0.13265319168567657
0.1207340657711029
0.1078774556517601
0.094163678586483
0.07968611270189285
0.06455611437559128
0.04889208823442459
0.032822802662849426
0.0164799802005291
0.0
0.0
0.01790652796626091
0.035668566823005676
0.0531424842774868
0.07018958777189255
0.08667416125535965
0.10247081518173218
0.11746056377887726
0.13154131174087524
0.1446225792169571
0.1566370278596878
0.16753292083740234
0.17728132009506226
0.18586628139019012
0.1932854950428009
0.19954277575016022
0.20464597642421722
0.20860394835472107
0.2114245891571045
0.21311436593532562
0.21367715299129486
0.21311436593532562
0.2114245891571045
0.20860394835472107
0.20464597642421722
0.19954277575016022
0.1932854950428009
0.18586628139019012
0.17728132009506226
0.16753292083740234
0.1566370278596878
0.1446225792169571
0.13154131174087524
0.11746056377887726
0.10247081518173218
0.08667416125535965
0.07018958777189255
0.0531424842774868
0.035668566823005676
0.01790652796626091
0.0
0.0
0.019392309710383415
0.038631174713373184
0.0575641505420208
0.07604425400495529
0.09392771124839783
0.11108162254095078
0.12737937271595
0.14271098375320435
0.15697722136974335
0.17010116577148438
0.18202093243598938
0.19269821047782898
0.20210912823677063
0.2102462351322174
0.21711033582687378
0.22270849347114563
0.22704985737800598
0.23014329373836517
0.23199626803398132
0.23261335492134094
0.23199626803398132
0.23014329373836517
0.22704985737800598
0.22270849347114563
0.21711033582687378
0.2102462351322174
0.20210912823677063
0.19269821047782898
0.18202093243598938
0.17010116577148438
0.15697722136974335
0.14271098375320435
0.12737937271595
0.11108162254095078
0.09392771124839783
0.07604425400495529
0.0575641505420208
0.038631174713373184
0.019392309710383415
0.0
0.0
0.020947134122252464
0.04173009470105171
0.06218591332435608
0.08215782791376114
0.10149277001619339
0.12004955112934113
0.1376936286687851
0.154307559132576
0.16978441178798676
0.18403920531272888
0.1970016062259674
0.20862506330013275
0.21887829899787903
0.22774852812290192
0.2352331429719925
0.24133789539337158
0.24607188999652863
0.24944476783275604
0.25146493315696716
0.2521376311779022
0.25146493315696716
0.24944476783275604
0.24607188999652863
0.24133789539337158
0.2352331429719925
0.22774852812290192
0.21887829899787903
0.20862506330013275
0.1970016062259674
0.18403920531272888
0.16978441178798676
0.154307559132576
0.1376936286687851
0.12004955112934113
0.10149277001619339
0.08215782791376114
0.06218591332435608
0.04173009470105171
0.020947134122252464
0.0
0.0
0.02258150279521942
0.04498611018061638
0.06703843176364899
0.0885702446103096
0.10941778868436813
0.1294306218624115
0.14846576750278473
0.16639849543571472
0.1831149160861969
0.1985233575105667
0.21254660189151764
0.22513136267662048
0.23624011874198914
0.2458551824092865
0.25397056341171265
0.2605905830860138
0.2657240629196167
0.2693813443183899
0.27157166600227356
0.2723010182380676
0.27157166600227356
0.2693813443183899
0.2657240629196167
0.2605905830860138
0.25397056341171265
0.2458551824092865
0.23624011874198914
0.22513136267662048
0.21254660189151764
0.1985233575105667
0.1831149160861969
0.16639849543571472
0.14846576750278473
0.1294306218624115
0.10941778868436813
0.0885702446103096
0.06703843176364899
0.04498611018061638
0.02258150279521942
0.0
0.0
0.024307064712047577
0.0484221875667572
0.07215533405542374
0.09532488882541656
0.11775475740432739
0.1392841786146164
0.15976108610630035
0.17905351519584656
0.19704121351242065
0.21362702548503876
0.22872856259346008
0.2422875016927719
0.25426167249679565
0.2646294832229614
0.27338218688964844
0.28052276372909546
0.2860599160194397
0.29000452160835266
0.29236677289009094
0.2931533455848694
0.29236677289009094
0.29000452160835266
0.2860599160194397
0.28052276372909546
0.27338218688964844
0.2646294832229614
0.25426167249679565
0.2422875016927719
0.22872856259346008
0.21362702548503876
0.19704121351242065
0.17905351519584656
0.15976108610630035
0.1392841786146164
0.11775475740432739
0.09532488882541656
0.07215533405542374
0.0484221875667572
0.024307064712047577
0.0
0.0
0.026136869564652443
0.05206401273608208
0.07757412642240524
0.10246998071670532
0.1265612542629242
0.14967556297779083
0.17165102064609528
0.19234837591648102
0.21164162456989288
0.22942933440208435
0.24562564492225647
0.260169118642807
0.2730148732662201
0.28413888812065125
0.2935309410095215
0.3011932075023651
0.30713462829589844
0.3113669455051422
0.31390130519866943
0.31474512815475464
0.31390130519866943
0.3113669455051422
0.30713462829589844
0.3011932075023651
0.2935309410095215
0.28413888812065125
0.2730148732662201
0.260169118642807
0.24562564492225647
0.22942933440208435
0.21164162456989288
0.19234837591648102
0.17165102064609528
0.14967556297779083
0.1265612542629242
0.10246998071670532
0.07757412642240524
0.05206401273608208
0.026136869564652443
0.0
0.0
0.028085920959711075
0.05594097822904587
0.08333741873502731
0.11005973070859909
0.13590112328529358
0.16067622601985931
0.18421250581741333
0.20636345446109772
0.2269980013370514
0.24601177871227264
0.26331737637519836
0.2788523733615875
0.2925715148448944
0.3044503629207611
0.31447872519493103
0.3226591944694519
0.3290017247200012
0.33351919054985046
0.3362240195274353
0.3371245563030243
0.3362240195274353
0.33351919054985046
0.3290017247200012
0.3226591944694519
0.31447872519493103
0.3044503629207611
0.2925715148448944
0.2788523733615875
0.26331737637519836
0.24601177871227264
0.2269980013370514
0.20636345446109772
0.18421250581741333
0.16067622601985931
0.13590112328529358
0.11005973070859909
0.08333741873502731
0.05594097822904587
0.028085920959711075
0.0
0.0
0.03017171286046505
0.060087330639362335
0.08949477970600128
0.1181570366024971
0.14584822952747345
0.17236833274364471
0.19753333926200867
0.22118961811065674
0.24320194125175476
0.2634645998477936
0.281890869140625
0.2984198331832886
0.313008576631546
0.3256346583366394
0.3362901508808136
0.3449796438217163
0.35171517729759216
0.35651156306266785
0.3593830168247223
0.3603389263153076
0.3593830168247223
0.35651156306266785
0.35171517729759216
0.3449796438217163
0.3362901508808136
0.3256346583366394
0.313008576631546
0.2984198331832886
0.281890869140625
0.2634645998477936
0.24320194125175476
0.22118961811065674
0.19753333926200867
0.17236833274364471
0.14584822952747345
0.1181570366024971
0.08949477970600128
0.060087330639362335
0.03017171286046505
0.0
0.0
0.03241501376032829
0.06454350799322128
0.0961042270064354
0.1268346905708313
0.15648679435253143
0.18484412133693695
0.21171042323112488
0.2369253784418106
0.26035091280937195
0.281882107257843
0.30143555998802185
0.31895482540130615
0.33440253138542175
0.3477610647678375
0.35902756452560425
0.36821049451828003
0.37532564997673035
0.38039082288742065
0.38342249393463135
0.3844316601753235
0.38342249393463135
0.38039082288742065
0.37532564997673035
0.36821049451828003
0.35902756452560425
0.3477610647678375
0.33440253138542175
0.31895482540130615
0.30143555998802185
0.281882107257843
0.26035091280937195
0.2369253784418106
0.21171042323112488
0.18484412133693695
0.15648679435253143
0.1268346905708313
0.0961042270064354
0.06454350799322128
0.03241501376032829
0.0
0.0
0.03484094887971878
0.06935841590166092
0.10323583334684372
0.13618037104606628
0.16791798174381256
0.19821378588676453
0.22685858607292175
0.25368624925613403
0.27855774760246277
0.3013717234134674
0.3220515847206116
0.34054890275001526
0.3568356931209564
0.3709026277065277
0.3827550411224365
0.3924078345298767
0.39988261461257935
0.40520134568214417
0.40838390588760376
0.40944311022758484
0.40838390588760376
0.40520134568214417
0.39988261461257935
0.3924078345298767
0.3827550411224365
0.3709026277065277
0.3568356931209564
0.34054890275001526
0.3220515847206116
0.3013717234134674
0.27855774760246277
0.25368624925613403
0.22685858607292175
0.19821378588676453
0.16791798174381256
0.13618037104606628
0.10323583334684372
0.06935841590166092
0.03484094887971878
0.0
0.0
0.037480227649211884
0.07459143549203873
0.11097384989261627
0.14629818499088287
0.18025988340377808
0.21260356903076172
0.2431069314479828
0.2715993821620941
0.2979441285133362
0.32204684615135193
0.3438423275947571
0.36329445242881775
0.3803892731666565
0.39512965083122253
0.4075329005718231
0.41762322187423706
0.4254303574562073
0.43098214268684387
0.43430283665657043
0.4354077875614166
0.43430283665657043
0.43098214268684387
0.4254303574562073
0.41762322187423706
0.4075329005718231
0.39512965083122253
0.3803892731666565
0.36329445242881775
0.3438423275947571
0.32204684615135193
0.2979441285133362
0.2715993821620941
0.2431069314479828
0.21260356903076172
0.18025988340377808
0.14629818499088287
0.11097384989261627
0.07459143549203873
0.037480227649211884
0.0
0.0
0.04037134349346161
0.08031697571277618
0.11942365020513535
0.1573178917169571
0.19365915656089783
0.22816939651966095
0.2606132924556732
0.29081860184669495
0.3186548054218292
0.3440399467945099
0.3669258952140808
0.3872944116592407
0.4051510691642761
0.42051565647125244
0.4334217309951782
0.4439060688018799
0.452009379863739
0.4577670991420746
0.461209237575531
0.46235430240631104
0.461209237575531
0.4577670991420746
0.452009379863739
0.4439060688018799
0.4334217309951782
0.42051565647125244
0.4051510691642761
0.3872944116592407
0.3669258952140808
0.3440399467945099
0.3186548054218292
0.29081860184669495
0.2606132924556732
0.22816939651966095
0.19365915656089783
0.1573178917169571
0.11942365020513535
0.08031697571277618
0.04037134349346161
0.0
0.0
0.04356269910931587
0.08662786334753036
0.12871509790420532
0.16939690709114075
0.2082902491092682
0.24509260058403015
0.2795572578907013
0.3115144968032837
0.3408466875553131
0.36749085783958435
0.391423761844635
0.4126516878604889
0.43120625615119934
0.4471295475959778
0.4604761004447937
0.47129902243614197
0.4796527028083801
0.4855823218822479
0.48912501335144043
0.490303099155426
0.48912501335144043
0.4855823218822479
0.4796527028083801
0.47129902243614197
0.4604761004447937
0.4471295475959778
0.43120625615119934
0.4126516878604889
0.391423761844635
0.36749085783958435
0.3408466875553131
0.3115144968032837
0.2795572578907013
0.24509260058403015
0.2082902491092682
0.16939690709114075
0.12871509790420532
0.08662786334753036
0.04356269910931587
0.0
0.0
0.04711723327636719
0.09364466369152069
0.13901644945144653
0.1827383041381836
0.2243768721818924
0.2636038064956665
0.3001643717288971
0.33389827609062195
0.36471009254455566
0.3925654888153076
0.417476087808609
0.43948104977607727
0.4586460590362549
0.4750415086746216
0.488748162984848
0.4998392164707184
0.5083858966827393
0.5144451260566711
0.5180624127388
0.519264817237854
0.5180624127388
0.5144451260566711
0.5083858966827393
0.4998392164707184
0.488748162984848
0.4750415086746216
0.4586460590362549
0.43948104977607727
0.417476087808609
0.3925654888153076
0.36471009254455566
0.33389827609062195
0.3001643717288971
0.2636038064956665
0.2243768721818924
0.1827383041381836
0.13901644945144653
0.09364466369152069
0.04711723327636719
0.0
0.0
0.05111650377511978
0.1015220433473587
0.15053997933864594
0.19759297370910645
0.24218864738941193
0.2839735150337219
0.322691947221756
0.35820385813713074
0.39044997096061707
0.419437050819397
0.44522446393966675
0.4678945243358612
0.48755574226379395
0.5043136477470398
0.5182806253433228
0.5295538306236267
0.5382241010665894
0.5443621277809143
0.5480231642723083
0.549239456653595
0.5480231642723083
0.5443621277809143
0.5382241010665894
0.5295538306236267
0.5182806253433228
0.5043136477470398
0.48755574226379395
0.4678945243358612
0.44522446393966675
0.419437050819397
0.39044997096061707
0.35820385813713074
0.322691947221756
0.2839735150337219
0.24218864738941193
0.19759297370910645
0.15053997933864594
0.1015220433473587
0.05111650377511978
0.0
0.0
0.05567111447453499
0.110469289124012
0.16357171535491943
0.21429657936096191
0.26208260655403137
0.3065550625324249
0.34747013449668884
0.38472506403923035
0.4183167815208435
0.4483107924461365
0.474830687046051
0.4980141818523407
0.5180229544639587
0.5350046157836914
0.5491085052490234
0.560459315776825
0.5691699981689453
0.5753263831138611
0.5789945721626282
0.5802125930786133
0.5789945721626282
0.5753263831138611
0.5691699981689453
0.560459315776825
0.5491085052490234
0.5350046157836914
0.5180229544639587
0.4980141818523407
0.474830687046051
0.4483107924461365
0.4183167815208435
0.38472506403923035
0.34747013449668884
0.3065550625324249
0.26208260655403137
0.21429657936096191
0.16357171535491943
0.110469289124012
0.05567111447453499
0.0
0.0
0.060929447412490845
0.12076292186975479
0.1784810721874237
0.2332700937986374
0.2844921946525574
0.3317622244358063
0.37487202882766724
0.4137818217277527
0.44857367873191833
0.4793941080570221
0.5064513087272644
0.5299522280693054
0.5501224994659424
0.5671588778495789
0.5812521576881409
0.5925575494766235
0.6012117862701416
0.6073170304298401
0.6109504103660583
0.612156093120575
0.6109504103660583
0.6073170304298401
0.6012117862701416
0.5925575494766235
0.5812521576881409
0.5671588778495789
0.5501224994659424
0.5299522280693054
0.5064513087272644
0.4793941080570221
0.44857367873191833
0.4137818217277527
0.37487202882766724
0.3317622244358063
0.2844921946525574
0.2332700937986374
0.1784810721874237
0.12076292186975479
0.060929447412490845
0.0
0.0
0.06710358709096909
0.13279764354228973
0.19578975439071655
0.25510066747665405
0.31001052260398865
0.36014842987060547
0.4053821265697479
0.44577595591545105
0.48153793811798096
0.5129257440567017
0.5402564406394958
0.5638216733932495
0.5839214324951172
0.6008075475692749
0.6147153377532959
0.6258322596549988
0.6343189477920532
0.6402938365936279
0.6438451409339905
0.6450227499008179
0.6438451409339905
0.6402938365936279
0.6343189477920532
0.6258322596549988
0.6147153377532959
0.6008075475692749
0.5839214324951172
0.5638216733932495
0.5402564406394958
0.5129257440567017
0.48153793811798096
0.44577595591545105
0.4053821265697479
0.36014842987060547
0.31001052260398865
0.25510066747665405
0.19578975439071655
0.13279764354228973
0.06710358709096909
0.0
0.0
0.0744912400841713
0.14711126685142517
0.21618777513504028
0.2805310785770416
0.339354932308197
0.39235034584999084
0.43953216075897217
0.48112690448760986
0.5175245404243469
0.5491294860839844
0.5763944387435913
0.599711000919342
0.6194618344306946
0.6359578371047974
0.6494798064231873
0.6602466702461243
0.6684420108795166
0.6741992831230164
0.677616536617279
0.6787488460540771
0.677616536617279
0.6741992831230164
0.6684420108795166
0.6602466702461243
0.6494798064231873
0.6359578371047974
0.6194618344306946
0.599711000919342
0.5763944387435913
0.5491294860839844
0.5175245404243469
0.48112690448760986
0.43953216075897217
0.39235034584999084
0.339354932308197
0.2805310785770416
0.21618777513504028
0.14711126685142517
0.0744912400841713
0.0
0.0
0.08354771882295609
0.1645352840423584
0.2407102733850479
0.31064993143081665
0.37353816628456116
0.42923030257225037
0.4780057966709137
0.520344078540802
0.5568904876708984
0.5882384777069092
0.6150025129318237
0.6376858353614807
0.6567575335502625
0.6725871562957764
0.6854975819587708
0.6957361102104187
0.7035053372383118
0.7089510560035706
0.7121787071228027
0.7132473587989807
0.7121787071228027
0.7089510560035706
0.7035053372383118
0.6957361102104187
0.6854975819587708
0.6725871562957764
0.6567575335502625
0.6376858353614807
0.6150025129318237
0.5882384777069092
0.5568904876708984
0.520344078540802
0.4780057966709137
0.42923030257225037
0.37353816628456116
0.31064993143081665
0.2407102733850479
0.1645352840423584
0.08354771882295609
0.0
0.0
0.09495843201875687
0.18622621893882751
0.27075543999671936
0.34682324528694153
0.41375279426574707
0.4717320203781128
0.5215014219284058
0.5639097690582275
0.5999447703361511
0.6304309368133545
0.6561633348464966
0.6777622699737549
0.6957789659500122
0.7106357216835022
0.7226895689964294
0.732209324836731
0.7394105195999146
0.7444465160369873
0.7474269866943359
0.7484130859375
0.7474269866943359
0.7444465160369873
0.7394105195999146
0.732209324836731
0.7226895689964294
0.7106357216835022
0.6957789659500122
0.6777622699737549
0.6561633348464966
0.6304309368133545
0.5999447703361511
0.5639097690582275
0.5215014219284058
0.4717320203781128
0.41375279426574707
0.34682324528694153
0.27075543999671936
0.18622621893882751
0.09495843201875687
0.0
0.0
0.10985365509986877
0.21424925327301025
0.30858972668647766
0.39116722345352173
0.46170395612716675
0.5211009979248047
0.5708528757095337
0.6123362183570862
0.6469663381576538
0.6758266091346741
0.6998923420906067
0.7198901772499084
0.7364365458488464
0.7499915957450867
0.7609320878982544
0.7695373296737671
0.7760266065597534
0.7805546522140503
0.783230721950531
0.7841154336929321
0.783230721950531
0.7805546522140503
0.7760266065597534
0.7695373296737671
0.7609320878982544
0.7499915957450867
0.7364365458488464
0.7198901772499084
0.6998923420906067
0.6758266091346741
0.6469663381576538
0.6123362183570862
0.5708528757095337
0.5211009979248047
0.46170395612716675
0.39116722345352173
0.30858972668647766
0.21424925327301025
0.10985365509986877
0.0
0.0
0.1301814466714859
0.25135117769241333
0.35730037093162537
0.44619524478912354
0.5192370414733887
0.5785320997238159
0.6267606616020203
0.6659804582595825
0.6980860233306885
0.7244181036949158
0.746100664138794
0.7639366388320923
0.7785760760307312
0.7904926538467407
0.8000624775886536
0.8075603246688843
0.8131980895996094
0.8171236515045166
0.8194406032562256
0.8202060461044312
0.8194406032562256
0.8171236515045166
0.8131980895996094
0.8075603246688843
0.8000624775886536
0.7904926538467407
0.7785760760307312
0.7639366388320923
0.746100664138794
0.7244181036949158
0.6980860233306885
0.6659804582595825
0.6267606616020203
0.5785320997238159
0.5192370414733887
0.44619524478912354
0.35730037093162537
0.25135117769241333
0.1301814466714859
0.0
0.0
0.15925125777721405
0.30415230989456177
0.4222963750362396
0.5159253478050232
0.588775634765625
0.6453285813331604
0.6897944211959839
0.7249907851219177
0.7532225847244263
0.7760113477706909
0.794546902179718
0.8096482753753662
0.8219501376152039
0.8319051861763
0.8398631811141968
0.846076250076294
0.8507357239723206
0.8539739847183228
0.855883002281189
0.8565132021903992
0.855883002281189
0.8539739847183228
0.8507357239723206
0.846076250076294
0.8398631811141968
0.8319051861763
0.8219501376152039
0.8096482753753662
0.794546902179718
0.7760113477706909
0.7532225847244263
0.7249907851219177
0.6897944211959839
0.6453285813331604
0.588775634765625
0.5159253478050232
0.4222963750362396
0.30415230989456177
0.15925125777721405
0.0
0.0
0.20465736091136932
0.37924396991729736
0.5107073187828064
0.604226291179657
0.6722654700279236
0.7221779823303223
0.760003924369812
0.7891097068786621
0.8119978308677673
0.8301985859870911
0.8448379039764404
0.8566639423370361
0.8662347197532654
0.8739408254623413
0.880077064037323
0.8848537802696228
0.8884281516075134
0.890908420085907
0.8923692107200623
0.8928511738777161
0.8923692107200623
0.890908420085907
0.8884281516075134
0.8848537802696228
0.880077064037323
0.8739408254623413
0.8662347197532654
0.8566639423370361
0.8448379039764404
0.8301985859870911
0.8119978308677673
0.7891097068786621
0.760003924369812
0.7221779823303223
0.6722654700279236
0.604226291179657
0.5107073187828064
0.37924396991729736
0.20465736091136932
0.0
0.0
0.27719846367836
0.5063174366950989
0.633895754814148
0.7161242961883545
0.7706347107887268
0.8087671399116516
0.8365539908409119
0.8574464321136475
0.8735843300819397
0.8862634301185608
0.8963680267333984
0.9044762253761292
0.9110044240951538
0.916240394115448
0.9203972816467285
0.9236259460449219
0.9260379672050476
0.9277097582817078
0.9286935925483704
0.9290180802345276
0.9286935925483704
0.9277097582817078
0.9260379672050476
0.9236259460449219
0.9203972816467285
0.916240394115448
0.9110044240951538
0.9044762253761292
0.8963680267333984
0.8862634301185608
0.8735843300819397
0.8574464321136475
0.8365539908409119
0.8087671399116516
0.7706347107887268
0.7161242961883545
0.633895754814148
0.5063174366950989
0.27719846367836
0.0
0.0
0.5255454778671265
0.6944272518157959
0.8006284832954407
0.8498672246932983
0.8821372389793396
0.9028034806251526
0.9176087379455566
0.9284781813621521
0.936788022518158
0.9432592988014221
0.948387622833252
0.9524849653244019
0.9557735919952393
0.9584048986434937
0.9604902863502502
0.96210777759552
0.9633150100708008
0.96415114402771
0.9646430015563965
0.9648051857948303
0.9646430015563965
0.96415114402771
0.9633150100708008
0.96210777759552
0.9604902863502502
0.9584048986434937
0.9557735919952393
0.9524849653244019
0.948387622833252
0.9432592988014221
0.936788022518158
0.9284781813621521
0.9176087379455566
0.9028034806251526
0.8821372389793396
0.8498672246932983
0.8006284832954407
0.6944272518157959
0.5255454778671265
0.0
1.0
1.0
1.0
1.0
1.0
1.0
1.0
1.0
1.0
1.0
1.0
1.0
1.0
1.0
1.0
1.0
1.0
1.0
1.0
1.0
1.0
1.0
1.0
1.0
1.0
1.0
1.0
1.0
1.0
1.0
1.0
1.0
1.0
1.0
1.0
1.0
1.0
1.0
1.0
1.0
1.0
