0.0
0.0
0.0
0.0
0.0
0.0
0.0
0.0
0.0
0.0
0.0
0.0
0.0
0.0
0.0
0.0
0.0
0.0
0.0
0.0
0.0
0.0
0.0
0.0
0.0
0.0
0.0
0.0
0.0
0.0
0.0
0.0
0.0
0.0
0.0
0.0
0.0
0.0
0.0
0.0
0.0
0.0
0.0021187332458794117
0.003935024607926607
0.005510200280696154
0.00692508090287447
0.008219920098781586
0.009411182254552841
0.010509470477700233
0.01152043417096138
0.012447552755475044
0.013292748481035233
0.014057117514312267
0.01474117673933506
0.015345127321779728
0.01586896739900112
0.01631259359419346
0.016675854101777077
0.016958588734269142
0.017160654067993164
0.017281940206885338
0.017322378233075142
0.017281940206885338
0.017160654067993164
0.016958588734269142
0.016675854101777077
0.01631259359419346
0.01586896739900112
0.015345127321779728
0.01474117673933506
0.014057117514312267
0.013292748481035233
0.012447552755475044
0.01152043417096138
0.010509470477700233
0.009411182254552841
0.008219920098781586
0.00692508090287447
0.005510200280696154
0.003935024607926607
0.0021187332458794117
0.0
0.0
0.003953363746404648
0.007604867685586214
0.010826857760548592
0.01371515542268753
0.016344720497727394
0.018755322322249413
0.020972885191440582
0.02301074005663395
0.024877510964870453
0.026577869430184364
0.028114650398492813
0.029489273205399513
0.03070244751870632
0.03175437077879906
0.03264499455690384
0.033374134451150894
0.03394155576825142
0.0343470424413681
0.03459040820598602
0.03467154502868652
0.03459040820598602
0.0343470424413681
0.03394155576825142
0.033374134451150894
0.03264499455690384
0.03175437077879906
0.03070244751870632
0.029489273205399513
0.028114650398492813
0.026577869430184364
0.024877510964870453
0.02301074005663395
0.020972885191440582
0.018755322322249413
0.016344720497727394
0.01371515542268753
0.010826857760548592
0.007604867685586214
0.003953363746404648
0.0
0.0
0.005579272285103798
0.010912545956671238
0.015814993530511856
0.020256467163562775
0.02428736351430416
0.02796969749033451
0.03134657070040703
0.03444238007068634
0.037273429334163666
0.03984862565994263
0.04217373579740524
0.044251810759305954
0.04608466103672981
0.047673072665929794
0.04901738464832306
0.05011759325861931
0.05097357928752899
0.05158516392111778
0.05195218697190285
0.05207454040646553
0.05195218697190285
0.05158516392111778
0.05097357928752899
0.05011759325861931
0.04901738464832306
0.047673072665929794
0.04608466103672981
0.044251810759305954
0.04217373579740524
0.03984862565994263
0.037273429334163666
0.03444238007068634
0.03134657070040703
0.02796969749033451
0.02428736351430416
0.020256467163562775
0.015814993530511856
0.010912545956671238
0.005579272285103798
0.0
0.0
0.00708824023604393
0.013975009322166443
0.020480196923017502
0.02649347297847271
0.031985558569431305
0.03700270131230354
0.04159243032336235
0.0457901656627655
0.04962112382054329
0.05310000851750374
0.05623692274093628
0.05903754010796547
0.06150555983185768
0.0636429488658905
0.06545086950063705
0.06692985445261002
0.06808014959096909
0.06890180706977844
0.06939482688903809
0.06955916434526443
0.06939482688903809
0.06890180706977844
0.06808014959096909
0.06692985445261002
0.06545086950063705
0.0636429488658905
0.06150555983185768
0.05903754010796547
0.05623692274093628
0.05310000851750374
0.04962112382054329
0.0457901656627655
0.04159243032336235
0.03700270131230354
0.031985558569431305
0.02649347297847271
0.020480196923017502
0.013975009322166443
0.00708824023604393
0.0
0.0
0.008531518280506134
0.01688837818801403
0.0249034333974123
0.032442089170217514
0.039418384432792664
0.045824162662029266
0.05168415978550911
0.057036105543375015
0.06191108748316765
0.06633035838603973
0.07030930370092392
0.07385720312595367
0.07698056846857071
0.07968320697546005
0.08196770399808884
0.08383552730083466
0.08528763800859451
0.08632456511259079
0.08694662153720856
0.08715395629405975
0.08694662153720856
0.08632456511259079
0.08528763800859451
0.08383552730083466
0.08196770399808884
0.07968320697546005
0.07698056846857071
0.07385720312595367
0.07030930370092392
0.06633035838603973
0.06191108748316765
0.057036105543375015
0.05168415978550911
0.045824162662029266
0.039418384432792664
0.032442089170217514
0.0249034333974123
0.01688837818801403
0.008531518280506134
0.0
0.0
0.009935597889125347
0.019712230190634727
0.02917451784014702
0.038183387368917465
0.046624988317489624
0.05444154888391495
0.06161712482571602
0.06817450374364853
0.07414140552282333
0.07954313606023788
0.08439971506595612
0.0887245312333107
0.0925276055932045
0.09581524133682251
0.09859206527471542
0.10086096823215485
0.10262403637170792
0.1038825511932373
0.10463736206293106
0.104888916015625
0.10463736206293106
0.1038825511932373
0.10262403637170792
0.10086096823215485
0.09859206527471542
0.09581524133682251
0.0925276055932045
0.0887245312333107
0.08439971506595612
0.07954313606023788
0.07414140552282333
0.06817450374364853
0.06161712482571602
0.05444154888391495
0.046624988317489624
0.038183387368917465
0.02917451784014702
0.019712230190634727
0.009935597889125347
0.0
0.0
0.011321036145091057
0.022492030635476112
0.03336459398269653
0.043799854815006256
0.05367247387766838
0.06289403140544891
0.0714106634259224
0.07921560108661652
0.08632072806358337
0.09274906665086746
0.09852217137813568
0.10365712642669678
0.10816755890846252
0.11206280440092087
0.11535006761550903
0.11803417652845383
0.12011874467134476
0.12160614132881165
0.12249799072742462
0.12279517203569412
0.12249799072742462
0.12160614132881165
0.12011874467134476
0.11803417652845383
0.11535006761550903
0.11206280440092087
0.10816755890846252
0.10365712642669678
0.09852217137813568
0.09274906665086746
0.08632072806358337
0.07921560108661652
0.0714106634259224
0.06289403140544891
0.05367247387766838
0.043799854815006256
0.03336459398269653
0.022492030635476112
0.011321036145091057
0.0
0.0
0.012702761217951775
0.02525952085852623
0.03752528131008148
0.04936178773641586
0.06063864752650261
0.07124976813793182
0.08111359179019928
0.09019217640161514
0.09847331792116165
0.10596941411495209
0.11269815266132355
0.11867812275886536
0.12392567098140717
0.12845320999622345
0.13227087259292603
0.13538578152656555
0.13780353963375092
0.13952791690826416
0.1405615657567978
0.1409059464931488
0.1405615657567978
0.13952791690826416
0.13780353963375092
0.13538578152656555
0.13227087259292603
0.12845320999622345
0.12392567098140717
0.11867812275886536
0.11269815266132355
0.10596941411495209
0.09847331792116165
0.09019217640161514
0.08111359179019928
0.07124976813793182
0.06063864752650261
0.04936178773641586
0.03752528131008148
0.02525952085852623
0.012702761217951775
0.0
0.0
0.014093585312366486
0.028041809797286987
0.041700057685375214
0.054929208010435104
0.06759517639875412
0.07958142459392548
0.09078850597143173
0.1011529490351677
0.11063719540834427
0.11923601478338242
0.1269569844007492
0.13381649553775787
0.1398315727710724
0.14501719176769257
0.14938627183437347
0.15294857323169708
0.15571199357509613
0.15768200159072876
0.15886254608631134
0.15925580263137817
0.15886254608631134
0.15768200159072876
0.15571199357509613
0.15294857323169708
0.14938627183437347
0.14501719176769257
0.1398315727710724
0.13381649553775787
0.1269569844007492
0.11923601478338242
0.11063719540834427
0.1011529490351677
0.09078850597143173
0.07958142459392548
0.06759517639875412
0.054929208010435104
0.041700057685375214
0.028041809797286987
0.014093585312366486
0.0
0.0
0.015504383482038975
0.030861329287290573
0.04592409357428551
0.060551054775714874
0.07460439205169678
0.08796030282974243
0.10050726681947708
0.11216272413730621
0.1228669062256813
0.13259461522102356
0.14133881032466888
0.14910945296287537
0.15592129528522491
0.16179047524929047
0.16673222184181213
0.17075885832309723
0.17388072609901428
0.17610527575016022
0.17743797600269318
0.17788183689117432
0.17743797600269318
0.17610527575016022
0.17388072609901428
0.17075885832309723
0.16673222184181213
0.16179047524929047
0.15592129528522491
0.14910945296287537
0.14133881032466888
0.13259461522102356
0.1228669062256813
0.11216272413730621
0.10050726681947708
0.08796030282974243
0.07460439205169678
0.060551054775714874
0.04592409357428551
0.030861329287290573
0.015504383482038975
0.0
0.0
0.016945363953709602
0.03373895585536957
0.050229765474796295
0.06627194583415985
0.08172296732664108
0.0964527502655983
0.11034070700407028
0.12329046428203583
0.13522480428218842
0.14609971642494202
0.1558917611837387
0.16460074484348297
0.17223596572875977
0.17881284654140472
0.1843477338552475
0.18885527551174164
0.19234822690486908
0.19483618438243866
0.19632624089717865
0.19682243466377258
0.19632624089717865
0.19483618438243866
0.19234822690486908
0.18885527551174164
0.1843477338552475
0.17881284654140472
0.17223596572875977
0.16460074484348297
0.1558917611837387
0.14609971642494202
0.13522480428218842
0.12329046428203583
0.11034070700407028
0.0964527502655983
0.08172296732664108
0.06627194583415985
0.050229765474796295
0.03373895585536957
0.016945363953709602
0.0
0.0
0.018426043912768364
0.03669394180178642
0.05464644730091095
0.07213182747364044
0.08900166302919388
0.10511960834264755
0.12035740166902542
0.13460813462734222
0.147781103849411
0.15981623530387878
0.17067430913448334
0.18034318089485168
0.18882423639297485
0.19613006711006165
0.20227675139904022
0.20728054642677307
0.2111564576625824
0.21391615271568298
0.21556852757930756
0.2161186933517456
0.21556852757930756
0.21391615271568298
0.2111564576625824
0.20728054642677307
0.20227675139904022
0.19613006711006165
0.18882423639297485
0.18034318089485168
0.17067430913448334
0.15981623530387878
0.147781103849411
0.13460813462734222
0.12035740166902542
0.10511960834264755
0.08900166302919388
0.07213182747364044
0.05464644730091095
0.03669394180178642
0.018426043912768364
0.0
0.0
0.019955972209572792
0.03974546492099762
0.059203099459409714
0.07816959172487259
0.09648929536342621
0.1140189915895462
0.13062310218811035
0.14618612825870514
0.16060678660869598
0.17381219565868378
0.18574950098991394
0.1963944137096405
0.20573914051055908
0.21379153430461884
0.22056598961353302
0.2260795384645462
0.23034891486167908
0.23338784277439117
0.23520700633525848
0.23581261932849884
0.23520700633525848
0.23338784277439117
0.23034891486167908
0.2260795384645462
0.22056598961353302
0.21379153430461884
0.20573914051055908
0.1963944137096405
0.18574950098991394
0.17381219565868378
0.16060678660869598
0.14618612825870514
0.13062310218811035
0.1140189915895462
0.09648929536342621
0.07816959172487259
0.059203099459409714
0.03974546492099762
0.019955972209572792
0.0
0.0
0.021544702351093292
0.04291260987520218
0.0639282837510109
0.08442318439483643
0.10423301160335541
0.12320683151483536
0.14120158553123474
0.15809418261051178
0.17377479374408722
0.18816041946411133
0.20118699967861176
0.2128193974494934
0.22304052114486694
0.23185262084007263
0.23926717042922974
0.24530112743377686
0.24997247755527496
0.25329676270484924
0.2552863359451294
0.25594863295555115
0.2552863359451294
0.25329676270484924
0.24997247755527496
0.24530112743377686
0.23926717042922974
0.23185262084007263
0.22304052114486694
0.2128193974494934
0.20118699967861176
0.18816041946411133
0.17377479374408722
0.15809418261051178
0.14120158553123474
0.12320683151483536
0.10423301160335541
0.08442318439483643
0.0639282837510109
0.04291260987520218
0.021544702351093292
0.0
0.0
0.023202331736683846
0.04621542617678642
0.06885173916816711
0.09093167632818222
0.1122806966304779
0.13273915648460388
0.1521560102701187
0.17040103673934937
0.18735717236995697
0.20293353497982025
0.2170574814081192
0.22968484461307526
0.2407905012369156
0.25037074089050293
0.25843366980552673
0.2649954855442047
0.2700748145580292
0.27368882298469543
0.27585145831108093
0.2765713036060333
0.27585145831108093
0.27368882298469543
0.2700748145580292
0.2649954855442047
0.25843366980552673
0.25037074089050293
0.2407905012369156
0.22968484461307526
0.2170574814081192
0.20293353497982025
0.18735717236995697
0.17040103673934937
0.1521560102701187
0.13273915648460388
0.1122806966304779
0.09093167632818222
0.06885173916816711
0.04621542617678642
0.023202331736683846
0.0
0.0
0.024939561262726784
0.049675103276968
0.07400473952293396
0.09773582965135574
0.12068191915750504
0.14267344772815704
0.16355076432228088
0.18317663669586182
0.20142769813537598
0.2182069718837738
0.2334354966878891
0.24706244468688965
0.2590562701225281
0.2694082260131836
0.2781231105327606
0.2852160930633545
0.29070624709129333
0.2946120500564575
0.2969490587711334
0.2977268695831299
0.2969490587711334
0.2946120500564575
0.29070624709129333
0.2852160930633545
0.2781231105327606
0.2694082260131836
0.2590562701225281
0.24706244468688965
0.2334354966878891
0.2182069718837738
0.20142769813537598
0.18317663669586182
0.16355076432228088
0.14267344772815704
0.12068191915750504
0.09773582965135574
0.07400473952293396
0.049675103276968
0.024939561262726784
0.0
0.0
0.02676820009946823
0.05331491678953171
0.07942133396863937
0.10487955808639526
0.12948931753635406
0.1530698537826538
0.1754521280527115
0.19649197161197662
0.21606037020683289
0.23405584692955017
0.2503952980041504
0.2650235891342163
0.27790510654449463
0.28902745246887207
0.2983930706977844
0.3060162663459778
0.3119165897369385
0.31611377000808716
0.318624883890152
0.31946057081222534
0.318624883890152
0.31611377000808716
0.3119165897369385
0.3060162663459778
0.2983930706977844
0.28902745246887207
0.27790510654449463
0.2650235891342163
0.2503952980041504
0.23405584692955017
0.21606037020683289
0.19649197161197662
0.1754521280527115
0.1530698537826538
0.12948931753635406
0.10487955808639526
0.07942133396863937
0.05331491678953171
0.02676820009946823
0.0
0.0
0.02870139665901661
0.057160716503858566
0.08513924479484558
0.11241128295660019
0.13876058161258698
0.16399376094341278
0.18793156743049622
0.2104228287935257
0.23133361339569092
0.25055938959121704
0.2680150866508484
0.2836436629295349
0.2974080741405487
0.30929431319236755
0.31930404901504517
0.3274514377117157
0.33375707268714905
0.3382420837879181
0.3409251272678375
0.3418179750442505
0.3409251272678375
0.3382420837879181
0.33375707268714905
0.3274514377117157
0.31930404901504517
0.30929431319236755
0.2974080741405487
0.2836436629295349
0.2680150866508484
0.25055938959121704
0.23133361339569092
0.2104228287935257
0.18793156743049622
0.16399376094341278
0.13876058161258698
0.11241128295660019
0.08513924479484558
0.057160716503858566
0.02870139665901661
0.0
0.0
0.030754216015338898
0.0612419918179512
0.09120112657546997
0.12038511782884598
0.1485593020915985
0.17551611363887787
0.20106522738933563
0.22504854202270508
0.24732807278633118
0.2677977979183197
0.28637292981147766
0.3029972016811371
0.3176349997520447
0.33027318120002747
0.3409147560596466
0.3495751619338989
0.35627681016921997
0.3610427975654602
0.3638935387134552
0.36484211683273315
0.3638935387134552
0.3610427975654602
0.35627681016921997
0.3495751619338989
0.3409147560596466
0.33027318120002747
0.3176349997520447
0.3029972016811371
0.28637292981147766
0.2677977979183197
0.24732807278633118
0.22504854202270508
0.20106522738933563
0.17551611363887787
0.1485593020915985
0.12038511782884598
0.09120112657546997
0.0612419918179512
0.030754216015338898
0.0
0.0
0.03294416889548302
0.06559296697378159
0.09765639901161194
0.1288636028766632
0.1589585840702057
0.18771789968013763
0.21493925154209137
0.24045789241790771
0.2641328275203705
0.28585848212242126
0.3055528700351715
0.3231634795665741
0.33865925669670105
0.3520309627056122
0.36328548192977905
0.37244150042533875
0.3795246481895447
0.3845607042312622
0.3875724971294403
0.3885745704174042
0.3875724971294403
0.3845607042312622
0.3795246481895447
0.37244150042533875
0.36328548192977905
0.3520309627056122
0.33865925669670105
0.3231634795665741
0.3055528700351715
0.28585848212242126
0.2641328275203705
0.24045789241790771
0.21493925154209137
0.18771789968013763
0.1589585840702057
0.1288636028766632
0.09765639901161194
0.06559296697378159
0.03294416889548302
0.0
0.0
0.03529200330376625
0.07025396823883057
0.10456275939941406
0.13791882991790771
0.1700415164232254
0.20068959891796112
0.22964812815189362
0.25674623250961304
0.2818416357040405
0.30483147501945496
0.3256397545337677
0.34422099590301514
0.3605523705482483
0.37463176250457764
0.38647323846817017
0.39610087871551514
0.40354543924331665
0.40883657336235046
0.4120001494884491
0.41305258870124817
0.4120001494884491
0.40883657336235046
0.40354543924331665
0.39610087871551514
0.38647323846817017
0.37463176250457764
0.3605523705482483
0.34422099590301514
0.3256397545337677
0.30483147501945496
0.2818416357040405
0.25674623250961304
0.22964812815189362
0.20068959891796112
0.1700415164232254
0.13791882991790771
0.10456275939941406
0.07025396823883057
0.03529200330376625
0.0
0.0
0.03782276436686516
0.07527366280555725
0.11198975145816803
0.1476375013589859
0.1819075644016266
0.21453885734081268
0.245303213596344
0.2740247845649719
0.30056214332580566
0.3248184323310852
0.3467274010181427
0.36625462770462036
0.38338977098464966
0.3981417119503021
0.41053512692451477
0.4206024408340454
0.42838168144226074
0.43390780687332153
0.4372108280658722
0.4383094310760498
0.4372108280658722
0.43390780687332153
0.42838168144226074
0.4206024408340454
0.41053512692451477
0.3981417119503021
0.38338977098464966
0.36625462770462036
0.3467274010181427
0.3248184323310852
0.30056214332580566
0.2740247845649719
0.245303213596344
0.21453885734081268
0.1819075644016266
0.1476375013589859
0.11198975145816803
0.07527366280555725
0.03782276436686516
0.0
0.0
0.040567055344581604
0.08071112632751465
0.12002086639404297
0.15812227129936218
0.19467251002788544
0.22938862442970276
0.26202917098999023
0.29241517186164856
0.32040953636169434
0.34592539072036743
0.3689113259315491
0.3893486559391022
0.4072445034980774
0.4226229786872864
0.4355234205722809
0.44598978757858276
0.45406991243362427
0.45980575680732727
0.4632326364517212
0.4643721878528595
0.4632326364517212
0.45980575680732727
0.45406991243362427
0.44598978757858276
0.4355234205722809
0.4226229786872864
0.4072445034980774
0.3893486559391022
0.3689113259315491
0.34592539072036743
0.32040953636169434
0.29241517186164856
0.26202917098999023
0.22938862442970276
0.19467251002788544
0.15812227129936218
0.12002086639404297
0.08071112632751465
0.040567055344581604
0.0
0.0
0.04356319457292557
0.08664025366306305
0.12876048684120178
0.16950111091136932
0.208480104804039
0.24539050459861755
0.2799781560897827
0.31206396222114563
0.3415201008319855
0.36827537417411804
0.39229950308799744
0.4135954976081848
0.432193785905838
0.4481387436389923
0.46148884296417236
0.47230294346809387
0.48064151406288147
0.4865555465221405
0.4900868535041809
0.4912607967853546
0.4900868535041809
0.4865555465221405
0.48064151406288147
0.47230294346809387
0.46148884296417236
0.4481387436389923
0.432193785905838
0.4135954976081848
0.39229950308799744
0.36827537417411804
0.3415201008319855
0.31206396222114563
0.2799781560897827
0.24539050459861755
0.208480104804039
0.16950111091136932
0.12876048684120178
0.08664025366306305
0.04356319457292557
0.0
0.0
0.04685936123132706
0.09315327554941177
0.13833707571029663
0.18192891776561737
0.22350086271762848
0.2627203166484833
0.2993224859237671
0.3331330418586731
0.36404064297676086
0.39199718832969666
0.41700175404548645
0.4390861988067627
0.4583111107349396
0.47474661469459534
0.48847514390945435
0.4995741844177246
0.5081197619438171
0.5141739249229431
0.5177863836288452
0.5189868211746216
0.5177863836288452
0.5141739249229431
0.5081197619438171
0.4995741844177246
0.48847514390945435
0.47474661469459534
0.4583111107349396
0.4390861988067627
0.41700175404548645
0.39199718832969666
0.36404064297676086
0.3331330418586731
0.2993224859237671
0.2627203166484833
0.22350086271762848
0.18192891776561737
0.13833707571029663
0.09315327554941177
0.04685936123132706
0.0
0.0
0.05051819607615471
0.10036991536617279
0.14891716837882996
0.19560565054416656
0.23995353281497955
0.2816016674041748
0.32027849555015564
0.3558223843574524
0.38814863562583923
0.4172426462173462
0.4431435167789459
0.4659207761287689
0.4856732189655304
0.5025029182434082
0.5165215134620667
0.5278287529945374
0.5365192294120789
0.5426678657531738
0.5463335514068604
0.547551155090332
0.5463335514068604
0.5426678657531738
0.5365192294120789
0.5278287529945374
0.5165215134620667
0.5025029182434082
0.4856732189655304
0.4659207761287689
0.4431435167789459
0.4172426462173462
0.38814863562583923
0.3558223843574524
0.32027849555015564
0.2816016674041748
0.23995353281497955
0.19560565054416656
0.14891716837882996
0.10036991536617279
0.05051819607615471
0.0
0.0
0.05462087318301201
0.1084437444806099
0.16071069240570068
0.21077799797058105
0.2581012547016144
0.3022959530353546
0.34309208393096924
0.3803523778915405
0.4140338599681854
0.4441688358783722
0.47084999084472656
0.494194895029068
0.5143496990203857
0.5314551591873169
0.5456570386886597
0.5570812821388245
0.5658435225486755
0.5720332264900208
0.5757198333740234
0.5769437551498413
0.5757198333740234
0.5720332264900208
0.5658435225486755
0.5570812821388245
0.5456570386886597
0.5314551591873169
0.5143496990203857
0.494194895029068
0.47084999084472656
0.4441688358783722
0.4140338599681854
0.3803523778915405
0.34309208393096924
0.3022959530353546
0.2581012547016144
0.21077799797058105
0.16071069240570068
0.1084437444806099
0.05462087318301201
0.0
0.0
0.05927750840783119
0.11758267134428024
0.17400062084197998
0.2277761697769165
0.27829259634017944
0.32514479756355286
0.368078351020813
0.4069991409778595
0.4419272840023041
0.47296059131622314
0.5002622604370117
0.5240107178688049
0.544409453868866
0.5616446137428284
0.575901210308075
0.5873343348503113
0.5960826873779297
0.6022518277168274
0.6059219837188721
0.6071397066116333
0.6059219837188721
0.6022518277168274
0.5960826873779297
0.5873343348503113
0.575901210308075
0.5616446137428284
0.544409453868866
0.5240107178688049
0.5002622604370117
0.47296059131622314
0.4419272840023041
0.4069991409778595
0.368078351020813
0.32514479756355286
0.27829259634017944
0.2277761697769165
0.17400062084197998
0.11758267134428024
0.05927750840783119
0.0
0.0
0.06463585048913956
0.12806132435798645
0.18915222585201263
0.24701379239559174
0.3009498119354248
0.3505469262599945
0.3955921232700348
0.4360617995262146
0.4720696210861206
0.5038022994995117
0.5315143465995789
0.5554590225219727
0.5759074687957764
0.593097984790802
0.6072584390640259
0.6185758113861084
0.6272127628326416
0.6332914233207703
0.6369032859802246
0.638100802898407
0.6369032859802246
0.6332914233207703
0.6272127628326416
0.6185758113861084
0.6072584390640259
0.593097984790802
0.5759074687957764
0.5554590225219727
0.5315143465995789
0.5038022994995117
0.4720696210861206
0.4360617995262146
0.3955921232700348
0.3505469262599945
0.3009498119354248
0.24701379239559174
0.18915222585201263
0.12806132435798645
0.06463585048913956
0.0
0.0
0.07090719789266586
0.14027196168899536
0.20668165385723114
0.2690679430961609
0.32665061950683594
0.379035085439682
0.4260927140712738
0.4679138958454132
0.504748523235321
0.5369033217430115
0.5647483468055725
0.5886269807815552
0.6088877320289612
0.6258260607719421
0.6397152543067932
0.6507744789123535
0.65919029712677
0.6651007533073425
0.6686079502105713
0.6697698831558228
0.6686079502105713
0.6651007533073425
0.65919029712677
0.6507744789123535
0.6397152543067932
0.6258260607719421
0.6088877320289612
0.5886269807815552
0.5647483468055725
0.5369033217430115
0.504748523235321
0.4679138958454132
0.4260927140712738
0.379035085439682
0.32665061950683594
0.2690679430961609
0.20668165385723114
0.14027196168899536
0.07090719789266586
0.0
0.0
0.07838819175958633
0.1547488272190094
0.22727106511592865
0.2946675717830658
0.3560922145843506
0.411219984292984
0.460081547498703
0.5029423236846924
0.5402458310127258
0.5724552273750305
0.6000828146934509
0.6235762238502502
0.6433688402175903
0.6598161458969116
0.6732362508773804
0.6838794350624084
0.6919539570808411
0.697611927986145
0.7009644508361816
0.7020742893218994
0.7009644508361816
0.697611927986145
0.6919539570808411
0.6838794350624084
0.6732362508773804
0.6598161458969116
0.6433688402175903
0.6235762238502502
0.6000828146934509
0.5724552273750305
0.5402458310127258
0.5029423236846924
0.460081547498703
0.411219984292984
0.3560922145843506
0.2946675717830658
0.22727106511592865
0.1547488272190094
0.07838819175958633
0.0
0.0
0.08753272891044617
0.17231883108615875
0.251943975687027
0.3248806893825531
0.39025697112083435
0.4479255676269531
0.4981987476348877
0.5416110157966614
0.5788741707801819
0.6106501221656799
0.6376182436943054
0.6603409647941589
0.6793383359909058
0.6950238943099976
0.7077562808990479
0.7178121209144592
0.7254168391227722
0.7307332754135132
0.7338787317276001
0.7349192500114441
0.7338787317276001
0.7307332754135132
0.7254168391227722
0.7178121209144592
0.7077562808990479
0.6950238943099976
0.6793383359909058
0.6603409647941589
0.6376182436943054
0.6106501221656799
0.5788741707801819
0.5416110157966614
0.4981987476348877
0.4479255676269531
0.39025697112083435
0.3248806893825531
0.251943975687027
0.17231883108615875
0.08753272891044617
0.0
0.0
0.09902439266443253
0.194130539894104
0.2820819616317749
0.3610447645187378
0.4302982985973358
0.4900485873222351
0.5410917401313782
0.5843513011932373
0.6208944916725159
0.6516231894493103
0.6774001717567444
0.6989062428474426
0.7167413830757141
0.7313696146011353
0.7431803941726685
0.7524690628051758
0.75947105884552
0.7643547058105469
0.7672398090362549
0.7681934237480164
0.7672398090362549
0.7643547058105469
0.75947105884552
0.7524690628051758
0.7431803941726685
0.7313696146011353
0.7167413830757141
0.6989062428474426
0.6774001717567444
0.6516231894493103
0.6208944916725159
0.5843513011932373
0.5410917401313782
0.4900485873222351
0.4302982985973358
0.3610447645187378
0.2820819616317749
0.194130539894104
0.09902439266443253
0.0
0.0
0.11399003118276596
0.22223897278308868
0.3199218809604645
0.4052272439002991
0.4778554439544678
0.5387596487998962
0.589518129825592
0.631604015827179
0.6665228009223938
0.6954410076141357
0.7194012999534607
0.7391881942749023
0.7554627656936646
0.7687222361564636
0.7793712019920349
0.787711501121521
0.7939788103103638
0.7983401417732239
0.8009130358695984
0.8017627596855164
0.8009130358695984
0.7983401417732239
0.7939788103103638
0.787711501121521
0.7793712019920349
0.7687222361564636
0.7554627656936646
0.7391881942749023
0.7194012999534607
0.6954410076141357
0.6665228009223938
0.631604015827179
0.589518129825592
0.5387596487998962
0.4778554439544678
0.4052272439002991
0.3199218809604645
0.22223897278308868
0.11399003118276596
0.0
0.0
0.1343746781349182
0.2593669593334198
0.3685097098350525
0.4598749279975891
0.5346915125846863
0.5951652526855469
0.6440927386283875
0.683649480342865
0.7158251404762268
0.7420441508293152
0.7634919881820679
0.7810235023498535
0.7953261137008667
0.8069040179252625
0.8161554932594299
0.8233728408813477
0.828780472278595
0.8325355648994446
0.8347479104995728
0.8354780077934265
0.8347479104995728
0.8325355648994446
0.828780472278595
0.8233728408813477
0.8161554932594299
0.8069040179252625
0.7953261137008667
0.7810235023498535
0.7634919881820679
0.7420441508293152
0.7158251404762268
0.683649480342865
0.6440927386283875
0.5951652526855469
0.5346915125846863
0.4598749279975891
0.3685097098350525
0.2593669593334198
0.1343746781349182
0.0
0.0
0.16347111761569977
0.3121034801006317
0.4331541657447815
0.5288717746734619
0.6030774712562561
0.6604243516921997
0.7052607536315918
0.7405359148979187
0.7686439156532288
0.791182279586792
0.8093915581703186
0.8241320252418518
0.8360669016838074
0.8456711769104004
0.8533104658126831
0.8592492341995239
0.8636872172355652
0.8667632341384888
0.8685733675956726
0.8691703677177429
0.8685733675956726
0.8667632341384888
0.8636872172355652
0.8592492341995239
0.8533104658126831
0.8456711769104004
0.8360669016838074
0.8241320252418518
0.8093915581703186
0.791182279586792
0.7686439156532288
0.7405359148979187
0.7052607536315918
0.6604243516921997
0.6030774712562561
0.5288717746734619
0.4331541657447815
0.3121034801006317
0.16347111761569977
0.0
0.0
0.20887751877307892
0.3869401812553406
0.5208601355552673
0.6159045696258545
0.6847760677337646
0.7350591421127319
0.7729408740997314
0.8019066452980042
0.8245306015014648
0.8423997163772583
0.8566756844520569
0.8681340217590332
0.8773511052131653
0.8847314119338989
0.8905792832374573
0.8951122760772705
0.8984924554824829
0.9008318185806274
0.90220707654953
0.9026604294776917
0.90220707654953
0.9008318185806274
0.8984924554824829
0.8951122760772705
0.8905792832374573
0.8847314119338989
0.8773511052131653
0.8681340217590332
0.8566756844520569
0.8423997163772583
0.8245306015014648
0.8019066452980042
0.7729408740997314
0.7350591421127319
0.6847760677337646
0.6159045696258545
0.5208601355552673
0.3869401812553406
0.20887751877307892
0.0
0.0
0.28120550513267517
0.5133888721466064
0.6425536274909973
0.7256054878234863
0.7803938388824463
0.8185279369354248
0.8461439609527588
0.8667725324630737
0.8825980424880981
0.8949469327926636
0.9047228693962097
0.9125173687934875
0.9187557697296143
0.9237321019172668
0.9276639223098755
0.930705189704895
0.9329695105552673
0.9345348477363586
0.9354544281959534
0.9357574582099915
0.9354544281959534
0.9345348477363586
0.9329695105552673
0.930705189704895
0.9276639223098755
0.9237321019172668
0.9187557697296143
0.9125173687934875
0.9047228693962097
0.8949469327926636
0.8825980424880981
0.8667725324630737
0.8461439609527588
0.8185279369354248
0.7803938388824463
0.7256054878234863
0.6425536274909973
0.5133888721466064
0.28120550513267517
0.0
0.0
0.5296180844306946
0.6998886466026306
0.8063386678695679
0.855700671672821
0.8878286480903625
0.9083231687545776
0.9229040145874023
0.9335415959358215
0.9416186213493347
0.947866678237915
0.9527860283851624
0.956692099571228
0.9598091840744019
0.9622902274131775
0.9642474055290222
0.9657594561576843
0.9668842554092407
0.9676613807678223
0.9681177735328674
0.9682681560516357
0.9681177735328674
0.9676613807678223
0.9668842554092407
0.9657594561576843
0.9642474055290222
0.9622902274131775
0.9598091840744019
0.956692099571228
0.9527860283851624
0.947866678237915
0.9416186213493347
0.9335415959358215
0.9229040145874023
0.9083231687545776
0.8878286480903625
0.855700671672821
0.8063386678695679
0.6998886466026306
0.5296180844306946
0.0
1.0
1.0
1.0
1.0
1.0
1.0
1.0
1.0
1.0
1.0
1.0
1.0
1.0
1.0
1.0
1.0
1.0
1.0
1.0
1.0
1.0
1.0
1.0
1.0
1.0
1.0
1.0
1.0
1.0
1.0
1.0
1.0
1.0
1.0
1.0
1.0
1.0
1.0
1.0
1.0
1.0
