0.0
0.0
0.0
0.0
0.0
0.0
0.0
0.0
0.0
0.0
0.0
0.0
0.0
0.0
0.0
0.0
0.0
0.0
0.0
0.0
0.0
0.0
0.0
0.0
0.0
0.0
0.0
0.0
0.0
0.0
0.0
0.0
0.0
0.0
0.0
0.0
0.0
0.0
0.0
0.0
0.0
0.0
0.0019127711420878768
0.003486296162009239
0.0048175472766160965
0.006001870147883892
0.007081514690071344
0.008072005584836006
0.008983377367258072
0.009820978157222271
0.010588116943836212
0.011286694556474686
0.011917856521904469
0.012482225894927979
0.012980133295059204
0.013411718420684338
0.013777014799416065
0.014075998216867447
0.014308618381619453
0.014474823139607906
0.014574565924704075
0.014607816934585571
0.014574565924704075
0.014474823139607906
0.014308618381619453
0.014075998216867447
0.013777014799416065
0.013411718420684338
0.012980133295059204
0.012482225894927979
0.011917856521904469
0.011286694556474686
0.010588116943836212
0.009820978157222271
0.008983377367258072
0.008072005584836006
0.007081514690071344
0.006001870147883892
0.0048175472766160965
0.003486296162009239
0.0019127711420878768
0.0
0.0
0.003502335399389267
0.00669642211869359
0.009445448406040668
0.011876621283590794
0.01407634187489748
0.016084745526313782
0.01792779564857483
0.019618337973952293
0.021164733916521072
0.022571593523025513
0.02384182997047901
0.024977045133709908
0.025978174060583115
0.026845673099160194
0.02757974900305271
0.028180452063679695
0.028647752478718758
0.02898159995675087
0.029181933030486107
0.029248716309666634
0.029181933030486107
0.02898159995675087
0.028647752478718758
0.028180452063679695
0.02757974900305271
0.026845673099160194
0.025978174060583115
0.024977045133709908
0.02384182997047901
0.022571593523025513
0.021164733916521072
0.019618337973952293
0.01792779564857483
0.016084745526313782
0.01407634187489748
0.011876621283590794
0.009445448406040668
0.00669642211869359
0.003502335399389267
0.0
0.0
0.0048777200281620026
0.009520374238491058
0.013740092515945435
0.017512107267975807
0.02090226113796234
0.02398134022951126
0.0267955269664526
0.029369305819272995
0.031718991696834564
0.033853430300951004
0.03577848896384239
0.03749743849039078
0.0390123687684536
0.04032440111041069
0.04143419489264488
0.042342063039541245
0.04304814711213112
0.043552495539188385
0.04385510832071304
0.043955981731414795
0.04385510832071304
0.043552495539188385
0.04304814711213112
0.042342063039541245
0.04143419489264488
0.04032440111041069
0.0390123687684536
0.03749743849039078
0.03577848896384239
0.033853430300951004
0.031718991696834564
0.029369305819272995
0.0267955269664526
0.02398134022951126
0.02090226113796234
0.017512107267975807
0.013740092515945435
0.009520374238491058
0.0048777200281620026
0.0
0.0
0.0061435154639184475
0.012102726846933365
0.01770712435245514
0.022846518084406853
0.027495093643665314
0.03171178326010704
0.03555171936750412
0.03905269876122475
0.042241085320711136
0.04513179883360863
0.04773518443107605
0.05005715414881706
0.05210172012448311
0.053871188312768936
0.055367082357406616
0.056590259075164795
0.05754126235842705
0.05822039023041725
0.05862781032919884
0.05876360833644867
0.05862781032919884
0.05822039023041725
0.05754126235842705
0.056590259075164795
0.055367082357406616
0.053871188312768936
0.05210172012448311
0.05005715414881706
0.04773518443107605
0.04513179883360863
0.042241085320711136
0.03905269876122475
0.03555171936750412
0.03171178326010704
0.027495093643665314
0.022846518084406853
0.01770712435245514
0.012102726846933365
0.0061435154639184475
0.0
0.0
0.007351493928581476
0.014548089355230331
0.0214378759264946
0.027892794460058212
0.033828698098659515
0.03924354538321495
0.04417022317647934
0.04865238070487976
0.05272436514496803
0.056408531963825226
0.0597209706902504
0.06267129629850388
0.06526635587215424
0.06751028448343277
0.06940598040819168
0.07095522433519363
0.07215924561023712
0.07301878929138184
0.07353435456752777
0.07370617985725403
0.07353435456752777
0.07301878929138184
0.07215924561023712
0.07095522433519363
0.06940598040819168
0.06751028448343277
0.06526635587215424
0.06267129629850388
0.0597209706902504
0.056408531963825226
0.05272436514496803
0.04865238070487976
0.04417022317647934
0.03924354538321495
0.033828698098659515
0.027892794460058212
0.0214378759264946
0.014548089355230331
0.007351493928581476
0.0
0.0
0.008525832556188107
0.01691378839313984
0.025026960298419
0.032738588750362396
0.03994104638695717
0.046579666435718536
0.05264321714639664
0.05816151201725006
0.06316743046045303
0.06768885999917984
0.07174738496541977
0.07535701990127563
0.07852822542190552
0.08126760274171829
0.08358003199100494
0.08546864241361618
0.08693569153547287
0.0879826471209526
0.08861047029495239
0.08881969004869461
0.08861047029495239
0.0879826471209526
0.08693569153547287
0.08546864241361618
0.08358003199100494
0.08126760274171829
0.07852822542190552
0.07535701990127563
0.07174738496541977
0.06768885999917984
0.06316743046045303
0.05816151201725006
0.05264321714639664
0.046579666435718536
0.03994104638695717
0.032738588750362396
0.025026960298419
0.01691378839313984
0.008525832556188107
0.0
0.0
0.009685237891972065
0.01924281381070614
0.028544992208480835
0.037469055503606796
0.045900605618953705
0.05375642701983452
0.06098594889044762
0.06758733838796616
0.07357757538557053
0.07898371666669846
0.08382989466190338
0.08813437074422836
0.09191147983074188
0.09517084807157516
0.09791987389326096
0.10016346722841263
0.10190534591674805
0.10314791649580002
0.10389285534620285
0.10414106398820877
0.10389285534620285
0.10314791649580002
0.10190534591674805
0.10016346722841263
0.09791987389326096
0.09517084807157516
0.09191147983074188
0.08813437074422836
0.08382989466190338
0.07898371666669846
0.07357757538557053
0.06758733838796616
0.06098594889044762
0.05375642701983452
0.045900605618953705
0.037469055503606796
0.028544992208480835
0.01924281381070614
0.009685237891972065
0.0
0.0
0.01084313727915287
0.02156408503651619
0.03204037621617317
0.042152781039476395
0.05178578943014145
0.06084204837679863
0.0692446306347847
0.07695885747671127
0.08397602289915085
0.09031274914741516
0.09598984569311142
0.1010277047753334
0.10544371604919434
0.10925064235925674
0.1124587133526802
0.11507505178451538
0.1171051487326622
0.11855269968509674
0.11942028254270554
0.119709312915802
0.11942028254270554
0.11855269968509674
0.1171051487326622
0.11507505178451538
0.1124587133526802
0.10925064235925674
0.10544371604919434
0.1010277047753334
0.09598984569311142
0.09031274914741516
0.08397602289915085
0.07695885747671127
0.0692446306347847
0.06084204837679863
0.05178578943014145
0.042152781039476395
0.03204037621617317
0.02156408503651619
0.01084313727915287
0.0
0.0
0.012011058628559113
0.023902274668216705
0.03555349260568619
0.04684707149863243
0.05766690894961357
0.06790865957736969
0.07748023420572281
0.0863216444849968
0.09439744800329208
0.10170532763004303
0.10825544595718384
0.11406630277633667
0.11915614455938339
0.12354036420583725
0.12723197042942047
0.13024049997329712
0.13257358968257904
0.1342364251613617
0.13523276150226593
0.1355646401643753
0.13523276150226593
0.1342364251613617
0.13257358968257904
0.13024049997329712
0.12723197042942047
0.12354036420583725
0.11915614455938339
0.11406630277633667
0.10825544595718384
0.10170532763004303
0.09439744800329208
0.0863216444849968
0.07748023420572281
0.06790865957736969
0.05766690894961357
0.04684707149863243
0.03555349260568619
0.023902274668216705
0.012011058628559113
0.0
0.0
0.01319882832467556
0.02627774514257908
0.039116572588682175
0.051597509533166885
0.06360343843698502
0.07502581179141998
0.08576346933841705
0.09573876857757568
0.10489372909069061
0.1132044643163681
0.12066496908664703
0.12728679180145264
0.13308557868003845
0.13807788491249084
0.142278790473938
0.14570026099681854
0.14835213124752045
0.15024136006832123
0.151373028755188
0.15174990892410278
0.151373028755188
0.15024136006832123
0.14835213124752045
0.14570026099681854
0.142278790473938
0.13807788491249084
0.13308557868003845
0.12728679180145264
0.12066496908664703
0.1132044643163681
0.10489372909069061
0.09573876857757568
0.08576346933841705
0.07502581179141998
0.06360343843698502
0.051597509533166885
0.039116572588682175
0.02627774514257908
0.01319882832467556
0.0
0.0
0.014415760524570942
0.028709612786769867
0.042759474366903305
0.05644572898745537
0.06964913755655289
0.08225759863853455
0.09416363388299942
0.10527779161930084
0.11552534252405167
0.1248624175786972
0.1332647055387497
0.140732079744339
0.14727364480495453
0.1529047191143036
0.15764117240905762
0.16149693727493286
0.16448402404785156
0.16661123931407928
0.16788509488105774
0.1683092713356018
0.16788509488105774
0.16661123931407928
0.16448402404785156
0.16149693727493286
0.15764117240905762
0.1529047191143036
0.14727364480495453
0.140732079744339
0.1332647055387497
0.1248624175786972
0.11552534252405167
0.10527779161930084
0.09416363388299942
0.08225759863853455
0.06964913755655289
0.05644572898745537
0.042759474366903305
0.028709612786769867
0.014415760524570942
0.0
0.0
0.015670625492930412
0.031215650960803032
0.04650942236185074
0.061429016292095184
0.07585189491510391
0.08966223895549774
0.10274743288755417
0.11500954627990723
0.12636154890060425
0.13674302399158478
0.14611206948757172
0.15445449948310852
0.16176947951316833
0.16806842386722565
0.17336603999137878
0.17767739295959473
0.1810162216424942
0.18339316546916962
0.18481624126434326
0.18529003858566284
0.18481624126434326
0.18339316546916962
0.1810162216424942
0.17767739295959473
0.17336603999137878
0.16806842386722565
0.16176947951316833
0.15445449948310852
0.14611206948757172
0.13674302399158478
0.12636154890060425
0.11500954627990723
0.10274743288755417
0.08966223895549774
0.07585189491510391
0.061429016292095184
0.04650942236185074
0.031215650960803032
0.015670625492930412
0.0
0.0
0.016972335055470467
0.03381379321217537
0.05039358511567116
0.06658405810594559
0.08225814253091812
0.09729564189910889
0.11157894879579544
0.12500347197055817
0.13747292757034302
0.14891405403614044
0.15926991403102875
0.16851180791854858
0.1766270399093628
0.1836204081773758
0.18950332701206207
0.19429074227809906
0.19799746572971344
0.20063570141792297
0.20221491158008575
0.2027406394481659
0.20221491158008575
0.20063570141792297
0.19799746572971344
0.19429074227809906
0.18950332701206207
0.1836204081773758
0.1766270399093628
0.16851180791854858
0.15926991403102875
0.14891405403614044
0.13747292757034302
0.12500347197055817
0.11157894879579544
0.09729564189910889
0.08225814253091812
0.06658405810594559
0.05039358511567116
0.03381379321217537
0.016972335055470467
0.0
0.0
0.018329909071326256
0.03652208298444748
0.05443905293941498
0.07194700837135315
0.08891309797763824
0.10521190613508224
0.12072058767080307
0.13532871007919312
0.14893266558647156
0.16144922375679016
0.1728091537952423
0.18297052383422852
0.1919083446264267
0.19961901009082794
0.20610876381397247
0.21139100193977356
0.21548065543174744
0.2183910757303238
0.2201330065727234
0.2207128405570984
0.2201330065727234
0.2183910757303238
0.21548065543174744
0.21139100193977356
0.20610876381397247
0.19961901009082794
0.1919083446264267
0.18297052383422852
0.1728091537952423
0.16144922375679016
0.14893266558647156
0.13532871007919312
0.12072058767080307
0.10521190613508224
0.08891309797763824
0.07194700837135315
0.05443905293941498
0.03652208298444748
0.018329909071326256
0.0
0.0
0.019753003492951393
0.03935973718762398
0.058674406260252
0.0775555670261383
0.09586325287818909
0.11346587538719177
0.13023479282855988
0.14605401456356049
0.16081370413303375
0.17442288994789124
0.18680275976657867
0.19790014624595642
0.2076786905527115
0.21612560749053955
0.22324058413505554
0.22903406620025635
0.23352007567882538
0.23671254515647888
0.23862317204475403
0.23925913870334625
0.23862317204475403
0.23671254515647888
0.23352007567882538
0.22903406620025635
0.22324058413505554
0.21612560749053955
0.2076786905527115
0.19790014624595642
0.18680275976657867
0.17442288994789124
0.16081370413303375
0.14605401456356049
0.13023479282855988
0.11346587538719177
0.09586325287818909
0.0775555670261383
0.058674406260252
0.03935973718762398
0.019753003492951393
0.0
0.0
0.021251967176795006
0.04234728589653969
0.06313004344701767
0.08344956487417221
0.10315732657909393
0.12211451679468155
0.14018599689006805
0.15725019574165344
0.17319172620773315
0.18791347742080688
0.2013292759656906
0.21337701380252838
0.22401058673858643
0.23320838809013367
0.24096298217773438
0.24728091061115265
0.2521743178367615
0.25565704703330994
0.25774142146110535
0.2584352195262909
0.25774142146110535
0.25565704703330994
0.2521743178367615
0.24728091061115265
0.24096298217773438
0.23320838809013367
0.22401058673858643
0.21337701380252838
0.2013292759656906
0.18791347742080688
0.17319172620773315
0.15725019574165344
0.14018599689006805
0.12211451679468155
0.10315732657909393
0.08344956487417221
0.06313004344701767
0.04234728589653969
0.021251967176795006
0.0
0.0
0.022838342934846878
0.0455075241625309
0.06783945858478546
0.08967241644859314
0.11084772646427155
0.13121820986270905
0.15064142644405365
0.1689901053905487
0.18614371120929718
0.20200024545192719
0.21646814048290253
0.2294786125421524
0.24097803235054016
0.2509370744228363
0.2593415379524231
0.2661934792995453
0.27150246500968933
0.27528175711631775
0.27754372358322144
0.27829664945602417
0.27754372358322144
0.27528175711631775
0.27150246500968933
0.2661934792995453
0.2593415379524231
0.2509370744228363
0.24097803235054016
0.2294786125421524
0.21646814048290253
0.20200024545192719
0.18614371120929718
0.1689901053905487
0.15064142644405365
0.13121820986270905
0.11084772646427155
0.08967241644859314
0.06783945858478546
0.0455075241625309
0.022838342934846878
0.0
0.0
0.024525096639990807
0.048866014927625656
0.07284010201692581
0.09627248346805573
0.11899252980947495
0.14084340631961823
0.16167451441287994
0.1813526451587677
0.19975249469280243
0.2167682945728302
0.23230478167533875
0.24628877639770508
0.2586614787578583
0.2693876326084137
0.27844735980033875
0.28583842515945435
0.29156753420829773
0.29564693570137024
0.29808881878852844
0.29890167713165283
0.29808881878852844
0.29564693570137024
0.29156753420829773
0.28583842515945435
0.27844735980033875
0.2693876326084137
0.2586614787578583
0.24628877639770508
0.23230478167533875
0.2167682945728302
0.19975249469280243
0.1813526451587677
0.16167451441287994
0.14084340631961823
0.11899252980947495
0.09627248346805573
0.07284010201692581
0.048866014927625656
0.024525096639990807
0.0
0.0
0.026327213272452354
0.052452173084020615
0.07817472517490387
0.10330437868833542
0.12765644490718842
0.15106303989887238
0.173364520072937
0.19442155957221985
0.21410459280014038
0.2323051393032074
0.2489261031150818
0.2638920843601227
0.2771417796611786
0.288636177778244
0.29835155606269836
0.30628201365470886
0.31243184208869934
0.3168119490146637
0.31943419575691223
0.3203071653842926
0.31943419575691223
0.3168119490146637
0.31243184208869934
0.30628201365470886
0.29835155606269836
0.288636177778244
0.2771417796611786
0.2638920843601227
0.2489261031150818
0.2323051393032074
0.21410459280014038
0.19442155957221985
0.173364520072937
0.15106303989887238
0.12765644490718842
0.10330437868833542
0.07817472517490387
0.052452173084020615
0.026327213272452354
0.0
0.0
0.02826220542192459
0.0563003346323967
0.08389317989349365
0.11083164811134338
0.13691450655460358
0.16196121275424957
0.185802161693573
0.20829187333583832
0.22929707169532776
0.24870800971984863
0.2664276659488678
0.28238093852996826
0.29650670289993286
0.30876484513282776
0.31913015246391296
0.327594518661499
0.33416059613227844
0.33883824944496155
0.3416390120983124
0.3425714671611786
0.3416390120983124
0.33883824944496155
0.33416059613227844
0.327594518661499
0.31913015246391296
0.30876484513282776
0.29650670289993286
0.28238093852996826
0.2664276659488678
0.24870800971984863
0.22929707169532776
0.20829187333583832
0.185802161693573
0.16196121275424957
0.13691450655460358
0.11083164811134338
0.08389317989349365
0.0563003346323967
0.02826220542192459
0.0
0.0
0.030350949615240097
0.06045122072100639
0.09005405753850937
0.11892809718847275
0.14685262739658356
0.1736326813697815
0.19908787310123444
0.2230667769908905
0.2454334944486618
0.2660786807537079
0.28490784764289856
0.30184879899024963
0.3168439269065857
0.32985490560531616
0.34085777401924133
0.3498443067073822
0.3568167984485626
0.36178478598594666
0.3647596836090088
0.36575013399124146
0.3647596836090088
0.36178478598594666
0.3568167984485626
0.3498443067073822
0.34085777401924133
0.32985490560531616
0.3168439269065857
0.30184879899024963
0.28490784764289856
0.2660786807537079
0.2454334944486618
0.2230667769908905
0.19908787310123444
0.1736326813697815
0.14685262739658356
0.11892809718847275
0.09005405753850937
0.06045122072100639
0.030350949615240097
0.0
0.0
0.032618727535009384
0.06495412439107895
0.09672822803258896
0.1276828497648239
0.15757422149181366
0.18619097769260406
0.21334116160869598
0.23886796832084656
0.2626344561576843
0.2845340073108673
0.3044777810573578
0.3223997950553894
0.3382495045661926
0.3519938588142395
0.3636135160923004
0.3731025457382202
0.38046494126319885
0.38571083545684814
0.3888522982597351
0.38989824056625366
0.3888522982597351
0.38571083545684814
0.38046494126319885
0.3731025457382202
0.3636135160923004
0.3519938588142395
0.3382495045661926
0.3223997950553894
0.3044777810573578
0.2845340073108673
0.2626344561576843
0.23886796832084656
0.21334116160869598
0.18619097769260406
0.15757422149181366
0.1276828497648239
0.09672822803258896
0.06495412439107895
0.032618727535009384
0.0
0.0
0.035096533596515656
0.06986911594867706
0.10400115698575974
0.1372019499540329
0.1692003309726715
0.1997665911912918
0.22869668900966644
0.25582972168922424
0.2810302674770355
0.30419766902923584
0.3252526521682739
0.3441394865512848
0.360819011926651
0.3752673268318176
0.387473464012146
0.3974367678165436
0.40516531467437744
0.4106713831424713
0.41396844387054443
0.4150661528110504
0.41396844387054443
0.4106713831424713
0.40516531467437744
0.3974367678165436
0.387473464012146
0.3752673268318176
0.360819011926651
0.3441394865512848
0.3252526521682739
0.30419766902923584
0.2810302674770355
0.25582972168922424
0.22869668900966644
0.1997665911912918
0.1692003309726715
0.1372019499540329
0.10400115698575974
0.06986911594867706
0.035096533596515656
0.0
0.0
0.03782321512699127
0.07527141273021698
0.11197981238365173
0.14761783182621002
0.18188169598579407
0.21452106535434723
0.2453199028968811
0.27411535382270813
0.30077728629112244
0.32521551847457886
0.34736573696136475
0.36718738079071045
0.3846580386161804
0.3997673988342285
0.4125172793865204
0.42291563749313354
0.4309774935245514
0.4367191195487976
0.44015663862228394
0.44130104780197144
0.44015663862228394
0.4367191195487976
0.4309774935245514
0.42291563749313354
0.4125172793865204
0.3997673988342285
0.3846580386161804
0.36718738079071045
0.34736573696136475
0.32521551847457886
0.30077728629112244
0.27411535382270813
0.2453199028968811
0.21452106535434723
0.18188169598579407
0.14761783182621002
0.11197981238365173
0.07527141273021698
0.03782321512699127
0.0
0.0
0.04084771126508713
0.08125509321689606
0.12079619616270065
0.1590912789106369
0.19579768180847168
0.23064257204532623
0.2633991539478302
0.2939063310623169
0.3220451772212982
0.34774214029312134
0.37095487117767334
0.39166420698165894
0.40987062454223633
0.4255826473236084
0.43881961703300476
0.4496019780635834
0.45795467495918274
0.4639001190662384
0.4674586057662964
0.46864309906959534
0.4674586057662964
0.4639001190662384
0.45795467495918274
0.4496019780635834
0.43881961703300476
0.4255826473236084
0.40987062454223633
0.39166420698165894
0.37095487117767334
0.34774214029312134
0.3220451772212982
0.2939063310623169
0.2633991539478302
0.23064257204532623
0.19579768180847168
0.1590912789106369
0.12079619616270065
0.08125509321689606
0.04084771126508713
0.0
0.0
0.044233594089746475
0.0879422053694725
0.13062135875225067
0.1718299686908722
0.21117886900901794
0.2483711987733841
0.2831721901893616
0.31542879343032837
0.34504184126853943
0.3719630539417267
0.39618155360221863
0.4177073538303375
0.43657150864601135
0.4528071880340576
0.46645665168762207
0.4775567352771759
0.48614585399627686
0.49225473403930664
0.49590936303138733
0.4971255660057068
0.49590936303138733
0.49225473403930664
0.48614585399627686
0.4775567352771759
0.46645665168762207
0.4528071880340576
0.43657150864601135
0.4177073538303375
0.39618155360221863
0.3719630539417267
0.34504184126853943
0.31542879343032837
0.2831721901893616
0.2483711987733841
0.21117886900901794
0.1718299686908722
0.13062135875225067
0.0879422053694725
0.044233594089746475
0.0
0.0
0.048063311725854874
0.09548942744731903
0.14167115092277527
0.1860903948545456
0.2283029556274414
0.26798826456069946
0.30491015315055847
0.3389332890510559
0.3699912428855896
0.3980727195739746
0.42321035265922546
0.4454529583454132
0.46487078070640564
0.48152831196784973
0.4954962432384491
0.5068320035934448
0.5155906677246094
0.521813690662384
0.5255343317985535
0.5267720818519592
0.5255343317985535
0.521813690662384
0.5155906677246094
0.5068320035934448
0.4954962432384491
0.48152831196784973
0.46487078070640564
0.4454529583454132
0.42321035265922546
0.3980727195739746
0.3699912428855896
0.3389332890510559
0.30491015315055847
0.26798826456069946
0.2283029556274414
0.1860903948545456
0.14167115092277527
0.09548942744731903
0.048063311725854874
0.0
0.0
0.05244846269488335
0.1041085496544838
0.1542363315820694
0.20221608877182007
0.24753865599632263
0.2898630201816559
0.328963041305542
0.36473721265792847
0.3971705734729767
0.42630526423454285
0.45223334431648254
0.4750540852546692
0.494887113571167
0.5118352770805359
0.5260032415390015
0.537473201751709
0.5463197827339172
0.552597165107727
0.5563474893569946
0.5575945973396301
0.5563474893569946
0.552597165107727
0.5463197827339172
0.537473201751709
0.5260032415390015
0.5118352770805359
0.494887113571167
0.4750540852546692
0.45223334431648254
0.42630526423454285
0.3971705734729767
0.36473721265792847
0.328963041305542
0.2898630201816559
0.24753865599632263
0.20221608877182007
0.1542363315820694
0.1041085496544838
0.05244846269488335
0.0
0.0
0.05753883719444275
0.1140793040394783
0.16869212687015533
0.2206372171640396
0.2693326473236084
0.3144267797470093
0.3557259142398834
0.39318618178367615
0.4268716871738434
0.4568990170955658
0.48343929648399353
0.5066556334495544
0.5267279148101807
0.543804407119751
0.558029055595398
0.5695121884346008
0.5783503651618958
0.5846123695373535
0.5883500576019287
0.5895923972129822
0.5883500576019287
0.5846123695373535
0.5783503651618958
0.5695121884346008
0.558029055595398
0.543804407119751
0.5267279148101807
0.5066556334495544
0.48343929648399353
0.4568990170955658
0.4268716871738434
0.39318618178367615
0.3557259142398834
0.3144267797470093
0.2693326473236084
0.2206372171640396
0.16869212687015533
0.1140793040394783
0.05753883719444275
0.0
0.0
0.06354803591966629
0.1258004903793335
0.18556849658489227
0.24195486307144165
0.29429861903190613
0.3422601521015167
0.38571637868881226
0.4247196614742279
0.45945262908935547
0.49013498425483704
0.5170407891273499
0.5404123067855835
0.5605003237724304
0.5775050520896912
0.5916135907173157
0.6029666066169739
0.6116840839385986
0.6178500056266785
0.6215264797210693
0.6227477192878723
0.6215264797210693
0.6178500056266785
0.6116840839385986
0.6029666066169739
0.5916135907173157
0.5775050520896912
0.5605003237724304
0.5404123067855835
0.5170407891273499
0.49013498425483704
0.45945262908935547
0.4247196614742279
0.38571637868881226
0.3422601521015167
0.29429861903190613
0.24195486307144165
0.18556849658489227
0.1258004903793335
0.06354803591966629
0.0
0.0
0.07077586650848389
0.13981500267982483
0.20556500554084778
0.2669273614883423
0.3231762945652008
0.37402909994125366
0.41950157284736633
0.45979735255241394
0.495271772146225
0.5262817740440369
0.5532310605049133
0.5764562487602234
0.5962881445884705
0.6129839420318604
0.6267754435539246
0.6378346085548401
0.6463043689727783
0.652283787727356
0.6558449268341064
0.6570271253585815
0.6558449268341064
0.652283787727356
0.6463043689727783
0.6378346085548401
0.6267754435539246
0.6129839420318604
0.5962881445884705
0.5764562487602234
0.5532310605049133
0.5262817740440369
0.495271772146225
0.45979735255241394
0.41950157284736633
0.37402909994125366
0.3231762945652008
0.2669273614883423
0.20556500554084778
0.13981500267982483
0.07077586650848389
0.0
0.0
0.07967979460954666
0.156961590051651
0.2297327071428299
0.29667022824287415
0.3570171892642975
0.4106449782848358
0.4578217566013336
0.49898940324783325
0.5347480773925781
0.565633237361908
0.5922051072120667
0.6149070858955383
0.6341550350189209
0.6502638459205627
0.6635082364082336
0.6740894317626953
0.6821707487106323
0.6878644824028015
0.691251277923584
0.6923748850822449
0.691251277923584
0.6878644824028015
0.6821707487106323
0.6740894317626953
0.6635082364082336
0.6502638459205627
0.6341550350189209
0.6149070858955383
0.5922051072120667
0.565633237361908
0.5347480773925781
0.49898940324783325
0.4578217566013336
0.4106449782848358
0.3570171892642975
0.29667022824287415
0.2297327071428299
0.156961590051651
0.07967979460954666
0.0
0.0
0.09094863384962082
0.1784050017595291
0.2594863474369049
0.33257779479026794
0.3970544934272766
0.45310288667678833
0.5014350414276123
0.5428422689437866
0.578255832195282
0.6084315776824951
0.6341060996055603
0.6558368802070618
0.6741222739219666
0.6893311142921448
0.7017745971679688
0.7116778492927551
0.7192197442054749
0.7245225310325623
0.7276727557182312
0.7287170886993408
0.7276727557182312
0.7245225310325623
0.7192197442054749
0.7116778492927551
0.7017745971679688
0.6893311142921448
0.6741222739219666
0.6558368802070618
0.6341060996055603
0.6084315776824951
0.578255832195282
0.5428422689437866
0.5014350414276123
0.45310288667678833
0.3970544934272766
0.33257779479026794
0.2594863474369049
0.1784050017595291
0.09094863384962082
0.0
0.0
0.10571510344743729
0.20622646808624268
0.2971307039260864
0.37682631611824036
0.4450744688510895
0.5027417540550232
0.5512736439704895
0.5919651389122009
0.6261653900146484
0.654879629611969
0.6790236830711365
0.6992608904838562
0.7161576747894287
0.7301239967346191
0.7414948344230652
0.750510036945343
0.7573560476303101
0.7621598243713379
0.765009880065918
0.7659540772438049
0.765009880065918
0.7621598243713379
0.7573560476303101
0.750510036945343
0.7414948344230652
0.7301239967346191
0.7161576747894287
0.6992608904838562
0.6790236830711365
0.654879629611969
0.6261653900146484
0.5919651389122009
0.5512736439704895
0.5027417540550232
0.4450744688510895
0.37682631611824036
0.2971307039260864
0.20622646808624268
0.10571510344743729
0.0
0.0
0.125934436917305
0.24318839609622955
0.3457847535610199
0.43198996782302856
0.5030058026313782
0.5608553886413574
0.6081427931785583
0.646818220615387
0.6787031888961792
0.7050565481185913
0.7269446849822998
0.7451120018959045
0.7601635456085205
0.772529125213623
0.7825487852096558
0.7904638648033142
0.7964580655097961
0.8006559610366821
0.8031435608863831
0.8039671182632446
0.8031435608863831
0.8006559610366821
0.7964580655097961
0.7904638648033142
0.7825487852096558
0.772529125213623
0.7601635456085205
0.7451120018959045
0.7269446849822998
0.7050565481185913
0.6787031888961792
0.646818220615387
0.6081427931785583
0.5608553886413574
0.5030058026313782
0.43198996782302856
0.3457847535610199
0.24318839609622955
0.125934436917305
0.0
0.0
0.1549156904220581
0.29595857858657837
0.4109865427017212
0.5022453665733337
0.5734578371047974
0.628929078578949
0.672778844833374
0.707694947719574
0.7359110116958618
0.7588702440261841
0.7777121663093567
0.7932060956954956
0.8059496879577637
0.816360592842102
0.8247595429420471
0.8313723206520081
0.8363679647445679
0.8398603200912476
0.8419275879859924
0.8426116108894348
0.8419275879859924
0.8398603200912476
0.8363679647445679
0.8313723206520081
0.8247595429420471
0.816360592842102
0.8059496879577637
0.7932060956954956
0.7777121663093567
0.7588702440261841
0.7359110116958618
0.707694947719574
0.672778844833374
0.628929078578949
0.5734578371047974
0.5022453665733337
0.4109865427017212
0.29595857858657837
0.1549156904220581
0.0
0.0
0.2002638578414917
0.37117451429367065
0.49993935227394104
0.5916451811790466
0.6585789322853088
0.7078577280044556
0.7454131841659546
0.7744925022125244
0.7975367307662964
0.8160147666931152
0.8310142159461975
0.8432472348213196
0.853244960308075
0.861373245716095
0.8679062128067017
0.8730354905128479
0.8769022822380066
0.8796015381813049
0.8811978101730347
0.8817257285118103
0.8811978101730347
0.8796015381813049
0.8769022822380066
0.8730354905128479
0.8679062128067017
0.861373245716095
0.853244960308075
0.8432472348213196
0.8310142159461975
0.8160147666931152
0.7975367307662964
0.7744925022125244
0.7454131841659546
0.7078577280044556
0.6585789322853088
0.5916451811790466
0.49993935227394104
0.37117451429367065
0.2002638578414917
0.0
0.0
0.27283868193626404
0.49871039390563965
0.6245592832565308
0.7056849002838135
0.7597101926803589
0.7976435422897339
0.8254505395889282
0.8464985489845276
0.862885594367981
0.8758722543716431
0.8863189816474915
0.8947837948799133
0.9016669392585754
0.9072421789169312
0.9117102026939392
0.9152106046676636
0.9178452491760254
0.9196823239326477
0.9207679033279419
0.9211268424987793
0.9207679033279419
0.9196823239326477
0.9178452491760254
0.9152106046676636
0.9117102026939392
0.9072421789169312
0.9016669392585754
0.8947837948799133
0.8863189816474915
0.8758722543716431
0.862885594367981
0.8464985489845276
0.8254505395889282
0.7976435422897339
0.7597101926803589
0.7056849002838135
0.6245592832565308
0.49871039390563965
0.27283868193626404
0.0
0.0
0.5211438536643982
0.6882917881011963
0.7943293452262878
0.8432661890983582
0.8755984902381897
0.8963360786437988
0.9113023281097412
0.9223600625991821
0.930884063243866
0.9375800490379333
0.9429367184638977
0.9472586512565613
0.950762152671814
0.9535931944847107
0.9558579325675964
0.9576298594474792
0.9589622020721436
0.9598905444145203
0.9604389071464539
0.9606201648712158
0.9604389071464539
0.9598905444145203
0.9589622020721436
0.9576298594474792
0.9558579325675964
0.9535931944847107
0.950762152671814
0.9472586512565613
0.9429367184638977
0.9375800490379333
0.930884063243866
0.9223600625991821
0.9113023281097412
0.8963360786437988
0.8755984902381897
0.8432661890983582
0.7943293452262878
0.6882917881011963
0.5211438536643982
0.0
1.0
1.0
1.0
1.0
1.0
1.0
1.0
1.0
1.0
1.0
1.0
1.0
1.0
1.0
1.0
1.0
1.0
1.0
1.0
1.0
1.0
1.0
1.0
1.0
1.0
1.0
1.0
1.0
1.0
1.0
1.0
1.0
1.0
1.0
1.0
1.0
1.0
1.0
1.0
1.0
1.0
