0.0
0.0
0.0
0.0
0.0
0.0
0.0
0.0
0.0
0.0
0.0
0.0
0.0
0.0
0.0
0.0
0.0
0.0
0.0
0.0
0.0
0.0
0.0
0.0
0.0
0.0
0.0
0.0
0.0
0.0
0.0
0.0
0.0
0.0
0.0
0.0
0.0
0.0
0.0
0.0
0.0
0.0
0.0018694839673116803
0.0034002000465989113
0.004691852256655693
0.005839894991368055
0.006886098068207502
0.007845633663237095
0.008728316985070705
0.009539387188851833
0.010282088071107864
0.010958290658891201
0.011569135822355747
0.012115252204239368
0.01259698811918497
0.01301450002938509
0.013367844745516777
0.013657016679644585
0.01388198509812355
0.01404271274805069
0.014139164239168167
0.014171318151056767
0.014139164239168167
0.01404271274805069
0.01388198509812355
0.013657016679644585
0.013367844745516777
0.01301450002938509
0.01259698811918497
0.012115252204239368
0.011569135822355747
0.010958290658891201
0.010282088071107864
0.009539387188851833
0.008728316985070705
0.007845633663237095
0.006886098068207502
0.005839894991368055
0.004691852256655693
0.0034002000465989113
0.0018694839673116803
0.0
0.0
0.003415862563997507
0.006527022924274206
0.009197210893034935
0.011555328033864498
0.013687661848962307
0.01563371904194355
0.017419060692191124
0.019056286662817
0.020553607493638992
0.02191556803882122
0.023145055398344994
0.02424367517232895
0.025212392210960388
0.02605169452726841
0.026761827990412712
0.02734288014471531
0.027794858440756798
0.028117738664150238
0.028311481699347496
0.02837606705725193
0.028311481699347496
0.028117738664150238
0.027794858440756798
0.02734288014471531
0.026761827990412712
0.02605169452726841
0.025212392210960388
0.02424367517232895
0.023145055398344994
0.02191556803882122
0.020553607493638992
0.019056286662817
0.017419060692191124
0.01563371904194355
0.013687661848962307
0.011555328033864498
0.009197210893034935
0.006527022924274206
0.003415862563997507
0.0
0.0
0.004750596825033426
0.00927039235830307
0.013373545370995998
0.017035987228155136
0.0203242227435112
0.0233088880777359
0.026035768911242485
0.028528975322842598
0.030804581940174103
0.0328713096678257
0.03473496437072754
0.036398809403181076
0.03786495700478554
0.039134569466114044
0.0402083583176136
0.04108668118715286
0.04176973178982735
0.04225759953260422
0.042550310492515564
0.04264788329601288
0.042550310492515564
0.04225759953260422
0.04176973178982735
0.04108668118715286
0.0402083583176136
0.039134569466114044
0.03786495700478554
0.036398809403181076
0.03473496437072754
0.0328713096678257
0.030804581940174103
0.028528975322842598
0.026035768911242485
0.0233088880777359
0.0203242227435112
0.017035987228155136
0.013373545370995998
0.00927039235830307
0.004750596825033426
0.0
0.0
0.005978141911327839
0.011776067316532135
0.01722642034292221
0.0222203079611063
0.026732418686151505
0.030822142958641052
0.03454456850886345
0.03793714940547943
0.041025977581739426
0.04382577911019325
0.04634679853916168
0.04859491437673569
0.05057414993643761
0.052286840975284576
0.053734563291072845
0.05491822957992554
0.055838439613580704
0.056495532393455505
0.056889720261096954
0.05702110752463341
0.056889720261096954
0.056495532393455505
0.055838439613580704
0.05491822957992554
0.053734563291072845
0.052286840975284576
0.05057414993643761
0.04859491437673569
0.04634679853916168
0.04382577911019325
0.041025977581739426
0.03793714940547943
0.03454456850886345
0.030822142958641052
0.026732418686151505
0.0222203079611063
0.01722642034292221
0.011776067316532135
0.005978141911327839
0.0
0.0
0.007149562705308199
0.014148104004561901
0.020847121253609657
0.027120772749185562
0.032886017113924026
0.038141313940286636
0.04291986674070358
0.04726528003811836
0.051211725920438766
0.05478135496377945
0.05799011513590813
0.06084756553173065
0.0633605346083641
0.06553316116333008
0.06736839562654495
0.06886807829141617
0.0700334832072258
0.07086541503667831
0.0713643878698349
0.07153068482875824
0.0713643878698349
0.07086541503667831
0.0700334832072258
0.06886807829141617
0.06736839562654495
0.06553316116333008
0.0633605346083641
0.06084756553173065
0.05799011513590813
0.05478135496377945
0.051211725920438766
0.04726528003811836
0.04291986674070358
0.038141313940286636
0.032886017113924026
0.027120772749185562
0.020847121253609657
0.014148104004561901
0.007149562705308199
0.0
0.0
0.008288475684821606
0.016442796215415
0.024329528212547302
0.031824659556150436
0.03882244601845741
0.04526907578110695
0.05115381255745888
0.05650672689080238
0.061360735446214676
0.06574361026287079
0.06967681646347046
0.07317427545785904
0.07624640315771103
0.0788998007774353
0.08113937079906464
0.08296827971935272
0.0843888372182846
0.08540254831314087
0.0860104113817215
0.08621297031641006
0.0860104113817215
0.08540254831314087
0.0843888372182846
0.08296827971935272
0.08113937079906464
0.0788998007774353
0.07624640315771103
0.07317427545785904
0.06967681646347046
0.06574361026287079
0.061360735446214676
0.05650672689080238
0.05115381255745888
0.04526907578110695
0.03882244601845741
0.031824659556150436
0.024329528212547302
0.016442796215415
0.008288475684821606
0.0
0.0
0.00941317155957222
0.018702346831560135
0.027743300423026085
0.03641635179519653
0.04460952430963516
0.05224105343222618
0.05926119163632393
0.06566853076219559
0.07148031145334244
0.0767236277461052
0.0814225822687149
0.08559535443782806
0.08925621956586838
0.09241478890180588
0.09507844597101212
0.09725213050842285
0.09893958270549774
0.10014325380325317
0.10086484253406525
0.10110526531934738
0.10086484253406525
0.10014325380325317
0.09893958270549774
0.09725213050842285
0.09507844597101212
0.09241478890180588
0.08925621956586838
0.08559535443782806
0.0814225822687149
0.0767236277461052
0.07148031145334244
0.06566853076219559
0.05926119163632393
0.05224105343222618
0.04460952430963516
0.03641635179519653
0.027743300423026085
0.018702346831560135
0.00941317155957222
0.0
0.0
0.010536782443523407
0.02095506154000759
0.031135952100157738
0.040963444858789444
0.050324831157922745
0.059124723076820374
0.06728749722242355
0.07477913051843643
0.08159133046865463
0.08774090558290482
0.09324876219034195
0.09813527017831802
0.10241777449846268
0.10610898584127426
0.10921913385391235
0.11175531893968582
0.11372305452823639
0.11512603610754013
0.11596687883138657
0.11624699085950851
0.11596687883138657
0.11512603610754013
0.11372305452823639
0.11175531893968582
0.10921913385391235
0.10610898584127426
0.10241777449846268
0.09813527017831802
0.09324876219034195
0.08774090558290482
0.08159133046865463
0.07477913051843643
0.06728749722242355
0.059124723076820374
0.050324831157922745
0.040963444858789444
0.031135952100157738
0.02095506154000759
0.010536782443523407
0.0
0.0
0.011670595966279507
0.023225124925374985
0.034547120332717896
0.04552233964204788
0.05603775382041931
0.06599139422178268
0.07529293745756149
0.0838833898305893
0.09172789752483368
0.09882445633411407
0.10518340021371841
0.11082328855991364
0.1157623678445816
0.12001598626375198
0.12359711527824402
0.12651528418064117
0.12877807021141052
0.1303907185792923
0.13135692477226257
0.1316787600517273
0.13135692477226257
0.1303907185792923
0.12877807021141052
0.12651528418064117
0.12359711527824402
0.12001598626375198
0.1157623678445816
0.11082328855991364
0.10518340021371841
0.09882445633411407
0.09172789752483368
0.0838833898305893
0.07529293745756149
0.06599139422178268
0.05603775382041931
0.04552233964204788
0.034547120332717896
0.023225124925374985
0.011670595966279507
0.0
0.0
0.012824254110455513
0.025532515719532967
0.03800845518708229
0.050137847661972046
0.06180688366293907
0.07290974259376526
0.08334740996360779
0.09304362535476685
0.10194122046232224
0.11001673340797424
0.11726438999176025
0.12369585037231445
0.12932682037353516
0.13417376577854156
0.13825179636478424
0.1415727734565735
0.14414653182029724
0.14597998559474945
0.14707817137241364
0.14744390547275543
0.14707817137241364
0.14597998559474945
0.14414653182029724
0.1415727734565735
0.13825179636478424
0.13417376577854156
0.12932682037353516
0.12369585037231445
0.11726438999176025
0.11001673340797424
0.10194122046232224
0.09304362535476685
0.08334740996360779
0.07290974259376526
0.06180688366293907
0.050137847661972046
0.03800845518708229
0.025532515719532967
0.012824254110455513
0.0
0.0
0.01400691457092762
0.027896035462617874
0.04154932126402855
0.05485095456242561
0.06768523156642914
0.07994305342435837
0.09151944518089294
0.1023266613483429
0.11229109764099121
0.12136943638324738
0.12953761219978333
0.13679565489292145
0.14315265417099
0.14862395823001862
0.153225377202034
0.1569707691669464
0.15987206995487213
0.16193804144859314
0.16317518055438995
0.16358712315559387
0.16317518055438995
0.16193804144859314
0.15987206995487213
0.1569707691669464
0.153225377202034
0.14862395823001862
0.14315265417099
0.13679565489292145
0.12953761219978333
0.12136943638324738
0.11229109764099121
0.1023266613483429
0.09151944518089294
0.07994305342435837
0.06768523156642914
0.05485095456242561
0.04154932126402855
0.027896035462617874
0.01400691457092762
0.0
0.0
0.015227223746478558
0.030333202332258224
0.045196566730737686
0.059698425233364105
0.0737200379371643
0.08714883774518967
0.09987501800060272
0.11180267482995987
0.12284617871046066
0.13294583559036255
0.1420600265264511
0.15017467737197876
0.15728893876075745
0.16341418027877808
0.168565034866333
0.17275646328926086
0.1760021448135376
0.17831258475780487
0.17969579994678497
0.18015632033348083
0.17969579994678497
0.17831258475780487
0.1760021448135376
0.17275646328926086
0.168565034866333
0.16341418027877808
0.15728893876075745
0.15017467737197876
0.1420600265264511
0.13294583559036255
0.12284617871046066
0.11180267482995987
0.09987501800060272
0.08714883774518967
0.0737200379371643
0.059698425233364105
0.045196566730737686
0.030333202332258224
0.015227223746478558
0.0
0.0
0.016493987292051315
0.03286173939704895
0.04897703975439072
0.06471653282642365
0.07995721697807312
0.09458241611719131
0.10847761482000351
0.12154051661491394
0.13367651402950287
0.14481323957443237
0.15489411354064941
0.16389048099517822
0.17178954184055328
0.17859594523906708
0.18432097136974335
0.18897943198680878
0.1925860047340393
0.19515278935432434
0.1966891586780548
0.19720061123371124
0.1966891586780548
0.19515278935432434
0.1925860047340393
0.18897943198680878
0.18432097136974335
0.17859594523906708
0.17178954184055328
0.16389048099517822
0.15489411354064941
0.14481323957443237
0.13367651402950287
0.12154051661491394
0.10847761482000351
0.09458241611719131
0.07995721697807312
0.06471653282642365
0.04897703975439072
0.03286173939704895
0.016493987292051315
0.0
0.0
0.017816146835684776
0.03549953177571297
0.05291758477687836
0.06994110345840454
0.08644159883260727
0.10229746252298355
0.11738918721675873
0.13160891830921173
0.14485493302345276
0.15704508125782013
0.16811057925224304
0.17800946533679962
0.1867164969444275
0.19422779977321625
0.20054930448532104
0.20569422841072083
0.20967727899551392
0.21251167356967926
0.21420803666114807
0.21477268636226654
0.21420803666114807
0.21251167356967926
0.20967727899551392
0.20569422841072083
0.20054930448532104
0.19422779977321625
0.1867164969444275
0.17800946533679962
0.16811057925224304
0.15704508125782013
0.14485493302345276
0.13160891830921173
0.11738918721675873
0.10229746252298355
0.08644159883260727
0.06994110345840454
0.05291758477687836
0.03549953177571297
0.017816146835684776
0.0
0.0
0.019203290343284607
0.038265667855739594
0.05704659968614578
0.07540960609912872
0.09321939945220947
0.11034850031137466
0.12667186558246613
0.14207632839679718
0.1564541459083557
0.16971558332443237
0.1817823350429535
0.19260117411613464
0.20213529467582703
0.2103714495897293
0.21730877459049225
0.22295741736888885
0.22733107209205627
0.23044343292713165
0.23230604827404022
0.23292602598667145
0.23230604827404022
0.23044343292713165
0.22733107209205627
0.22295741736888885
0.21730877459049225
0.2103714495897293
0.20213529467582703
0.19260117411613464
0.1817823350429535
0.16971558332443237
0.1564541459083557
0.14207632839679718
0.12667186558246613
0.11034850031137466
0.09321939945220947
0.07540960609912872
0.05704659968614578
0.038265667855739594
0.019203290343284607
0.0
0.0
0.020665721967816353
0.041180580854415894
0.061394352465867996
0.08116170763969421
0.10033916682004929
0.118792325258255
0.13638994097709656
0.1530134677886963
0.16854983568191528
0.18290327489376068
0.19598816335201263
0.20774228870868683
0.21811890602111816
0.22709567844867706
0.23466435074806213
0.2408309131860733
0.24560700356960297
0.24900618195533752
0.2510404884815216
0.25171762704849243
0.2510404884815216
0.24900618195533752
0.24560700356960297
0.2408309131860733
0.23466435074806213
0.22709567844867706
0.21811890602111816
0.20774228870868683
0.19598816335201263
0.18290327489376068
0.16854983568191528
0.1530134677886963
0.13638994097709656
0.118792325258255
0.10033916682004929
0.08116170763969421
0.061394352465867996
0.041180580854415894
0.020665721967816353
0.0
0.0
0.02221495844423771
0.04426702484488487
0.0659942701458931
0.08724075555801392
0.1078532412648201
0.12768928706645966
0.14661066234111786
0.16449329257011414
0.1812191605567932
0.1966876983642578
0.2108079195022583
0.22351084649562836
0.23474201560020447
0.24447104334831238
0.25268256664276123
0.25937777757644653
0.26456552743911743
0.2682585120201111
0.2704688310623169
0.27120456099510193
0.2704688310623169
0.2682585120201111
0.26456552743911743
0.25937777757644653
0.25268256664276123
0.24447104334831238
0.23474201560020447
0.22351084649562836
0.2108079195022583
0.1966876983642578
0.1812191605567932
0.16449329257011414
0.14661066234111786
0.12768928706645966
0.1078532412648201
0.08724075555801392
0.0659942701458931
0.04426702484488487
0.02221495844423771
0.0
0.0
0.023863952606916428
0.04755054786801338
0.07088381052017212
0.09369514137506485
0.1158197820186615
0.1371060013771057
0.15740767121315002
0.1765950471162796
0.1945454329252243
0.21115459501743317
0.22632785141468048
0.2399916648864746
0.25208619236946106
0.26257479190826416
0.27143600583076477
0.27866625785827637
0.2842712998390198
0.2882625162601471
0.29065167903900146
0.2914469838142395
0.29065167903900146
0.2882625162601471
0.2842712998390198
0.27866625785827637
0.27143600583076477
0.26257479190826416
0.25208619236946106
0.2399916648864746
0.22632785141468048
0.21115459501743317
0.1945454329252243
0.1765950471162796
0.15740767121315002
0.1371060013771057
0.1158197820186615
0.09369514137506485
0.07088381052017212
0.04755054786801338
0.023863952606916428
0.0
0.0
0.025627706199884415
0.051060594618320465
0.07610578835010529
0.10057959705591202
0.12430369108915329
0.14711566269397736
0.16886065900325775
0.18940302729606628
0.20861589908599854
0.22639240324497223
0.24263590574264526
0.25727060437202454
0.27023375034332275
0.2814846336841583
0.2909974455833435
0.29876452684402466
0.30478864908218384
0.30907967686653137
0.31164872646331787
0.31250399351119995
0.31164872646331787
0.30907967686653137
0.30478864908218384
0.29876452684402466
0.2909974455833435
0.2814846336841583
0.27023375034332275
0.25727060437202454
0.24263590574264526
0.22639240324497223
0.20861589908599854
0.18940302729606628
0.16886065900325775
0.14711566269397736
0.12430369108915329
0.10057959705591202
0.07610578835010529
0.051060594618320465
0.025627706199884415
0.0
0.0
0.027523763477802277
0.05483157932758331
0.08171018213033676
0.10795789211988449
0.13338033854961395
0.15780287981033325
0.1810610145330429
0.2030131071805954
0.22352872788906097
0.24249966442584991
0.2598292827606201
0.2754417955875397
0.2892744243144989
0.30128487944602966
0.31144529581069946
0.31974533200263977
0.3261854648590088
0.330774188041687
0.33352193236351013
0.3344367742538452
0.33352193236351013
0.330774188041687
0.3261854648590088
0.31974533200263977
0.31144529581069946
0.30128487944602966
0.2892744243144989
0.2754417955875397
0.2598292827606201
0.24249966442584991
0.22352872788906097
0.2030131071805954
0.1810610145330429
0.15780287981033325
0.13338033854961395
0.10795789211988449
0.08171018213033676
0.05483157932758331
0.027523763477802277
0.0
0.0
0.02957306057214737
0.05890435352921486
0.08775582164525986
0.11590417474508286
0.1431361436843872
0.16926309466362
0.19411008059978485
0.21752968430519104
0.23938889801502228
0.2595798373222351
0.27800822257995605
0.2946009933948517
0.3092983663082123
0.3220594525337219
0.33285701274871826
0.3416799306869507
0.3485277593135834
0.3534080684185028
0.35633087158203125
0.35730406641960144
0.35633087158203125
0.3534080684185028
0.3485277593135834
0.3416799306869507
0.33285701274871826
0.3220594525337219
0.3092983663082123
0.2946009933948517
0.27800822257995605
0.2595798373222351
0.23938889801502228
0.21752968430519104
0.19411008059978485
0.16926309466362
0.1431361436843872
0.11590417474508286
0.08775582164525986
0.05890435352921486
0.02957306057214737
0.0
0.0
0.03180096298456192
0.06332840025424957
0.09431389719247818
0.1245080754160881
0.15367522835731506
0.1816108524799347
0.2081286460161209
0.23307602107524872
0.2563188970088959
0.2777520418167114
0.2972865402698517
0.3148551285266876
0.33040478825569153
0.3438992202281952
0.3553152084350586
0.3646432161331177
0.3718838095664978
0.37704455852508545
0.3801356256008148
0.38116487860679626
0.3801356256008148
0.37704455852508545
0.3718838095664978
0.3646432161331177
0.3553152084350586
0.3438992202281952
0.33040478825569153
0.3148551285266876
0.2972865402698517
0.2777520418167114
0.2563188970088959
0.23307602107524872
0.2081286460161209
0.1816108524799347
0.15367522835731506
0.1245080754160881
0.09431389719247818
0.06332840025424957
0.03180096298456192
0.0
0.0
0.03423858806490898
0.06816404312849045
0.10147029906511307
0.1338762789964676
0.16511958837509155
0.194977805018425
0.22325295209884644
0.24978835880756378
0.27445146441459656
0.29714271426200867
0.3177824914455414
0.33631327748298645
0.35269296169281006
0.3668937385082245
0.37890011072158813
0.3887070119380951
0.3963182866573334
0.40174299478530884
0.40499216318130493
0.40607407689094543
0.40499216318130493
0.40174299478530884
0.3963182866573334
0.3887070119380951
0.37890011072158813
0.3668937385082245
0.35269296169281006
0.33631327748298645
0.3177824914455414
0.29714271426200867
0.27445146441459656
0.24978835880756378
0.22325295209884644
0.194977805018425
0.16511958837509155
0.1338762789964676
0.10147029906511307
0.06816404312849045
0.03423858806490898
0.0
0.0
0.036924924701452255
0.07348683476448059
0.10933254659175873
0.14414207637310028
0.17762115597724915
0.20952722430229187
0.23965057730674744
0.2678326368331909
0.2939460277557373
0.31790128350257874
0.33963334560394287
0.3590993881225586
0.3762732446193695
0.3911401629447937
0.40369656682014465
0.4139452874660492
0.42189618945121765
0.42756158113479614
0.43095454573631287
0.4320842921733856
0.43095454573631287
0.42756158113479614
0.42189618945121765
0.4139452874660492
0.40369656682014465
0.3911401629447937
0.3762732446193695
0.3590993881225586
0.33963334560394287
0.31790128350257874
0.2939460277557373
0.2678326368331909
0.23965057730674744
0.20952722430229187
0.17762115597724915
0.14414207637310028
0.10933254659175873
0.07348683476448059
0.036924924701452255
0.0
0.0
0.03990911692380905
0.07939125597476959
0.11803335696458817
0.15546730160713196
0.19136077165603638
0.22544921934604645
0.2575123906135559
0.2873934507369995
0.31497591733932495
0.34018656611442566
0.3629816770553589
0.38333913683891296
0.4012550711631775
0.41673263907432556
0.4297851026058197
0.44042670726776123
0.44867661595344543
0.4545523226261139
0.45807042717933655
0.45924171805381775
0.45807042717933655
0.4545523226261139
0.44867661595344543
0.44042670726776123
0.4297851026058197
0.41673263907432556
0.4012550711631775
0.38333913683891296
0.3629816770553589
0.34018656611442566
0.31497591733932495
0.2873934507369995
0.2575123906135559
0.22544921934604645
0.19136077165603638
0.15546730160713196
0.11803335696458817
0.07939125597476959
0.03990911692380905
0.0
0.0
0.043254949152469635
0.08599986881017685
0.1277446448802948
0.1680610179901123
0.20657102763652802
0.24298657476902008
0.27707958221435547
0.3087010979652405
0.33775392174720764
0.3641895651817322
0.38799500465393066
0.4091765284538269
0.4277600049972534
0.44377243518829346
0.4572490155696869
0.46821966767311096
0.47671589255332947
0.4827628433704376
0.4863820970058441
0.4875868260860443
0.4863820970058441
0.4827628433704376
0.47671589255332947
0.46821966767311096
0.4572490155696869
0.44377243518829346
0.4277600049972534
0.4091765284538269
0.38799500465393066
0.3641895651817322
0.33775392174720764
0.3087010979652405
0.27707958221435547
0.24298657476902008
0.20657102763652802
0.1680610179901123
0.1277446448802948
0.08599986881017685
0.043254949152469635
0.0
0.0
0.04704516381025314
0.09346999228000641
0.13868337869644165
0.18218137323856354
0.22353194653987885
0.2624237537384033
0.29862725734710693
0.3320108950138092
0.3625096082687378
0.3901109993457794
0.4148447811603546
0.4367550015449524
0.45590585470199585
0.4723546802997589
0.48616424202919006
0.49738413095474243
0.5060616731643677
0.5122318267822266
0.5159228444099426
0.5171511769294739
0.5159228444099426
0.5122318267822266
0.5060616731643677
0.49738413095474243
0.48616424202919006
0.4723546802997589
0.45590585470199585
0.4367550015449524
0.4148447811603546
0.3901109993457794
0.3625096082687378
0.3320108950138092
0.29862725734710693
0.2624237537384033
0.22353194653987885
0.18218137323856354
0.13868337869644165
0.09346999228000641
0.04704516381025314
0.0
0.0
0.05139167979359627
0.10201414674520493
0.15114162862300873
0.19817408919334412
0.2426154762506485
0.28413429856300354
0.32251089811325073
0.3576468527317047
0.38952770829200745
0.4181934595108032
0.4437320828437805
0.46623706817626953
0.4858209192752838
0.5025783777236938
0.5166053771972656
0.5279752016067505
0.5367540717124939
0.5429889559745789
0.5467160940170288
0.5479559302330017
0.5467160940170288
0.5429889559745789
0.5367540717124939
0.5279752016067505
0.5166053771972656
0.5025783777236938
0.4858209192752838
0.46623706817626953
0.4437320828437805
0.4181934595108032
0.38952770829200745
0.3576468527317047
0.32251089811325073
0.28413429856300354
0.2426154762506485
0.19817408919334412
0.15114162862300873
0.10201414674520493
0.05139167979359627
0.0
0.0
0.0564446821808815
0.11191300302743912
0.16549628973007202
0.21647191047668457
0.264272004365921
0.3085545003414154
0.34913182258605957
0.38596203923225403
0.41910862922668457
0.44868454337120056
0.4748556613922119
0.4977779984474182
0.5176233053207397
0.5345306396484375
0.5486345291137695
0.5600354075431824
0.5688208341598511
0.5750515460968018
0.5787730813026428
0.5800105333328247
0.5787730813026428
0.5750515460968018
0.5688208341598511
0.5600354075431824
0.5486345291137695
0.5345306396484375
0.5176233053207397
0.4977779984474182
0.4748556613922119
0.44868454337120056
0.41910862922668457
0.38596203923225403
0.34913182258605957
0.3085545003414154
0.264272004365921
0.21647191047668457
0.16549628973007202
0.11191300302743912
0.0564446821808815
0.0
0.0
0.06241818889975548
0.12356642633676529
0.18227946758270264
0.23767954111099243
0.28912055492401123
0.33627229928970337
0.379016637802124
0.41740649938583374
0.4516221582889557
0.48187798261642456
0.5084413886070251
0.5315459966659546
0.5514335036277771
0.5682940483093262
0.5823043584823608
0.5935948491096497
0.6022756099700928
0.6084221601486206
0.6120898723602295
0.6133087277412415
0.6120898723602295
0.6084221601486206
0.6022756099700928
0.5935948491096497
0.5823043584823608
0.5682940483093262
0.5514335036277771
0.5315459966659546
0.5084413886070251
0.48187798261642456
0.4516221582889557
0.41740649938583374
0.379016637802124
0.33627229928970337
0.28912055492401123
0.23767954111099243
0.18227946758270264
0.12356642633676529
0.06241818889975548
0.0
0.0
0.06961255520582199
0.13751865923404694
0.20219330489635468
0.26255953311920166
0.31790709495544434
0.3679617941379547
0.4127427339553833
0.45245179533958435
0.4874398410320282
0.518056333065033
0.5446968078613281
0.5676877498626709
0.5873499512672424
0.6039295196533203
0.6176475286483765
0.6286650896072388
0.6371148824691772
0.6430872678756714
0.6466470956802368
0.6478294730186462
0.6466470956802368
0.6430872678756714
0.6371148824691772
0.6286650896072388
0.6176475286483765
0.6039295196533203
0.5873499512672424
0.5676877498626709
0.5446968078613281
0.518056333065033
0.4874398410320282
0.45245179533958435
0.4127427339553833
0.3679617941379547
0.31790709495544434
0.26255953311920166
0.20219330489635468
0.13751865923404694
0.06961255520582199
0.0
0.0
0.07848578691482544
0.15461017191410065
0.2262927144765854
0.2922341525554657
0.35169315338134766
0.40454742312431335
0.45106595754623413
0.4916854798793793
0.5269992351531982
0.5575327277183533
0.5838362574577332
0.6063417196273804
0.625454306602478
0.6414771676063538
0.6546740531921387
0.6652350425720215
0.6733132004737854
0.6790120005607605
0.6824048161506653
0.6835309267044067
0.6824048161506653
0.6790120005607605
0.6733132004737854
0.6652350425720215
0.6546740531921387
0.6414771676063538
0.625454306602478
0.6063417196273804
0.5838362574577332
0.5575327277183533
0.5269992351531982
0.4916854798793793
0.45106595754623413
0.40454742312431335
0.35169315338134766
0.2922341525554657
0.2262927144765854
0.15461017191410065
0.07848578691482544
0.0
0.0
0.08972740918397903
0.17600789666175842
0.2559968829154968
0.32810550928115845
0.39172327518463135
0.4470391273498535
0.4947620630264282
0.5356736779212952
0.5706954598426819
0.6005702614784241
0.6260236501693726
0.6476002335548401
0.665787398815155
0.6809418797492981
0.6933640241622925
0.7032680511474609
0.7108228802680969
0.7161419987678528
0.7193048596382141
0.7203540205955505
0.7193048596382141
0.7161419987678528
0.7108228802680969
0.7032680511474609
0.6933640241622925
0.6809418797492981
0.665787398815155
0.6476002335548401
0.6260236501693726
0.6005702614784241
0.5706954598426819
0.5356736779212952
0.4947620630264282
0.4470391273498535
0.39172327518463135
0.32810550928115845
0.2559968829154968
0.17600789666175842
0.08972740918397903
0.0
0.0
0.10447093099355698
0.20379650592803955
0.29361996054649353
0.37236520648002625
0.43980515003204346
0.49680155515670776
0.5447917580604553
0.5850551128387451
0.618928074836731
0.6474003195762634
0.6713755130767822
0.691503643989563
0.7083401679992676
0.7222833037376404
0.7336577773094177
0.7426929473876953
0.7495661377906799
0.7543959021568298
0.7572643160820007
0.7582151889801025
0.7572643160820007
0.7543959021568298
0.7495661377906799
0.7426929473876953
0.7336577773094177
0.7222833037376404
0.7083401679992676
0.691503643989563
0.6713755130767822
0.6474003195762634
0.618928074836731
0.5850551128387451
0.5447917580604553
0.49680155515670776
0.43980515003204346
0.37236520648002625
0.29361996054649353
0.20379650592803955
0.10447093099355698
0.0
0.0
0.1246727854013443
0.24074366688728333
0.34229040145874023
0.4276050627231598
0.4978920817375183
0.5551585555076599
0.6019930243492126
0.6403235197067261
0.6719564199447632
0.6981331706047058
0.7199078798294067
0.7380118370056152
0.7530397772789001
0.7654109597206116
0.7754561305046082
0.7834072113037109
0.7894397377967834
0.7936708927154541
0.7961809039115906
0.797012448310852
0.7961809039115906
0.7936708927154541
0.7894397377967834
0.7834072113037109
0.7754561305046082
0.7654109597206116
0.7530397772789001
0.7380118370056152
0.7199078798294067
0.6981331706047058
0.6719564199447632
0.6403235197067261
0.6019930243492126
0.5551585555076599
0.4978920817375183
0.4276050627231598
0.34229040145874023
0.24074366688728333
0.1246727854013443
0.0
0.0
0.1536443531513214
0.29352739453315735
0.407578706741333
0.49804484844207764
0.5686459541320801
0.6236497163772583
0.6671552658081055
0.7018218040466309
0.7298670411109924
0.7527168393135071
0.7714992761611938
0.7869721055030823
0.7997242212295532
0.8101640939712524
0.8186048865318298
0.8252646327018738
0.8303053379058838
0.8338348865509033
0.8359264731407166
0.8366190195083618
0.8359264731407166
0.8338348865509033
0.8303053379058838
0.8252646327018738
0.8186048865318298
0.8101640939712524
0.7997242212295532
0.7869721055030823
0.7714992761611938
0.7527168393135071
0.7298670411109924
0.7018218040466309
0.6671552658081055
0.6236497163772583
0.5686459541320801
0.49804484844207764
0.407578706741333
0.29352739453315735
0.1536443531513214
0.0
0.0
0.19899088144302368
0.36880624294281006
0.496716171503067
0.5877925157546997
0.6542787551879883
0.7032368183135986
0.7405720353126526
0.7695034146308899
0.7924574613571167
0.8108887076377869
0.8258756399154663
0.8381216526031494
0.8481511473655701
0.8563233613967896
0.8629065752029419
0.8680866360664368
0.8719994425773621
0.874735414981842
0.8763552904129028
0.8768913149833679
0.8763552904129028
0.874735414981842
0.8719994425773621
0.8680866360664368
0.8629065752029419
0.8563233613967896
0.8481511473655701
0.8381216526031494
0.8258756399154663
0.8108887076377869
0.7924574613571167
0.7695034146308899
0.7405720353126526
0.7032368183135986
0.6542787551879883
0.5877925157546997
0.496716171503067
0.36880624294281006
0.19899088144302368
0.0
0.0
0.27161169052124023
0.49650755524635315
0.6217665672302246
0.7024834752082825
0.756261944770813
0.794031023979187
0.8217381238937378
0.8427296280860901
0.859093189239502
0.8720806837081909
0.882546603679657
0.8910438418388367
0.897968590259552
0.9035903215408325
0.9081061482429504
0.9116520881652832
0.9143263697624207
0.9161942601203918
0.9172994494438171
0.9176650643348694
0.9172994494438171
0.9161942601203918
0.9143263697624207
0.9116520881652832
0.9081061482429504
0.9035903215408325
0.897968590259552
0.8910438418388367
0.882546603679657
0.8720806837081909
0.859093189239502
0.8427296280860901
0.8217381238937378
0.794031023979187
0.756261944770813
0.7024834752082825
0.6217665672302246
0.49650755524635315
0.27161169052124023
0.0
0.0
0.519885778427124
0.6865271329879761
0.7924308776855469
0.8412246108055115
0.8735111355781555
0.8942105174064636
0.9091672301292419
0.9202267527580261
0.9287641644477844
0.935481071472168
0.9408643245697021
0.9452166557312012
0.9487526416778564
0.9516167044639587
0.9539133310317993
0.9557143449783325
0.9570713639259338
0.9580185413360596
0.9585787653923035
0.9587640166282654
0.9585787653923035
0.9580185413360596
0.9570713639259338
0.9557143449783325
0.9539133310317993
0.9516167044639587
0.9487526416778564
0.9452166557312012
0.9408643245697021
0.935481071472168
0.9287641644477844
0.9202267527580261
0.9091672301292419
0.8942105174064636
0.8735111355781555
0.8412246108055115
0.7924308776855469
0.6865271329879761
0.519885778427124
0.0
1.0
1.0
1.0
1.0
1.0
1.0
1.0
1.0
1.0
1.0
1.0
1.0
1.0
1.0
1.0
1.0
1.0
1.0
1.0
1.0
1.0
1.0
1.0
1.0
1.0
1.0
1.0
1.0
1.0
1.0
1.0
1.0
1.0
1.0
1.0
1.0
1.0
1.0
1.0
1.0
1.0
