0.0
0.0
0.0
0.0
0.0
0.0
0.0
0.0
0.0
0.0
0.0
0.0
0.0
0.0
0.0
0.0
0.0
0.0
0.0
0.0
0.0
0.0
0.0
0.0
0.0
0.0
0.0
0.0
0.0
0.0
0.0
0.0
0.0
0.0
0.0
0.0
0.0
0.0
0.0
0.0
0.0
0.0
0.0018620847258716822
0.003395957639440894
0.004694575443863869
0.0058500804007053375
0.0069034518674016
0.007869803346693516
0.008758901618421078
0.009575964882969856
0.010324222967028618
0.011005540378391743
0.01162104681134224
0.012171364389359951
0.012656829319894314
0.01307759340852499
0.01343370322138071
0.01372514758259058
0.013951890170574188
0.014113888144493103
0.01421110238879919
0.014243511483073235
0.01421110238879919
0.014113888144493103
0.013951890170574188
0.01372514758259058
0.01343370322138071
0.01307759340852499
0.012656829319894314
0.012171364389359951
0.01162104681134224
0.011005540378391743
0.010324222967028618
0.009575964882969856
0.008758901618421078
0.007869803346693516
0.0069034518674016
0.0058500804007053375
0.004694575443863869
0.003395957639440894
0.0018620847258716822
0.0
0.0
0.0034116916358470917
0.006524250376969576
0.009205148555338383
0.011576872318983078
0.013722972944378853
0.015682434663176537
0.017480483278632164
0.01912963204085827
0.020638033747673035
0.022010205313563347
0.023249002173542976
0.024356015026569366
0.025332188233733177
0.026177989318966866
0.026893652975559235
0.027479248121380806
0.02793477103114128
0.028260190039873123
0.0284554623067379
0.028520556166768074
0.0284554623067379
0.028260190039873123
0.02793477103114128
0.027479248121380806
0.026893652975559235
0.026177989318966866
0.025332188233733177
0.024356015026569366
0.023249002173542976
0.022010205313563347
0.020638033747673035
0.01912963204085827
0.017480483278632164
0.015682434663176537
0.013722972944378853
0.011576872318983078
0.009205148555338383
0.006524250376969576
0.0034116916358470917
0.0
0.0
0.004753607790917158
0.009278646670281887
0.013392781838774681
0.01707177236676216
0.020379038527607918
0.023383066058158875
0.026128627359867096
0.028639527037739754
0.03093164786696434
0.03301362693309784
0.03489121049642563
0.03656762093305588
0.03804493695497513
0.03932429105043411
0.04040636122226715
0.041291493922472
0.04197986051440239
0.04247153550386429
0.04276653751730919
0.04286487028002739
0.04276653751730919
0.04247153550386429
0.04197986051440239
0.041291493922472
0.04040636122226715
0.03932429105043411
0.03804493695497513
0.03656762093305588
0.03489121049642563
0.03301362693309784
0.03093164786696434
0.028639527037739754
0.026128627359867096
0.023383066058158875
0.020379038527607918
0.01707177236676216
0.013392781838774681
0.009278646670281887
0.004753607790917158
0.0
0.0
0.005989054683595896
0.011798704043030739
0.017263097688555717
0.02227518893778324
0.026809748262166977
0.030923588201403618
0.03467002138495445
0.03808571770787239
0.041196294128894806
0.0440162792801857
0.0465557798743248
0.04882059246301651
0.0508146770298481
0.05254032462835312
0.053999077528715134
0.05519181117415428
0.056119099259376526
0.056781262159347534
0.057178497314453125
0.05731090158224106
0.057178497314453125
0.056781262159347534
0.056119099259376526
0.05519181117415428
0.053999077528715134
0.05254032462835312
0.0508146770298481
0.04882059246301651
0.0465557798743248
0.0440162792801857
0.041196294128894806
0.03808571770787239
0.03467002138495445
0.030923588201403618
0.026809748262166977
0.02227518893778324
0.017263097688555717
0.011798704043030739
0.005989054683595896
0.0
0.0
0.007168357726186514
0.014185848645865917
0.020904578268527985
0.027199970558285713
0.03299015760421753
0.03827289491891861
0.04307982698082924
0.04745318740606308
0.05142626911401749
0.055020805448293686
0.05825246870517731
0.06113066524267197
0.06366211175918579
0.0658508837223053
0.0676998719573021
0.06921085715293884
0.07038509100675583
0.07122334092855453
0.07172612100839615
0.07189367711544037
0.07172612100839615
0.07122334092855453
0.07038509100675583
0.06921085715293884
0.0676998719573021
0.0658508837223053
0.06366211175918579
0.06113066524267197
0.05825246870517731
0.055020805448293686
0.05142626911401749
0.04745318740606308
0.04307982698082924
0.03827289491891861
0.03299015760421753
0.027199970558285713
0.020904578268527985
0.014185848645865917
0.007168357726186514
0.0
0.0
0.008315125480294228
0.016495943069458008
0.024409111589193344
0.03193119168281555
0.0389573909342289
0.045434385538101196
0.051350995898246765
0.05673592537641525
0.06162095069885254
0.06603313237428665
0.06999345123767853
0.07351557165384293
0.07660971581935883
0.07928238064050674
0.0815383717417717
0.083380788564682
0.08481190353631973
0.08583317697048187
0.08644558489322662
0.08664966374635696
0.08644558489322662
0.08583317697048187
0.08481190353631973
0.083380788564682
0.0815383717417717
0.07928238064050674
0.07660971581935883
0.07351557165384293
0.06999345123767853
0.06603313237428665
0.06162095069885254
0.05673592537641525
0.051350995898246765
0.045434385538101196
0.0389573909342289
0.03193119168281555
0.024409111589193344
0.016495943069458008
0.008315125480294228
0.0
0.0
0.009447645395994186
0.018770946189761162
0.027845479547977448
0.03655169531702995
0.04477813467383385
0.05244366079568863
0.05949883535504341
0.06594157963991165
0.07178816944360733
0.07706473767757416
0.08179471641778946
0.08599585294723511
0.08968213945627213
0.09286299347877502
0.09554567188024521
0.09773503243923187
0.0994347333908081
0.10064718872308731
0.101374052464962
0.10161624103784561
0.101374052464962
0.10064718872308731
0.0994347333908081
0.09773503243923187
0.09554567188024521
0.09286299347877502
0.08968213945627213
0.08599585294723511
0.08179471641778946
0.07706473767757416
0.07178816944360733
0.06594157963991165
0.05949883535504341
0.05244366079568863
0.04477813467383385
0.03655169531702995
0.027845479547977448
0.018770946189761162
0.009447645395994186
0.0
0.0
0.010579075664281845
0.021039167419075966
0.031261004507541656
0.04112842679023743
0.05052884668111801
0.05936731398105621
0.06756868958473206
0.0750989243388176
0.08194922655820847
0.08813554048538208
0.09367795288562775
0.09859625995159149
0.10290737450122833
0.10662376135587692
0.10975543409585953
0.11230936646461487
0.1142909899353981
0.11570394039154053
0.11655077338218689
0.11683288216590881
0.11655077338218689
0.11570394039154053
0.1142909899353981
0.11230936646461487
0.10975543409585953
0.10662376135587692
0.10290737450122833
0.09859625995159149
0.09367795288562775
0.08813554048538208
0.08194922655820847
0.0750989243388176
0.06756868958473206
0.05936731398105621
0.05052884668111801
0.04112842679023743
0.031261004507541656
0.021039167419075966
0.010579075664281845
0.0
0.0
0.011720733717083931
0.023324811831116676
0.03469524905085564
0.045717447996139526
0.05627824366092682
0.06627583503723145
0.07562027126550674
0.08425279706716537
0.09213852882385254
0.0992748960852623
0.10567153990268707
0.11134632676839828
0.11631696671247482
0.1205984354019165
0.12420345097780228
0.1271413415670395
0.12941959500312805
0.13104332983493805
0.13201622664928436
0.13234028220176697
0.13201622664928436
0.13104332983493805
0.12941959500312805
0.1271413415670395
0.12420345097780228
0.1205984354019165
0.11631696671247482
0.11134632676839828
0.10567153990268707
0.0992748960852623
0.09213852882385254
0.08425279706716537
0.07562027126550674
0.06627583503723145
0.05627824366092682
0.045717447996139526
0.03469524905085564
0.023324811831116676
0.011720733717083931
0.0
0.0
0.012882290408015251
0.025647906586527824
0.03817988932132721
0.05036351457238197
0.06208464503288269
0.07323737442493439
0.08372287452220917
0.09346513450145721
0.10240721702575684
0.1105254516005516
0.11781362444162369
0.12428274005651474
0.12994791567325592
0.1348251849412918
0.13892926275730133
0.14227183163166046
0.14486250281333923
0.14670811593532562
0.14781363308429718
0.14818181097507477
0.14781363308429718
0.14670811593532562
0.14486250281333923
0.14227183163166046
0.13892926275730133
0.1348251849412918
0.12994791567325592
0.12428274005651474
0.11781362444162369
0.1105254516005516
0.10240721702575684
0.09346513450145721
0.08372287452220917
0.07323737442493439
0.06208464503288269
0.05036351457238197
0.03817988932132721
0.025647906586527824
0.012882290408015251
0.0
0.0
0.014072930440306664
0.02802729792892933
0.04174433648586273
0.05510760471224785
0.0680009126663208
0.08031490445137024
0.09194457530975342
0.1028023436665535
0.11281488090753555
0.12193891406059265
0.13015024363994598
0.13744838535785675
0.143841952085495
0.1493457555770874
0.15397518873214722
0.15774384140968323
0.1606633961200714
0.1627425253391266
0.16398757696151733
0.16440217196941376
0.16398757696151733
0.1627425253391266
0.1606633961200714
0.15774384140968323
0.15397518873214722
0.1493457555770874
0.143841952085495
0.13744838535785675
0.13015024363994598
0.12193891406059265
0.11281488090753555
0.1028023436665535
0.09194457530975342
0.08031490445137024
0.0680009126663208
0.05510760471224785
0.04174433648586273
0.02802729792892933
0.014072930440306664
0.0
0.0
0.015301325358450413
0.030480550602078438
0.0454154871404171
0.05998651310801506
0.07407428324222565
0.08756580948829651
0.10035108029842377
0.1123342290520668
0.12342982739210129
0.133578360080719
0.14273831248283386
0.15089534223079681
0.15804824233055115
0.16420787572860718
0.16938847303390503
0.17360463738441467
0.17686976492404938
0.17919424176216125
0.18058590590953827
0.18104924261569977
0.18058590590953827
0.17919424176216125
0.17686976492404938
0.17360463738441467
0.16938847303390503
0.16420787572860718
0.15804824233055115
0.15089534223079681
0.14273831248283386
0.133578360080719
0.12342982739210129
0.1123342290520668
0.10035108029842377
0.08756580948829651
0.07407428324222565
0.05998651310801506
0.0454154871404171
0.030480550602078438
0.015301325358450413
0.0
0.0
0.01657630130648613
0.03302542120218277
0.04922023415565491
0.06503655761480331
0.08035066723823547
0.09504534304141998
0.10900571197271347
0.12212937325239182
0.13432180881500244
0.14551086723804474
0.15564019978046417
0.16468113660812378
0.17262068390846252
0.17946311831474304
0.18521933257579803
0.18990378081798553
0.1935308426618576
0.19611237943172455
0.19765767455101013
0.19817210733890533
0.19765767455101013
0.19611237943172455
0.1935308426618576
0.18990378081798553
0.18521933257579803
0.17946311831474304
0.17262068390846252
0.16468113660812378
0.15564019978046417
0.14551086723804474
0.13432180881500244
0.12212937325239182
0.10900571197271347
0.09504534304141998
0.08035066723823547
0.06503655761480331
0.04922023415565491
0.03302542120218277
0.01657630130648613
0.0
0.0
0.01790681481361389
0.035679832100868225
0.05318547412753105
0.0702936127781868
0.08687493205070496
0.10280716419219971
0.11797031760215759
0.13225629925727844
0.14556337893009186
0.1578095704317093
0.1689263880252838
0.1788720190525055
0.18762123584747314
0.19516997039318085
0.20152387022972107
0.2066957801580429
0.2107001394033432
0.2135499119758606
0.21525555849075317
0.21582332253456116
0.21525555849075317
0.2135499119758606
0.2107001394033432
0.2066957801580429
0.20152387022972107
0.19516997039318085
0.18762123584747314
0.1788720190525055
0.1689263880252838
0.1578095704317093
0.14556337893009186
0.13225629925727844
0.11797031760215759
0.10280716419219971
0.08687493205070496
0.0702936127781868
0.05318547412753105
0.035679832100868225
0.01790681481361389
0.0
0.0
0.019302472472190857
0.03846289590001106
0.0573396272957325
0.07579517364501953
0.093693308532238
0.11090578138828278
0.1273069828748703
0.14278334379196167
0.1572270542383194
0.1705484390258789
0.1826695203781128
0.19353730976581573
0.20311523973941803
0.21139003336429596
0.21836070716381073
0.22403711080551147
0.22843267023563385
0.2315608561038971
0.23343303799629211
0.23405621945858002
0.23343303799629211
0.2315608561038971
0.22843267023563385
0.22403711080551147
0.21836070716381073
0.21139003336429596
0.20311523973941803
0.19353730976581573
0.1826695203781128
0.1705484390258789
0.1572270542383194
0.14278334379196167
0.1273069828748703
0.11090578138828278
0.093693308532238
0.07579517364501953
0.0573396272957325
0.03846289590001106
0.019302472472190857
0.0
0.0
0.02077358402311802
0.04139506444334984
0.061712998896837234
0.08158093690872192
0.10085435956716537
0.11939799785614014
0.13707990944385529
0.15378111600875854
0.1693882942199707
0.18380571901798248
0.1969480663537979
0.20875339210033417
0.21917538344860077
0.22819185256958008
0.23579458892345428
0.24198943376541138
0.24678781628608704
0.25020310282707214
0.252247154712677
0.2529275119304657
0.252247154712677
0.25020310282707214
0.24678781628608704
0.24198943376541138
0.23579458892345428
0.22819185256958008
0.21917538344860077
0.20875339210033417
0.1969480663537979
0.18380571901798248
0.1693882942199707
0.15378111600875854
0.13707990944385529
0.11939799785614014
0.10085435956716537
0.08158093690872192
0.061712998896837234
0.04139506444334984
0.02077358402311802
0.0
0.0
0.02233167551457882
0.044499099254608154
0.06633902341127396
0.08769425004720688
0.10841042548418045
0.12834413349628448
0.1473563313484192
0.1653224378824234
0.1821240931749344
0.19766072928905487
0.21184156835079193
0.2245979905128479
0.23587603867053986
0.245645672082901
0.25389179587364197
0.2606155574321747
0.2658257484436035
0.2695349156856537
0.27175503969192505
0.27249401807785034
0.27175503969192505
0.2695349156856537
0.2658257484436035
0.2606155574321747
0.25389179587364197
0.245645672082901
0.23587603867053986
0.2245979905128479
0.21184156835079193
0.19766072928905487
0.1821240931749344
0.1653224378824234
0.1473563313484192
0.12834413349628448
0.10841042548418045
0.08769425004720688
0.06633902341127396
0.044499099254608154
0.02233167551457882
0.0
0.0
0.023989703506231308
0.04780055955052376
0.0712551474571228
0.09418351203203201
0.11641963571310043
0.13781073689460754
0.15820980072021484
0.17748643457889557
0.19551758468151093
0.2121989130973816
0.2274359166622162
0.2411555051803589
0.2532983422279358
0.2638283371925354
0.272724449634552
0.2799833118915558
0.28561070561408997
0.28961801528930664
0.2920168936252594
0.2928154468536377
0.2920168936252594
0.28961801528930664
0.28561070561408997
0.2799833118915558
0.272724449634552
0.2638283371925354
0.2532983422279358
0.2411555051803589
0.2274359166622162
0.2121989130973816
0.19551758468151093
0.17748643457889557
0.15820980072021484
0.13781073689460754
0.11641963571310043
0.09418351203203201
0.0712551474571228
0.04780055955052376
0.023989703506231308
0.0
0.0
0.025762662291526794
0.0513288751244545
0.0765041783452034
0.10110340267419815
0.12494684755802155
0.14787092804908752
0.1697198450565338
0.19035720825195312
0.2096557319164276
0.22750839591026306
0.2438187450170517
0.25851133465766907
0.2715241312980652
0.2828170359134674
0.29236483573913574
0.30016037821769714
0.3062065541744232
0.31051337718963623
0.3130919337272644
0.3139503598213196
0.3130919337272644
0.31051337718963623
0.3062065541744232
0.30016037821769714
0.29236483573913574
0.2828170359134674
0.2715241312980652
0.25851133465766907
0.2438187450170517
0.22750839591026306
0.2096557319164276
0.19035720825195312
0.1697198450565338
0.14787092804908752
0.12494684755802155
0.10110340267419815
0.0765041783452034
0.0513288751244545
0.025762662291526794
0.0
0.0
0.027668088674545288
0.05511844530701637
0.08213607221841812
0.10851764678955078
0.1340673416852951
0.15860921144485474
0.18197771906852722
0.20403043925762177
0.22463645040988922
0.24368737637996674
0.26108673214912415
0.27675914764404297
0.2906425893306732
0.30269548296928406
0.31289079785346985
0.3212188184261322
0.3276804983615875
0.33228451013565063
0.33504143357276917
0.3359593451023102
0.33504143357276917
0.33228451013565063
0.3276804983615875
0.3212188184261322
0.31289079785346985
0.30269548296928406
0.2906425893306732
0.27675914764404297
0.26108673214912415
0.24368737637996674
0.22463645040988922
0.20403043925762177
0.18197771906852722
0.15860921144485474
0.1340673416852951
0.10851764678955078
0.08213607221841812
0.05511844530701637
0.027668088674545288
0.0
0.0
0.02972690761089325
0.05921009182929993
0.08820958435535431
0.11650032550096512
0.14386741816997528
0.17012086510658264
0.19508454203605652
0.21861021220684052
0.24056434631347656
0.2608388364315033
0.27933964133262634
0.2959940731525421
0.31074315309524536
0.3235468566417694
0.3343789875507355
0.343229204416275
0.35009780526161194
0.35499271750450134
0.357924222946167
0.3589003086090088
0.357924222946167
0.35499271750450134
0.35009780526161194
0.343229204416275
0.3343789875507355
0.3235468566417694
0.31074315309524536
0.2959940731525421
0.27933964133262634
0.2608388364315033
0.24056434631347656
0.21861021220684052
0.19508454203605652
0.17012086510658264
0.14386741816997528
0.11650032550096512
0.08820958435535431
0.05921009182929993
0.02972690761089325
0.0
0.0
0.031964462250471115
0.06365324556827545
0.0947958454489708
0.1251409351825714
0.15445104241371155
0.18252016603946686
0.20916078984737396
0.23421943187713623
0.25756144523620605
0.27908143401145935
0.2986906170845032
0.31632229685783386
0.3319242298603058
0.3454611897468567
0.3569111227989197
0.36626550555229187
0.37352582812309265
0.378700315952301
0.38179945945739746
0.3828313946723938
0.38179945945739746
0.378700315952301
0.37352582812309265
0.36626550555229187
0.3569111227989197
0.3454611897468567
0.3319242298603058
0.31632229685783386
0.2986906170845032
0.27908143401145935
0.25756144523620605
0.23421943187713623
0.20916078984737396
0.18252016603946686
0.15445104241371155
0.1251409351825714
0.0947958454489708
0.06365324556827545
0.031964462250471115
0.0
0.0
0.03441184014081955
0.06850817799568176
0.10198063403367996
0.13454599678516388
0.16593997180461884
0.19593852758407593
0.22434234619140625
0.25099387764930725
0.2757599353790283
0.298540860414505
0.3192571997642517
0.3378520905971527
0.35428425669670105
0.3685271143913269
0.38056644797325134
0.3903985023498535
0.3980281949043274
0.40346553921699524
0.4067220389842987
0.407806396484375
0.4067220389842987
0.40346553921699524
0.3980281949043274
0.3903985023498535
0.38056644797325134
0.3685271143913269
0.35428425669670105
0.3378520905971527
0.3192571997642517
0.298540860414505
0.2757599353790283
0.25099387764930725
0.22434234619140625
0.19593852758407593
0.16593997180461884
0.13454599678516388
0.10198063403367996
0.06850817799568176
0.03441184014081955
0.0
0.0
0.03710800036787987
0.0738503560423851
0.10987133532762527
0.14484862983226776
0.17848587036132812
0.2105388045310974
0.24079629778862
0.2690988779067993
0.2953185439109802
0.3193657696247101
0.34117576479911804
0.3607063293457031
0.37793242931365967
0.39284050464630127
0.40542852878570557
0.4157008230686188
0.42366862297058105
0.4293452799320221
0.43274474143981934
0.4338766038417816
0.43274474143981934
0.4293452799320221
0.42366862297058105
0.4157008230686188
0.40542852878570557
0.39284050464630127
0.37793242931365967
0.3607063293457031
0.34117576479911804
0.3193657696247101
0.2953185439109802
0.2690988779067993
0.24079629778862
0.2105388045310974
0.17848587036132812
0.14484862983226776
0.10987133532762527
0.0738503560423851
0.03710800036787987
0.0
0.0
0.0401020273566246
0.0797741562128067
0.1186005026102066
0.15621039271354675
0.1922692507505417
0.2265106588602066
0.2587129473686218
0.2887183129787445
0.31640976667404175
0.34171396493911743
0.3645876944065094
0.3850095570087433
0.4029768705368042
0.41849422454833984
0.43157652020454407
0.44223979115486145
0.45050475001335144
0.45639023184776306
0.45991379022598267
0.46108683943748474
0.45991379022598267
0.45639023184776306
0.45050475001335144
0.44223979115486145
0.43157652020454407
0.41849422454833984
0.4029768705368042
0.3850095570087433
0.3645876944065094
0.34171396493911743
0.31640976667404175
0.2887183129787445
0.2587129473686218
0.2265106588602066
0.1922692507505417
0.15621039271354675
0.1186005026102066
0.0797741562128067
0.0401020273566246
0.0
0.0
0.04345765709877014
0.08640202134847641
0.12833984196186066
0.16884005069732666
0.2075221985578537
0.24409626424312592
0.2783326506614685
0.31008151173591614
0.3392452001571655
0.3657752573490143
0.38965919613838196
0.41090425848960876
0.4295375943183899
0.44558781385421753
0.45909205079078674
0.47008204460144043
0.4785912036895752
0.484646201133728
0.4882698059082031
0.48947590589523315
0.4882698059082031
0.484646201133728
0.4785912036895752
0.47008204460144043
0.45909205079078674
0.44558781385421753
0.4295375943183899
0.41090425848960876
0.38965919613838196
0.3657752573490143
0.3392452001571655
0.31008151173591614
0.2783326506614685
0.24409626424312592
0.2075221985578537
0.16884005069732666
0.12833984196186066
0.08640202134847641
0.04345765709877014
0.0
0.0
0.04725755751132965
0.09389111399650574
0.13930603861808777
0.18299531936645508
0.22452421486377716
0.2635793387889862
0.2999296486377716
0.333442747592926
0.36405321955680847
0.3917488753795624
0.4165601432323456
0.43853214383125305
0.45773062109947205
0.47421467304229736
0.48804914951324463
0.4992856979370117
0.5079737901687622
0.5141500234603882
0.5178442001342773
0.5190733671188354
0.5178442001342773
0.5141500234603882
0.5079737901687622
0.4992856979370117
0.48804914951324463
0.47421467304229736
0.45773062109947205
0.43853214383125305
0.4165601432323456
0.3917488753795624
0.36405321955680847
0.333442747592926
0.2999296486377716
0.2635793387889862
0.22452421486377716
0.18299531936645508
0.13930603861808777
0.09389111399650574
0.04725755751132965
0.0
0.0
0.05161357298493385
0.10245376825332642
0.15179087221622467
0.19902141392230988
0.24364648759365082
0.28533244132995605
0.3238581717014313
0.35912448167800903
0.39111676812171936
0.41987550258636475
0.4454894959926605
0.4680536091327667
0.4876820147037506
0.504471480846405
0.5185201168060303
0.5299035906791687
0.5386903285980225
0.5449292063713074
0.5486580729484558
0.5498983860015869
0.5486580729484558
0.5449292063713074
0.5386903285980225
0.5299035906791687
0.5185201168060303
0.504471480846405
0.4876820147037506
0.4680536091327667
0.4454894959926605
0.41987550258636475
0.39111676812171936
0.35912448167800903
0.3238581717014313
0.28533244132995605
0.24364648759365082
0.19902141392230988
0.15179087221622467
0.10245376825332642
0.05161357298493385
0.0
0.0
0.05667577683925629
0.11237043142318726
0.16617082059383392
0.21735051274299622
0.26533856987953186
0.3097907304763794
0.3505180776119232
0.3874781131744385
0.42073437571525574
0.45040062069892883
0.47664380073547363
0.49962154030799866
0.5195074081420898
0.5364428758621216
0.5505646467208862
0.5619757175445557
0.5707660913467407
0.5769985318183899
0.5807204246520996
0.5819578766822815
0.5807204246520996
0.5769985318183899
0.5707660913467407
0.5619757175445557
0.5505646467208862
0.5364428758621216
0.5195074081420898
0.49962154030799866
0.47664380073547363
0.45040062069892883
0.42073437571525574
0.3874781131744385
0.3505180776119232
0.3097907304763794
0.26533856987953186
0.21735051274299622
0.16617082059383392
0.11237043142318726
0.05667577683925629
0.0
0.0
0.06265809386968613
0.12404070049524307
0.18297749757766724
0.2385864406824112
0.29021820425987244
0.3375404477119446
0.38043391704559326
0.41895124316215515
0.45327311754226685
0.48361504077911377
0.5102458000183105
0.5334009528160095
0.553324282169342
0.5702083110809326
0.5842323303222656
0.595529317855835
0.6042118668556213
0.6103578805923462
0.6140244603157043
0.6152428388595581
0.6140244603157043
0.6103578805923462
0.6042118668556213
0.595529317855835
0.5842323303222656
0.5702083110809326
0.553324282169342
0.5334009528160095
0.5102458000183105
0.48361504077911377
0.45327311754226685
0.41895124316215515
0.38043391704559326
0.3375404477119446
0.29021820425987244
0.2385864406824112
0.18297749757766724
0.12404070049524307
0.06265809386968613
0.0
0.0
0.06986074149608612
0.1380085051059723
0.20291242003440857
0.26349079608917236
0.3190300166606903
0.369253933429718
0.41418081521987915
0.45401278138160706
0.4891015887260437
0.519798219203949
0.5464999079704285
0.5695353746414185
0.5892276763916016
0.6058255434036255
0.6195526123046875
0.6305726766586304
0.6390211582183838
0.6449906229972839
0.6485479474067688
0.649729311466217
0.6485479474067688
0.6449906229972839
0.6390211582183838
0.6305726766586304
0.6195526123046875
0.6058255434036255
0.5892276763916016
0.5695353746414185
0.5464999079704285
0.519798219203949
0.4891015887260437
0.45401278138160706
0.41418081521987915
0.369253933429718
0.3190300166606903
0.26349079608917236
0.20291242003440857
0.1380085051059723
0.06986074149608612
0.0
0.0
0.07874158769845963
0.15511390566825867
0.22702962160110474
0.2931843101978302
0.35283321142196655
0.4058525860309601
0.4525110721588135
0.4932463467121124
0.528653085231781
0.5592588186264038
0.5856159329414368
0.6081588268280029
0.6272950172424316
0.6433305144309998
0.656531572341919
0.6670911312103271
0.6751648187637329
0.6808584928512573
0.6842473745346069
0.6853721141815186
0.6842473745346069
0.6808584928512573
0.6751648187637329
0.6670911312103271
0.656531572341919
0.6433305144309998
0.6272950172424316
0.6081588268280029
0.5856159329414368
0.5592588186264038
0.528653085231781
0.4932463467121124
0.4525110721588135
0.4058525860309601
0.35283321142196655
0.2931843101978302
0.22702962160110474
0.15511390566825867
0.07874158769845963
0.0
0.0
0.08998998999595642
0.1765233427286148
0.2567473351955414
0.3290674090385437
0.39286988973617554
0.4483431279659271
0.49619653820991516
0.5372137427330017
0.5723180770874023
0.6022552847862244
0.6277530193328857
0.6493589282035828
0.6675626039505005
0.6827237606048584
0.6951452493667603
0.7050439715385437
0.7125914096832275
0.7179033756256104
0.7210611701011658
0.7221084833145142
0.7210611701011658
0.7179033756256104
0.7125914096832275
0.7050439715385437
0.6951452493667603
0.6827237606048584
0.6675626039505005
0.6493589282035828
0.6277530193328857
0.6022552847862244
0.5723180770874023
0.5372137427330017
0.49619653820991516
0.4483431279659271
0.39286988973617554
0.3290674090385437
0.2567473351955414
0.1765233427286148
0.08998998999595642
0.0
0.0
0.10473930090665817
0.20432063937187195
0.29437750577926636
0.37332817912101746
0.4409429430961609
0.4980844557285309
0.5461915731430054
0.5865469574928284
0.6204895377159119
0.6490123867988586
0.6730216145515442
0.6931702494621277
0.7100160121917725
0.7239599227905273
0.7353290915489197
0.7443556189537048
0.7512189149856567
0.7560398578643799
0.7589022517204285
0.7598509192466736
0.7589022517204285
0.7560398578643799
0.7512189149856567
0.7443556189537048
0.7353290915489197
0.7239599227905273
0.7100160121917725
0.6931702494621277
0.6730216145515442
0.6490123867988586
0.6204895377159119
0.5865469574928284
0.5461915731430054
0.4980844557285309
0.4409429430961609
0.37332817912101746
0.29437750577926636
0.20432063937187195
0.10473930090665817
0.0
0.0
0.12494561076164246
0.24127252399921417
0.34304678440093994
0.42855486273765564
0.49900034070014954
0.5563938617706299
0.6033269166946411
0.6417323350906372
0.6734194159507751
0.6996334791183472
0.7214310765266418
0.7395464181900024
0.7545765042304993
0.766943097114563
0.7769790291786194
0.7849186062812805
0.7909395098686218
0.7951607704162598
0.7976641654968262
0.7984933257102966
0.7976641654968262
0.7951607704162598
0.7909395098686218
0.7849186062812805
0.7769790291786194
0.766943097114563
0.7545765042304993
0.7395464181900024
0.7214310765266418
0.6996334791183472
0.6734194159507751
0.6417323350906372
0.6033269166946411
0.5563938617706299
0.49900034070014954
0.42855486273765564
0.34304678440093994
0.24127252399921417
0.12494561076164246
0.0
0.0
0.15392014384269714
0.29405444860458374
0.4083181321620941
0.49895748496055603
0.5696923136711121
0.6247988343238831
0.668380081653595
0.7031015157699585
0.7311840057373047
0.7540571689605713
0.7728515267372131
0.7883273363113403
0.8010753989219666
0.8115063905715942
0.819935142993927
0.8265817761421204
0.8316099643707275
0.8351292610168457
0.8372141718864441
0.8379043340682983
0.8372141718864441
0.8351292610168457
0.8316099643707275
0.8265817761421204
0.819935142993927
0.8115063905715942
0.8010753989219666
0.7883273363113403
0.7728515267372131
0.7540571689605713
0.7311840057373047
0.7031015157699585
0.668380081653595
0.6247988343238831
0.5696923136711121
0.49895748496055603
0.4083181321620941
0.29405444860458374
0.15392014384269714
0.0
0.0
0.19926781952381134
0.3693215548992157
0.4974178969860077
0.588632345199585
0.6552170515060425
0.7042464017868042
0.7416307926177979
0.7705953121185303
0.7935695052146912
0.8120110034942627
0.8270001411437988
0.8392422795295715
0.8492633104324341
0.8574240803718567
0.8639942407608032
0.869161069393158
0.8730618357658386
0.875788152217865
0.8774018287658691
0.8779357075691223
0.8774018287658691
0.875788152217865
0.8730618357658386
0.869161069393158
0.8639942407608032
0.8574240803718567
0.8492633104324341
0.8392422795295715
0.8270001411437988
0.8120110034942627
0.7935695052146912
0.7705953121185303
0.7416307926177979
0.7042464017868042
0.6552170515060425
0.588632345199585
0.4974178969860077
0.3693215548992157
0.19926781952381134
0.0
0.0
0.2718818485736847
0.49698972702026367
0.622376024723053
0.7031837701797485
0.7570170164108276
0.7948233485221863
0.8225533962249756
0.843558132648468
0.8599274754524231
0.8729150295257568
0.8833765387535095
0.891866147518158
0.898780882358551
0.9043912887573242
0.9088952541351318
0.9124298095703125
0.9150940775871277
0.9169541597366333
0.9180543422698975
0.9184182286262512
0.9180543422698975
0.9169541597366333
0.9150940775871277
0.9124298095703125
0.9088952541351318
0.9043912887573242
0.898780882358551
0.891866147518158
0.8833765387535095
0.8729150295257568
0.8599274754524231
0.843558132648468
0.8225533962249756
0.7948233485221863
0.7570170164108276
0.7031837701797485
0.622376024723053
0.49698972702026367
0.2718818485736847
0.0
0.0
0.5201613903045654
0.6869170069694519
0.7928464412689209
0.8416730761528015
0.8739699125289917
0.8946786522865295
0.9096381068229675
0.9206979274749756
0.9292327761650085
0.9359453320503235
0.9413226842880249
0.9456681609153748
0.9491965770721436
0.9520528316497803
0.9543418288230896
0.9561357498168945
0.9574866890907288
0.958429217338562
0.9589864611625671
0.9591706991195679
0.9589864611625671
0.958429217338562
0.9574866890907288
0.9561357498168945
0.9543418288230896
0.9520528316497803
0.9491965770721436
0.9456681609153748
0.9413226842880249
0.9359453320503235
0.9292327761650085
0.9206979274749756
0.9096381068229675
0.8946786522865295
0.8739699125289917
0.8416730761528015
0.7928464412689209
0.6869170069694519
0.5201613903045654
0.0
1.0
1.0
1.0
1.0
1.0
1.0
1.0
1.0
1.0
1.0
1.0
1.0
1.0
1.0
1.0
1.0
1.0
1.0
1.0
1.0
1.0
1.0
1.0
1.0
1.0
1.0
1.0
1.0
1.0
1.0
1.0
1.0
1.0
1.0
1.0
1.0
1.0
1.0
1.0
1.0
1.0
