0.0
0.0
0.0
0.0
0.0
0.0
0.0
0.0
0.0
0.0
0.0
0.0
0.0
0.0
0.0
0.0
0.0
0.0
0.0
0.0
0.0
0.0
0.0
0.0
0.0
0.0
0.0
0.0
0.0
0.0
0.0
0.0
0.0
0.0
0.0
0.0
0.0
0.0
0.0
0.0
0.0
0.0
0.0019601965323090553
0.0035616338718682528
0.004911427851766348
0.00611081812530756
0.007203842978924513
0.00820640567690134
0.009128788486123085
0.009976468980312347
0.010752825066447258
0.011459795758128166
0.012098548002541065
0.012669714167714119
0.013173629529774189
0.013610430993139744
0.013980151154100895
0.014282762072980404
0.014518207870423794
0.014686434529721737
0.01478739082813263
0.014821046963334084
0.01478739082813263
0.014686434529721737
0.014518207870423794
0.014282762072980404
0.013980151154100895
0.013610430993139744
0.013173629529774189
0.012669714167714119
0.012098548002541065
0.011459795758128166
0.010752825066447258
0.009976468980312347
0.009128788486123085
0.00820640567690134
0.007203842978924513
0.00611081812530756
0.004911427851766348
0.0035616338718682528
0.0019601965323090553
0.0
0.0
0.003577838186174631
0.006834608037024736
0.009626257233321667
0.012090320698916912
0.014318220317363739
0.01635150983929634
0.018217062577605247
0.01992807164788246
0.02149311453104019
0.02291691116988659
0.024202438071370125
0.025351326912641525
0.026364529505372047
0.02724250592291355
0.0279854629188776
0.02859344333410263
0.029066411778330803
0.02940431237220764
0.029607079923152924
0.029674675315618515
0.029607079923152924
0.02940431237220764
0.029066411778330803
0.02859344333410263
0.0279854629188776
0.02724250592291355
0.026364529505372047
0.025351326912641525
0.024202438071370125
0.02291691116988659
0.02149311453104019
0.01992807164788246
0.018217062577605247
0.01635150983929634
0.014318220317363739
0.012090320698916912
0.009626257233321667
0.006834608037024736
0.003577838186174631
0.0
0.0
0.00497219804674387
0.009701976552605629
0.013993531465530396
0.017821844667196274
0.021257825195789337
0.024376260116696358
0.02722545899450779
0.02983074076473713
0.03220895305275917
0.03436918556690216
0.036317456513643265
0.0380571223795414
0.03959031403064728
0.040918175131082535
0.04204137250781059
0.042960211634635925
0.04367483779788017
0.044185295701026917
0.04449157416820526
0.04459367319941521
0.04449157416820526
0.044185295701026917
0.04367483779788017
0.042960211634635925
0.04204137250781059
0.040918175131082535
0.03959031403064728
0.0380571223795414
0.036317456513643265
0.03436918556690216
0.03220895305275917
0.02983074076473713
0.02722545899450779
0.024376260116696358
0.021257825195789337
0.017821844667196274
0.013993531465530396
0.009701976552605629
0.00497219804674387
0.0
0.0
0.006253810133785009
0.012318653985857964
0.01801883615553379
0.023239806294441223
0.027955202385783195
0.0322282612323761
0.03611733764410019
0.039661917835474014
0.04288943111896515
0.04581528529524803
0.04845016449689865
0.0508001446723938
0.052869345992803574
0.0546601302921772
0.05617404356598854
0.05741196498274803
0.05837443470954895
0.05906175449490547
0.059474095702171326
0.05961153283715248
0.059474095702171326
0.05906175449490547
0.05837443470954895
0.05741196498274803
0.05617404356598854
0.0546601302921772
0.052869345992803574
0.0508001446723938
0.04845016449689865
0.04581528529524803
0.04288943111896515
0.039661917835474014
0.03611733764410019
0.0322282612323761
0.027955202385783195
0.023239806294441223
0.01801883615553379
0.012318653985857964
0.006253810133785009
0.0
0.0
0.007476323749870062
0.014794426038861275
0.02179862931370735
0.028356848284602165
0.03438194468617439
0.03987275809049606
0.04486474767327309
0.04940406605601311
0.05352677032351494
0.057256124913692474
0.06060882657766342
0.06359481066465378
0.06622114032506943
0.06849204003810883
0.07041051238775253
0.071978360414505
0.07319683581590652
0.07406670600175858
0.07458846271038055
0.07476235181093216
0.07458846271038055
0.07406670600175858
0.07319683581590652
0.071978360414505
0.07041051238775253
0.06849204003810883
0.06622114032506943
0.06359481066465378
0.06060882657766342
0.057256124913692474
0.05352677032351494
0.04940406605601311
0.04486474767327309
0.03987275809049606
0.03438194468617439
0.028356848284602165
0.02179862931370735
0.014794426038861275
0.007476323749870062
0.0
0.0
0.008664362132549286
0.017188189551234245
0.025431688874959946
0.033264897763729095
0.0405770018696785
0.04731179028749466
0.05345844104886055
0.05904903635382652
0.06411846727132797
0.06869600713253021
0.07280419021844864
0.07645757496356964
0.07966699451208115
0.08243925124406815
0.08477936685085297
0.08669055998325348
0.08817514032125473
0.0892345979809761
0.0898699164390564
0.09008163213729858
0.0898699164390564
0.0892345979809761
0.08817514032125473
0.08669055998325348
0.08477936685085297
0.08243925124406815
0.07966699451208115
0.07645757496356964
0.07280419021844864
0.06869600713253021
0.06411846727132797
0.05904903635382652
0.05345844104886055
0.04731179028749466
0.0405770018696785
0.033264897763729095
0.025431688874959946
0.017188189551234245
0.008664362132549286
0.0
0.0
0.009836956858634949
0.01954398863017559
0.02899095229804516
0.03805249556899071
0.04661140218377113
0.05458218231797218
0.06191307678818703
0.06860312074422836
0.07467087358236313
0.08014502376317978
0.08505098521709442
0.08940783888101578
0.0932304859161377
0.09652891010046005
0.0993107333779335
0.10158102214336395
0.10334358364343643
0.10460089892148972
0.1053546741604805
0.10560581833124161
0.1053546741604805
0.10460089892148972
0.10334358364343643
0.10158102214336395
0.0993107333779335
0.09652891010046005
0.0932304859161377
0.08940783888101578
0.08505098521709442
0.08014502376317978
0.07467087358236313
0.06860312074422836
0.06191307678818703
0.05458218231797218
0.04661140218377113
0.03805249556899071
0.02899095229804516
0.01954398863017559
0.009836956858634949
0.0
0.0
0.011007721535861492
0.021891208365559578
0.03252585977315903
0.04279017820954323
0.05256623402237892
0.06175435334444046
0.07027572393417358
0.0780951976776123
0.08520466834306717
0.09162218123674393
0.09736992418766022
0.10246934741735458
0.10693865269422531
0.11079110205173492
0.11403730511665344
0.11668459326028824
0.11873864382505417
0.12020323425531387
0.12108102440834045
0.12137345224618912
0.12108102440834045
0.12020323425531387
0.11873864382505417
0.11668459326028824
0.11403730511665344
0.11079110205173492
0.10693865269422531
0.10246934741735458
0.09736992418766022
0.09162218123674393
0.08520466834306717
0.0780951976776123
0.07027572393417358
0.06175435334444046
0.05256623402237892
0.04279017820954323
0.03252585977315903
0.021891208365559578
0.011007721535861492
0.0
0.0
0.012188316322863102
0.02425486221909523
0.036077503114938736
0.04753654822707176
0.05851373076438904
0.06890253722667694
0.07860883325338364
0.08757141977548599
0.0957544818520546
0.10315649956464767
0.10978875309228897
0.11567091941833496
0.1208222284913063
0.12525874376296997
0.12899401783943176
0.1320379227399826
0.13439831137657166
0.1360805779695511
0.13708852231502533
0.1374242603778839
0.13708852231502533
0.1360805779695511
0.13439831137657166
0.1320379227399826
0.12899401783943176
0.12525874376296997
0.1208222284913063
0.11567091941833496
0.10978875309228897
0.10315649956464767
0.0957544818520546
0.08757141977548599
0.07860883325338364
0.06890253722667694
0.05851373076438904
0.04753654822707176
0.036077503114938736
0.02425486221909523
0.012188316322863102
0.0
0.0
0.013388658873736858
0.0266555268317461
0.03967851772904396
0.052337899804115295
0.06451454013586044
0.07609790563583374
0.08698482811450958
0.09709613770246506
0.10637284070253372
0.11479109525680542
0.12234555184841156
0.12904882431030273
0.13491761684417725
0.13996927440166473
0.14421960711479187
0.14768099784851074
0.15036363899707794
0.1522746980190277
0.1534194052219391
0.15380063652992249
0.1534194052219391
0.1522746980190277
0.15036363899707794
0.14768099784851074
0.14421960711479187
0.13996927440166473
0.13491761684417725
0.12904882431030273
0.12234555184841156
0.11479109525680542
0.10637284070253372
0.09709613770246506
0.08698482811450958
0.07609790563583374
0.06451454013586044
0.052337899804115295
0.03967851772904396
0.0266555268317461
0.013388658873736858
0.0
0.0
0.014618135057389736
0.029112480580806732
0.04335906729102135
0.05723639205098152
0.07062328606843948
0.0834057629108429
0.09547444432973862
0.10673824697732925
0.11712110787630081
0.1265786737203598
0.13508670032024384
0.14264585077762604
0.14926616847515106
0.154963880777359
0.159755676984787
0.16365602612495422
0.16667740046977997
0.16882891952991486
0.17011728882789612
0.170546293258667
0.17011728882789612
0.16882891952991486
0.16667740046977997
0.16365602612495422
0.159755676984787
0.154963880777359
0.14926616847515106
0.14264585077762604
0.13508670032024384
0.1265786737203598
0.11712110787630081
0.10673824697732925
0.09547444432973862
0.0834057629108429
0.07062328606843948
0.05723639205098152
0.04335906729102135
0.029112480580806732
0.014618135057389736
0.0
0.0
0.015885569155216217
0.031643617898225784
0.04714657738804817
0.06226963549852371
0.07688836008310318
0.09088510274887085
0.10414542257785797
0.11656976491212845
0.1280696541070938
0.13858382403850555
0.14807000756263733
0.15651440620422363
0.1639169305562973
0.17028987407684326
0.17564880847930908
0.18000946938991547
0.1833861619234085
0.18578988313674927
0.18722893297672272
0.1877080500125885
0.18722893297672272
0.18578988313674927
0.1833861619234085
0.18000946938991547
0.17564880847930908
0.17028987407684326
0.1639169305562973
0.15651440620422363
0.14807000756263733
0.13858382403850555
0.1280696541070938
0.11656976491212845
0.10414542257785797
0.09088510274887085
0.07688836008310318
0.06226963549852371
0.04714657738804817
0.031643617898225784
0.015885569155216217
0.0
0.0
0.017199914902448654
0.034266963601112366
0.05106838047504425
0.06747458130121231
0.0833565890789032
0.09859239310026169
0.11306262016296387
0.12666107714176178
0.1392900049686432
0.15087512135505676
0.16135883331298828
0.17071248590946198
0.1789238601922989
0.18599848449230194
0.19194866716861725
0.19679009914398193
0.20053823292255402
0.20320570468902588
0.20480236411094666
0.20533387362957
0.20480236411094666
0.20320570468902588
0.20053823292255402
0.19679009914398193
0.19194866716861725
0.18599848449230194
0.1789238601922989
0.17071248590946198
0.16135883331298828
0.15087512135505676
0.1392900049686432
0.12666107714176178
0.11306262016296387
0.09859239310026169
0.0833565890789032
0.06747458130121231
0.05106838047504425
0.034266963601112366
0.017199914902448654
0.0
0.0
0.018570227548480034
0.0370006337761879
0.05515167489647865
0.07288754731416702
0.09007343649864197
0.10658211261034012
0.12228894978761673
0.13708196580410004
0.15085609257221222
0.1635270118713379
0.17502468824386597
0.18530698120594025
0.19434906542301178
0.20214799046516418
0.20871077477931976
0.21405158936977386
0.21818611025810242
0.2211281806230545
0.22288896143436432
0.22347505390644073
0.22288896143436432
0.2211281806230545
0.21818611025810242
0.21405158936977386
0.20871077477931976
0.20214799046516418
0.19434906542301178
0.18530698120594025
0.17502468824386597
0.1635270118713379
0.15085609257221222
0.13708196580410004
0.12228894978761673
0.10658211261034012
0.09007343649864197
0.07288754731416702
0.05515167489647865
0.0370006337761879
0.018570227548480034
0.0
0.0
0.02000618912279606
0.03986389562487602
0.05942513048648834
0.07854636013507843
0.09708558022975922
0.1149093434214592
0.13188721239566803
0.14790166914463043
0.16284143924713135
0.176614448428154
0.18914104998111725
0.20036768913269043
0.21025800704956055
0.21879971027374268
0.22599312663078308
0.2318495362997055
0.23638367652893066
0.23961009085178375
0.24154090881347656
0.24218356609344482
0.24154090881347656
0.23961009085178375
0.23638367652893066
0.2318495362997055
0.22599312663078308
0.21879971027374268
0.21025800704956055
0.20036768913269043
0.18914104998111725
0.176614448428154
0.16284143924713135
0.14790166914463043
0.13188721239566803
0.1149093434214592
0.09708558022975922
0.07854636013507843
0.05942513048648834
0.03986389562487602
0.02000618912279606
0.0
0.0
0.0215181615203619
0.042877309024333954
0.06391920149326324
0.08449093252420425
0.10444184392690659
0.12363119423389435
0.1419220268726349
0.15919125080108643
0.1753220558166504
0.19021625816822052
0.20378684997558594
0.21597126126289368
0.2267233431339264
0.23602177202701569
0.24385975301265717
0.25024452805519104
0.25518906116485596
0.25870785117149353
0.2608136236667633
0.2615145146846771
0.2608136236667633
0.25870785117149353
0.25518906116485596
0.25024452805519104
0.24385975301265717
0.23602177202701569
0.2267233431339264
0.21597126126289368
0.20378684997558594
0.19021625816822052
0.1753220558166504
0.15919125080108643
0.1419220268726349
0.12363119423389435
0.10444184392690659
0.08449093252420425
0.06391920149326324
0.042877309024333954
0.0215181615203619
0.0
0.0
0.023117702454328537
0.04606369510293007
0.06866739690303802
0.09076469391584396
0.11219467222690582
0.132808119058609
0.1524607390165329
0.1710236817598343
0.1883750855922699
0.20441187918186188
0.21904169023036957
0.23219533264636993
0.24381907284259796
0.25388380885124207
0.26237592101097107
0.26929816603660583
0.2746609151363373
0.2784780263900757
0.2807624936103821
0.2815228998661041
0.2807624936103821
0.2784780263900757
0.2746609151363373
0.26929816603660583
0.26237592101097107
0.25388380885124207
0.24381907284259796
0.23219533264636993
0.21904169023036957
0.20441187918186188
0.1883750855922699
0.1710236817598343
0.1524607390165329
0.132808119058609
0.11219467222690582
0.09076469391584396
0.06866739690303802
0.04606369510293007
0.023117702454328537
0.0
0.0
0.024817775934934616
0.04944862425327301
0.07370717823505402
0.09741603583097458
0.12040214240550995
0.14250653982162476
0.16357672214508057
0.18347786366939545
0.20208334922790527
0.21928639709949493
0.23499102890491486
0.2491236925125122
0.2616255581378937
0.27246156334877014
0.28161242604255676
0.289076566696167
0.2948615849018097
0.2989802658557892
0.30144551396369934
0.30226612091064453
0.30144551396369934
0.2989802658557892
0.2948615849018097
0.289076566696167
0.28161242604255676
0.27246156334877014
0.2616255581378937
0.2491236925125122
0.23499102890491486
0.21928639709949493
0.20208334922790527
0.18347786366939545
0.16357672214508057
0.14250653982162476
0.12040214240550995
0.09741603583097458
0.07370717823505402
0.04944862425327301
0.024817775934934616
0.0
0.0
0.02663336507976055
0.05306148901581764
0.07908128201961517
0.10449951142072678
0.12912890315055847
0.1527993232011795
0.1753491312265396
0.19663739204406738
0.21653319895267487
0.23492716252803802
0.2517215609550476
0.26684069633483887
0.2802233397960663
0.29183077812194824
0.3016398847103119
0.30964547395706177
0.31585270166397095
0.32027319073677063
0.32291942834854126
0.32380032539367676
0.32291942834854126
0.32027319073677063
0.31585270166397095
0.30964547395706177
0.3016398847103119
0.29183077812194824
0.2802233397960663
0.26684069633483887
0.2517215609550476
0.23492716252803802
0.21653319895267487
0.19663739204406738
0.1753491312265396
0.1527993232011795
0.12912890315055847
0.10449951142072678
0.07908128201961517
0.05306148901581764
0.02663336507976055
0.0
0.0
0.028581971302628517
0.0569366030395031
0.08483949303627014
0.11207858473062515
0.13844986259937286
0.163770392537117
0.18786847591400146
0.2105969935655594
0.23182140290737152
0.25143104791641235
0.26932841539382935
0.28543826937675476
0.29969969391822815
0.3120729923248291
0.32253360748291016
0.3310743570327759
0.33769866824150085
0.34241726994514465
0.34524232149124146
0.34618282318115234
0.34524232149124146
0.34241726994514465
0.33769866824150085
0.3310743570327759
0.32253360748291016
0.3120729923248291
0.29969969391822815
0.28543826937675476
0.26932841539382935
0.25143104791641235
0.23182140290737152
0.2105969935655594
0.18786847591400146
0.163770392537117
0.13844986259937286
0.11207858473062515
0.08483949303627014
0.0569366030395031
0.028581971302628517
0.0
0.0
0.030684446915984154
0.06111464276909828
0.09104032814502716
0.12022693455219269
0.14845073223114014
0.17551423609256744
0.2012348473072052
0.225459486246109
0.2480510026216507
0.26889923214912415
0.2879093587398529
0.30500924587249756
0.3201415538787842
0.3332686722278595
0.34436744451522827
0.3534305989742279
0.36046144366264343
0.36547037959098816
0.3684695363044739
0.3694680631160736
0.3684695363044739
0.36547037959098816
0.36046144366264343
0.3534305989742279
0.34436744451522827
0.3332686722278595
0.3201415538787842
0.30500924587249756
0.2879093587398529
0.26889923214912415
0.2480510026216507
0.225459486246109
0.2012348473072052
0.17551423609256744
0.14845073223114014
0.12022693455219269
0.09104032814502716
0.06111464276909828
0.030684446915984154
0.0
0.0
0.032966047525405884
0.06564483046531677
0.09775456041097641
0.12903352081775665
0.15923470258712769
0.18814405798912048
0.21556730568408966
0.24134597182273865
0.2653419077396393
0.28744783997535706
0.30757465958595276
0.3256566822528839
0.34164392948150635
0.35550418496131897
0.3672192096710205
0.37678414583206177
0.3842041790485382
0.3894904553890228
0.39265578985214233
0.393709659576416
0.39265578985214233
0.3894904553890228
0.3842041790485382
0.37678414583206177
0.3672192096710205
0.35550418496131897
0.34164392948150635
0.3256566822528839
0.30757465958595276
0.28744783997535706
0.2653419077396393
0.24134597182273865
0.21556730568408966
0.18814405798912048
0.15923470258712769
0.12903352081775665
0.09775456041097641
0.06564483046531677
0.032966047525405884
0.0
0.0
0.03545772656798363
0.070587158203125
0.10506748408079147
0.13860413432121277
0.17092245817184448
0.20178985595703125
0.2309999167919159
0.25839000940322876
0.2838236093521118
0.30719947814941406
0.328438401222229
0.3474850654602051
0.3643011748790741
0.3788639008998871
0.3911636769771576
0.40120115876197815
0.40898576378822327
0.4145309329032898
0.41785112023353577
0.418956458568573
0.41785112023353577
0.4145309329032898
0.40898576378822327
0.40120115876197815
0.3911636769771576
0.3788639008998871
0.3643011748790741
0.3474850654602051
0.328438401222229
0.30719947814941406
0.2838236093521118
0.25839000940322876
0.2309999167919159
0.20178985595703125
0.17092245817184448
0.13860413432121277
0.10506748408079147
0.070587158203125
0.03545772656798363
0.0
0.0
0.03819827735424042
0.07601672410964966
0.11308587342500687
0.14907091856002808
0.18366430699825287
0.21661262214183807
0.24769733846187592
0.2767539322376251
0.30365127325057983
0.32829877734184265
0.3506323993206024
0.3706122636795044
0.38821715116500854
0.40343812108039856
0.4162786602973938
0.4267483949661255
0.4348638653755188
0.44064271450042725
0.44410213828086853
0.44525375962257385
0.44410213828086853
0.44064271450042725
0.4348638653755188
0.4267483949661255
0.4162786602973938
0.40343812108039856
0.38821715116500854
0.3706122636795044
0.3506323993206024
0.32829877734184265
0.30365127325057983
0.2767539322376251
0.24769733846187592
0.21661262214183807
0.18366430699825287
0.14907091856002808
0.11308587342500687
0.07601672410964966
0.03819827735424042
0.0
0.0
0.04123658686876297
0.08202745765447617
0.12194148451089859
0.16059428453445435
0.19763906300067902
0.23279975354671478
0.26584696769714355
0.2966180741786957
0.32499322295188904
0.35089871287345886
0.3742927312850952
0.3951571583747864
0.41349396109580994
0.42931342124938965
0.4426368474960327
0.4534866213798523
0.4618895947933197
0.46786969900131226
0.47144848108291626
0.47263965010643005
0.47144848108291626
0.46786969900131226
0.4618895947933197
0.4534866213798523
0.4426368474960327
0.42931342124938965
0.41349396109580994
0.3951571583747864
0.3742927312850952
0.35089871287345886
0.32499322295188904
0.2966180741786957
0.26584696769714355
0.23279975354671478
0.19763906300067902
0.16059428453445435
0.12194148451089859
0.08202745765447617
0.04123658686876297
0.0
0.0
0.044636134058237076
0.0887412503361702
0.13180507719516754
0.17338140308856964
0.21307659149169922
0.25059035420417786
0.28568536043167114
0.3182070553302765
0.34805554151535034
0.3751828074455261
0.399578720331192
0.4212547838687897
0.4402438998222351
0.45658135414123535
0.4703117907047272
0.48147428035736084
0.4901094138622284
0.4962497055530548
0.49992266297340393
0.5011448264122009
0.49992266297340393
0.4962497055530548
0.4901094138622284
0.48147428035736084
0.4703117907047272
0.45658135414123535
0.4402438998222351
0.4212547838687897
0.399578720331192
0.3751828074455261
0.34805554151535034
0.3182070553302765
0.28568536043167114
0.25059035420417786
0.21307659149169922
0.17338140308856964
0.13180507719516754
0.0887412503361702
0.044636134058237076
0.0
0.0
0.04847928509116173
0.09631455689668655
0.14289210736751556
0.1876881867647171
0.23025374114513397
0.2702646255493164
0.30748212337493896
0.34176957607269287
0.3730601668357849
0.40134313702583313
0.4266524314880371
0.44903862476348877
0.46857431530952454
0.48532649874687195
0.4993685781955719
0.5107606649398804
0.5195602178573608
0.5258107781410217
0.5295473337173462
0.5307902693748474
0.5295473337173462
0.5258107781410217
0.5195602178573608
0.5107606649398804
0.4993685781955719
0.48532649874687195
0.46857431530952454
0.44903862476348877
0.4266524314880371
0.40134313702583313
0.3730601668357849
0.34176957607269287
0.30748212337493896
0.2702646255493164
0.23025374114513397
0.1876881867647171
0.14289210736751556
0.09631455689668655
0.04847928509116173
0.0
0.0
0.052877530455589294
0.1049589067697525
0.1554928570985794
0.20385737717151642
0.24953806400299072
0.29219019412994385
0.33158525824546814
0.36762064695358276
0.4002814292907715
0.42961081862449646
0.4557025730609894
0.4786582589149475
0.4986003041267395
0.5156344771385193
0.5298686027526855
0.541387677192688
0.5502692461013794
0.5565698146820068
0.5603333115577698
0.5615847110748291
0.5603333115577698
0.5565698146820068
0.5502692461013794
0.541387677192688
0.5298686027526855
0.5156344771385193
0.4986003041267395
0.4786582589149475
0.4557025730609894
0.42961081862449646
0.4002814292907715
0.36762064695358276
0.33158525824546814
0.29219019412994385
0.24953806400299072
0.20385737717151642
0.1554928570985794
0.1049589067697525
0.052877530455589294
0.0
0.0
0.057980526238679886
0.11495374143123627
0.16998198628425598
0.22231820225715637
0.2713748514652252
0.31679654121398926
0.35838744044303894
0.39610302448272705
0.43000805377960205
0.4602206349372864
0.4869142174720764
0.5102548599243164
0.530425488948822
0.5475779175758362
0.5618594288825989
0.573383629322052
0.5822502374649048
0.5885305404663086
0.5922783613204956
0.5935239195823669
0.5922783613204956
0.5885305404663086
0.5822502374649048
0.573383629322052
0.5618594288825989
0.5475779175758362
0.530425488948822
0.5102548599243164
0.4869142174720764
0.4602206349372864
0.43000805377960205
0.39610302448272705
0.35838744044303894
0.31679654121398926
0.2713748514652252
0.22231820225715637
0.16998198628425598
0.11495374143123627
0.057980526238679886
0.0
0.0
0.06400173157453537
0.12669746577739716
0.1868886798620224
0.24367043375968933
0.2963757812976837
0.3446615934371948
0.3884029686450958
0.42765235900878906
0.4625937044620514
0.49344897270202637
0.5204952359199524
0.5439781546592712
0.564152181148529
0.5812214016914368
0.5953764915466309
0.6067618727684021
0.6155006289482117
0.6216796040534973
0.6253629922866821
0.6265864372253418
0.6253629922866821
0.6216796040534973
0.6155006289482117
0.6067618727684021
0.5953764915466309
0.5812214016914368
0.564152181148529
0.5439781546592712
0.5204952359199524
0.49344897270202637
0.4625937044620514
0.42765235900878906
0.3884029686450958
0.3446615934371948
0.2963757812976837
0.24367043375968933
0.1868886798620224
0.12669746577739716
0.06400173157453537
0.0
0.0
0.07124078273773193
0.14073248207569122
0.20691154897212982
0.26867079734802246
0.32527828216552734
0.3764481246471405
0.42219507694244385
0.4627237915992737
0.4983917772769928
0.5295591950416565
0.5566334128379822
0.5799550414085388
0.5998589992523193
0.616606593132019
0.6304336190223694
0.6415157914161682
0.6499994397163391
0.655986487865448
0.6595513224601746
0.6607345938682556
0.6595513224601746
0.655986487865448
0.6499994397163391
0.6415157914161682
0.6304336190223694
0.616606593132019
0.5998589992523193
0.5799550414085388
0.5566334128379822
0.5295591950416565
0.4983917772769928
0.4627237915992737
0.42219507694244385
0.3764481246471405
0.32527828216552734
0.26867079734802246
0.20691154897212982
0.14073248207569122
0.07124078273773193
0.0
0.0
0.08015494048595428
0.1578969955444336
0.23110023140907288
0.298432320356369
0.3591301143169403
0.4130626320838928
0.460498183965683
0.501880943775177
0.5378143787384033
0.5688382387161255
0.5955169796943665
0.6182985305786133
0.637603223323822
0.6537503600120544
0.6670187711715698
0.6776134967803955
0.6857011914253235
0.6913973093032837
0.6947845816612244
0.6959081888198853
0.6947845816612244
0.6913973093032837
0.6857011914253235
0.6776134967803955
0.6670187711715698
0.6537503600120544
0.637603223323822
0.6182985305786133
0.5955169796943665
0.5688382387161255
0.5378143787384033
0.501880943775177
0.460498183965683
0.4130626320838928
0.3591301143169403
0.298432320356369
0.23110023140907288
0.1578969955444336
0.08015494048595428
0.0
0.0
0.09143278747797012
0.17935483157634735
0.260867714881897
0.3343462347984314
0.3991599380970001
0.4554944336414337
0.5040636658668518
0.5456629395484924
0.5812281966209412
0.6115204691886902
0.6372813582420349
0.6590733528137207
0.6773993968963623
0.6926327347755432
0.7050886154174805
0.7149961590766907
0.7225373387336731
0.7278374433517456
0.7309851050376892
0.7320284843444824
0.7309851050376892
0.7278374433517456
0.7225373387336731
0.7149961590766907
0.7050886154174805
0.6926327347755432
0.6773993968963623
0.6590733528137207
0.6372813582420349
0.6115204691886902
0.5812281966209412
0.5456629395484924
0.5040636658668518
0.4554944336414337
0.3991599380970001
0.3343462347984314
0.260867714881897
0.17935483157634735
0.09143278747797012
0.0
0.0
0.10620669275522232
0.20718605816364288
0.2985153794288635
0.37858307361602783
0.4471460282802582
0.5050727725028992
0.5538129806518555
0.594667911529541
0.6289925575256348
0.6577984690666199
0.6820067167282104
0.7022859454154968
0.7192071080207825
0.7331845164299011
0.7445569038391113
0.7535678744316101
0.7604069113731384
0.765203595161438
0.7680485248565674
0.7689909338951111
0.7680485248565674
0.765203595161438
0.7604069113731384
0.7535678744316101
0.7445569038391113
0.7331845164299011
0.7192071080207825
0.7022859454154968
0.6820067167282104
0.6577984690666199
0.6289925575256348
0.594667911529541
0.5538129806518555
0.5050727725028992
0.4471460282802582
0.37858307361602783
0.2985153794288635
0.20718605816364288
0.10620669275522232
0.0
0.0
0.12643156945705414
0.24415074288845062
0.3471579849720001
0.4337097108364105
0.5050070881843567
0.563079833984375
0.610538899898529
0.6493434906005859
0.681321918964386
0.707740068435669
0.7296695709228516
0.7478599548339844
0.7629204392433167
0.7752848267555237
0.7852966785430908
0.7932003736495972
0.7991824746131897
0.80336993932724
0.8058504462242126
0.8066715598106384
0.8058504462242126
0.80336993932724
0.7991824746131897
0.7932003736495972
0.7852966785430908
0.7752848267555237
0.7629204392433167
0.7478599548339844
0.7296695709228516
0.707740068435669
0.681321918964386
0.6493434906005859
0.610538899898529
0.563079833984375
0.5050070881843567
0.4337097108364105
0.3471579849720001
0.24415074288845062
0.12643156945705414
0.0
0.0
0.1554149091243744
0.2969130873680115
0.4123218059539795
0.5038864612579346
0.5753328204154968
0.6309802532196045
0.6749579906463623
0.7099649310112
0.7382418513298035
0.7612389922142029
0.7801005244255066
0.795600414276123
0.8083398938179016
0.8187397718429565
0.827123761177063
0.8337202668190002
0.8387004733085632
0.8421803712844849
0.8442395329475403
0.8449206948280334
0.8442395329475403
0.8421803712844849
0.8387004733085632
0.8337202668190002
0.827123761177063
0.8187397718429565
0.8083398938179016
0.795600414276123
0.7801005244255066
0.7612389922142029
0.7382418513298035
0.7099649310112
0.6749579906463623
0.6309802532196045
0.5753328204154968
0.5038864612579346
0.4123218059539795
0.2969130873680115
0.1554149091243744
0.0
0.0
0.20076213777065277
0.37210047245025635
0.5011970400810242
0.593143880367279
0.6602466106414795
0.7096436619758606
0.7472783327102661
0.776408851146698
0.7994825839996338
0.8179741501808167
0.8329749703407288
0.8452005982398987
0.8551848530769348
0.8632959723472595
0.8698102831840515
0.8749212026596069
0.8787716627120972
0.8814581632614136
0.8830463290214539
0.883571445941925
0.8830463290214539
0.8814581632614136
0.8787716627120972
0.8749212026596069
0.8698102831840515
0.8632959723472595
0.8551848530769348
0.8452005982398987
0.8329749703407288
0.8179741501808167
0.7994825839996338
0.776408851146698
0.7472783327102661
0.7096436619758606
0.6602466106414795
0.593143880367279
0.5011970400810242
0.37210047245025635
0.20076213777065277
0.0
0.0
0.27331307530403137
0.49956607818603516
0.625645101070404
0.7069241404533386
0.7610405683517456
0.7990319132804871
0.8268720507621765
0.847936749458313
0.8643283843994141
0.8773109912872314
0.8877474665641785
0.8961977362632751
0.9030638337135315
0.9086208343505859
0.9130707383155823
0.9165544509887695
0.9191747307777405
0.9210008382797241
0.9220795631408691
0.9224361181259155
0.9220795631408691
0.9210008382797241
0.9191747307777405
0.9165544509887695
0.9130707383155823
0.9086208343505859
0.9030638337135315
0.8961977362632751
0.8877474665641785
0.8773109912872314
0.8643283843994141
0.847936749458313
0.8268720507621765
0.7990319132804871
0.7610405683517456
0.7069241404533386
0.625645101070404
0.49956607818603516
0.27331307530403137
0.0
0.0
0.5216319561004639
0.6889697313308716
0.7950639128684998
0.8440515398979187
0.8763990998268127
0.8971476554870605
0.9121143817901611
0.9231683611869812
0.9316845536231995
0.938370406627655
0.9437152147293091
0.9480243921279907
0.951514720916748
0.9543328881263733
0.9565855264663696
0.9583466649055481
0.9596700072288513
0.9605915546417236
0.961135745048523
0.9613155722618103
0.961135745048523
0.9605915546417236
0.9596700072288513
0.9583466649055481
0.9565855264663696
0.9543328881263733
0.951514720916748
0.9480243921279907
0.9437152147293091
0.938370406627655
0.9316845536231995
0.9231683611869812
0.9121143817901611
0.8971476554870605
0.8763990998268127
0.8440515398979187
0.7950639128684998
0.6889697313308716
0.5216319561004639
0.0
1.0
1.0
1.0
1.0
1.0
1.0
1.0
1.0
1.0
1.0
1.0
1.0
1.0
1.0
1.0
1.0
1.0
1.0
1.0
1.0
1.0
1.0
1.0
1.0
1.0
1.0
1.0
1.0
1.0
1.0
1.0
1.0
1.0
1.0
1.0
1.0
1.0
1.0
1.0
1.0
1.0
