0.0
0.0
0.0
0.0
0.0
0.0
0.0
0.0
0.0
0.0
0.0
0.0
0.0
0.0
0.0
0.0
0.0
0.0
0.0
0.0
0.0
0.0
0.0
0.0
0.0
0.0
0.0
0.0
0.0
0.0
0.0
0.0
0.0
0.0
0.0
0.0
0.0
0.0
0.0
0.0
0.0
0.0
0.0018470501527190208
0.003400653600692749
0.004731965716928244
0.005921743810176849
0.007008052431046963
0.008005710318684578
0.008924281224608421
0.009768880903720856
0.010542688891291618
0.011247520335018635
0.011884463019669056
0.012454094365239143
0.012956712394952774
0.013392428867518902
0.013761254958808422
0.014063150621950626
0.014298048801720142
0.01446588896214962
0.014566615223884583
0.014600194990634918
0.014566615223884583
0.01446588896214962
0.014298048801720142
0.014063150621950626
0.013761254958808422
0.013392428867518902
0.012956712394952774
0.012454094365239143
0.011884463019669056
0.011247520335018635
0.010542688891291618
0.009768880903720856
0.008924281224608421
0.008005710318684578
0.007008052431046963
0.005921743810176849
0.004731965716928244
0.003400653600692749
0.0018470501527190208
0.0
0.0
0.0034167147241532803
0.006553136743605137
0.009288485161960125
0.01172411534935236
0.013934098184108734
0.01595538668334484
0.017811967059969902
0.0195159949362278
0.02107539027929306
0.02249453030526638
0.023776166141033173
0.024921787902712822
0.025932252407073975
0.02680795080959797
0.02754903957247734
0.028155528008937836
0.028627360239624977
0.028964459896087646
0.029166750609874725
0.029234187677502632
0.029166750609874725
0.028964459896087646
0.028627360239624977
0.028155528008937836
0.02754903957247734
0.02680795080959797
0.025932252407073975
0.024921787902712822
0.023776166141033173
0.02249453030526638
0.02107539027929306
0.0195159949362278
0.017811967059969902
0.01595538668334484
0.013934098184108734
0.01172411534935236
0.009288485161960125
0.006553136743605137
0.0034167147241532803
0.0
0.0
0.004792324732989073
0.009363492950797081
0.013542558997869492
0.017304321750998497
0.020701788365840912
0.023795966058969498
0.026628024876117706
0.02922060713171959
0.03158886730670929
0.03374111279845238
0.03568284213542938
0.03741709887981415
0.03894580528140068
0.040269967168569565
0.041390154510736465
0.04230660945177078
0.04301942512392998
0.04352860525250435
0.043834131211042404
0.043935976922512054
0.043834131211042404
0.04352860525250435
0.04301942512392998
0.04230660945177078
0.041390154510736465
0.040269967168569565
0.03894580528140068
0.03741709887981415
0.03568284213542938
0.03374111279845238
0.03158886730670929
0.02922060713171959
0.026628024876117706
0.023795966058969498
0.020701788365840912
0.017304321750998497
0.013542558997869492
0.009363492950797081
0.004792324732989073
0.0
0.0
0.006064064335078001
0.011951040476560593
0.017499880865216255
0.022609377279877663
0.027254188433289528
0.031482357531785965
0.03534103184938431
0.038864027708768845
0.04207521677017212
0.04498839005827904
0.04761311039328575
0.049954865127801895
0.052017342299222946
0.053802650421857834
0.055312152951955795
0.05654659867286682
0.057506442070007324
0.058191929012537
0.05860317870974541
0.05874025821685791
0.05860317870974541
0.058191929012537
0.057506442070007324
0.05654659867286682
0.055312152951955795
0.053802650421857834
0.052017342299222946
0.049954865127801895
0.04761311039328575
0.04498839005827904
0.04207521677017212
0.038864027708768845
0.03534103184938431
0.031482357531785965
0.027254188433289528
0.022609377279877663
0.017499880865216255
0.011951040476560593
0.006064064335078001
0.0
0.0
0.007279579993337393
0.014408237300813198
0.02123967371881008
0.027653250843286514
0.033570706844329834
0.03898712620139122
0.04392874240875244
0.048432957381010056
0.05252993851900101
0.056239884346723557
0.05957740917801857
0.0625513568520546
0.06516801565885544
0.06743115931749344
0.0693434402346611
0.07090645283460617
0.07212129980325699
0.07298864424228668
0.07350890338420868
0.07368230074644089
0.07350890338420868
0.07298864424228668
0.07212129980325699
0.07090645283460617
0.0693434402346611
0.06743115931749344
0.06516801565885544
0.0625513568520546
0.05957740917801857
0.056239884346723557
0.05252993851900101
0.048432957381010056
0.04392874240875244
0.03898712620139122
0.033570706844329834
0.027653250843286514
0.02123967371881008
0.014408237300813198
0.007279579993337393
0.0
0.0
0.00846242718398571
0.01678934507071972
0.024847110733389854
0.032513801008462906
0.03968748822808266
0.04631616920232773
0.05238691717386246
0.05792364478111267
0.06295408308506012
0.06750273704528809
0.07158880680799484
0.07522500306367874
0.07842083275318146
0.08118234574794769
0.08351399004459381
0.08541862666606903
0.0868983268737793
0.08795439451932907
0.08858772367238998
0.08879878371953964
0.08858772367238998
0.08795439451932907
0.0868983268737793
0.08541862666606903
0.08351399004459381
0.08118234574794769
0.07842083275318146
0.07522500306367874
0.07158880680799484
0.06750273704528809
0.06295408308506012
0.05792364478111267
0.05238691717386246
0.04631616920232773
0.03968748822808266
0.032513801008462906
0.024847110733389854
0.01678934507071972
0.00846242718398571
0.0
0.0
0.00963089894503355
0.019135499373078346
0.028387989848852158
0.03726871684193611
0.045667536556720734
0.05350511893630028
0.06073275953531265
0.06734589487314224
0.07335730642080307
0.07878983020782471
0.08366435766220093
0.08799715340137482
0.09180106967687607
0.09508486837148666
0.09785529226064682
0.10011684894561768
0.10187294334173203
0.10312580317258835
0.10387696325778961
0.10412725806236267
0.10387696325778961
0.10312580317258835
0.10187294334173203
0.10011684894561768
0.09785529226064682
0.09508486837148666
0.09180106967687607
0.08799715340137482
0.08366435766220093
0.07878983020782471
0.07335730642080307
0.06734589487314224
0.06073275953531265
0.05350511893630028
0.045667536556720734
0.03726871684193611
0.028387989848852158
0.019135499373078346
0.00963089894503355
0.0
0.0
0.010798268020153046
0.021475067362189293
0.0319090262055397
0.04198276996612549
0.05158362537622452
0.060617685317993164
0.06901116669178009
0.0767296701669693
0.08376256376504898
0.09012259542942047
0.09582700580358505
0.10089349746704102
0.10533743351697922
0.10917029529809952
0.11240138113498688
0.11503720283508301
0.11708281189203262
0.11854162067174911
0.11941603571176529
0.11970734596252441
0.11941603571176529
0.11854162067174911
0.11708281189203262
0.11503720283508301
0.11240138113498688
0.10917029529809952
0.10533743351697922
0.10089349746704102
0.09582700580358505
0.09012259542942047
0.08376256376504898
0.0767296701669693
0.06901116669178009
0.060617685317993164
0.05158362537622452
0.04198276996612549
0.0319090262055397
0.021475067362189293
0.010798268020153046
0.0
0.0
0.011975987814366817
0.023832393810153008
0.03544957563281059
0.04671095311641693
0.05750225856900215
0.06772174686193466
0.07728037238121033
0.08611994981765747
0.09420528262853622
0.10153169184923172
0.10810629278421402
0.11394454538822174
0.11906220018863678
0.12347293645143509
0.12718845903873444
0.13021749258041382
0.13256701827049255
0.13424186408519745
0.13524548709392548
0.13557979464530945
0.13524548709392548
0.13424186408519745
0.13256701827049255
0.13021749258041382
0.12718845903873444
0.12347293645143509
0.11906220018863678
0.11394454538822174
0.10810629278421402
0.10153169184923172
0.09420528262853622
0.08611994981765747
0.07728037238121033
0.06772174686193466
0.05750225856900215
0.04671095311641693
0.03544957563281059
0.023832393810153008
0.011975987814366817
0.0
0.0
0.013173864223062992
0.02622772753238678
0.039041511714458466
0.05149791017174721
0.06348089873790741
0.07488374412059784
0.08560772240161896
0.09557746350765228
0.1047365590929985
0.11306046694517136
0.12054134160280228
0.12718789279460907
0.13301312923431396
0.1380314975976944
0.1422564536333084
0.14569881558418274
0.14836761355400085
0.1502692997455597
0.15140855312347412
0.15178798139095306
0.15140855312347412
0.1502692997455597
0.14836761355400085
0.14569881558418274
0.1422564536333084
0.1380314975976944
0.13301312923431396
0.12718789279460907
0.12054134160280228
0.11306046694517136
0.1047365590929985
0.09557746350765228
0.08560772240161896
0.07488374412059784
0.06348089873790741
0.05149791017174721
0.039041511714458466
0.02622772753238678
0.013173864223062992
0.0
0.0
0.014401203021407127
0.028680123388767242
0.042714450508356094
0.056384652853012085
0.06957202404737473
0.08216564357280731
0.09405985474586487
0.10516731441020966
0.11541536450386047
0.12476078420877457
0.1331787407398224
0.14066709578037262
0.1472325474023819
0.15288817882537842
0.15764792263507843
0.16152434051036835
0.16452835500240326
0.1666681319475174
0.16794969141483307
0.16837646067142487
0.16794969141483307
0.1666681319475174
0.16452835500240326
0.16152434051036835
0.15764792263507843
0.15288817882537842
0.1472325474023819
0.14066709578037262
0.1331787407398224
0.12476078420877457
0.11541536450386047
0.10516731441020966
0.09405985474586487
0.08216564357280731
0.06957202404737473
0.056384652853012085
0.042714450508356094
0.028680123388767242
0.014401203021407127
0.0
0.0
0.01566678285598755
0.03120735101401806
0.046495549380779266
0.06140820309519768
0.07582291960716248
0.08962450921535492
0.10270163416862488
0.11495810747146606
0.12630896270275116
0.13669514656066895
0.14607541263103485
0.15443451702594757
0.16176997125148773
0.16809099912643433
0.1734102964401245
0.17774133384227753
0.18109658360481262
0.18348582088947296
0.18491649627685547
0.1853928565979004
0.18491649627685547
0.18348582088947296
0.18109658360481262
0.17774133384227753
0.1734102964401245
0.16809099912643433
0.16176997125148773
0.15443451702594757
0.14607541263103485
0.13669514656066895
0.12630896270275116
0.11495810747146606
0.10270163416862488
0.08962450921535492
0.07582291960716248
0.06140820309519768
0.046495549380779266
0.03120735101401806
0.01566678285598755
0.0
0.0
0.016979526728391647
0.033827342092990875
0.050411924719810486
0.0666050910949707
0.08227958530187607
0.09731543064117432
0.11159583181142807
0.12501753866672516
0.13748608529567719
0.1489298790693283
0.1592933088541031
0.16854766011238098
0.17667941749095917
0.1836915910243988
0.18959379196166992
0.19439920783042908
0.19812127947807312
0.20077115297317505
0.20235760509967804
0.20288579165935516
0.20235760509967804
0.20077115297317505
0.19812127947807312
0.19439920783042908
0.18959379196166992
0.1836915910243988
0.17667941749095917
0.16854766011238098
0.1592933088541031
0.1489298790693283
0.13748608529567719
0.12501753866672516
0.11159583181142807
0.09731543064117432
0.08227958530187607
0.0666050910949707
0.050411924719810486
0.033827342092990875
0.016979526728391647
0.0
0.0
0.01834847219288349
0.03655816987156868
0.054490674287080765
0.07201141119003296
0.08898705244064331
0.10529208183288574
0.1208040714263916
0.1354135423898697
0.14901839196681976
0.1615370661020279
0.17290206253528595
0.18307216465473175
0.192022442817688
0.1997481882572174
0.20625415444374084
0.21155208349227905
0.21565544605255127
0.21857644617557526
0.2203250378370285
0.22090715169906616
0.2203250378370285
0.21857644617557526
0.21565544605255127
0.21155208349227905
0.20625415444374084
0.1997481882572174
0.192022442817688
0.18307216465473175
0.17290206253528595
0.1615370661020279
0.14901839196681976
0.1354135423898697
0.1208040714263916
0.10529208183288574
0.08898705244064331
0.07201141119003296
0.054490674287080765
0.03655816987156868
0.01834847219288349
0.0
0.0
0.01978328637778759
0.039419062435626984
0.0587603822350502
0.077664814889431
0.09599167108535767
0.11360898613929749
0.13038821518421173
0.14621397852897644
0.16097763180732727
0.17458975315093994
0.18697334825992584
0.198076531291008
0.2078637331724167
0.21632179617881775
0.2234494388103485
0.22925573587417603
0.23375332355499268
0.236954927444458
0.23887136578559875
0.23950934410095215
0.23887136578559875
0.236954927444458
0.23375332355499268
0.22925573587417603
0.2234494388103485
0.21632179617881775
0.2078637331724167
0.198076531291008
0.18697334825992584
0.17458975315093994
0.16097763180732727
0.14621397852897644
0.13038821518421173
0.11360898613929749
0.09599167108535767
0.077664814889431
0.0587603822350502
0.039419062435626984
0.01978328637778759
0.0
0.0
0.021294327452778816
0.0424305722117424
0.06325145810842514
0.08360512554645538
0.10334208607673645
0.1223229244351387
0.1404123157262802
0.15748903155326843
0.17343856394290924
0.18816515803337097
0.20158445835113525
0.21363592147827148
0.22427482903003693
0.23347988724708557
0.241243377327919
0.24757082760334015
0.25247320532798767
0.2559632658958435
0.25805237889289856
0.25874781608581543
0.25805237889289856
0.2559632658958435
0.25247320532798767
0.24757082760334015
0.241243377327919
0.23347988724708557
0.22427482903003693
0.21363592147827148
0.20158445835113525
0.18816515803337097
0.17343856394290924
0.15748903155326843
0.1404123157262802
0.1223229244351387
0.10334208607673645
0.08360512554645538
0.06325145810842514
0.0424305722117424
0.021294327452778816
0.0
0.0
0.022893154993653297
0.045615505427122116
0.06799740344285965
0.089875727891922
0.11109063029289246
0.13149410486221313
0.150943323969841
0.1693110316991806
0.1864774078130722
0.20234158635139465
0.21681368350982666
0.2298266738653183
0.24132870137691498
0.2512913644313812
0.25970086455345154
0.26655876636505127
0.27187380194664
0.2756582498550415
0.27792370319366455
0.2786778509616852
0.27792370319366455
0.2756582498550415
0.27187380194664
0.26655876636505127
0.25970086455345154
0.2512913644313812
0.24132870137691498
0.2298266738653183
0.21681368350982666
0.20234158635139465
0.1864774078130722
0.1693110316991806
0.150943323969841
0.13149410486221313
0.11109063029289246
0.089875727891922
0.06799740344285965
0.045615505427122116
0.022893154993653297
0.0
0.0
0.02459273487329483
0.04899943992495537
0.07303567975759506
0.09652497619390488
0.11929532885551453
0.1411888599395752
0.1620543897151947
0.18175850808620453
0.200176402926445
0.2172032594680786
0.23274539411067963
0.2467314451932907
0.2591046392917633
0.269831120967865
0.2788921296596527
0.286285400390625
0.29201740026474
0.29609954357147217
0.29854342341423035
0.29935699701309204
0.29854342341423035
0.29609954357147217
0.29201740026474
0.286285400390625
0.2788921296596527
0.269831120967865
0.2591046392917633
0.2467314451932907
0.23274539411067963
0.2172032594680786
0.200176402926445
0.18175850808620453
0.1620543897151947
0.1411888599395752
0.11929532885551453
0.09652497619390488
0.07303567975759506
0.04899943992495537
0.02459273487329483
0.0
0.0
0.026408055797219276
0.05261177569627762
0.07840900123119354
0.1036074310541153
0.12802079319953918
0.15147997438907623
0.17382453382015228
0.1949148178100586
0.21462151408195496
0.23283697664737701
0.24946555495262146
0.26443374156951904
0.2776823341846466
0.2891741991043091
0.2988872230052948
0.3068161606788635
0.3129655122756958
0.3173457980155945
0.31996840238571167
0.320841521024704
0.31996840238571167
0.3173457980155945
0.3129655122756958
0.3068161606788635
0.2988872230052948
0.2891741991043091
0.2776823341846466
0.26443374156951904
0.24946555495262146
0.23283697664737701
0.21462151408195496
0.1949148178100586
0.17382453382015228
0.15147997438907623
0.12802079319953918
0.1036074310541153
0.07840900123119354
0.05261177569627762
0.026408055797219276
0.0
0.0
0.028356624767184258
0.056486841291189194
0.08416720479726791
0.11118658632040024
0.1373419612646103
0.1624513417482376
0.1863441914319992
0.20887455344200134
0.2299092411994934
0.24933920800685883
0.2670688331127167
0.28302478790283203
0.29714831709861755
0.3094014525413513
0.3197609782218933
0.3282201588153839
0.33478230237960815
0.3394573926925659
0.3422567844390869
0.3431887924671173
0.3422567844390869
0.3394573926925659
0.33478230237960815
0.3282201588153839
0.3197609782218933
0.3094014525413513
0.29714831709861755
0.28302478790283203
0.2670688331127167
0.24933920800685883
0.2299092411994934
0.20887455344200134
0.1863441914319992
0.1624513417482376
0.1373419612646103
0.11118658632040024
0.08416720479726791
0.056486841291189194
0.028356624767184258
0.0
0.0
0.03045930340886116
0.06066533178091049
0.09036882221698761
0.11933614313602448
0.14734455943107605
0.17419752478599548
0.19971352815628052
0.22374050319194794
0.24614258110523224
0.2668110132217407
0.28565263748168945
0.3025970757007599
0.3175891041755676
0.3305928409099579
0.34158676862716675
0.35056450963020325
0.3575296401977539
0.3624922037124634
0.36546391248703003
0.3664533197879791
0.36546391248703003
0.3624922037124634
0.3575296401977539
0.35056450963020325
0.34158676862716675
0.3305928409099579
0.3175891041755676
0.3025970757007599
0.28565263748168945
0.2668110132217407
0.24614258110523224
0.22374050319194794
0.19971352815628052
0.17419752478599548
0.14734455943107605
0.11933614313602448
0.09036882221698761
0.06066533178091049
0.03045930340886116
0.0
0.0
0.032741352915763855
0.06519648432731628
0.097084641456604
0.12814509868621826
0.15813183784484863
0.1868317723274231
0.21405158936977386
0.23963382840156555
0.26344144344329834
0.285368412733078
0.30532708764076233
0.32325342297554016
0.33909934759140015
0.35283443331718445
0.3644421696662903
0.37391892075538635
0.38127049803733826
0.38650819659233093
0.3896445631980896
0.39068880677223206
0.3896445631980896
0.38650819659233093
0.38127049803733826
0.37391892075538635
0.3644421696662903
0.35283443331718445
0.33909934759140015
0.32325342297554016
0.30532708764076233
0.285368412733078
0.26344144344329834
0.23963382840156555
0.21405158936977386
0.1868317723274231
0.15813183784484863
0.12814509868621826
0.097084641456604
0.06519648432731628
0.032741352915763855
0.0
0.0
0.035233739763498306
0.0701403021812439
0.10440000146627426
0.1377192884683609
0.16982457041740417
0.20048415660858154
0.22949260473251343
0.2566882073879242
0.2819354236125946
0.3051341474056244
0.32620638608932495
0.3450982868671417
0.3617733418941498
0.37621045112609863
0.3884017765522003
0.398349404335022
0.4060637950897217
0.41155877709388733
0.4148488938808441
0.41594424843788147
0.4148488938808441
0.41155877709388733
0.4060637950897217
0.398349404335022
0.3884017765522003
0.37621045112609863
0.3617733418941498
0.3450982868671417
0.32620638608932495
0.3051341474056244
0.2819354236125946
0.2566882073879242
0.22949260473251343
0.20048415660858154
0.16982457041740417
0.1377192884683609
0.10440000146627426
0.0701403021812439
0.035233739763498306
0.0
0.0
0.03797526657581329
0.07557191699743271
0.11242170631885529
0.1481909304857254
0.1825731247663498
0.2153157889842987
0.24620136618614197
0.2750661373138428
0.3017798662185669
0.3262529671192169
0.34842240810394287
0.36824968457221985
0.3857150375843048
0.40081122517585754
0.4135434329509735
0.4239228367805481
0.43196722865104675
0.4376949667930603
0.44112369418144226
0.4422650635242462
0.44112369418144226
0.4376949667930603
0.43196722865104675
0.4239228367805481
0.4135434329509735
0.40081122517585754
0.3857150375843048
0.36824968457221985
0.34842240810394287
0.3262529671192169
0.3017798662185669
0.2750661373138428
0.24620136618614197
0.2153157889842987
0.1825731247663498
0.1481909304857254
0.11242170631885529
0.07557191699743271
0.03797526657581329
0.0
0.0
0.04101480916142464
0.08158525824546814
0.12128154933452606
0.15972048044204712
0.1965564340353012
0.23151424527168274
0.2643654942512512
0.2949482202529907
0.32314345240592957
0.34887823462486267
0.3721117079257965
0.39282676577568054
0.41102683544158936
0.42672356963157654
0.43994003534317017
0.45070013403892517
0.4590321481227875
0.4649609923362732
0.46850883960723877
0.46968966722488403
0.46850883960723877
0.4649609923362732
0.4590321481227875
0.45070013403892517
0.43994003534317017
0.42672356963157654
0.41102683544158936
0.39282676577568054
0.3721117079257965
0.34887823462486267
0.32314345240592957
0.2949482202529907
0.2643654942512512
0.23151424527168274
0.1965564340353012
0.15972048044204712
0.12128154933452606
0.08158525824546814
0.04101480916142464
0.0
0.0
0.04441586881875992
0.08830222487449646
0.13115030527114868
0.17251518368721008
0.21200445294380188
0.24931877851486206
0.28422170877456665
0.316559374332428
0.3462325632572174
0.3731938302516937
0.397433876991272
0.41896504163742065
0.4378213584423065
0.45403945446014404
0.46766549348831177
0.4787401258945465
0.4873054325580597
0.49339503049850464
0.49703726172447205
0.4982491731643677
0.49703726172447205
0.49339503049850464
0.4873054325580597
0.4787401258945465
0.46766549348831177
0.45403945446014404
0.4378213584423065
0.41896504163742065
0.397433876991272
0.3731938302516937
0.3462325632572174
0.316559374332428
0.28422170877456665
0.24931877851486206
0.21200445294380188
0.17251518368721008
0.13115030527114868
0.08830222487449646
0.04441586881875992
0.0
0.0
0.04826078936457634
0.09587928652763367
0.14224347472190857
0.1868310272693634
0.22919420897960663
0.26900985836982727
0.3060400187969208
0.3401487469673157
0.3712696433067322
0.3993924856185913
0.42455169558525085
0.4467985928058624
0.4662066400051117
0.4828440248966217
0.4967854619026184
0.5080925822257996
0.5168243646621704
0.5230255722999573
0.5267320871353149
0.5279650092124939
0.5267320871353149
0.5230255722999573
0.5168243646621704
0.5080925822257996
0.4967854619026184
0.4828440248966217
0.4662066400051117
0.4467985928058624
0.42455169558525085
0.3993924856185913
0.3712696433067322
0.3401487469673157
0.3060400187969208
0.26900985836982727
0.22919420897960663
0.1868310272693634
0.14224347472190857
0.09587928652763367
0.04826078936457634
0.0
0.0
0.052661068737506866
0.10452796518802643
0.15485136210918427
0.20301081240177155
0.24849337339401245
0.2909552752971649
0.33016878366470337
0.3660317659378052
0.39852964878082275
0.42770594358444214
0.45365461707115173
0.47647783160209656
0.496298611164093
0.5132236480712891
0.527362048625946
0.5388001799583435
0.5476169586181641
0.5538702011108398
0.5576048493385315
0.5588465929031372
0.5576048493385315
0.5538702011108398
0.5476169586181641
0.5388001799583435
0.527362048625946
0.5132236480712891
0.496298611164093
0.47647783160209656
0.45365461707115173
0.42770594358444214
0.39852964878082275
0.3660317659378052
0.33016878366470337
0.2909552752971649
0.24849337339401245
0.20301081240177155
0.15485136210918427
0.10452796518802643
0.052661068737506866
0.0
0.0
0.05776633694767952
0.11452769488096237
0.16934867203235626
0.22148397564888
0.27034756541252136
0.31558507680892944
0.35700133442878723
0.394552081823349
0.42830219864845276
0.4583699405193329
0.4849287271499634
0.5081449151039124
0.5282018184661865
0.5452520251274109
0.5594438314437866
0.5708920359611511
0.5796977281570435
0.5859334468841553
0.5896540880203247
0.5908904671669006
0.5896540880203247
0.5859334468841553
0.5796977281570435
0.5708920359611511
0.5594438314437866
0.5452520251274109
0.5282018184661865
0.5081449151039124
0.4849287271499634
0.4583699405193329
0.42830219864845276
0.394552081823349
0.35700133442878723
0.31558507680892944
0.27034756541252136
0.22148397564888
0.16934867203235626
0.11452769488096237
0.05776633694767952
0.0
0.0
0.06379003822803497
0.12627685070037842
0.18626460433006287
0.24285031855106354
0.2953687310218811
0.3434775471687317
0.387052446603775
0.426146000623703
0.4609418511390686
0.4916619658470154
0.5185830593109131
0.5419508814811707
0.562019944190979
0.5789949297904968
0.5930673480033875
0.6043826341629028
0.6130651831626892
0.6192028522491455
0.6228610873222351
0.6240760684013367
0.6228610873222351
0.6192028522491455
0.6130651831626892
0.6043826341629028
0.5930673480033875
0.5789949297904968
0.562019944190979
0.5419508814811707
0.5185830593109131
0.4916619658470154
0.4609418511390686
0.426146000623703
0.387052446603775
0.3434775471687317
0.2953687310218811
0.24285031855106354
0.18626460433006287
0.12627685070037842
0.06379003822803497
0.0
0.0
0.07103178650140762
0.1403178870677948
0.20629796385765076
0.2678670287132263
0.32429489493370056
0.3752964735031128
0.42088669538497925
0.46127012372016907
0.4968036115169525
0.5278469920158386
0.5548070073127747
0.5780240893363953
0.597832977771759
0.6144954562187195
0.6282477378845215
0.6392666101455688
0.6476994156837463
0.6536491513252258
0.6571910977363586
0.6583667397499084
0.6571910977363586
0.6536491513252258
0.6476994156837463
0.6392666101455688
0.6282477378845215
0.6144954562187195
0.597832977771759
0.5780240893363953
0.5548070073127747
0.5278469920158386
0.4968036115169525
0.46127012372016907
0.42088669538497925
0.3752964735031128
0.32429489493370056
0.2678670287132263
0.20629796385765076
0.1403178870677948
0.07103178650140762
0.0
0.0
0.07994882762432098
0.15748891234397888
0.23049841821193695
0.2976473867893219
0.3581744432449341
0.4119492173194885
0.4592396914958954
0.5004895925521851
0.5363012552261353
0.5672138333320618
0.5937906503677368
0.6164794564247131
0.6357001066207886
0.651772141456604
0.6649746298789978
0.675513505935669
0.6835563778877258
0.6892195343971252
0.6925866007804871
0.6937034130096436
0.6925866007804871
0.6892195343971252
0.6835563778877258
0.675513505935669
0.6649746298789978
0.651772141456604
0.6357001066207886
0.6164794564247131
0.5937906503677368
0.5672138333320618
0.5363012552261353
0.5004895925521851
0.4592396914958954
0.4119492173194885
0.3581744432449341
0.2976473867893219
0.23049841821193695
0.15748891234397888
0.07994882762432098
0.0
0.0
0.09122966229915619
0.17895406484603882
0.2602796256542206
0.333583801984787
0.39823776483535767
0.4544272720813751
0.502865195274353
0.544346034526825
0.579804003238678
0.6099992394447327
0.6356719136238098
0.6573840379714966
0.6756379008293152
0.6908069252967834
0.7032064199447632
0.7130661606788635
0.7205688953399658
0.7258408069610596
0.7289711236953735
0.7300086617469788
0.7289711236953735
0.7258408069610596
0.7205688953399658
0.7130661606788635
0.7032064199447632
0.6908069252967834
0.6756379008293152
0.6573840379714966
0.6356719136238098
0.6099992394447327
0.579804003238678
0.544346034526825
0.502865195274353
0.4544272720813751
0.39823776483535767
0.333583801984787
0.2602796256542206
0.17895406484603882
0.09122966229915619
0.0
0.0
0.10600690543651581
0.2067931443452835
0.29794320464134216
0.3778478503227234
0.44626474380493164
0.5040621757507324
0.5526875257492065
0.5934407711029053
0.6276744604110718
0.6563990712165833
0.6805338859558105
0.700747013092041
0.717608630657196
0.7315329313278198
0.7428588271141052
0.7518303990364075
0.7586376667022705
0.7634110450744629
0.7662416696548462
0.7671791911125183
0.7662416696548462
0.7634110450744629
0.7586376667022705
0.7518303990364075
0.7428588271141052
0.7315329313278198
0.717608630657196
0.700747013092041
0.6805338859558105
0.6563990712165833
0.6276744604110718
0.5934407711029053
0.5526875257492065
0.5040621757507324
0.44626474380493164
0.3778478503227234
0.29794320464134216
0.2067931443452835
0.10600690543651581
0.0
0.0
0.12623508274555206
0.24376803636550903
0.34660661220550537
0.4330099821090698
0.5041785836219788
0.5621408820152283
0.6095041632652283
0.6482259035110474
0.6801313161849976
0.7064849138259888
0.7283565998077393
0.7464951276779175
0.7615089416503906
0.7738317847251892
0.783807098865509
0.791679859161377
0.7976369857788086
0.8018060326576233
0.8042752742767334
0.8050925731658936
0.8042752742767334
0.8018060326576233
0.7976369857788086
0.791679859161377
0.783807098865509
0.7738317847251892
0.7615089416503906
0.7464951276779175
0.7283565998077393
0.7064849138259888
0.6801313161849976
0.6482259035110474
0.6095041632652283
0.5621408820152283
0.5041785836219788
0.4330099821090698
0.34660661220550537
0.24376803636550903
0.12623508274555206
0.0
0.0
0.15522423386573792
0.29654231667518616
0.411797434091568
0.5032347440719604
0.5745742917060852
0.6301343441009521
0.6740382313728333
0.7089829444885254
0.7372058629989624
0.7601556777954102
0.7789751291275024
0.7944372296333313
0.8071427345275879
0.8175122141838074
0.8258694410324097
0.8324431777000427
0.8374049067497253
0.8408712148666382
0.8429219126701355
0.843600332736969
0.8429219126701355
0.8408712148666382
0.8374049067497253
0.8324431777000427
0.8258694410324097
0.8175122141838074
0.8071427345275879
0.7944372296333313
0.7789751291275024
0.7601556777954102
0.7372058629989624
0.7089829444885254
0.6740382313728333
0.6301343441009521
0.5745742917060852
0.5032347440719604
0.411797434091568
0.29654231667518616
0.15522423386573792
0.0
0.0
0.20057785511016846
0.3717534840106964
0.5007171630859375
0.5925626158714294
0.6595860123634338
0.7089216709136963
0.7465065121650696
0.775596022605896
0.7986346483230591
0.8170957565307617
0.8320693969726562
0.8442705273628235
0.8542326092720032
0.8623237609863281
0.8688202500343323
0.87391597032547
0.8777540326118469
0.8804313540458679
0.8820137977600098
0.8825370073318481
0.8820137977600098
0.8804313540458679
0.8777540326118469
0.87391597032547
0.8688202500343323
0.8623237609863281
0.8542326092720032
0.8442705273628235
0.8320693969726562
0.8170957565307617
0.7986346483230591
0.775596022605896
0.7465065121650696
0.7089216709136963
0.6595860123634338
0.5925626158714294
0.5007171630859375
0.3717534840106964
0.20057785511016846
0.0
0.0
0.2731584310531616
0.499263197183609
0.6252375841140747
0.7064535021781921
0.7605224251747131
0.7984797954559326
0.8262935280799866
0.8473368287086487
0.863710343837738
0.8766771554946899
0.8870993256568909
0.8955366015434265
0.9023906588554382
0.9079365730285645
0.9123765230178833
0.9158515334129333
0.918464720249176
0.9202854633331299
0.9213609099388123
0.9217163324356079
0.9213609099388123
0.9202854633331299
0.918464720249176
0.9158515334129333
0.9123765230178833
0.9079365730285645
0.9023906588554382
0.8955366015434265
0.8870993256568909
0.8766771554946899
0.863710343837738
0.8473368287086487
0.8262935280799866
0.7984797954559326
0.7605224251747131
0.7064535021781921
0.6252375841140747
0.499263197183609
0.2731584310531616
0.0
0.0
0.5214630365371704
0.6887484192848206
0.7947913408279419
0.8437585234642029
0.8760905861854553
0.8968289494514465
0.9117879867553711
0.9228357076644897
0.9313464760780334
0.9380273222923279
0.9433674216270447
0.9476720094680786
0.9511579275131226
0.9539719223976135
0.9562206268310547
0.9579783082008362
0.9592987298965454
0.960218071937561
0.9607608914375305
0.9609402418136597
0.9607608914375305
0.960218071937561
0.9592987298965454
0.9579783082008362
0.9562206268310547
0.9539719223976135
0.9511579275131226
0.9476720094680786
0.9433674216270447
0.9380273222923279
0.9313464760780334
0.9228357076644897
0.9117879867553711
0.8968289494514465
0.8760905861854553
0.8437585234642029
0.7947913408279419
0.6887484192848206
0.5214630365371704
0.0
1.0
1.0
1.0
1.0
1.0
1.0
1.0
1.0
1.0
1.0
1.0
1.0
1.0
1.0
1.0
1.0
1.0
1.0
1.0
1.0
1.0
1.0
1.0
1.0
1.0
1.0
1.0
1.0
1.0
1.0
1.0
1.0
1.0
1.0
1.0
1.0
1.0
1.0
1.0
1.0
1.0
