0.0
0.0
0.0
0.0
0.0
0.0
0.0
0.0
0.0
0.0
0.0
0.0
0.0
0.0
0.0
0.0
0.0
0.0
0.0
0.0
0.0
0.0
0.0
0.0
0.0
0.0
0.0
0.0
0.0
0.0
0.0
0.0
0.0
0.0
0.0
0.0
0.0
0.0
0.0
0.0
0.0
0.0
0.0018377879168838263
0.0033577147405594587
0.004647395573556423
0.005795799195766449
0.0068429275415837765
0.007803685497492552
0.008687704801559448
0.009500131011009216
0.0102441580966115
0.010921628214418888
0.011533659882843494
0.01208086684346199
0.012563585303723812
0.012981963343918324
0.013336051255464554
0.013625838793814182
0.013851289637386799
0.014012363739311695
0.014109023846685886
0.014141247607767582
0.014109023846685886
0.014012363739311695
0.013851289637386799
0.013625838793814182
0.013336051255464554
0.012981963343918324
0.012563585303723812
0.01208086684346199
0.011533659882843494
0.010921628214418888
0.0102441580966115
0.009500131011009216
0.008687704801559448
0.007803685497492552
0.0068429275415837765
0.005795799195766449
0.004647395573556423
0.0033577147405594587
0.0018377879168838263
0.0
0.0
0.0033733679447323084
0.006454448215663433
0.009114498272538185
0.011470525525510311
0.013603375293314457
0.015551249496638775
0.017338881269097328
0.01897859200835228
0.020478418096899986
0.02184281125664711
0.023074597120285034
0.02417534589767456
0.025145988911390305
0.025986995548009872
0.02669859491288662
0.027280861511826515
0.02773379161953926
0.028057357296347618
0.028251515701413155
0.028316238895058632
0.028251515701413155
0.028057357296347618
0.02773379161953926
0.027280861511826515
0.02669859491288662
0.025986995548009872
0.025145988911390305
0.02417534589767456
0.023074597120285034
0.02184281125664711
0.020478418096899986
0.01897859200835228
0.017338881269097328
0.015551249496638775
0.013603375293314457
0.011470525525510311
0.009114498272538185
0.006454448215663433
0.0033733679447323084
0.0
0.0
0.004706139676272869
0.009187610819935799
0.013266270980238914
0.01691797934472561
0.020203446969389915
0.0231889970600605
0.025918252766132355
0.028414560481905937
0.03069351427257061
0.03276361897587776
0.03463052958250046
0.036297429352998734
0.037766363471746445
0.039038460701704025
0.0401143915951252
0.040994491428136826
0.04167894646525383
0.042167820036411285
0.04246114194393158
0.04255891591310501
0.04246114194393158
0.042167820036411285
0.04167894646525383
0.040994491428136826
0.0401143915951252
0.039038460701704025
0.037766363471746445
0.036297429352998734
0.03463052958250046
0.03276361897587776
0.03069351427257061
0.028414560481905937
0.025918252766132355
0.0231889970600605
0.020203446969389915
0.01691797934472561
0.013266270980238914
0.009187610819935799
0.004706139676272869
0.0
0.0
0.0059341322630643845
0.011691289022564888
0.017108356580138206
0.022080576047301292
0.026582984253764153
0.030670082196593285
0.034393440932035446
0.037788815796375275
0.04088124260306358
0.043684978038072586
0.046209946274757385
0.04846185818314552
0.05044460669159889
0.05216045677661896
0.05361092463135719
0.05479688569903374
0.055718906223773956
0.056377310305833817
0.05677228793501854
0.056903935968875885
0.05677228793501854
0.056377310305833817
0.055718906223773956
0.05479688569903374
0.05361092463135719
0.05216045677661896
0.05044460669159889
0.04846185818314552
0.046209946274757385
0.043684978038072586
0.04088124260306358
0.037788815796375275
0.034393440932035446
0.030670082196593285
0.026582984253764153
0.022080576047301292
0.017108356580138206
0.011691289022564888
0.0059341322630643845
0.0
0.0
0.0071066515520215034
0.01406413596123457
0.020726511254906654
0.02697131596505642
0.03271825239062309
0.037964578717947006
0.042740561068058014
0.04708706960082054
0.05103646591305733
0.0546099990606308
0.057822998613119125
0.060684703290462494
0.06320171058177948
0.06537803262472153
0.06721652299165726
0.06871893256902695
0.06988650560379028
0.07072000205516815
0.07121992856264114
0.07138653844594955
0.07121992856264114
0.07072000205516815
0.06988650560379028
0.06871893256902695
0.06721652299165726
0.06537803262472153
0.06320171058177948
0.060684703290462494
0.057822998613119125
0.0546099990606308
0.05103646591305733
0.04708706960082054
0.042740561068058014
0.037964578717947006
0.03271825239062309
0.02697131596505642
0.020726511254906654
0.01406413596123457
0.0071066515520215034
0.0
0.0
0.008247068151831627
0.016361160203814507
0.024210399016737938
0.03167300671339035
0.03864585608243942
0.045076437294483185
0.050953324884176254
0.05630400404334068
0.061159152537584305
0.06554508954286575
0.06948225200176239
0.07298403233289719
0.076060451567173
0.07871787995100021
0.08096104860305786
0.08279301971197128
0.08421602845191956
0.08523152023553848
0.08584046363830566
0.08604338765144348
0.08584046363830566
0.08523152023553848
0.08421602845191956
0.08279301971197128
0.08096104860305786
0.07871787995100021
0.076060451567173
0.07298403233289719
0.06948225200176239
0.06554508954286575
0.061159152537584305
0.05630400404334068
0.050953324884176254
0.045076437294483185
0.03864585608243942
0.03167300671339035
0.024210399016737938
0.016361160203814507
0.008247068151831627
0.0
0.0
0.009373496286571026
0.018623758107423782
0.027627557516098022
0.03626668080687523
0.044431135058403015
0.05204097554087639
0.05904737859964371
0.06544778496026993
0.07125762104988098
0.07650214433670044
0.08120406419038773
0.08538071811199188
0.08904575556516647
0.09220841526985168
0.09487583488225937
0.09705278277397156
0.09874287247657776
0.0999484732747078
0.10067123919725418
0.10091205686330795
0.10067123919725418
0.0999484732747078
0.09874287247657776
0.09705278277397156
0.09487583488225937
0.09220841526985168
0.08904575556516647
0.08538071811199188
0.08120406419038773
0.07650214433670044
0.07125762104988098
0.06544778496026993
0.05904737859964371
0.05204097554087639
0.044431135058403015
0.03626668080687523
0.027627557516098022
0.018623758107423782
0.009373496286571026
0.0
0.0
0.010498998686671257
0.020879996940493584
0.031024761497974396
0.04081825166940689
0.05014912411570549
0.0589236244559288
0.06706760823726654
0.07454726099967957
0.08135349303483963
0.08750144392251968
0.09301047027111053
0.09789978712797165
0.10218588262796402
0.10588093847036362
0.10899477452039719
0.1115342378616333
0.11350467056035995
0.11490966379642487
0.1157517284154892
0.11603225767612457
0.1157517284154892
0.11490966379642487
0.11350467056035995
0.1115342378616333
0.10899477452039719
0.10588093847036362
0.10218588262796402
0.09789978712797165
0.09301047027111053
0.08750144392251968
0.08135349303483963
0.07454726099967957
0.06706760823726654
0.0589236244559288
0.05014912411570549
0.04081825166940689
0.031024761497974396
0.020879996940493584
0.010498998686671257
0.0
0.0
0.0116348247975111
0.02315390296280384
0.03444119170308113
0.04538308456540108
0.0558675117790699
0.06579376012086868
0.07507295906543732
0.0836469903588295
0.09148117899894714
0.09857253730297089
0.10493007302284241
0.11057104915380478
0.11551262438297272
0.11976942420005798
0.12335386872291565
0.12627513706684113
0.1285405457019806
0.13015516102313995
0.13112260401248932
0.13144484162330627
0.13112260401248932
0.13015516102313995
0.1285405457019806
0.12627513706684113
0.12335386872291565
0.11976942420005798
0.11551262438297272
0.11057104915380478
0.10493007302284241
0.09857253730297089
0.09148117899894714
0.0836469903588295
0.07507295906543732
0.06579376012086868
0.0558675117790699
0.04538308456540108
0.03444119170308113
0.02315390296280384
0.0116348247975111
0.0
0.0
0.012790600769221783
0.025465399026870728
0.03790832310914993
0.05000557377934456
0.06164398789405823
0.07271867245435715
0.0831318125128746
0.09280822426080704
0.10169152170419693
0.10975801199674606
0.11700113862752914
0.12343133985996246
0.1290631741285324
0.13391223549842834
0.13799288868904114
0.14131653308868408
0.14389264583587646
0.14572793245315552
0.14682729542255402
0.14719341695308685
0.14682729542255402
0.14572793245315552
0.14389264583587646
0.14131653308868408
0.13799288868904114
0.13391223549842834
0.1290631741285324
0.12343133985996246
0.11700113862752914
0.10975801199674606
0.10169152170419693
0.09280822426080704
0.0831318125128746
0.07271867245435715
0.06164398789405823
0.05000557377934456
0.03790832310914993
0.025465399026870728
0.012790600769221783
0.0
0.0
0.01397547498345375
0.027833241969347
0.041455406695604324
0.05472640320658684
0.06753096729516983
0.07976067811250687
0.0913114845752716
0.10209666937589645
0.11204361915588379
0.12110935896635056
0.12926965951919556
0.13652363419532776
0.1428794115781784
0.1483512967824936
0.15295429527759552
0.15670165419578552
0.15960486233234406
0.1616724133491516
0.1629105657339096
0.16332285106182098
0.1629105657339096
0.1616724133491516
0.15960486233234406
0.15670165419578552
0.15295429527759552
0.1483512967824936
0.1428794115781784
0.13652363419532776
0.12926965951919556
0.12110935896635056
0.11204361915588379
0.10209666937589645
0.0913114845752716
0.07976067811250687
0.06753096729516983
0.05472640320658684
0.041455406695604324
0.027833241969347
0.01397547498345375
0.0
0.0
0.015198090113699436
0.03027494251728058
0.045109234750270844
0.059582218527793884
0.07357542216777802
0.08697675913572311
0.09967713057994843
0.11158149689435959
0.12260521203279495
0.13268926739692688
0.14179235696792603
0.14989995956420898
0.1570105254650116
0.16313444077968597
0.16828548908233643
0.17247791588306427
0.1757248491048813
0.17803646624088287
0.17942045629024506
0.1798812448978424
0.17942045629024506
0.17803646624088287
0.1757248491048813
0.17247791588306427
0.16828548908233643
0.16313444077968597
0.1570105254650116
0.14989995956420898
0.14179235696792603
0.13268926739692688
0.12260521203279495
0.11158149689435959
0.09967713057994843
0.08697675913572311
0.07357542216777802
0.059582218527793884
0.045109234750270844
0.03027494251728058
0.015198090113699436
0.0
0.0
0.016467254608869553
0.03280821070075035
0.04889662563800812
0.06460919231176376
0.07982306182384491
0.0944218784570694
0.1082916408777237
0.12133076786994934
0.13344554603099823
0.14456437528133392
0.15463131666183472
0.16361771523952484
0.17151042819023132
0.17831331491470337
0.18403683602809906
0.1886950582265854
0.19230203330516815
0.19486939907073975
0.19640624523162842
0.19691787660121918
0.19640624523162842
0.19486939907073975
0.19230203330516815
0.1886950582265854
0.18403683602809906
0.17831331491470337
0.17151042819023132
0.16361771523952484
0.15463131666183472
0.14456437528133392
0.13344554603099823
0.12133076786994934
0.1082916408777237
0.0944218784570694
0.07982306182384491
0.06460919231176376
0.04889662563800812
0.03280821070075035
0.016467254608869553
0.0
0.0
0.017791906371712685
0.03545093536376953
0.05284441262483597
0.0698431134223938
0.08631861954927444
0.10214949399232864
0.11721661686897278
0.13141268491744995
0.14463673532009125
0.15680739283561707
0.16785667836666107
0.17774297297000885
0.18644100427627563
0.19394643604755402
0.20026452839374542
0.20540772378444672
0.20939011871814728
0.21222439408302307
0.21392081677913666
0.2144855111837387
0.21392081677913666
0.21222439408302307
0.20939011871814728
0.20540772378444672
0.20026452839374542
0.19394643604755402
0.18644100427627563
0.17774297297000885
0.16785667836666107
0.15680739283561707
0.14463673532009125
0.13141268491744995
0.11721661686897278
0.10214949399232864
0.08631861954927444
0.0698431134223938
0.05284441262483597
0.03545093536376953
0.017791906371712685
0.0
0.0
0.019181642681360245
0.03822219744324684
0.056980982422828674
0.07532142847776413
0.09310822188854218
0.1102139800786972
0.12651392817497253
0.14189529418945312
0.1562509834766388
0.1694919914007187
0.1815408319234848
0.19234482944011688
0.2018674910068512
0.2100953906774521
0.21702724695205688
0.2226725071668625
0.2270442545413971
0.23015564680099487
0.23201784491539001
0.23263771831989288
0.23201784491539001
0.23015564680099487
0.2270442545413971
0.2226725071668625
0.21702724695205688
0.2100953906774521
0.2018674910068512
0.19234482944011688
0.1815408319234848
0.1694919914007187
0.1562509834766388
0.14189529418945312
0.12651392817497253
0.1102139800786972
0.09310822188854218
0.07532142847776413
0.056980982422828674
0.03822219744324684
0.019181642681360245
0.0
0.0
0.02064676396548748
0.04114244133234024
0.06133661046624184
0.08108378201723099
0.10024039447307587
0.11867206543684006
0.1362476944923401
0.15284906327724457
0.16836360096931458
0.1826961785554886
0.1957620084285736
0.20749950408935547
0.21786250174045563
0.22682875394821167
0.23438984155654907
0.24055124819278717
0.2453240603208542
0.24872131645679474
0.2507546544075012
0.2514314651489258
0.2507546544075012
0.24872131645679474
0.2453240603208542
0.24055124819278717
0.23438984155654907
0.22682875394821167
0.21786250174045563
0.20749950408935547
0.1957620084285736
0.1826961785554886
0.16836360096931458
0.15284906327724457
0.1362476944923401
0.11867206543684006
0.10024039447307587
0.08108378201723099
0.06133661046624184
0.04114244133234024
0.02064676396548748
0.0
0.0
0.022198790684342384
0.044234417378902435
0.06594470888376236
0.08717350661754608
0.10776744037866592
0.12758401036262512
0.14648506045341492
0.16434673964977264
0.18105143308639526
0.19649913907051086
0.2105996161699295
0.22328458726406097
0.23450031876564026
0.24421676993370056
0.2524186670780182
0.25910690426826477
0.26428988575935364
0.2679798901081085
0.2701885998249054
0.2709238529205322
0.2701885998249054
0.2679798901081085
0.26428988575935364
0.25910690426826477
0.2524186670780182
0.24421676993370056
0.23450031876564026
0.22328458726406097
0.2105996161699295
0.19649913907051086
0.18105143308639526
0.16434673964977264
0.14648506045341492
0.12758401036262512
0.10776744037866592
0.08717350661754608
0.06594470888376236
0.044234417378902435
0.022198790684342384
0.0
0.0
0.02385067753493786
0.047523681074380875
0.07084274291992188
0.09363899379968643
0.11574748903512955
0.1370163857936859
0.15729957818984985
0.1764674186706543
0.19439758360385895
0.21098627150058746
0.22613950073719025
0.23978447914123535
0.25186213850975037
0.2623363435268402
0.2711859941482544
0.2784075140953064
0.2840062975883484
0.2879934012889862
0.2903802692890167
0.29117485880851746
0.2903802692890167
0.2879934012889862
0.2840062975883484
0.2784075140953064
0.2711859941482544
0.2623363435268402
0.25186213850975037
0.23978447914123535
0.22613950073719025
0.21098627150058746
0.19439758360385895
0.1764674186706543
0.15729957818984985
0.1370163857936859
0.11574748903512955
0.09363899379968643
0.07084274291992188
0.047523681074380875
0.02385067753493786
0.0
0.0
0.02561742626130581
0.051039665937423706
0.07607350498437881
0.10053496062755585
0.12424543499946594
0.14704234898090363
0.16877083480358124
0.18929529190063477
0.2084890902042389
0.22624577581882477
0.24246934056282043
0.2570846378803253
0.27002984285354614
0.2812648117542267
0.29076436161994934
0.2985209822654724
0.3045373857021332
0.3088231682777405
0.3113892376422882
0.3122435212135315
0.3113892376422882
0.3088231682777405
0.3045373857021332
0.2985209822654724
0.29076436161994934
0.2812648117542267
0.27002984285354614
0.2570846378803253
0.24246934056282043
0.22624577581882477
0.2084890902042389
0.18929529190063477
0.16877083480358124
0.14704234898090363
0.12424543499946594
0.10053496062755585
0.07607350498437881
0.051039665937423706
0.02561742626130581
0.0
0.0
0.027516577392816544
0.05481679365038872
0.08168700337409973
0.10792515426874161
0.13333660364151
0.15774647891521454
0.18099018931388855
0.20292611420154572
0.2234240025281906
0.24237598478794098
0.2596859931945801
0.27527889609336853
0.2890928089618683
0.3010861575603485
0.3112318217754364
0.3195197880268097
0.3259507715702057
0.33053314685821533
0.3332771956920624
0.33419081568717957
0.3332771956920624
0.33053314685821533
0.3259507715702057
0.3195197880268097
0.3112318217754364
0.3010861575603485
0.2890928089618683
0.27527889609336853
0.2596859931945801
0.24237598478794098
0.2234240025281906
0.20292611420154572
0.18099018931388855
0.15774647891521454
0.13333660364151
0.10792515426874161
0.08168700337409973
0.05481679365038872
0.027516577392816544
0.0
0.0
0.02956906519830227
0.05889590457081795
0.08774201571941376
0.1158837080001831
0.14310738444328308
0.16922414302825928
0.19405889511108398
0.21746417880058289
0.23930712044239044
0.25948014855384827
0.2778894901275635
0.2944627106189728
0.3091408610343933
0.321883887052536
0.33266541361808777
0.34147489070892334
0.34831222891807556
0.35318508744239807
0.3561035096645355
0.3570752441883087
0.3561035096645355
0.35318508744239807
0.34831222891807556
0.34147489070892334
0.33266541361808777
0.321883887052536
0.3091408610343933
0.2944627106189728
0.2778894901275635
0.25948014855384827
0.23930712044239044
0.21746417880058289
0.19405889511108398
0.16922414302825928
0.14310738444328308
0.1158837080001831
0.08774201571941376
0.05889590457081795
0.02956906519830227
0.0
0.0
0.031800251454114914
0.06332647055387497
0.0943097323179245
0.12450022995471954
0.15366187691688538
0.18158982694149017
0.2080976366996765
0.23303262889385223
0.25626081228256226
0.2776772379875183
0.29719337821006775
0.31474265456199646
0.3302728235721588
0.343748539686203
0.35514745116233826
0.3644607961177826
0.37168967723846436
0.3768419921398163
0.37992799282073975
0.3809555768966675
0.37992799282073975
0.3768419921398163
0.37168967723846436
0.3644607961177826
0.35514745116233826
0.343748539686203
0.3302728235721588
0.31474265456199646
0.29719337821006775
0.2776772379875183
0.25626081228256226
0.23303262889385223
0.2080976366996765
0.18158982694149017
0.15366187691688538
0.12450022995471954
0.0943097323179245
0.06332647055387497
0.031800251454114914
0.0
0.0
0.034241244196891785
0.06816878914833069
0.10147601366043091
0.1338813453912735
0.16512197256088257
0.1949751228094101
0.22324258089065552
0.24976758658885956
0.2744176387786865
0.29709339141845703
0.31771567463874817
0.33622756600379944
0.3525877296924591
0.36676931381225586
0.3787577748298645
0.38854900002479553
0.3961474895477295
0.4015628397464752
0.40480631589889526
0.40588635206222534
0.40480631589889526
0.4015628397464752
0.3961474895477295
0.38854900002479553
0.3787577748298645
0.36676931381225586
0.3525877296924591
0.33622756600379944
0.31771567463874817
0.29709339141845703
0.2744176387786865
0.24976758658885956
0.22324258089065552
0.1949751228094101
0.16512197256088257
0.1338813453912735
0.10147601366043091
0.06816878914833069
0.034241244196891785
0.0
0.0
0.03693102300167084
0.07349839806556702
0.1093483418226242
0.14416030049324036
0.17763955891132355
0.2095431685447693
0.23966115713119507
0.2678348422050476
0.2939368188381195
0.3178779184818268
0.33959338068962097
0.3590410351753235
0.37619549036026
0.39104291796684265
0.40358084440231323
0.4138129949569702
0.4217502176761627
0.427405446767807
0.4307921528816223
0.43191981315612793
0.4307921528816223
0.427405446767807
0.4217502176761627
0.4138129949569702
0.40358084440231323
0.39104291796684265
0.37619549036026
0.3590410351753235
0.33959338068962097
0.3178779184818268
0.2939368188381195
0.2678348422050476
0.23966115713119507
0.2095431685447693
0.17763955891132355
0.14416030049324036
0.1093483418226242
0.07349839806556702
0.03693102300167084
0.0
0.0
0.03991870582103729
0.07940974086523056
0.11805936694145203
0.15549886226654053
0.19139540195465088
0.2254839986562729
0.2575441002845764
0.28741878271102905
0.3149915337562561
0.3401893079280853
0.3629688024520874
0.3833085000514984
0.40120524168014526
0.4166632294654846
0.4296967089176178
0.440321147441864
0.4485566020011902
0.4544214606285095
0.45793282985687256
0.4591018259525299
0.45793282985687256
0.4544214606285095
0.4485566020011902
0.440321147441864
0.4296967089176178
0.4166632294654846
0.40120524168014526
0.3833085000514984
0.3629688024520874
0.3401893079280853
0.3149915337562561
0.28741878271102905
0.2575441002845764
0.2254839986562729
0.19139540195465088
0.15549886226654053
0.11805936694145203
0.07940974086523056
0.03991870582103729
0.0
0.0
0.043268073350191116
0.08602534234523773
0.1277809590101242
0.16810598969459534
0.206621915102005
0.24304018914699554
0.27713242173194885
0.3087494969367981
0.3377942144870758
0.3642182946205139
0.38800910115242004
0.40917351841926575
0.42773813009262085
0.4437309503555298
0.45718833804130554
0.4681412875652313
0.4766225218772888
0.4826580584049225
0.4862701892852783
0.4874724745750427
0.4862701892852783
0.4826580584049225
0.4766225218772888
0.4681412875652313
0.45718833804130554
0.4437309503555298
0.42773813009262085
0.40917351841926575
0.38800910115242004
0.3642182946205139
0.3377942144870758
0.3087494969367981
0.27713242173194885
0.24304018914699554
0.206621915102005
0.16810598969459534
0.1277809590101242
0.08602534234523773
0.043268073350191116
0.0
0.0
0.04706183075904846
0.0935024693608284
0.138729989528656
0.18223972618579865
0.22359901666641235
0.26249605417251587
0.2987009286880493
0.33208203315734863
0.36257418990135193
0.3901652991771698
0.41488540172576904
0.4367791712284088
0.4559115767478943
0.4723409116268158
0.48613113164901733
0.49733301997184753
0.5059950947761536
0.5121534466743469
0.5158370137214661
0.517062783241272
0.5158370137214661
0.5121534466743469
0.5059950947761536
0.49733301997184753
0.48613113164901733
0.4723409116268158
0.4559115767478943
0.4367791712284088
0.41488540172576904
0.3901652991771698
0.36257418990135193
0.33208203315734863
0.2987009286880493
0.26249605417251587
0.22359901666641235
0.18223972618579865
0.138729989528656
0.0935024693608284
0.04706183075904846
0.0
0.0
0.05141187086701393
0.10205357521772385
0.15119843184947968
0.19824561476707458
0.24269841611385345
0.28422480821609497
0.32260486483573914
0.35774001479148865
0.3896157443523407
0.41827237606048584
0.4437982439994812
0.46628743410110474
0.48585328459739685
0.5025914907455444
0.516599178314209
0.5279508829116821
0.5367140769958496
0.5429368019104004
0.5466563105583191
0.5478935241699219
0.5466563105583191
0.5429368019104004
0.5367140769958496
0.5279508829116821
0.516599178314209
0.5025914907455444
0.48585328459739685
0.46628743410110474
0.4437982439994812
0.41827237606048584
0.3896157443523407
0.35774001479148865
0.32260486483573914
0.28422480821609497
0.24269841611385345
0.19824561476707458
0.15119843184947968
0.10205357521772385
0.05141187086701393
0.0
0.0
0.05646834149956703
0.11195924878120422
0.16556306183338165
0.21655625104904175
0.26437029242515564
0.3086625635623932
0.34924519062042236
0.3860761225223541
0.41921886801719666
0.44878673553466797
0.47494593262672424
0.49785315990448
0.5176808834075928
0.5345693230628967
0.5486540198326111
0.5600367784500122
0.5688064694404602
0.5750249028205872
0.5787386894226074
0.5799733996391296
0.5787386894226074
0.5750249028205872
0.5688064694404602
0.5600367784500122
0.5486540198326111
0.5345693230628967
0.5176808834075928
0.49785315990448
0.47494593262672424
0.44878673553466797
0.41921886801719666
0.3860761225223541
0.34924519062042236
0.3086625635623932
0.26437029242515564
0.21655625104904175
0.16556306183338165
0.11195924878120422
0.05646834149956703
0.0
0.0
0.06244521960616112
0.12361927330493927
0.1823558211326599
0.23777610063552856
0.28923332691192627
0.3363967537879944
0.3791479766368866
0.4175398647785187
0.45175278186798096
0.4820014238357544
0.5085536241531372
0.5316437482833862
0.551514208316803
0.5683562755584717
0.5823477506637573
0.5936203002929688
0.6022853851318359
0.60841965675354
0.6120796203613281
0.6132957935333252
0.6120796203613281
0.60841965675354
0.6022853851318359
0.5936203002929688
0.5823477506637573
0.5683562755584717
0.551514208316803
0.5316437482833862
0.5085536241531372
0.4820014238357544
0.45175278186798096
0.4175398647785187
0.3791479766368866
0.3363967537879944
0.28923332691192627
0.23777610063552856
0.1823558211326599
0.12361927330493927
0.06244521960616112
0.0
0.0
0.0696428120136261
0.13757777214050293
0.20227867364883423
0.2626674771308899
0.3180331885814667
0.3681011497974396
0.4128901958465576
0.4526022672653198
0.48758837580680847
0.5181984305381775
0.5448282957077026
0.5678053498268127
0.5874510407447815
0.604012668132782
0.6177122592926025
0.6287122368812561
0.6371467113494873
0.643106997013092
0.6466591954231262
0.6478388905525208
0.6466591954231262
0.643106997013092
0.6371467113494873
0.6287122368812561
0.6177122592926025
0.604012668132782
0.5874510407447815
0.5678053498268127
0.5448282957077026
0.5181984305381775
0.48758837580680847
0.4526022672653198
0.4128901958465576
0.3681011497974396
0.3180331885814667
0.2626674771308899
0.20227867364883423
0.13757777214050293
0.0696428120136261
0.0
0.0
0.0785190612077713
0.15467508137226105
0.22638626396656036
0.29235219955444336
0.3518308103084564
0.4046994149684906
0.4512268304824829
0.49184998869895935
0.5271623134613037
0.5576898455619812
0.583983302116394
0.6064754724502563
0.6255722045898438
0.6415777206420898
0.6547568440437317
0.6653008460998535
0.6733641624450684
0.6790512800216675
0.6824367046356201
0.683560311794281
0.6824367046356201
0.6790512800216675
0.6733641624450684
0.6653008460998535
0.6547568440437317
0.6415777206420898
0.6255722045898438
0.6064754724502563
0.583983302116394
0.5576898455619812
0.5271623134613037
0.49184998869895935
0.4512268304824829
0.4046994149684906
0.3518308103084564
0.29235219955444336
0.22638626396656036
0.15467508137226105
0.0785190612077713
0.0
0.0
0.08976344019174576
0.17607805132865906
0.256097674369812
0.32823216915130615
0.3918703496456146
0.4472010135650635
0.49493300914764404
0.5358483791351318
0.5708688497543335
0.600737988948822
0.6261816620826721
0.6477455496788025
0.6659175753593445
0.6810555458068848
0.6934608221054077
0.7033487558364868
0.7108893990516663
0.7161974310874939
0.7193533182144165
0.7204000353813171
0.7193533182144165
0.7161974310874939
0.7108893990516663
0.7033487558364868
0.6934608221054077
0.6810555458068848
0.6659175753593445
0.6477455496788025
0.6261816620826721
0.600737988948822
0.5708688497543335
0.5358483791351318
0.49493300914764404
0.4472010135650635
0.3918703496456146
0.32823216915130615
0.256097674369812
0.17607805132865906
0.08976344019174576
0.0
0.0
0.10450945794582367
0.2038709819316864
0.2937263250350952
0.3724980652332306
0.439958393573761
0.4969693422317505
0.5449681282043457
0.5852348208427429
0.6191062927246094
0.647572934627533
0.6715388298034668
0.6916548609733582
0.7084771394729614
0.7224048376083374
0.7337635159492493
0.742783784866333
0.7496438026428223
0.7544633150100708
0.7573251724243164
0.7582737803459167
0.7573251724243164
0.7544633150100708
0.7496438026428223
0.742783784866333
0.7337635159492493
0.7224048376083374
0.7084771394729614
0.6916548609733582
0.6715388298034668
0.647572934627533
0.6191062927246094
0.5852348208427429
0.5449681282043457
0.4969693422317505
0.439958393573761
0.3724980652332306
0.2937263250350952
0.2038709819316864
0.10450945794582367
0.0
0.0
0.12471333891153336
0.2408217191696167
0.34240081906318665
0.42774146795272827
0.4980476200580597
0.555327296257019
0.6021689772605896
0.6405019760131836
0.6721327900886536
0.6983038187026978
0.7200696468353271
0.7381622195243835
0.7531770467758179
0.7655341029167175
0.775564968585968
0.7835025191307068
0.7895232439041138
0.793745219707489
0.7962493300437927
0.7970788478851318
0.7962493300437927
0.793745219707489
0.7895232439041138
0.7835025191307068
0.775564968585968
0.7655341029167175
0.7531770467758179
0.7381622195243835
0.7200696468353271
0.6983038187026978
0.6721327900886536
0.6405019760131836
0.6021689772605896
0.555327296257019
0.4980476200580597
0.42774146795272827
0.34240081906318665
0.2408217191696167
0.12471333891153336
0.0
0.0
0.15368705987930298
0.29360729455947876
0.40768951177597046
0.4981800615787506
0.5687975287437439
0.623812198638916
0.6673229336738586
0.70199054479599
0.7300330400466919
0.7528770565986633
0.7716511487960815
0.7871136665344238
0.7998540997505188
0.8102815747261047
0.8187099099159241
0.8253579139709473
0.8303884267807007
0.8339100480079651
0.8359966278076172
0.836687445640564
0.8359966278076172
0.8339100480079651
0.8303884267807007
0.8253579139709473
0.8187099099159241
0.8102815747261047
0.7998540997505188
0.7871136665344238
0.7716511487960815
0.7528770565986633
0.7300330400466919
0.70199054479599
0.6673229336738586
0.623812198638916
0.5687975287437439
0.4981800615787506
0.40768951177597046
0.29360729455947876
0.15368705987930298
0.0
0.0
0.19903530180454254
0.368887722492218
0.4968249797821045
0.5879205465316772
0.654418408870697
0.7033835649490356
0.7407213449478149
0.7696521282196045
0.7926028370857239
0.8110284805297852
0.8260079622268677
0.8382450938224792
0.848264753818512
0.8564267754554749
0.8629997968673706
0.8681703805923462
0.8720749616622925
0.8748045563697815
0.8764203786849976
0.8769550919532776
0.8764203786849976
0.8748045563697815
0.8720749616622925
0.8681703805923462
0.8629997968673706
0.8564267754554749
0.848264753818512
0.8382450938224792
0.8260079622268677
0.8110284805297852
0.7926028370857239
0.7696521282196045
0.7407213449478149
0.7033835649490356
0.654418408870697
0.5879205465316772
0.4968249797821045
0.368887722492218
0.19903530180454254
0.0
0.0
0.27166104316711426
0.49658873677253723
0.6218626499176025
0.7025928497314453
0.7563766837120056
0.7941486835479736
0.8218558430671692
0.8428454995155334
0.8592055439949036
0.872188150882721
0.8826480507850647
0.8911385536193848
0.898055911064148
0.9036701917648315
0.9081786274909973
0.9117177128791809
0.9143861532211304
0.9162495732307434
0.9173519015312195
0.9177165627479553
0.9173519015312195
0.9162495732307434
0.9143861532211304
0.9117177128791809
0.9081786274909973
0.9036701917648315
0.898055911064148
0.8911385536193848
0.8826480507850647
0.872188150882721
0.8592055439949036
0.8428454995155334
0.8218558430671692
0.7941486835479736
0.7563766837120056
0.7025928497314453
0.6218626499176025
0.49658873677253723
0.27166104316711426
0.0
0.0
0.5199329257011414
0.6865981817245483
0.7924970388412476
0.8412960767745972
0.8735816478729248
0.8942811489105225
0.9092363715171814
0.9202940464019775
0.928828775882721
0.9355424642562866
0.9409221410751343
0.9452705979347229
0.9488024711608887
0.9516624212265015
0.9539550542831421
0.9557523727416992
0.9571062922477722
0.9580510854721069
0.9586098194122314
0.9587945342063904
0.9586098194122314
0.9580510854721069
0.9571062922477722
0.9557523727416992
0.9539550542831421
0.9516624212265015
0.9488024711608887
0.9452705979347229
0.9409221410751343
0.9355424642562866
0.928828775882721
0.9202940464019775
0.9092363715171814
0.8942811489105225
0.8735816478729248
0.8412960767745972
0.7924970388412476
0.6865981817245483
0.5199329257011414
0.0
1.0
1.0
1.0
1.0
1.0
1.0
1.0
1.0
1.0
1.0
1.0
1.0
1.0
1.0
1.0
1.0
1.0
1.0
1.0
1.0
1.0
1.0
1.0
1.0
1.0
1.0
1.0
1.0
1.0
1.0
1.0
1.0
1.0
1.0
1.0
1.0
1.0
1.0
1.0
1.0
1.0
