0.0
0.0
0.0
0.0
0.0
0.0
0.0
0.0
0.0
0.0
0.0
0.0
0.0
0.0
0.0
0.0
0.0
0.0
0.0
0.0
0.0
0.0
0.0
0.0
0.0
0.0
0.0
0.0
0.0
0.0
0.0
0.0
0.0
0.0
0.0
0.0
0.0
0.0
0.0
0.0
0.0
0.0
0.002062192652374506
0.0037430578377097845
0.0051581296138465405
0.0064151706174016
0.007560765370726585
0.008611631579697132
0.009578576311469078
0.010467342101037502
0.011281457729637623
0.012022935785353184
0.012692976742982864
0.013292217627167702
0.013820981606841087
0.014279387891292572
0.014667442068457603
0.014985092915594578
0.015232263132929802
0.015408878214657307
0.015514873899519444
0.015550211071968079
0.015514873899519444
0.015408878214657307
0.015232263132929802
0.014985092915594578
0.014667442068457603
0.014279387891292572
0.013820981606841087
0.013292217627167702
0.012692976742982864
0.012022935785353184
0.011281457729637623
0.010467342101037502
0.009578576311469078
0.008611631579697132
0.007560765370726585
0.0064151706174016
0.0051581296138465405
0.0037430578377097845
0.002062192652374506
0.0
0.0
0.0037598612252622843
0.007180226035416126
0.010108251124620438
0.012691245414316654
0.015026411041617393
0.017157599329948425
0.019113151356577873
0.020906925201416016
0.022547908127307892
0.02404102310538292
0.02538934350013733
0.026594534516334534
0.02765754610300064
0.028578806668519974
0.029358485713601112
0.029996581375598907
0.03049302287399769
0.030847713351249695
0.031060567125678062
0.031131526455283165
0.031060567125678062
0.030847713351249695
0.03049302287399769
0.029996581375598907
0.029358485713601112
0.028578806668519974
0.02765754610300064
0.026594534516334534
0.02538934350013733
0.02404102310538292
0.022547908127307892
0.020906925201416016
0.019113151356577873
0.017157599329948425
0.015026411041617393
0.012691245414316654
0.010108251124620438
0.007180226035416126
0.0037598612252622843
0.0
0.0
0.005221139173954725
0.010186774656176567
0.014689872041344643
0.018704351037740707
0.02230609580874443
0.02557457610964775
0.028560930863022804
0.031291838735342026
0.03378501161932945
0.036049965769052505
0.0380929671227932
0.0399174690246582
0.041525643318891525
0.0429186187684536
0.04409702494740486
0.04506112262606621
0.045811012387275696
0.04634669050574303
0.04666811600327492
0.04677526652812958
0.04666811600327492
0.04634669050574303
0.045811012387275696
0.04506112262606621
0.04409702494740486
0.0429186187684536
0.041525643318891525
0.0399174690246582
0.0380929671227932
0.036049965769052505
0.03378501161932945
0.031291838735342026
0.028560930863022804
0.02557457610964775
0.02230609580874443
0.018704351037740707
0.014689872041344643
0.010186774656176567
0.005221139173954725
0.0
0.0
0.006563409231603146
0.012927972711622715
0.018908590078353882
0.024384338408708572
0.029327692463994026
0.03380623459815979
0.03788202255964279
0.041596803814172745
0.044979527592659
0.04804638400673866
0.05080854892730713
0.053272344172000885
0.05544201284646988
0.05731995031237602
0.058907706290483475
0.06020612269639969
0.061215706169605255
0.06193671002984047
0.062369272112846375
0.06251345574855804
0.062369272112846375
0.06193671002984047
0.061215706169605255
0.06020612269639969
0.058907706290483475
0.05731995031237602
0.05544201284646988
0.053272344172000885
0.05080854892730713
0.04804638400673866
0.044979527592659
0.041596803814172745
0.03788202255964279
0.03380623459815979
0.029327692463994026
0.024384338408708572
0.018908590078353882
0.012927972711622715
0.006563409231603146
0.0
0.0
0.00784321315586567
0.01552004087716341
0.02286667935550213
0.029744012281298637
0.03606030344963074
0.041814859956502914
0.04704569652676582
0.05180186405777931
0.05612155422568321
0.060029286891222
0.06354262679815292
0.0666719526052475
0.06942461431026459
0.07180497795343399
0.07381609082221985
0.07545977830886841
0.07673728466033936
0.07764934003353119
0.07819641381502151
0.07837874442338943
0.07819641381502151
0.07764934003353119
0.07673728466033936
0.07545977830886841
0.07381609082221985
0.07180497795343399
0.06942461431026459
0.0666719526052475
0.06354262679815292
0.060029286891222
0.05612155422568321
0.05180186405777931
0.04704569652676582
0.041814859956502914
0.03606030344963074
0.029744012281298637
0.02286667935550213
0.01552004087716341
0.00784321315586567
0.0
0.0
0.00908629596233368
0.018024781718850136
0.026668421924114227
0.03488052636384964
0.04254458099603653
0.0496017150580883
0.056041087955236435
0.061897072941064835
0.06720682978630066
0.07200133800506592
0.07630438357591629
0.08013126254081726
0.08349330723285675
0.08639761060476303
0.08884935826063156
0.09085183590650558
0.09240741282701492
0.09351757913827896
0.09418333321809769
0.09440518915653229
0.09418333321809769
0.09351757913827896
0.09240741282701492
0.09085183590650558
0.08884935826063156
0.08639761060476303
0.08349330723285675
0.08013126254081726
0.07630438357591629
0.07200133800506592
0.06720682978630066
0.061897072941064835
0.056041087955236435
0.0496017150580883
0.04254458099603653
0.03488052636384964
0.026668421924114227
0.018024781718850136
0.00908629596233368
0.0
0.0
0.010312512516975403
0.02048829011619091
0.030390409752726555
0.03988707438111305
0.04885513707995415
0.05720498040318489
0.06488266587257385
0.07188780605792999
0.0782405212521553
0.08397135883569717
0.08910727500915527
0.0936683863401413
0.09767037630081177
0.10112368315458298
0.10403627157211304
0.10641337931156158
0.10825894773006439
0.10957551747560501
0.11036482453346252
0.11062782257795334
0.11036482453346252
0.10957551747560501
0.10825894773006439
0.10641337931156158
0.10403627157211304
0.10112368315458298
0.09767037630081177
0.0936683863401413
0.08910727500915527
0.08397135883569717
0.0782405212521553
0.07188780605792999
0.06488266587257385
0.05720498040318489
0.04885513707995415
0.03988707438111305
0.030390409752726555
0.02048829011619091
0.010312512516975403
0.0
0.0
0.011536008678376675
0.022941147908568382
0.034084223210811615
0.04483745992183685
0.05507698282599449
0.06469834595918655
0.07361923903226852
0.08180339634418488
0.08924303948879242
0.0959576964378357
0.10197112709283829
0.10730605572462082
0.11198173463344574
0.1160120964050293
0.11940827965736389
0.12217794358730316
0.12432699650526047
0.1258593648672104
0.126777783036232
0.12708374857902527
0.126777783036232
0.1258593648672104
0.12432699650526047
0.12217794358730316
0.11940827965736389
0.1160120964050293
0.11198173463344574
0.10730605572462082
0.10197112709283829
0.0959576964378357
0.08924303948879242
0.08180339634418488
0.07361923903226852
0.06469834595918655
0.05507698282599449
0.04483745992183685
0.034084223210811615
0.022941147908568382
0.011536008678376675
0.0
0.0
0.012768853455781937
0.025409286841750145
0.037792567163705826
0.04979272931814194
0.061285510659217834
0.0721592903137207
0.08231576532125473
0.09169140458106995
0.1002495139837265
0.10798927396535873
0.11492320895195007
0.12107236683368683
0.12645721435546875
0.13109472393989563
0.13499918580055237
0.1381809413433075
0.1406482607126236
0.14240673184394836
0.14346034824848175
0.14381128549575806
0.14346034824848175
0.14240673184394836
0.1406482607126236
0.1381809413433075
0.13499918580055237
0.13109472393989563
0.12645721435546875
0.12107236683368683
0.11492320895195007
0.10798927396535873
0.1002495139837265
0.09169140458106995
0.08231576532125473
0.0721592903137207
0.061285510659217834
0.04979272931814194
0.037792567163705826
0.025409286841750145
0.012768853455781937
0.0
0.0
0.014021270908415318
0.027913933619856834
0.041549161076545715
0.05480080842971802
0.0675436332821846
0.07966175675392151
0.09104745090007782
0.1016184389591217
0.11131390929222107
0.12010988593101501
0.12800171971321106
0.13500328361988068
0.14113260805606842
0.14640815556049347
0.1508466601371765
0.15446117520332336
0.15726245939731598
0.15925802290439606
0.16045333445072174
0.16085141897201538
0.16045333445072174
0.15925802290439606
0.15726245939731598
0.15446117520332336
0.1508466601371765
0.14640815556049347
0.14113260805606842
0.13500328361988068
0.12800171971321106
0.12010988593101501
0.11131390929222107
0.1016184389591217
0.09104745090007782
0.07966175675392151
0.0675436332821846
0.05480080842971802
0.041549161076545715
0.027913933619856834
0.014021270908415318
0.0
0.0
0.015302896499633789
0.03047490306198597
0.04538503661751747
0.059905149042606354
0.07390774041414261
0.0872732624411583
0.09988745301961899
0.11165564507246017
0.12249933928251266
0.13237331807613373
0.1412535309791565
0.1491416096687317
0.15604890882968903
0.1619928926229477
0.16699138283729553
0.1710597425699234
0.17421114444732666
0.17645518481731415
0.17779894173145294
0.1782463937997818
0.17779894173145294
0.17645518481731415
0.17421114444732666
0.1710597425699234
0.16699138283729553
0.1619928926229477
0.15604890882968903
0.1491416096687317
0.1412535309791565
0.13237331807613373
0.12249933928251266
0.11165564507246017
0.09988745301961899
0.0872732624411583
0.07390774041414261
0.059905149042606354
0.04538503661751747
0.03047490306198597
0.015302896499633789
0.0
0.0
0.016622750088572502
0.03311048820614815
0.049328263849020004
0.06514428555965424
0.08042749017477036
0.09505439549684525
0.10890541225671768
0.12187705934047699
0.13387799263000488
0.14484558999538422
0.15473730862140656
0.1635400652885437
0.1712549924850464
0.1778956949710846
0.18347910046577454
0.18802198767662048
0.19153955578804016
0.19404345750808716
0.19554243981838226
0.19604147970676422
0.19554243981838226
0.19404345750808716
0.19153955578804016
0.18802198767662048
0.18347910046577454
0.1778956949710846
0.1712549924850464
0.1635400652885437
0.15473730862140656
0.14484558999538422
0.13387799263000488
0.12187705934047699
0.10890541225671768
0.09505439549684525
0.08042749017477036
0.06514428555965424
0.049328263849020004
0.03311048820614815
0.016622750088572502
0.0
0.0
0.017989948391914368
0.035839054733514786
0.05340670049190521
0.0705559030175209
0.0871506780385971
0.10306287556886673
0.11816766113042831
0.13235466182231903
0.14552295207977295
0.15759655833244324
0.1685173064470291
0.1782570630311966
0.18680477142333984
0.1941673904657364
0.20035868883132935
0.20539560914039612
0.20929472148418427
0.21206946671009064
0.21373024582862854
0.21428309381008148
0.21373024582862854
0.21206946671009064
0.20929472148418427
0.20539560914039612
0.20035868883132935
0.1941673904657364
0.18680477142333984
0.1782570630311966
0.1685173064470291
0.15759655833244324
0.14552295207977295
0.13235466182231903
0.11816766113042831
0.10306287556886673
0.0871506780385971
0.0705559030175209
0.05340670049190521
0.035839054733514786
0.017989948391914368
0.0
0.0
0.019413674250245094
0.03867897018790245
0.057647936046123505
0.07617685943841934
0.0941234678030014
0.11135402321815491
0.12773814797401428
0.1431594043970108
0.15750935673713684
0.1707017421722412
0.1826658546924591
0.19335994124412537
0.20276038348674774
0.21086576581001282
0.2176847755908966
0.22323310375213623
0.2275276929140091
0.23058338463306427
0.23241205513477325
0.23302072286605835
0.23241205513477325
0.23058338463306427
0.2275276929140091
0.22323310375213623
0.2176847755908966
0.21086576581001282
0.20276038348674774
0.19335994124412537
0.1826658546924591
0.1707017421722412
0.15750935673713684
0.1431594043970108
0.12773814797401428
0.11135402321815491
0.0941234678030014
0.07617685943841934
0.057647936046123505
0.03867897018790245
0.019413674250245094
0.0
0.0
0.020903712138533592
0.0416497103869915
0.06208094209432602
0.08204538375139236
0.10139303654432297
0.11998353153467178
0.13768035173416138
0.15436124801635742
0.1699114441871643
0.1842367947101593
0.1972569227218628
0.20891869068145752
0.21918711066246033
0.22805160284042358
0.23551449179649353
0.2415887862443924
0.24629080295562744
0.24963624775409698
0.25163814425468445
0.25230446457862854
0.25163814425468445
0.24963624775409698
0.24629080295562744
0.2415887862443924
0.23551449179649353
0.22805160284042358
0.21918711066246033
0.20891869068145752
0.1972569227218628
0.1842367947101593
0.1699114441871643
0.15436124801635742
0.13768035173416138
0.11998353153467178
0.10139303654432297
0.08204538375139236
0.06208094209432602
0.0416497103869915
0.020903712138533592
0.0
0.0
0.022470496594905853
0.04477197304368019
0.0667363703250885
0.0882016196846962
0.10900848358869553
0.12900882959365845
0.14805921912193298
0.166031613945961
0.18280553817749023
0.1982807219028473
0.21236947178840637
0.2250097692012787
0.23615708947181702
0.2457921802997589
0.2539106011390686
0.26052170991897583
0.2656403183937073
0.26928240060806274
0.27146175503730774
0.27218711376190186
0.27146175503730774
0.26928240060806274
0.2656403183937073
0.26052170991897583
0.2539106011390686
0.2457921802997589
0.23615708947181702
0.2250097692012787
0.21236947178840637
0.1982807219028473
0.18280553817749023
0.166031613945961
0.14805921912193298
0.12900882959365845
0.10900848358869553
0.0882016196846962
0.0667363703250885
0.04477197304368019
0.022470496594905853
0.0
0.0
0.024125635623931885
0.04806867241859436
0.07164785265922546
0.09468915313482285
0.11702238023281097
0.13849042356014252
0.1589421033859253
0.17824341356754303
0.19626866281032562
0.21291273832321167
0.22808271646499634
0.24171020090579987
0.2537434697151184
0.26415592432022095
0.2729368805885315
0.28009161353111267
0.28563281893730164
0.28957614302635193
0.29193583130836487
0.2927212119102478
0.29193583130836487
0.28957614302635193
0.28563281893730164
0.28009161353111267
0.2729368805885315
0.26415592432022095
0.2537434697151184
0.24171020090579987
0.22808271646499634
0.21291273832321167
0.19626866281032562
0.17824341356754303
0.1589421033859253
0.13849042356014252
0.11702238023281097
0.09468915313482285
0.07164785265922546
0.04806867241859436
0.024125635623931885
0.0
0.0
0.025882115587592125
0.05156540498137474
0.07685288041830063
0.10155633091926575
0.12549272179603577
0.14849458634853363
0.17040212452411652
0.19107510149478912
0.21038301289081573
0.22821711003780365
0.24448107182979584
0.2591024935245514
0.27202507853507996
0.28321683406829834
0.29266202449798584
0.3003622591495514
0.3063279986381531
0.3105742037296295
0.31311535835266113
0.3139611780643463
0.31311535835266113
0.3105742037296295
0.3063279986381531
0.3003622591495514
0.29266202449798584
0.28321683406829834
0.27202507853507996
0.2591024935245514
0.24448107182979584
0.22821711003780365
0.21038301289081573
0.19107510149478912
0.17040212452411652
0.14849458634853363
0.12549272179603577
0.10155633091926575
0.07685288041830063
0.05156540498137474
0.025882115587592125
0.0
0.0
0.02775491401553154
0.0552915520966053
0.08239410072565079
0.10885757952928543
0.13448388874530792
0.1590937376022339
0.18251778185367584
0.2046094387769699
0.22523386776447296
0.2442798763513565
0.2616496980190277
0.27726927399635315
0.2910804748535156
0.303048312664032
0.31315410137176514
0.3213965892791748
0.3277844488620758
0.3323320150375366
0.33505377173423767
0.33595970273017883
0.33505377173423767
0.3323320150375366
0.3277844488620758
0.3213965892791748
0.31315410137176514
0.303048312664032
0.2910804748535156
0.27726927399635315
0.2616496980190277
0.2442798763513565
0.22523386776447296
0.2046094387769699
0.18251778185367584
0.1590937376022339
0.13448388874530792
0.10885757952928543
0.08239410072565079
0.0552915520966053
0.02775491401553154
0.0
0.0
0.02976149693131447
0.059281326830387115
0.08832114189863205
0.11665604263544083
0.14407026767730713
0.17037107050418854
0.19537857174873352
0.21893981099128723
0.24091634154319763
0.2611958980560303
0.27968141436576843
0.2962997555732727
0.31099390983581543
0.3237287402153015
0.3344850540161133
0.34326040744781494
0.3500627279281616
0.3549060523509979
0.3578050434589386
0.3587699830532074
0.3578050434589386
0.3549060523509979
0.3500627279281616
0.34326040744781494
0.3344850540161133
0.3237287402153015
0.31099390983581543
0.2962997555732727
0.27968141436576843
0.2611958980560303
0.24091634154319763
0.21893981099128723
0.19537857174873352
0.17037107050418854
0.14407026767730713
0.11665604263544083
0.08832114189863205
0.059281326830387115
0.02976149693131447
0.0
0.0
0.03192264959216118
0.06357526034116745
0.09469222277402878
0.1250249296426773
0.1543368697166443
0.1824200600385666
0.20908322930335999
0.23416729271411896
0.2575313150882721
0.279063880443573
0.29867106676101685
0.31628358364105225
0.3318488895893097
0.3453347980976105
0.3567246198654175
0.3660168945789337
0.37322041392326355
0.3783496618270874
0.3814198672771454
0.38244184851646423
0.3814198672771454
0.3783496618270874
0.37322041392326355
0.3660168945789337
0.3567246198654175
0.3453347980976105
0.3318488895893097
0.31628358364105225
0.29867106676101685
0.279063880443573
0.2575313150882721
0.23416729271411896
0.20908322930335999
0.1824200600385666
0.1543368697166443
0.1250249296426773
0.09469222277402878
0.06357526034116745
0.03192264959216118
0.0
0.0
0.034263525158166885
0.06822233647108078
0.10157768428325653
0.13405250012874603
0.16538585722446442
0.1953524500131607
0.22374887764453888
0.2504105567932129
0.27519577741622925
0.2979963719844818
0.31872493028640747
0.33731943368911743
0.35373562574386597
0.36794787645339966
0.3799454867839813
0.38973069190979004
0.39731520414352417
0.4027152359485626
0.40594741702079773
0.40702328085899353
0.40594741702079773
0.4027152359485626
0.39731520414352417
0.38973069190979004
0.3799454867839813
0.36794787645339966
0.35373562574386597
0.33731943368911743
0.31872493028640747
0.2979963719844818
0.27519577741622925
0.2504105567932129
0.22374887764453888
0.1953524500131607
0.16538585722446442
0.13405250012874603
0.10157768428325653
0.06822233647108078
0.034263525158166885
0.0
0.0
0.03681493550539017
0.07328220456838608
0.10906226933002472
0.1438436508178711
0.17733660340309143
0.20929642021656036
0.23950719833374023
0.2678001821041107
0.29403558373451233
0.31811195611953735
0.3399525582790375
0.3595067262649536
0.3767430782318115
0.3916465938091278
0.4042165279388428
0.4144618809223175
0.4223998785018921
0.42805007100105286
0.43143150210380554
0.43255695700645447
0.43143150210380554
0.42805007100105286
0.4223998785018921
0.4144618809223175
0.4042165279388428
0.3916465938091278
0.3767430782318115
0.3595067262649536
0.3399525582790375
0.31811195611953735
0.29403558373451233
0.2678001821041107
0.23950719833374023
0.20929642021656036
0.17733660340309143
0.1438436508178711
0.10906226933002472
0.07328220456838608
0.03681493550539017
0.0
0.0
0.03961548954248428
0.0788295641541481
0.11725198477506638
0.15452934801578522
0.19033761322498322
0.2244105190038681
0.2565196752548218
0.28649455308914185
0.3142012357711792
0.3395497798919678
0.3624795973300934
0.38295677304267883
0.40096819400787354
0.4165140986442566
0.42960822582244873
0.4402698278427124
0.44852468371391296
0.454397588968277
0.45791134238243103
0.45908069610595703
0.45791134238243103
0.454397588968277
0.44852468371391296
0.4402698278427124
0.42960822582244873
0.4165140986442566
0.40096819400787354
0.38295677304267883
0.3624795973300934
0.3395497798919678
0.3142012357711792
0.28649455308914185
0.2565196752548218
0.2244105190038681
0.19033761322498322
0.15452934801578522
0.11725198477506638
0.0788295641541481
0.03961548954248428
0.0
0.0
0.042713817209005356
0.0849577933549881
0.1262776255607605
0.16626843810081482
0.20456552505493164
0.24087916314601898
0.2749698758125305
0.30666929483413696
0.33585554361343384
0.3624565601348877
0.3864353597164154
0.40778106451034546
0.42650532722473145
0.4426289498806
0.45618507266044617
0.467207133769989
0.47573256492614746
0.48179367184638977
0.48541855812072754
0.4866246283054352
0.48541855812072754
0.48179367184638977
0.47573256492614746
0.467207133769989
0.45618507266044617
0.4426289498806
0.42650532722473145
0.40778106451034546
0.3864353597164154
0.3624565601348877
0.33585554361343384
0.30666929483413696
0.2749698758125305
0.24087916314601898
0.20456552505493164
0.16626843810081482
0.1262776255607605
0.0849577933549881
0.042713817209005356
0.0
0.0
0.04617311805486679
0.09178808331489563
0.1363087147474289
0.17926616966724396
0.2202473282814026
0.2589375376701355
0.2950892448425293
0.3285427689552307
0.3591972589492798
0.38700762391090393
0.4119701385498047
0.43410518765449524
0.4534568786621094
0.47007280588150024
0.4840107262134552
0.49532243609428406
0.5040603280067444
0.5102666020393372
0.5139761567115784
0.5152100324630737
0.5139761567115784
0.5102666020393372
0.5040603280067444
0.49532243609428406
0.4840107262134552
0.47007280588150024
0.4534568786621094
0.43410518765449524
0.4119701385498047
0.38700762391090393
0.3591972589492798
0.3285427689552307
0.2950892448425293
0.2589375376701355
0.2202473282814026
0.17926616966724396
0.1363087147474289
0.09178808331489563
0.04617311805486679
0.0
0.0
0.05007537081837654
0.09947604686021805
0.14755921065807343
0.19377601146697998
0.23765631020069122
0.27886101603507996
0.3171413242816925
0.3523564338684082
0.38443994522094727
0.4133857786655426
0.439236044883728
0.4620521068572998
0.4819195568561554
0.4989193081855774
0.5131394863128662
0.5246542692184448
0.5335344076156616
0.5398340821266174
0.5435968041419983
0.544847846031189
0.5435968041419983
0.5398340821266174
0.5335344076156616
0.5246542692184448
0.5131394863128662
0.4989193081855774
0.4819195568561554
0.4620521068572998
0.439236044883728
0.4133857786655426
0.38443994522094727
0.3523564338684082
0.3171413242816925
0.27886101603507996
0.23765631020069122
0.19377601146697998
0.14755921065807343
0.09947604686021805
0.05007537081837654
0.0
0.0
0.05453164875507355
0.10823217779397964
0.16031740605831146
0.2101374864578247
0.25715529918670654
0.30101075768470764
0.34146595001220703
0.37841546535491943
0.41184675693511963
0.44180983304977417
0.4684087932109833
0.4917581081390381
0.5119950175285339
0.5292409062385559
0.5436197519302368
0.5552322268486023
0.5641699433326721
0.5705013871192932
0.5742796659469604
0.5755352973937988
0.5742796659469604
0.5705013871192932
0.5641699433326721
0.5552322268486023
0.5436197519302368
0.5292409062385559
0.5119950175285339
0.4917581081390381
0.4684087932109833
0.44180983304977417
0.41184675693511963
0.37841546535491943
0.34146595001220703
0.30101075768470764
0.25715529918670654
0.2101374864578247
0.16031740605831146
0.10823217779397964
0.05453164875507355
0.0
0.0
0.05969104915857315
0.11833459883928299
0.17495553195476532
0.22877591848373413
0.27918386459350586
0.3258086144924164
0.3684462308883667
0.4070514142513275
0.4416937530040741
0.4725009500980377
0.4996592104434967
0.5233497619628906
0.543772280216217
0.5610958933830261
0.5754854083061218
0.5870710611343384
0.5959678292274475
0.6022596955299377
0.6060105562210083
0.6072563529014587
0.6060105562210083
0.6022596955299377
0.5959678292274475
0.5870710611343384
0.5754854083061218
0.5610958933830261
0.543772280216217
0.5233497619628906
0.4996592104434967
0.4725009500980377
0.4416937530040741
0.4070514142513275
0.3684462308883667
0.3258086144924164
0.27918386459350586
0.22877591848373413
0.17495553195476532
0.11833459883928299
0.05969104915857315
0.0
0.0
0.06576643139123917
0.13018012046813965
0.19199956953525543
0.2502855658531189
0.30434542894363403
0.35382145643234253
0.39858269691467285
0.43868401646614075
0.4743172526359558
0.5057172775268555
0.533176600933075
0.5569585561752319
0.5773359537124634
0.5945318937301636
0.6087555885314941
0.620168924331665
0.6289109587669373
0.635081946849823
0.6387563347816467
0.6399759650230408
0.6387563347816467
0.635081946849823
0.6289109587669373
0.620168924331665
0.6087555885314941
0.5945318937301636
0.5773359537124634
0.5569585561752319
0.533176600933075
0.5057172775268555
0.4743172526359558
0.43868401646614075
0.39858269691467285
0.35382145643234253
0.30434542894363403
0.2502855658531189
0.19199956953525543
0.13018012046813965
0.06576643139123917
0.0
0.0
0.073056660592556
0.1443091332912445
0.21214412152767181
0.27541646361351013
0.3333676755428314
0.38569921255111694
0.43242311477661133
0.47375068068504333
0.510051429271698
0.541702151298523
0.5691285729408264
0.5926914215087891
0.6127455234527588
0.6295724511146545
0.6434270143508911
0.6545032262802124
0.6629633903503418
0.6689231395721436
0.6724672913551331
0.6736428737640381
0.6724672913551331
0.6689231395721436
0.6629633903503418
0.6545032262802124
0.6434270143508911
0.6295724511146545
0.6127455234527588
0.5926914215087891
0.5691285729408264
0.541702151298523
0.510051429271698
0.47375068068504333
0.43242311477661133
0.38569921255111694
0.3333676755428314
0.27541646361351013
0.21214412152767181
0.1443091332912445
0.073056660592556
0.0
0.0
0.0820181593298912
0.161557137966156
0.2364327311515808
0.30527108907699585
0.36728283762931824
0.42232829332351685
0.4706781804561615
0.5127891898155212
0.5492814183235168
0.5807157158851624
0.6076773405075073
0.6306368708610535
0.6500354409217834
0.6662132740020752
0.6794685125350952
0.690024197101593
0.6980631351470947
0.7037140130996704
0.7070698738098145
0.7081822156906128
0.7070698738098145
0.7037140130996704
0.6980631351470947
0.690024197101593
0.6794685125350952
0.6662132740020752
0.6500354409217834
0.6306368708610535
0.6076773405075073
0.5807157158851624
0.5492814183235168
0.5127891898155212
0.4706781804561615
0.42232829332351685
0.36728283762931824
0.30527108907699585
0.2364327311515808
0.161557137966156
0.0820181593298912
0.0
0.0
0.09333837032318115
0.1830844283103943
0.2662711441516876
0.34122806787490845
0.40730148553848267
0.46467506885528564
0.5140725374221802
0.556309700012207
0.5923442840576172
0.6229630708694458
0.6489306688308716
0.6708337068557739
0.6891962885856628
0.7044126987457275
0.716816782951355
0.726655125617981
0.7341249585151672
0.7393642663955688
0.7424713969230652
0.7435005307197571
0.7424713969230652
0.7393642663955688
0.7341249585151672
0.726655125617981
0.716816782951355
0.7044126987457275
0.6891962885856628
0.6708337068557739
0.6489306688308716
0.6229630708694458
0.5923442840576172
0.556309700012207
0.5140725374221802
0.46467506885528564
0.40730148553848267
0.34122806787490845
0.2662711441516876
0.1830844283103943
0.09333837032318115
0.0
0.0
0.10814832895994186
0.21096564829349518
0.30394595861434937
0.3854339122772217
0.45516854524612427
0.514029324054718
0.5634852647781372
0.6048677563667297
0.6395584940910339
0.6685988903045654
0.6929340362548828
0.7132574319839478
0.7301603555679321
0.7440773248672485
0.7553642392158508
0.7642809152603149
0.771030604839325
0.7757545113563538
0.7785521745681763
0.779478132724762
0.7785521745681763
0.7757545113563538
0.771030604839325
0.7642809152603149
0.7553642392158508
0.7440773248672485
0.7301603555679321
0.7132574319839478
0.6929340362548828
0.6685988903045654
0.6395584940910339
0.6048677563667297
0.5634852647781372
0.514029324054718
0.45516854524612427
0.3854339122772217
0.30394595861434937
0.21096564829349518
0.10814832895994186
0.0
0.0
0.12840108573436737
0.24795188009738922
0.35255593061447144
0.44042670726776123
0.5127642154693604
0.5716280341148376
0.6196610927581787
0.6588634848594666
0.6910938620567322
0.7176501750946045
0.7396277785301208
0.7577998042106628
0.7727940082550049
0.7850621342658997
0.7949628233909607
0.8027545213699341
0.8086357712745667
0.8127434849739075
0.8151729702949524
0.8159765601158142
0.8151729702949524
0.8127434849739075
0.8086357712745667
0.8027545213699341
0.7949628233909607
0.7850621342658997
0.7727940082550049
0.7577998042106628
0.7396277785301208
0.7176501750946045
0.6910938620567322
0.6588634848594666
0.6196610927581787
0.5716280341148376
0.5127642154693604
0.44042670726776123
0.35255593061447144
0.24795188009738922
0.12840108573436737
0.0
0.0
0.15739959478378296
0.30069130659103394
0.41757693886756897
0.5103002786636353
0.5825985074043274
0.6388554573059082
0.6832411289215088
0.7185048460960388
0.7469176650047302
0.7699612975120544
0.7888010740280151
0.8042312860488892
0.8168686628341675
0.8271487355232239
0.8354073762893677
0.8418843746185303
0.8467605710029602
0.8501600027084351
0.8521682620048523
0.8528320789337158
0.8521682620048523
0.8501600027084351
0.8467605710029602
0.8418843746185303
0.8354073762893677
0.8271487355232239
0.8168686628341675
0.8042312860488892
0.7888010740280151
0.7699612975120544
0.7469176650047302
0.7185048460960388
0.6832411289215088
0.6388554573059082
0.5825985074043274
0.5103002786636353
0.41757693886756897
0.30069130659103394
0.15739959478378296
0.0
0.0
0.20274925231933594
0.375775545835495
0.5061523914337158
0.5989991426467896
0.6666997075080872
0.7164852023124695
0.7543479800224304
0.7835944294929504
0.8066986203193665
0.825160562992096
0.8400879502296448
0.8522112965583801
0.862075924873352
0.8700606226921082
0.8764505386352539
0.8814473152160645
0.8852009177207947
0.8878136873245239
0.8893557190895081
0.8898651599884033
0.8893557190895081
0.8878136873245239
0.8852009177207947
0.8814473152160645
0.8764505386352539
0.8700606226921082
0.862075924873352
0.8522112965583801
0.8400879502296448
0.825160562992096
0.8066986203193665
0.7835944294929504
0.7543479800224304
0.7164852023124695
0.6666997075080872
0.5989991426467896
0.5061523914337158
0.375775545835495
0.20274925231933594
0.0
0.0
0.27522364258766174
0.5029748678207397
0.6299185752868652
0.711756706237793
0.7661725878715515
0.804330050945282
0.832237184047699
0.853304386138916
0.8696526885032654
0.8825610280036926
0.8929024934768677
0.9012457728385925
0.9079996347427368
0.9134453535079956
0.917790412902832
0.9211805462837219
0.9237229824066162
0.9254906177520752
0.926533043384552
0.9268773198127747
0.926533043384552
0.9254906177520752
0.9237229824066162
0.9211805462837219
0.917790412902832
0.9134453535079956
0.9079996347427368
0.9012457728385925
0.8929024934768677
0.8825610280036926
0.8696526885032654
0.853304386138916
0.832237184047699
0.804330050945282
0.7661725878715515
0.711756706237793
0.6299185752868652
0.5029748678207397
0.27522364258766174
0.0
0.0
0.523582935333252
0.691674530506134
0.7979423999786377
0.8471001386642456
0.8794698715209961
0.9002264142036438
0.9151601791381836
0.9261659383773804
0.9346199631690979
0.9412361979484558
0.9465069770812988
0.9507408738136292
0.9541574120521545
0.9569054841995239
0.9590941667556763
0.9607994556427002
0.9620770812034607
0.9629647135734558
0.9634879231452942
0.963660717010498
0.9634879231452942
0.9629647135734558
0.9620770812034607
0.9607994556427002
0.9590941667556763
0.9569054841995239
0.9541574120521545
0.9507408738136292
0.9465069770812988
0.9412361979484558
0.9346199631690979
0.9261659383773804
0.9151601791381836
0.9002264142036438
0.8794698715209961
0.8471001386642456
0.7979423999786377
0.691674530506134
0.523582935333252
0.0
1.0
1.0
1.0
1.0
1.0
1.0
1.0
1.0
1.0
1.0
1.0
1.0
1.0
1.0
1.0
1.0
1.0
1.0
1.0
1.0
1.0
1.0
1.0
1.0
1.0
1.0
1.0
1.0
1.0
1.0
1.0
1.0
1.0
1.0
1.0
1.0
1.0
1.0
1.0
1.0
1.0
