0.0
0.0
0.0
0.0
0.0
0.0
0.0
0.0
0.0
0.0
0.0
0.0
0.0
0.0
0.0
0.0
0.0
0.0
0.0
0.0
0.0
0.0
0.0
0.0
0.0
0.0
0.0
0.0
0.0
0.0
0.0
0.0
0.0
0.0
0.0
0.0
0.0
0.0
0.0
0.0
0.0
0.0
0.002009258372709155
0.0036410978063941
0.005012215115129948
0.006229402497410774
0.00733839301392436
0.008355459198355675
0.009291130118072033
0.010151009075343609
0.01093854196369648
0.011655704118311405
0.01230368297547102
0.012883118353784084
0.013394346460700035
0.013837501406669617
0.014212611131370068
0.014519640244543552
0.014758531004190445
0.014929220080375671
0.015031656250357628
0.015065805986523628
0.015031656250357628
0.014929220080375671
0.014758531004190445
0.014519640244543552
0.014212611131370068
0.013837501406669617
0.013394346460700035
0.012883118353784084
0.01230368297547102
0.011655704118311405
0.01093854196369648
0.010151009075343609
0.009291130118072033
0.008355459198355675
0.00733839301392436
0.006229402497410774
0.005012215115129948
0.0036410978063941
0.002009258372709155
0.0
0.0
0.0036574921105057
0.006981533020734787
0.00982104055583477
0.012323313392698765
0.01458450872451067
0.01664753444492817
0.01854013465344906
0.020275844261050224
0.021863453090190887
0.023307785391807556
0.02461187355220318
0.025777379050850868
0.026805264875292778
0.027695991098880768
0.028449757024645805
0.029066596180200577
0.029546469449996948
0.029889307916164398
0.030095040798187256
0.03016362525522709
0.030095040798187256
0.029889307916164398
0.029546469449996948
0.029066596180200577
0.028449757024645805
0.027695991098880768
0.026805264875292778
0.025777379050850868
0.02461187355220318
0.023307785391807556
0.021863453090190887
0.020275844261050224
0.01854013465344906
0.01664753444492817
0.01458450872451067
0.012323313392698765
0.00982104055583477
0.006981533020734787
0.0036574921105057
0.0
0.0
0.0050736828707158566
0.009897670708596706
0.01426844671368599
0.018160657957196236
0.021649979054927826
0.02481498010456562
0.027705978602170944
0.030349107459187508
0.03276171535253525
0.03495313227176666
0.036929525434970856
0.038694318383932114
0.04024967923760414
0.04159677028656006
0.04273625463247299
0.043668437749147415
0.04439345747232437
0.04491134732961655
0.04522208869457245
0.04532567411661148
0.04522208869457245
0.04491134732961655
0.04439345747232437
0.043668437749147415
0.04273625463247299
0.04159677028656006
0.04024967923760414
0.038694318383932114
0.036929525434970856
0.03495313227176666
0.03276171535253525
0.030349107459187508
0.027705978602170944
0.02481498010456562
0.021649979054927826
0.018160657957196236
0.01426844671368599
0.009897670708596706
0.0050736828707158566
0.0
0.0
0.006373988930135965
0.012554259039461613
0.018359949812293053
0.02367224358022213
0.0284641832113266
0.03280304744839668
0.03675024211406708
0.040346838533878326
0.043621279299259186
0.046589456498622894
0.049262359738349915
0.05164622142910957
0.05374525859951973
0.05556187778711319
0.0570976547896862
0.05835346877574921
0.059329863637685776
0.06002713739871979
0.060445450246334076
0.06058488041162491
0.060445450246334076
0.06002713739871979
0.059329863637685776
0.05835346877574921
0.0570976547896862
0.05556187778711319
0.05374525859951973
0.05164622142910957
0.049262359738349915
0.046589456498622894
0.043621279299259186
0.040346838533878326
0.03675024211406708
0.03280304744839668
0.0284641832113266
0.02367224358022213
0.018359949812293053
0.012554259039461613
0.006373988930135965
0.0
0.0
0.007613860536366701
0.015066007152199745
0.022196898236870766
0.02887044847011566
0.03499656543135643
0.04057487100362778
0.045643214136362076
0.050250113010406494
0.05443324148654938
0.05821671709418297
0.061617814004421234
0.06464676558971405
0.06731083244085312
0.06961435824632645
0.07156037539243698
0.07315075397491455
0.07438674569129944
0.07526912540197372
0.0757983848452568
0.07597477734088898
0.0757983848452568
0.07526912540197372
0.07438674569129944
0.07315075397491455
0.07156037539243698
0.06961435824632645
0.06731083244085312
0.06464676558971405
0.061617814004421234
0.05821671709418297
0.05443324148654938
0.050250113010406494
0.045643214136362076
0.04057487100362778
0.03499656543135643
0.02887044847011566
0.022196898236870766
0.015066007152199745
0.007613860536366701
0.0
0.0
0.008818375878036022
0.017493348568677902
0.025882069021463394
0.033851299434900284
0.04128704592585564
0.048131540417671204
0.05437430739402771
0.06004953011870384
0.06519400328397751
0.06983829289674759
0.07400583475828171
0.07771169394254684
0.08096705377101898
0.08377891778945923
0.08615243434906006
0.08809088170528412
0.08959663659334183
0.09067120403051376
0.09131558239459991
0.09153031557798386
0.09131558239459991
0.09067120403051376
0.08959663659334183
0.08809088170528412
0.08615243434906006
0.08377891778945923
0.08096705377101898
0.07771169394254684
0.07400583475828171
0.06983829289674759
0.06519400328397751
0.06004953011870384
0.05437430739402771
0.048131540417671204
0.04128704592585564
0.033851299434900284
0.025882069021463394
0.017493348568677902
0.008818375878036022
0.0
0.0
0.010006902739405632
0.01988137513399124
0.029490653425455093
0.038706615567207336
0.047409143298864365
0.05551047623157501
0.06295765936374664
0.06975049525499344
0.07590902596712112
0.08146345615386963
0.08644041419029236
0.09085973352193832
0.09473687410354614
0.09808212518692017
0.10090335458517075
0.10320575535297394
0.10499322414398193
0.10626829415559769
0.10703270882368088
0.10728739947080612
0.10703270882368088
0.10626829415559769
0.10499322414398193
0.10320575535297394
0.10090335458517075
0.09808212518692017
0.09473687410354614
0.09085973352193832
0.08644041419029236
0.08146345615386963
0.07590902596712112
0.06975049525499344
0.06295765936374664
0.05551047623157501
0.047409143298864365
0.038706615567207336
0.029490653425455093
0.01988137513399124
0.010006902739405632
0.0
0.0
0.011193254962563515
0.02225995995104313
0.03307313472032547
0.043508823961019516
0.05344653129577637
0.06278423219919205
0.07144121080636978
0.07938183844089508
0.08659850805997849
0.09311062097549438
0.09894165396690369
0.10411404818296432
0.10864675045013428
0.11255351454019547
0.11584530025720596
0.11852966994047165
0.12061242759227753
0.12209746986627579
0.12298750877380371
0.12328401952981949
0.12298750877380371
0.12209746986627579
0.12061242759227753
0.11852966994047165
0.11584530025720596
0.11255351454019547
0.10864675045013428
0.10411404818296432
0.09894165396690369
0.09311062097549438
0.08659850805997849
0.07938183844089508
0.07144121080636978
0.06278423219919205
0.05344653129577637
0.043508823961019516
0.03307313472032547
0.02225995995104313
0.011193254962563515
0.0
0.0
0.012389236129820347
0.024654479697346687
0.036671336740255356
0.04831783473491669
0.05947335064411163
0.07002910226583481
0.07988889515399933
0.08899029344320297
0.09729709476232529
0.1048084944486618
0.11153686046600342
0.11750295013189316
0.1227269247174263
0.12722548842430115
0.1310127079486847
0.13409875333309174
0.13649174571037292
0.1381971836090088
0.1392190158367157
0.13955935835838318
0.1392190158367157
0.1381971836090088
0.13649174571037292
0.13409875333309174
0.1310127079486847
0.12722548842430115
0.1227269247174263
0.11750295013189316
0.11153686046600342
0.1048084944486618
0.09729709476232529
0.08899029344320297
0.07988889515399933
0.07002910226583481
0.05947335064411163
0.04831783473491669
0.036671336740255356
0.024654479697346687
0.012389236129820347
0.0
0.0
0.013604866340756416
0.027085740119218826
0.0403183214366436
0.05318066477775574
0.06555141508579254
0.07731787115335464
0.08837482333183289
0.0986415222287178
0.10805796086788177
0.11660036444664001
0.12426397949457169
0.13106243312358856
0.13701342046260834
0.14213506877422333
0.14644382894039154
0.14995253086090088
0.152671679854393
0.15460869669914246
0.15576891601085663
0.1561553031206131
0.15576891601085663
0.15460869669914246
0.152671679854393
0.14995253086090088
0.14644382894039154
0.14213506877422333
0.13701342046260834
0.13106243312358856
0.12426397949457169
0.11660036444664001
0.10805796086788177
0.0986415222287178
0.08837482333183289
0.07731787115335464
0.06555141508579254
0.05318066477775574
0.0403183214366436
0.027085740119218826
0.013604866340756416
0.0
0.0
0.014849614351987839
0.029573209583759308
0.044044576585292816
0.05814002826809883
0.07173620909452438
0.0847170427441597
0.09697113186120987
0.1084057092666626
0.11894341558218002
0.12853938341140747
0.1371695101261139
0.14483517408370972
0.15154732763767242
0.15732307732105255
0.1621798574924469
0.16613273322582245
0.16919457912445068
0.17137479782104492
0.1726803183555603
0.17311502993106842
0.1726803183555603
0.17137479782104492
0.16919457912445068
0.16613273322582245
0.1621798574924469
0.15732307732105255
0.15154732763767242
0.14483517408370972
0.1371695101261139
0.12853938341140747
0.11894341558218002
0.1084057092666626
0.09697113186120987
0.0847170427441597
0.07173620909452438
0.05814002826809883
0.044044576585292816
0.029573209583759308
0.014849614351987839
0.0
0.0
0.01613236404955387
0.03213490918278694
0.047877758741378784
0.0632338896393776
0.07807666808366776
0.0922863706946373
0.10574659705162048
0.11835607886314392
0.13002488017082214
0.14069092273712158
0.1503116637468338
0.15887366235256195
0.16637757420539856
0.172836571931839
0.17826704680919647
0.18268539011478424
0.18610647320747375
0.18854163587093353
0.18999946117401123
0.19048480689525604
0.18999946117401123
0.18854163587093353
0.18610647320747375
0.18268539011478424
0.17826704680919647
0.172836571931839
0.16637757420539856
0.15887366235256195
0.1503116637468338
0.14069092273712158
0.13002488017082214
0.11835607886314392
0.10574659705162048
0.0922863706946373
0.07807666808366776
0.0632338896393776
0.047877758741378784
0.03213490918278694
0.01613236404955387
0.0
0.0
0.017462123185396194
0.03478896990418434
0.051845379173755646
0.06849946826696396
0.08462001383304596
0.10008292645215988
0.11476685851812363
0.12856389582157135
0.14137482643127441
0.15312433242797852
0.16375429928302765
0.17323613166809082
0.18155813217163086
0.18872660398483276
0.1947547197341919
0.19965890049934387
0.20345523953437805
0.20615682005882263
0.207773819565773
0.20831209421157837
0.207773819565773
0.20615682005882263
0.20345523953437805
0.19965890049934387
0.1947547197341919
0.18872660398483276
0.18155813217163086
0.17323613166809082
0.16375429928302765
0.15312433242797852
0.14137482643127441
0.12856389582157135
0.11476685851812363
0.10008292645215988
0.08462001383304596
0.06849946826696396
0.051845379173755646
0.03478896990418434
0.017462123185396194
0.0
0.0
0.018847983330488205
0.03755359351634979
0.05597476288676262
0.07397327572107315
0.09141199290752411
0.1081615462899208
0.12409533560276031
0.13909964263439178
0.1530679315328598
0.16591478884220123
0.17756950855255127
0.18798981606960297
0.19715119898319244
0.20505136251449585
0.21169814467430115
0.21710653603076935
0.2212928831577301
0.22427159547805786
0.22605420649051666
0.22664755582809448
0.22605420649051666
0.22427159547805786
0.2212928831577301
0.21710653603076935
0.21169814467430115
0.20505136251449585
0.19715119898319244
0.18798981606960297
0.17756950855255127
0.16591478884220123
0.1530679315328598
0.13909964263439178
0.12409533560276031
0.1081615462899208
0.09141199290752411
0.07397327572107315
0.05597476288676262
0.03755359351634979
0.018847983330488205
0.0
0.0
0.020299656316637993
0.040448106825351715
0.06029467657208443
0.0796932801604271
0.09849946945905685
0.11657758802175522
0.13379517197608948
0.15003296732902527
0.16517822444438934
0.17913776636123657
0.19183123111724854
0.20320481061935425
0.21322233974933624
0.22187204658985138
0.22915507853031158
0.23508349061012268
0.23967282474040985
0.24293820559978485
0.24489223957061768
0.24554260075092316
0.24489223957061768
0.24293820559978485
0.23967282474040985
0.23508349061012268
0.22915507853031158
0.22187204658985138
0.21322233974933624
0.20320481061935425
0.19183123111724854
0.17913776636123657
0.16517822444438934
0.15003296732902527
0.13379517197608948
0.11657758802175522
0.09849946945905685
0.0796932801604271
0.06029467657208443
0.040448106825351715
0.020299656316637993
0.0
0.0
0.021827522665262222
0.043493110686540604
0.06483563035726547
0.08569946885108948
0.1059313714504242
0.12538829445838928
0.14393118023872375
0.16143517196178436
0.17778201401233673
0.19287243485450745
0.20661871135234833
0.21895800530910492
0.22984427213668823
0.23925669491291046
0.2471892237663269
0.2536499500274658
0.25865262746810913
0.2622124254703522
0.26434263586997986
0.26505163311958313
0.26434263586997986
0.2622124254703522
0.25865262746810913
0.2536499500274658
0.2471892237663269
0.23925669491291046
0.22984427213668823
0.21895800530910492
0.20661871135234833
0.19287243485450745
0.17778201401233673
0.16143517196178436
0.14393118023872375
0.12538829445838928
0.1059313714504242
0.08569946885108948
0.06483563035726547
0.043493110686540604
0.021827522665262222
0.0
0.0
0.023443156853318214
0.04671144858002663
0.0696311816573143
0.09203533083200455
0.11376020312309265
0.1346541792154312
0.1545707732439041
0.1733793467283249
0.19095656275749207
0.207198366522789
0.22201167047023773
0.23532705008983612
0.24709093570709229
0.25727471709251404
0.2658655345439911
0.27286699414253235
0.278290331363678
0.28215017914772034
0.28446006774902344
0.2852288782596588
0.28446006774902344
0.28215017914772034
0.278290331363678
0.27286699414253235
0.2658655345439911
0.25727471709251404
0.24709093570709229
0.23532705008983612
0.22201167047023773
0.207198366522789
0.19095656275749207
0.1733793467283249
0.1545707732439041
0.1346541792154312
0.11376020312309265
0.09203533083200455
0.0696311816573143
0.04671144858002663
0.023443156853318214
0.0
0.0
0.025159528478980064
0.05012869834899902
0.07471878081560135
0.09874922782182693
0.12204402685165405
0.1444416493177414
0.16578727960586548
0.1859443187713623
0.20478466153144836
0.22220054268836975
0.23809543251991272
0.2523956298828125
0.2650424540042877
0.27600154280662537
0.2852543294429779
0.2928001582622528
0.29864758253097534
0.3028102517127991
0.30530163645744324
0.30613088607788086
0.30530163645744324
0.3028102517127991
0.29864758253097534
0.2928001582622528
0.2852543294429779
0.27600154280662537
0.2650424540042877
0.2523956298828125
0.23809543251991272
0.22220054268836975
0.20478466153144836
0.1859443187713623
0.16578727960586548
0.1444416493177414
0.12204402685165405
0.09874922782182693
0.07471878081560135
0.05012869834899902
0.025159528478980064
0.0
0.0
0.02699161320924759
0.05377424508333206
0.08014114201068878
0.10589568316936493
0.13084739446640015
0.1548234224319458
0.17765970528125763
0.19921347498893738
0.2193523645401001
0.23796609044075012
0.2549564242362976
0.2702476978302002
0.28377899527549744
0.295512318611145
0.3054254949092865
0.3135144114494324
0.3197851777076721
0.32425037026405334
0.326923131942749
0.3278128206729889
0.326923131942749
0.32425037026405334
0.3197851777076721
0.3135144114494324
0.3054254949092865
0.295512318611145
0.28377899527549744
0.2702476978302002
0.2549564242362976
0.23796609044075012
0.2193523645401001
0.19921347498893738
0.17765970528125763
0.1548234224319458
0.13084739446640015
0.10589568316936493
0.08014114201068878
0.05377424508333206
0.02699161320924759
0.0
0.0
0.02895689755678177
0.05768236517906189
0.08594800531864166
0.11353805661201477
0.14024507999420166
0.16588321328163147
0.19027826189994812
0.21328119933605194
0.23475603759288788
0.25459131598472595
0.27268919348716736
0.2889745235443115
0.30338701605796814
0.3158878684043884
0.3264535963535309
0.3350782096385956
0.3417663872241974
0.3465298116207123
0.3493814468383789
0.35033074021339417
0.3493814468383789
0.3465298116207123
0.3417663872241974
0.3350782096385956
0.3264535963535309
0.3158878684043884
0.30338701605796814
0.2889745235443115
0.27268919348716736
0.25459131598472595
0.23475603759288788
0.21328119933605194
0.19027826189994812
0.16588321328163147
0.14024507999420166
0.11353805661201477
0.08594800531864166
0.05768236517906189
0.02895689755678177
0.0
0.0
0.03107621520757675
0.061893682926893234
0.09219777584075928
0.1217498853802681
0.1503225713968277
0.1777152419090271
0.20374265313148499
0.22824980318546295
0.2510981261730194
0.2721767723560333
0.29139068722724915
0.3086681365966797
0.32395264506340027
0.3372075855731964
0.34841129183769226
0.35755786299705505
0.36465197801589966
0.3697052001953125
0.372730553150177
0.37373775243759155
0.372730553150177
0.3697052001953125
0.36465197801589966
0.35755786299705505
0.34841129183769226
0.3372075855731964
0.32395264506340027
0.3086681365966797
0.29139068722724915
0.2721767723560333
0.2510981261730194
0.22824980318546295
0.20374265313148499
0.1777152419090271
0.1503225713968277
0.1217498853802681
0.09219777584075928
0.061893682926893234
0.03107621520757675
0.0
0.0
0.03337478265166283
0.0664573535323143
0.09896109998226166
0.13061991333961487
0.16118274629116058
0.19043225049972534
0.2181713730096817
0.2442396730184555
0.26849767565727234
0.29083749651908875
0.3111701011657715
0.32943037152290344
0.3455694615840912
0.35955652594566345
0.3713749945163727
0.3810217082500458
0.3885034918785095
0.393832802772522
0.3970235586166382
0.3980858027935028
0.3970235586166382
0.393832802772522
0.3885034918785095
0.3810217082500458
0.3713749945163727
0.35955652594566345
0.3455694615840912
0.32943037152290344
0.3111701011657715
0.29083749651908875
0.26849767565727234
0.2442396730184555
0.2181713730096817
0.19043225049972534
0.16118274629116058
0.13061991333961487
0.09896109998226166
0.0664573535323143
0.03337478265166283
0.0
0.0
0.03588351234793663
0.07143325358629227
0.10632309317588806
0.14025364816188812
0.17294590175151825
0.20416370034217834
0.233697772026062
0.2613835036754608
0.28708311915397644
0.31069499254226685
0.332140177488327
0.35136422514915466
0.36833032965660095
0.38301733136177063
0.3954177498817444
0.40553417801856995
0.4133780300617218
0.41896429657936096
0.4223085939884186
0.4234219193458557
0.4223085939884186
0.41896429657936096
0.4133780300617218
0.40553417801856995
0.3954177498817444
0.38301733136177063
0.36833032965660095
0.35136422514915466
0.332140177488327
0.31069499254226685
0.28708311915397644
0.2613835036754608
0.233697772026062
0.20416370034217834
0.17294590175151825
0.14025364816188812
0.10632309317588806
0.07143325358629227
0.03588351234793663
0.0
0.0
0.03864113986492157
0.07689635455608368
0.1143903061747551
0.15078289806842804
0.18576180934906006
0.21906986832618713
0.2504855692386627
0.27984243631362915
0.3070082664489746
0.3318922519683838
0.3544309139251709
0.37458568811416626
0.39233705401420593
0.4076782763004303
0.42061522603034973
0.4311598837375641
0.4393310844898224
0.4451482594013214
0.44863012433052063
0.4497891366481781
0.44863012433052063
0.4451482594013214
0.4393310844898224
0.4311598837375641
0.42061522603034973
0.4076782763004303
0.39233705401420593
0.37458568811416626
0.3544309139251709
0.3318922519683838
0.3070082664489746
0.27984243631362915
0.2504855692386627
0.21906986832618713
0.18576180934906006
0.15078289806842804
0.1143903061747551
0.07689635455608368
0.03864113986492157
0.0
0.0
0.041696466505527496
0.08294042199850082
0.12329418957233429
0.1623675525188446
0.19980859756469727
0.23533722758293152
0.2687210142612457
0.2997954487800598
0.32843977212905884
0.3545803725719452
0.37817642092704773
0.3992113769054413
0.4176895022392273
0.4336235225200653
0.4470376968383789
0.45795708894729614
0.4664112627506256
0.47242623567581177
0.476025253534317
0.47722306847572327
0.476025253534317
0.47242623567581177
0.4664112627506256
0.45795708894729614
0.4470376968383789
0.4336235225200653
0.4176895022392273
0.3992113769054413
0.37817642092704773
0.3545803725719452
0.32843977212905884
0.2997954487800598
0.2687210142612457
0.23533722758293152
0.19980859756469727
0.1623675525188446
0.12329418957233429
0.08294042199850082
0.041696466505527496
0.0
0.0
0.04511289298534393
0.08968713134527206
0.1332051306962967
0.1752142757177353
0.2153153121471405
0.25320374965667725
0.2886391580104828
0.32146525382995605
0.35158154368400574
0.3789404332637787
0.4035332500934601
0.42537352442741394
0.44449689984321594
0.4609416425228119
0.4747556746006012
0.4859813153743744
0.4946621060371399
0.5008330941200256
0.5045236349105835
0.5057515501976013
0.5045236349105835
0.5008330941200256
0.4946621060371399
0.4859813153743744
0.4747556746006012
0.4609416425228119
0.44449689984321594
0.42537352442741394
0.4035332500934601
0.3789404332637787
0.35158154368400574
0.32146525382995605
0.2886391580104828
0.25320374965667725
0.2153153121471405
0.1752142757177353
0.1332051306962967
0.08968713134527206
0.04511289298534393
0.0
0.0
0.048972662538290024
0.0972926914691925
0.14433816075325012
0.18957820534706116
0.2325577288866043
0.2729482054710388
0.31050777435302734
0.3450984060764313
0.3766530156135559
0.4051617383956909
0.4306604862213135
0.45320239663124084
0.4728633761405945
0.4897138178348541
0.5038309693336487
0.5152784585952759
0.5241172313690186
0.5303936004638672
0.5341446995735168
0.5353923439979553
0.5341446995735168
0.5303936004638672
0.5241172313690186
0.5152784585952759
0.5038309693336487
0.4897138178348541
0.4728633761405945
0.45320239663124084
0.4306604862213135
0.4051617383956909
0.3766530156135559
0.3450984060764313
0.31050777435302734
0.2729482054710388
0.2325577288866043
0.18957820534706116
0.14433816075325012
0.0972926914691925
0.048972662538290024
0.0
0.0
0.053387146443128586
0.10596831887960434
0.15698295831680298
0.20580115914344788
0.2519020140171051
0.29493629932403564
0.3346725106239319
0.3710070252418518
0.40392518043518066
0.4334717094898224
0.459742933511734
0.4828436076641083
0.5028999447822571
0.5200216770172119
0.5343208909034729
0.5458865761756897
0.5548000931739807
0.5611209869384766
0.5648956894874573
0.5661506652832031
0.5648956894874573
0.5611209869384766
0.5548000931739807
0.5458865761756897
0.5343208909034729
0.5200216770172119
0.5028999447822571
0.4828436076641083
0.459742933511734
0.4334717094898224
0.40392518043518066
0.3710070252418518
0.3346725106239319
0.29493629932403564
0.2519020140171051
0.20580115914344788
0.15698295831680298
0.10596831887960434
0.053387146443128586
0.0
0.0
0.0585058368742466
0.11599306762218475
0.17151346802711487
0.2243112176656723
0.27379176020622253
0.31959521770477295
0.3615231513977051
0.39953047037124634
0.43368294835090637
0.46410098671913147
0.4909612834453583
0.514433741569519
0.534705638885498
0.5519332885742188
0.5662687420845032
0.5778297781944275
0.58672034740448
0.5930150747299194
0.5967704653739929
0.5980183482170105
0.5967704653739929
0.5930150747299194
0.58672034740448
0.5778297781944275
0.5662687420845032
0.5519332885742188
0.534705638885498
0.514433741569519
0.4909612834453583
0.46410098671913147
0.43368294835090637
0.39953047037124634
0.3615231513977051
0.31959521770477295
0.27379176020622253
0.2243112176656723
0.17151346802711487
0.11599306762218475
0.0585058368742466
0.0
0.0
0.0645420178771019
0.12776488065719604
0.1884579360485077
0.24570654332637787
0.29883629083633423
0.34749969840049744
0.39156991243362427
0.43109965324401855
0.46627476811408997
0.4973204433917999
0.5245177149772644
0.54811692237854
0.5683773159980774
0.5855079889297485
0.5997046828269958
0.6111164093017578
0.6198707222938538
0.6260579228401184
0.6297451257705688
0.6309696435928345
0.6297451257705688
0.6260579228401184
0.6198707222938538
0.6111164093017578
0.5997046828269958
0.5855079889297485
0.5683773159980774
0.54811692237854
0.5245177149772644
0.4973204433917999
0.46627476811408997
0.43109965324401855
0.39156991243362427
0.34749969840049744
0.29883629083633423
0.24570654332637787
0.1884579360485077
0.12776488065719604
0.0645420178771019
0.0
0.0
0.07179510593414307
0.1418256014585495
0.20851385593414307
0.27074187994003296
0.32777005434036255
0.37930867075920105
0.4253714084625244
0.46616441011428833
0.5020481944084167
0.533387303352356
0.560593843460083
0.584013819694519
0.6039875149726868
0.6207816004753113
0.634637176990509
0.6457347869873047
0.6542252898216248
0.660214364528656
0.6637791395187378
0.6649621725082397
0.6637791395187378
0.660214364528656
0.6542252898216248
0.6457347869873047
0.634637176990509
0.6207816004753113
0.6039875149726868
0.584013819694519
0.560593843460083
0.533387303352356
0.5020481944084167
0.46616441011428833
0.4253714084625244
0.37930867075920105
0.32777005434036255
0.27074187994003296
0.20851385593414307
0.1418256014585495
0.07179510593414307
0.0
0.0
0.0807221308350563
0.15901264548301697
0.23272906243801117
0.3005272150039673
0.36163637042045593
0.41592273116111755
0.4636550545692444
0.5052805542945862
0.5414072275161743
0.5725802183151245
0.5993697047233582
0.6222297549247742
0.6415862441062927
0.657764196395874
0.6710478067398071
0.6816470623016357
0.6897332072257996
0.6954252123832703
0.6988088488578796
0.6999309659004211
0.6988088488578796
0.6954252123832703
0.6897332072257996
0.6816470623016357
0.6710478067398071
0.657764196395874
0.6415862441062927
0.6222297549247742
0.5993697047233582
0.5725802183151245
0.5414072275161743
0.5052805542945862
0.4636550545692444
0.41592273116111755
0.36163637042045593
0.3005272150039673
0.23272906243801117
0.15901264548301697
0.0807221308350563
0.0
0.0
0.09201134741306305
0.18048880994319916
0.2625144422054291
0.33645007014274597
0.40165844559669495
0.4583243131637573
0.5071640610694885
0.5489784479141235
0.5847092866897583
0.615124523639679
0.6409721374511719
0.6628211140632629
0.6811802387237549
0.696428656578064
0.7088867425918579
0.7187884449958801
0.7263201475143433
0.7316106557846069
0.7347513437271118
0.7357922196388245
0.7347513437271118
0.7316106557846069
0.7263201475143433
0.7187884449958801
0.7088867425918579
0.696428656578064
0.6811802387237549
0.6628211140632629
0.6409721374511719
0.615124523639679
0.5847092866897583
0.5489784479141235
0.5071640610694885
0.4583243131637573
0.40165844559669495
0.33645007014274597
0.2625144422054291
0.18048880994319916
0.09201134741306305
0.0
0.0
0.10679473727941513
0.20833267271518707
0.30016711354255676
0.38067394495010376
0.4496047794818878
0.5078308582305908
0.5568072199821472
0.5978431701660156
0.6323011517524719
0.6612009406089783
0.6854701638221741
0.7057844400405884
0.7227203249931335
0.7366977334022522
0.748060405254364
0.7570563554763794
0.763879120349884
0.768661618232727
0.7714970111846924
0.7724359631538391
0.7714970111846924
0.768661618232727
0.763879120349884
0.7570563554763794
0.748060405254364
0.7366977334022522
0.7227203249931335
0.7057844400405884
0.6854701638221741
0.6612009406089783
0.6323011517524719
0.5978431701660156
0.5568072199821472
0.5078308582305908
0.4496047794818878
0.38067394495010376
0.30016711354255676
0.20833267271518707
0.10679473727941513
0.0
0.0
0.1270267367362976
0.2453014999628067
0.34879693388938904
0.43575701117515564
0.5073823928833008
0.5657108426094055
0.6133623719215393
0.6523076295852661
0.6843832731246948
0.7108641862869263
0.732828676700592
0.751032829284668
0.7660911083221436
0.7784424424171448
0.788434624671936
0.7963160872459412
0.8022769093513489
0.8064468502998352
0.8089159727096558
0.8097330927848816
0.8089159727096558
0.8064468502998352
0.8022769093513489
0.7963160872459412
0.788434624671936
0.7784424424171448
0.7660911083221436
0.751032829284668
0.732828676700592
0.7108641862869263
0.6843832731246948
0.6523076295852661
0.6133623719215393
0.5657108426094055
0.5073823928833008
0.43575701117515564
0.34879693388938904
0.2453014999628067
0.1270267367362976
0.0
0.0
0.15601317584514618
0.29805508255958557
0.41391563415527344
0.5058398842811584
0.5775570869445801
0.6334044337272644
0.6775230765342712
0.712626039981842
0.7409626245498657
0.7639920711517334
0.782864511013031
0.7983596920967102
0.811083197593689
0.8214601278305054
0.8298176527023315
0.8363875150680542
0.8413437008857727
0.8448046445846558
0.8468515872955322
0.8475285768508911
0.8468515872955322
0.8448046445846558
0.8413437008857727
0.8363875150680542
0.8298176527023315
0.8214601278305054
0.811083197593689
0.7983596920967102
0.782864511013031
0.7639920711517334
0.7409626245498657
0.712626039981842
0.6775230765342712
0.6334044337272644
0.5775570869445801
0.5058398842811584
0.41391563415527344
0.29805508255958557
0.15601317584514618
0.0
0.0
0.2013597935438156
0.37320899963378906
0.5026983022689819
0.5949268341064453
0.6622229814529419
0.7117516398429871
0.7494703531265259
0.7786513566970825
0.8017494678497314
0.820246696472168
0.8352391123771667
0.8474465608596802
0.8574060797691345
0.86548912525177
0.8719744086265564
0.8770579695701599
0.8808847069740295
0.8835528492927551
0.885129451751709
0.8856505751609802
0.885129451751709
0.8835528492927551
0.8808847069740295
0.8770579695701599
0.8719744086265564
0.86548912525177
0.8574060797691345
0.8474465608596802
0.8352391123771667
0.820246696472168
0.8017494678497314
0.7786513566970825
0.7494703531265259
0.7117516398429871
0.6622229814529419
0.5949268341064453
0.5026983022689819
0.37320899963378906
0.2013597935438156
0.0
0.0
0.2738838493824005
0.5005914568901062
0.6269402503967285
0.7083967924118042
0.7626146078109741
0.8006673455238342
0.8285391330718994
0.849615752696991
0.8660050630569458
0.8789753913879395
0.8893925547599792
0.8978191614151001
0.9046589732170105
0.9101890325546265
0.9146129488945007
0.9180729985237122
0.9206733107566833
0.9224843382835388
0.9235535860061646
0.9239069223403931
0.9235535860061646
0.9224843382835388
0.9206733107566833
0.9180729985237122
0.9146129488945007
0.9101890325546265
0.9046589732170105
0.8978191614151001
0.8893925547599792
0.8789753913879395
0.8660050630569458
0.849615752696991
0.8285391330718994
0.8006673455238342
0.7626146078109741
0.7083967924118042
0.6269402503967285
0.5005914568901062
0.2738838493824005
0.0
0.0
0.5222174525260925
0.6897820830345154
0.7959381937980652
0.8449826836585999
0.8773437142372131
0.8981009125709534
0.9130638241767883
0.9241091012954712
0.9326120018959045
0.9392819404602051
0.9446090459823608
0.9488996863365173
0.9523714184761047
0.9551716446876526
0.9574076533317566
0.9591541290283203
0.9604653716087341
0.9613779187202454
0.961916446685791
0.9620943665504456
0.961916446685791
0.9613779187202454
0.9604653716087341
0.9591541290283203
0.9574076533317566
0.9551716446876526
0.9523714184761047
0.9488996863365173
0.9446090459823608
0.9392819404602051
0.9326120018959045
0.9241091012954712
0.9130638241767883
0.8981009125709534
0.8773437142372131
0.8449826836585999
0.7959381937980652
0.6897820830345154
0.5222174525260925
0.0
1.0
1.0
1.0
1.0
1.0
1.0
1.0
1.0
1.0
1.0
1.0
1.0
1.0
1.0
1.0
1.0
1.0
1.0
1.0
1.0
1.0
1.0
1.0
1.0
1.0
1.0
1.0
1.0
1.0
1.0
1.0
1.0
1.0
1.0
1.0
1.0
1.0
1.0
1.0
1.0
1.0
