0.0
0.0
0.0
0.0
0.0
0.0
0.0
0.0
0.0
0.0
0.0
0.0
0.0
0.0
0.0
0.0
0.0
0.0
0.0
0.0
0.0
0.0
0.0
0.0
0.0
0.0
0.0
0.0
0.0
0.0
0.0
0.0
0.0
0.0
0.0
0.0
0.0
0.0
0.0
0.0
0.0
0.0
0.0019066596869379282
0.0034587376285344362
0.004764335695654154
0.00592365488409996
0.0069798692129552364
0.007948433980345726
0.008839352987706661
0.009657963179051876
0.01040755957365036
0.011090042069554329
0.01170656830072403
0.01225777342915535
0.012744007632136345
0.013165428303182125
0.013522086665034294
0.013813977129757404
0.014041063375771046
0.014203307218849659
0.014300668612122536
0.014333125203847885
0.014300668612122536
0.014203307218849659
0.014041063375771046
0.013813977129757404
0.013522086665034294
0.013165428303182125
0.012744007632136345
0.01225777342915535
0.01170656830072403
0.011090042069554329
0.01040755957365036
0.009657963179051876
0.008839352987706661
0.007948433980345726
0.0069798692129552364
0.00592365488409996
0.004764335695654154
0.0034587376285344362
0.0019066596869379282
0.0
0.0
0.003474525408819318
0.006634156685322523
0.00933672022074461
0.01171958353370428
0.013873063027858734
0.015837764367461205
0.01763995550572872
0.019292503595352173
0.0208037868142128
0.02217843011021614
0.023419367149472237
0.02452823333442211
0.025505997240543365
0.026353152468800545
0.027069944888353348
0.027656452730298042
0.028112683445215225
0.02843860350549221
0.028634173795580864
0.028699368238449097
0.028634173795580864
0.02843860350549221
0.028112683445215225
0.027656452730298042
0.027069944888353348
0.026353152468800545
0.025505997240543365
0.02452823333442211
0.023419367149472237
0.02217843011021614
0.0208037868142128
0.019292503595352173
0.01763995550572872
0.015837764367461205
0.013873063027858734
0.01171958353370428
0.00933672022074461
0.006634156685322523
0.003474525408819318
0.0
0.0
0.004823533818125725
0.00941050797700882
0.013568728230893612
0.01727391965687275
0.020596710965037346
0.023610947653651237
0.026364099234342575
0.028880929574370384
0.03117792308330536
0.03326398879289627
0.035145048052072525
0.03682443127036095
0.03830427676439285
0.039585765451192856
0.04066961258649826
0.04155617207288742
0.042245637625455856
0.042738091200590134
0.04303355887532234
0.04313204810023308
0.04303355887532234
0.042738091200590134
0.042245637625455856
0.04155617207288742
0.04066961258649826
0.039585765451192856
0.03830427676439285
0.03682443127036095
0.035145048052072525
0.03326398879289627
0.03117792308330536
0.028880929574370384
0.026364099234342575
0.023610947653651237
0.020596710965037346
0.01727391965687275
0.013568728230893612
0.00941050797700882
0.004823533818125725
0.0
0.0
0.006062923464924097
0.011942018754780293
0.0174658615142107
0.022522062063217163
0.027084853500127792
0.031217118725180626
0.0349765345454216
0.03840188682079315
0.04152010381221771
0.04434630274772644
0.0468909777700901
0.04916013404726982
0.0511578731238842
0.05288657918572426
0.054347846657037735
0.05554259940981865
0.056471433490514755
0.05713469162583351
0.05753257870674133
0.05766519531607628
0.05753257870674133
0.05713469162583351
0.056471433490514755
0.05554259940981865
0.054347846657037735
0.05288657918572426
0.0511578731238842
0.04916013404726982
0.0468909777700901
0.04434630274772644
0.04152010381221771
0.03840188682079315
0.0349765345454216
0.031217118725180626
0.027084853500127792
0.022522062063217163
0.0174658615142107
0.011942018754780293
0.006062923464924097
0.0
0.0
0.007245231419801712
0.01433689333498478
0.02112356573343277
0.027476225048303604
0.03330942988395691
0.038622353225946426
0.043450262397527695
0.04783877357840538
0.05182342231273651
0.05542706325650215
0.058666132390499115
0.06155041605234146
0.0640869140625
0.06627985835075378
0.06813225150108337
0.0696459412574768
0.07082224637269974
0.07166194915771484
0.0721655935049057
0.0723334401845932
0.0721655935049057
0.07166194915771484
0.07082224637269974
0.0696459412574768
0.06813225150108337
0.06627985835075378
0.0640869140625
0.06155041605234146
0.058666132390499115
0.05542706325650215
0.05182342231273651
0.04783877357840538
0.043450262397527695
0.038622353225946426
0.03330942988395691
0.027476225048303604
0.02112356573343277
0.01433689333498478
0.007245231419801712
0.0
0.0
0.008394408039748669
0.01665264181792736
0.024639053270220757
0.03222713991999626
0.039308637380599976
0.04582849517464638
0.05177628993988037
0.05718391761183739
0.06208592280745506
0.06651115417480469
0.07048183679580688
0.07401230186223984
0.07711326330900192
0.07979147881269455
0.08205195516347885
0.0838979110121727
0.08533171564340591
0.08635486662387848
0.08696839213371277
0.08717283606529236
0.08696839213371277
0.08635486662387848
0.08533171564340591
0.0838979110121727
0.08205195516347885
0.07979147881269455
0.07711326330900192
0.07401230186223984
0.07048183679580688
0.06651115417480469
0.06208592280745506
0.05718391761183739
0.05177628993988037
0.04582849517464638
0.039308637380599976
0.03222713991999626
0.024639053270220757
0.01665264181792736
0.008394408039748669
0.0
0.0
0.009528991766273975
0.0189322829246521
0.02808382175862789
0.036861907690763474
0.04515235498547554
0.052871592342853546
0.059968918561935425
0.06644361466169357
0.07231418043375015
0.07760901004076004
0.08235321938991547
0.08656562864780426
0.09026096016168594
0.09344908595085144
0.09613757580518723
0.09833148121833801
0.10003460198640823
0.10124944895505905
0.10197772830724716
0.10222037881612778
0.10197772830724716
0.10124944895505905
0.10003460198640823
0.09833148121833801
0.09613757580518723
0.09344908595085144
0.09026096016168594
0.08656562864780426
0.08235321938991547
0.07760901004076004
0.07231418043375015
0.06644361466169357
0.059968918561935425
0.052871592342853546
0.04515235498547554
0.036861907690763474
0.02808382175862789
0.0189322829246521
0.009528991766273975
0.0
0.0
0.010662255808711052
0.02120448276400566
0.031506191939115524
0.0414496511220932
0.0509202815592289
0.059820886701345444
0.06807432323694229
0.07564619183540344
0.08252863585948944
0.08873962610960007
0.09430115669965744
0.09923441708087921
0.10355738550424576
0.10728317499160767
0.110422283411026
0.11298198997974396
0.11496793478727341
0.1163838729262352
0.11723247170448303
0.11751516908407211
0.11723247170448303
0.1163838729262352
0.11496793478727341
0.11298198997974396
0.110422283411026
0.10728317499160767
0.10355738550424576
0.09923441708087921
0.09430115669965744
0.08873962610960007
0.08252863585948944
0.07564619183540344
0.06807432323694229
0.059820886701345444
0.0509202815592289
0.0414496511220932
0.031506191939115524
0.02120448276400566
0.010662255808711052
0.0
0.0
0.011805589310824871
0.023493684828281403
0.03494634851813316
0.04604779928922653
0.05668335407972336
0.06674935668706894
0.07615388184785843
0.084836944937706
0.09276335686445236
0.0999317467212677
0.10635332763195038
0.11204757541418076
0.11703351140022278
0.1213269978761673
0.12494143843650818
0.1278865784406662
0.13017021119594574
0.1317976713180542
0.13277274370193481
0.13309752941131592
0.13277274370193481
0.1317976713180542
0.13017021119594574
0.1278865784406662
0.12494143843650818
0.1213269978761673
0.11703351140022278
0.11204757541418076
0.10635332763195038
0.0999317467212677
0.09276335686445236
0.084836944937706
0.07615388184785843
0.06674935668706894
0.05668335407972336
0.04604779928922653
0.03494634851813316
0.023493684828281403
0.011805589310824871
0.0
0.0
0.012968701310455799
0.025820033624768257
0.03843625634908676
0.05070171132683754
0.06250107288360596
0.07372697442770004
0.08427886664867401
0.09407921880483627
0.10307005792856216
0.11122790724039078
0.11854749172925949
0.12504130601882935
0.13072584569454193
0.13561826944351196
0.13973413407802582
0.14308570325374603
0.14568303525447845
0.14753322303295135
0.148641437292099
0.14901049435138702
0.148641437292099
0.14753322303295135
0.14568303525447845
0.14308570325374603
0.13973413407802582
0.13561826944351196
0.13072584569454193
0.12504130601882935
0.11854749172925949
0.11122790724039078
0.10307005792856216
0.09407921880483627
0.08427886664867401
0.07372697442770004
0.06250107288360596
0.05070171132683754
0.03843625634908676
0.025820033624768257
0.012968701310455799
0.0
0.0
0.014160806313157082
0.028202451765537262
0.0420055165886879
0.05545278266072273
0.06842711567878723
0.08081798255443573
0.09251893311738968
0.10344091057777405
0.11350923776626587
0.12268014252185822
0.1309296041727066
0.1382581889629364
0.14467576146125793
0.1501983255147934
0.1548423320055008
0.15862204134464264
0.16154976189136505
0.16363446414470673
0.16488277912139893
0.1652984321117401
0.16488277912139893
0.16363446414470673
0.16154976189136505
0.15862204134464264
0.1548423320055008
0.1501983255147934
0.14467576146125793
0.1382581889629364
0.1309296041727066
0.12268014252185822
0.11350923776626587
0.10344091057777405
0.09251893311738968
0.08081798255443573
0.06842711567878723
0.05545278266072273
0.0420055165886879
0.028202451765537262
0.014160806313157082
0.0
0.0
0.015390589833259583
0.030658552423119545
0.045681122690439224
0.060338035225868225
0.0745091363787651
0.088080495595932
0.10094089061021805
0.11299314349889755
0.12415044009685516
0.13435234129428864
0.14355692267417908
0.15175031125545502
0.15893220901489258
0.1651146560907364
0.17031295597553253
0.17454254627227783
0.17781753838062286
0.18014875054359436
0.18154433369636536
0.18200896680355072
0.18154433369636536
0.18014875054359436
0.17781753838062286
0.17454254627227783
0.17031295597553253
0.1651146560907364
0.15893220901489258
0.15175031125545502
0.14355692267417908
0.13435234129428864
0.12415044009685516
0.11299314349889755
0.10094089061021805
0.088080495595932
0.0745091363787651
0.060338035225868225
0.045681122690439224
0.030658552423119545
0.015390589833259583
0.0
0.0
0.016666892915964127
0.03320612758398056
0.049490056931972504
0.06539393216371536
0.0807933509349823
0.09557028114795685
0.10960885137319565
0.12280552089214325
0.13506446778774261
0.14631246030330658
0.15649233758449554
0.16557539999485016
0.1735491007566452
0.18041867017745972
0.18619602918624878
0.19089654088020325
0.19453538954257965
0.19712495803833008
0.19867493212223053
0.1991908997297287
0.19867493212223053
0.19712495803833008
0.19453538954257965
0.19089654088020325
0.18619602918624878
0.18041867017745972
0.1735491007566452
0.16557539999485016
0.15649233758449554
0.14631246030330658
0.13506446778774261
0.12280552089214325
0.10960885137319565
0.09557028114795685
0.0807933509349823
0.06539393216371536
0.049490056931972504
0.03320612758398056
0.016666892915964127
0.0
0.0
0.017998678609728813
0.03586311638355255
0.05345924571156502
0.0706564411520958
0.08732478320598602
0.10334130376577377
0.11858516186475754
0.13294728100299835
0.1463247686624527
0.15863452851772308
0.1698070764541626
0.1798001527786255
0.18858855962753296
0.19616885483264923
0.20254753530025482
0.20773835480213165
0.2117566019296646
0.2146158367395401
0.2163269966840744
0.21689656376838684
0.2163269966840744
0.2146158367395401
0.2117566019296646
0.20773835480213165
0.20254753530025482
0.19616885483264923
0.18858855962753296
0.1798001527786255
0.1698070764541626
0.15863452851772308
0.1463247686624527
0.13294728100299835
0.11858516186475754
0.10334130376577377
0.08732478320598602
0.0706564411520958
0.05345924571156502
0.03586311638355255
0.017998678609728813
0.0
0.0
0.019395560026168823
0.038648638874292374
0.057617153972387314
0.07616312056779861
0.09414978325366974
0.11144828051328659
0.12793223559856415
0.14348727464675903
0.1580045074224472
0.1713932603597641
0.18357443809509277
0.19449441134929657
0.20411624014377594
0.21242691576480865
0.21942606568336487
0.22512434422969818
0.2295360267162323
0.2326752245426178
0.23455382883548737
0.2351791113615036
0.23455382883548737
0.2326752245426178
0.2295360267162323
0.22512434422969818
0.21942606568336487
0.21242691576480865
0.20411624014377594
0.19449441134929657
0.18357443809509277
0.1713932603597641
0.1580045074224472
0.14348727464675903
0.12793223559856415
0.11144828051328659
0.09414978325366974
0.07616312056779861
0.057617153972387314
0.038648638874292374
0.019395560026168823
0.0
0.0
0.02086784504354
0.041583165526390076
0.06199408695101738
0.08195369690656662
0.10131698846817017
0.1199481338262558
0.13771452009677887
0.154496431350708
0.17017966508865356
0.18466749787330627
0.1978735625743866
0.20973511040210724
0.22020520269870758
0.2292616218328476
0.23689645528793335
0.24311617016792297
0.24793298542499542
0.2513608932495117
0.25341230630874634
0.2540951073169708
0.25341230630874634
0.2513608932495117
0.24793298542499542
0.24311617016792297
0.23689645528793335
0.2292616218328476
0.22020520269870758
0.20973511040210724
0.1978735625743866
0.18466749787330627
0.17017966508865356
0.154496431350708
0.13771452009677887
0.1199481338262558
0.10131698846817017
0.08195369690656662
0.06199408695101738
0.041583165526390076
0.02086784504354
0.0
0.0
0.022427063435316086
0.04468945786356926
0.0666234940290451
0.0880715474486351
0.10887877643108368
0.12890125811100006
0.1479993611574173
0.1660478264093399
0.18292751908302307
0.1985369771718979
0.21278445422649384
0.2256004512310028
0.2369302362203598
0.24674347043037415
0.25502508878707886
0.2617766559123993
0.2670075595378876
0.27073100209236145
0.272959440946579
0.27370119094848633
0.272959440946579
0.27073100209236145
0.2670075595378876
0.2617766559123993
0.25502508878707886
0.24674347043037415
0.2369302362203598
0.2256004512310028
0.21278445422649384
0.1985369771718979
0.18292751908302307
0.1660478264093399
0.1479993611574173
0.12890125811100006
0.10887877643108368
0.0880715474486351
0.0666234940290451
0.04468945786356926
0.022427063435316086
0.0
0.0
0.02408616989850998
0.04799306392669678
0.07154282927513123
0.09456506371498108
0.11689329892396927
0.13837425410747528
0.15886038541793823
0.1782207041978836
0.1963314414024353
0.21308746933937073
0.22839339077472687
0.24217523634433746
0.25437283515930176
0.26494958996772766
0.27388423681259155
0.2811736464500427
0.28682398796081543
0.29084718227386475
0.29325535893440247
0.2940569818019867
0.29325535893440247
0.29084718227386475
0.28682398796081543
0.2811736464500427
0.27388423681259155
0.26494958996772766
0.25437283515930176
0.24217523634433746
0.22839339077472687
0.21308746933937073
0.1963314414024353
0.1782207041978836
0.15886038541793823
0.13837425410747528
0.11689329892396927
0.09456506371498108
0.07154282927513123
0.04799306392669678
0.02408616989850998
0.0
0.0
0.02586015686392784
0.051523420959711075
0.07679488509893417
0.10148894041776657
0.12542541325092316
0.14844027161598206
0.1703771948814392
0.19109925627708435
0.2104785144329071
0.22840727865695953
0.2447882443666458
0.2595451772212982
0.2726151645183563
0.28395745158195496
0.2935464382171631
0.3013749420642853
0.30744612216949463
0.31177034974098206
0.3143591582775116
0.3152209520339966
0.3143591582775116
0.31177034974098206
0.30744612216949463
0.3013749420642853
0.2935464382171631
0.28395745158195496
0.2726151645183563
0.2595451772212982
0.2447882443666458
0.22840727865695953
0.2104785144329071
0.19109925627708435
0.1703771948814392
0.14844027161598206
0.12542541325092316
0.10148894041776657
0.07679488509893417
0.051523420959711075
0.02586015686392784
0.0
0.0
0.027766559273004532
0.055314917117357254
0.08242961019277573
0.10890687257051468
0.13455039262771606
0.1591837853193283
0.18264099955558777
0.20477916300296783
0.22546672821044922
0.24459470808506012
0.2620658874511719
0.2778041362762451
0.2917465567588806
0.303850919008255
0.3140895962715149
0.32245269417762756
0.32894113659858704
0.3335639536380768
0.3363319933414459
0.3372535705566406
0.3363319933414459
0.3335639536380768
0.32894113659858704
0.32245269417762756
0.3140895962715149
0.303850919008255
0.2917465567588806
0.2778041362762451
0.2620658874511719
0.24459470808506012
0.22546672821044922
0.20477916300296783
0.18264099955558777
0.1591837853193283
0.13455039262771606
0.10890687257051468
0.08242961019277573
0.055314917117357254
0.027766559273004532
0.0
0.0
0.029826294630765915
0.05940837040543556
0.08850575983524323
0.11689292639493942
0.14435450732707977
0.1707000434398651
0.19575293362140656
0.2193644940853119
0.24140065908432007
0.26175278425216675
0.28032612800598145
0.29704734683036804
0.3118566572666168
0.3247133195400238
0.3355904519557953
0.34447744488716125
0.3513743281364441
0.35628923773765564
0.3592326045036316
0.36021262407302856
0.3592326045036316
0.35628923773765564
0.3513743281364441
0.34447744488716125
0.3355904519557953
0.3247133195400238
0.3118566572666168
0.29704734683036804
0.28032612800598145
0.26175278425216675
0.24140065908432007
0.2193644940853119
0.19575293362140656
0.1707000434398651
0.14435450732707977
0.11689292639493942
0.08850575983524323
0.05940837040543556
0.029826294630765915
0.0
0.0
0.03206470608711243
0.0638531967997551
0.09509442746639252
0.12553659081459045
0.15494169294834137
0.1831032931804657
0.20983342826366425
0.23497812449932098
0.25840234756469727
0.28000012040138245
0.2996821105480194
0.31738102436065674
0.3330438733100891
0.34663471579551697
0.3581308126449585
0.3675231635570526
0.3748129606246948
0.38000839948654175
0.38312003016471863
0.38415613770484924
0.38312003016471863
0.38000839948654175
0.3748129606246948
0.3675231635570526
0.3581308126449585
0.34663471579551697
0.3330438733100891
0.31738102436065674
0.2996821105480194
0.28000012040138245
0.25840234756469727
0.23497812449932098
0.20983342826366425
0.1831032931804657
0.15494169294834137
0.12553659081459045
0.09509442746639252
0.0638531967997551
0.03206470608711243
0.0
0.0
0.03451287001371384
0.06870964914560318
0.10228138417005539
0.13494433462619781
0.1664336621761322
0.19652488827705383
0.2250182330608368
0.2517557442188263
0.2766037881374359
0.29946228861808777
0.3202512860298157
0.33891335129737854
0.35540658235549927
0.3697036802768707
0.38178980350494385
0.39166057109832764
0.3993205726146698
0.4047795236110687
0.4080490171909332
0.40913766622543335
0.4080490171909332
0.4047795236110687
0.3993205726146698
0.39166057109832764
0.38178980350494385
0.3697036802768707
0.35540658235549927
0.33891335129737854
0.3202512860298157
0.29946228861808777
0.2766037881374359
0.2517557442188263
0.2250182330608368
0.19652488827705383
0.1664336621761322
0.13494433462619781
0.10228138417005539
0.06870964914560318
0.03451287001371384
0.0
0.0
0.03720974549651146
0.07405319809913635
0.11017400026321411
0.14524923264980316
0.17898201942443848
0.21112759411334991
0.24147439002990723
0.2698625326156616
0.2961636483669281
0.320287823677063
0.342169851064682
0.361767053604126
0.3790538012981415
0.39401596784591675
0.4066508710384369
0.4169621467590332
0.4249606132507324
0.43065935373306274
0.4340720474720001
0.43520835041999817
0.4340720474720001
0.43065935373306274
0.4249606132507324
0.4169621467590332
0.4066508710384369
0.39401596784591675
0.3790538012981415
0.361767053604126
0.342169851064682
0.320287823677063
0.2961636483669281
0.2698625326156616
0.24147439002990723
0.21112759411334991
0.17898201942443848
0.14524923264980316
0.11017400026321411
0.07405319809913635
0.03720974549651146
0.0
0.0
0.04020440950989723
0.07997819781303406
0.11890477687120438
0.1566128432750702
0.1927672028541565
0.22710098326206207
0.25939202308654785
0.2894822061061859
0.3172541558742523
0.34263429045677185
0.36557894945144653
0.38606640696525574
0.404093474149704
0.419664204120636
0.43279290199279785
0.443494975566864
0.45179060101509094
0.4576982259750366
0.4612351655960083
0.46241265535354614
0.4612351655960083
0.4576982259750366
0.45179060101509094
0.443494975566864
0.43279290199279785
0.419664204120636
0.404093474149704
0.38606640696525574
0.36557894945144653
0.34263429045677185
0.3172541558742523
0.2894822061061859
0.25939202308654785
0.22710098326206207
0.1927672028541565
0.1566128432750702
0.11890477687120438
0.07997819781303406
0.04020440950989723
0.0
0.0
0.04356059059500694
0.08660707622766495
0.1286454051733017
0.16924381256103516
0.20802122354507446
0.24468709528446198
0.27901139855384827
0.31084391474723816
0.34008675813674927
0.3666912019252777
0.39064449071884155
0.4119535982608795
0.430645227432251
0.4467476010322571
0.46029725670814514
0.4713253378868103
0.4798647463321686
0.48594164848327637
0.489578515291214
0.4907890558242798
0.489578515291214
0.48594164848327637
0.4798647463321686
0.4713253378868103
0.46029725670814514
0.4467476010322571
0.430645227432251
0.4119535982608795
0.39064449071884155
0.3666912019252777
0.34008675813674927
0.31084391474723816
0.27901139855384827
0.24468709528446198
0.20802122354507446
0.16924381256103516
0.1286454051733017
0.08660707622766495
0.04356059059500694
0.0
0.0
0.04736095666885376
0.09409698098897934
0.13961254060268402
0.18339984118938446
0.22502346336841583
0.26416948437690735
0.3006064295768738
0.3342016339302063
0.36488938331604004
0.39265742897987366
0.4175359606742859
0.439569890499115
0.45882469415664673
0.47535908222198486
0.4892374575138092
0.5005109310150146
0.5092283487319946
0.5154260396957397
0.5191330909729004
0.5203666687011719
0.5191330909729004
0.5154260396957397
0.5092283487319946
0.5005109310150146
0.4892374575138092
0.47535908222198486
0.45882469415664673
0.439569890499115
0.4175359606742859
0.39265742897987366
0.36488938331604004
0.3342016339302063
0.3006064295768738
0.26416948437690735
0.22502346336841583
0.18339984118938446
0.13961254060268402
0.09409698098897934
0.04736095666885376
0.0
0.0
0.05171734094619751
0.10266023129224777
0.1520979106426239
0.1994260549545288
0.2441449910402298
0.28592050075531006
0.3245311379432678
0.35987746715545654
0.39194467663764954
0.4207731783390045
0.44645175337791443
0.46907511353492737
0.48875731229782104
0.505594789981842
0.5196853280067444
0.5311040282249451
0.539918839931488
0.5461782217025757
0.5499195456504822
0.5511640906333923
0.5499195456504822
0.5461782217025757
0.539918839931488
0.5311040282249451
0.5196853280067444
0.505594789981842
0.48875731229782104
0.46907511353492737
0.44645175337791443
0.4207731783390045
0.39194467663764954
0.35987746715545654
0.3245311379432678
0.28592050075531006
0.2441449910402298
0.1994260549545288
0.1520979106426239
0.10266023129224777
0.05171734094619751
0.0
0.0
0.05677982419729233
0.11257725208997726
0.16647794842720032
0.21775449812412262
0.26583510637283325
0.31037506461143494
0.35118502378463745
0.388222336769104
0.4215505123138428
0.45128333568573
0.4775877892971039
0.500621497631073
0.5205580592155457
0.5375386476516724
0.5516997575759888
0.5631439685821533
0.5719607472419739
0.578212559223175
0.5819461941719055
0.5831875205039978
0.5819461941719055
0.578212559223175
0.5719607472419739
0.5631439685821533
0.5516997575759888
0.5375386476516724
0.5205580592155457
0.500621497631073
0.4775877892971039
0.45128333568573
0.4215505123138428
0.388222336769104
0.35118502378463745
0.31037506461143494
0.26583510637283325
0.21775449812412262
0.16647794842720032
0.11257725208997726
0.05677982419729233
0.0
0.0
0.0627623125910759
0.12424764037132263
0.183284193277359
0.23898887634277344
0.2907114624977112
0.3381190598011017
0.3810921311378479
0.4196833372116089
0.45407339930534363
0.4844779670238495
0.5111660361289978
0.5343732833862305
0.554343581199646
0.5712693333625793
0.5853296518325806
0.5966570973396301
0.6053641438484192
0.6115279793739319
0.6152054071426392
0.616427481174469
0.6152054071426392
0.6115279793739319
0.6053641438484192
0.5966570973396301
0.5853296518325806
0.5712693333625793
0.554343581199646
0.5343732833862305
0.5111660361289978
0.4844779670238495
0.45407339930534363
0.4196833372116089
0.3810921311378479
0.3381190598011017
0.2907114624977112
0.23898887634277344
0.183284193277359
0.12424764037132263
0.0627623125910759
0.0
0.0
0.06996504217386246
0.13821524381637573
0.20321805775165558
0.2638905346393585
0.319518119096756
0.36982420086860657
0.4148269295692444
0.45472848415374756
0.48988091945648193
0.5206355452537537
0.5473898649215698
0.5704728364944458
0.5902078151702881
0.6068434715270996
0.6206033229827881
0.631650984287262
0.6401215195655823
0.6461070775985718
0.6496742367744446
0.6508588790893555
0.6496742367744446
0.6461070775985718
0.6401215195655823
0.631650984287262
0.6206033229827881
0.6068434715270996
0.5902078151702881
0.5704728364944458
0.5473898649215698
0.5206355452537537
0.48988091945648193
0.45472848415374756
0.4148269295692444
0.36982420086860657
0.319518119096756
0.2638905346393585
0.20321805775165558
0.13821524381637573
0.06996504217386246
0.0
0.0
0.07884584367275238
0.1553201526403427
0.2273334413766861
0.29357996582984924
0.35331395268440247
0.4064113199710846
0.45314082503318787
0.49394044280052185
0.5294053554534912
0.5600634813308716
0.5864678025245667
0.6090530753135681
0.6282270550727844
0.644295871257782
0.657525897026062
0.6681097149848938
0.6762027740478516
0.6819105744361877
0.6853081583976746
0.6864357590675354
0.6853081583976746
0.6819105744361877
0.6762027740478516
0.6681097149848938
0.657525897026062
0.644295871257782
0.6282270550727844
0.6090530753135681
0.5864678025245667
0.5600634813308716
0.5294053554534912
0.49394044280052185
0.45314082503318787
0.4064113199710846
0.35331395268440247
0.29357996582984924
0.2273334413766861
0.1553201526403427
0.07884584367275238
0.0
0.0
0.09009411185979843
0.17672862112522125
0.25704824924468994
0.3294568955898285
0.39334002137184143
0.44888588786125183
0.49680429697036743
0.537879467010498
0.573035478591919
0.6030187010765076
0.628557562828064
0.6502000093460083
0.6684361696243286
0.6836258769035339
0.696071982383728
0.7059913873672485
0.7135553359985352
0.7188793420791626
0.7220445275306702
0.7230943441390991
0.7220445275306702
0.7188793420791626
0.7135553359985352
0.7059913873672485
0.696071982383728
0.6836258769035339
0.6684361696243286
0.6502000093460083
0.628557562828064
0.6030187010765076
0.573035478591919
0.537879467010498
0.49680429697036743
0.44888588786125183
0.39334002137184143
0.3294568955898285
0.25704824924468994
0.17672862112522125
0.09009411185979843
0.0
0.0
0.10484306514263153
0.2045244723558426
0.2946740686893463
0.37370872497558594
0.44139811396598816
0.49860525131225586
0.546769917011261
0.5871755480766296
0.6211623549461365
0.649724006652832
0.6737675666809082
0.6939464211463928
0.7108189463615417
0.7247862815856934
0.7361756563186646
0.7452190518379211
0.7520958781242371
0.7569267153739929
0.7597951292991638
0.7607458233833313
0.7597951292991638
0.7569267153739929
0.7520958781242371
0.7452190518379211
0.7361756563186646
0.7247862815856934
0.7108189463615417
0.6939464211463928
0.6737675666809082
0.649724006652832
0.6211623549461365
0.5871755480766296
0.546769917011261
0.49860525131225586
0.44139811396598816
0.37370872497558594
0.2946740686893463
0.2045244723558426
0.10484306514263153
0.0
0.0
0.1250489354133606
0.24147363007068634
0.343336284160614
0.42892178893089294
0.4994339644908905
0.556884229183197
0.6038656830787659
0.6423124670982361
0.6740352511405945
0.7002802491188049
0.7221048474311829
0.7402438521385193
0.7552947998046875
0.7676795721054077
0.7777311205863953
0.7856838703155518
0.7917152047157288
0.7959441542625427
0.7984521985054016
0.799282968044281
0.7984521985054016
0.7959441542625427
0.7917152047157288
0.7856838703155518
0.7777311205863953
0.7676795721054077
0.7552947998046875
0.7402438521385193
0.7221048474311829
0.7002802491188049
0.6740352511405945
0.6423124670982361
0.6038656830787659
0.556884229183197
0.4994339644908905
0.42892178893089294
0.343336284160614
0.24147363007068634
0.1250489354133606
0.0
0.0
0.15402191877365112
0.29425153136253357
0.40859660506248474
0.49930354952812195
0.5700942873954773
0.6252463459968567
0.6688652634620667
0.703618049621582
0.7317270636558533
0.7546228766441345
0.7734367847442627
0.7889297008514404
0.8016927242279053
0.8121367692947388
0.8205767869949341
0.827232837677002
0.8322685956954956
0.8357934355735779
0.8378817439079285
0.8385730385780334
0.8378817439079285
0.8357934355735779
0.8322685956954956
0.827232837677002
0.8205767869949341
0.8121367692947388
0.8016927242279053
0.7889297008514404
0.7734367847442627
0.7546228766441345
0.7317270636558533
0.703618049621582
0.6688652634620667
0.6252463459968567
0.5700942873954773
0.49930354952812195
0.40859660506248474
0.29425153136253357
0.15402191877365112
0.0
0.0
0.19936764240264893
0.3695090413093567
0.49767646193504333
0.5889450907707214
0.6555716395378113
0.7046332359313965
0.7420432567596436
0.7710285186767578
0.7940199375152588
0.8124759197235107
0.8274775147438049
0.839730441570282
0.8497610092163086
0.857930064201355
0.8645074367523193
0.8696803450584412
0.8735859990119934
0.8763159513473511
0.8779317736625671
0.8784664273262024
0.8779317736625671
0.8763159513473511
0.8735859990119934
0.8696803450584412
0.8645074367523193
0.857930064201355
0.8497610092163086
0.839730441570282
0.8274775147438049
0.8124759197235107
0.7940199375152588
0.7710285186767578
0.7420432567596436
0.7046332359313965
0.6555716395378113
0.5889450907707214
0.49767646193504333
0.3695090413093567
0.19936764240264893
0.0
0.0
0.27197009325027466
0.49715757369995117
0.6225980520248413
0.7034404277801514
0.7572985887527466
0.7951228618621826
0.8228666186332703
0.843882143497467
0.8602601885795593
0.8732550144195557
0.8837228417396545
0.8922179341316223
0.8991374969482422
0.904752254486084
0.9092600345611572
0.9127978086471558
0.9154647588729858
0.917326807975769
0.9184281826019287
0.9187924861907959
0.9184281826019287
0.917326807975769
0.9154647588729858
0.9127978086471558
0.9092600345611572
0.904752254486084
0.8991374969482422
0.8922179341316223
0.8837228417396545
0.8732550144195557
0.8602601885795593
0.843882143497467
0.8228666186332703
0.7951228618621826
0.7572985887527466
0.7034404277801514
0.6225980520248413
0.49715757369995117
0.27197009325027466
0.0
0.0
0.5202561020851135
0.6870445013046265
0.7929965853691101
0.8418351411819458
0.8741395473480225
0.8948537707328796
0.9098171591758728
0.9208799600601196
0.9294172525405884
0.9361318945884705
0.9415111541748047
0.9458582401275635
0.9493882060050964
0.9522458910942078
0.9545361995697021
0.9563312530517578
0.9576831459999084
0.958626389503479
0.9591841101646423
0.9593685269355774
0.9591841101646423
0.958626389503479
0.9576831459999084
0.9563312530517578
0.9545361995697021
0.9522458910942078
0.9493882060050964
0.9458582401275635
0.9415111541748047
0.9361318945884705
0.9294172525405884
0.9208799600601196
0.9098171591758728
0.8948537707328796
0.8741395473480225
0.8418351411819458
0.7929965853691101
0.6870445013046265
0.5202561020851135
0.0
1.0
1.0
1.0
1.0
1.0
1.0
1.0
1.0
1.0
1.0
1.0
1.0
1.0
1.0
1.0
1.0
1.0
1.0
1.0
1.0
1.0
1.0
1.0
1.0
1.0
1.0
1.0
1.0
1.0
1.0
1.0
1.0
1.0
1.0
1.0
1.0
1.0
1.0
1.0
1.0
1.0
