0.0
0.0
0.0
0.0
0.0
0.0
0.0
0.0
0.0
0.0
0.0
0.0
0.0
0.0
0.0
0.0
0.0
0.0
0.0
0.0
0.0
0.0
0.0
0.0
0.0
0.0
0.0
0.0
0.0
0.0
0.0
0.0
0.0
0.0
0.0
0.0
0.0
0.0
0.0
0.0
0.0
0.0
0.002079637721180916
0.003881632350385189
0.005455422680824995
0.00687338225543499
0.008172763511538506
0.009369265288114548
0.010473014786839485
0.011489417403936386
0.012421800754964352
0.013271991163492203
0.014041014946997166
0.014729337766766548
0.015337122604250908
0.015864336863160133
0.016310853883624077
0.01667650230228901
0.016961107030510902
0.01716451905667782
0.01728661358356476
0.0173273216933012
0.01728661358356476
0.01716451905667782
0.016961107030510902
0.01667650230228901
0.016310853883624077
0.015864336863160133
0.015337122604250908
0.014729337766766548
0.014041014946997166
0.013271991163492203
0.012421800754964352
0.011489417403936386
0.010473014786839485
0.009369265288114548
0.008172763511538506
0.00687338225543499
0.005455422680824995
0.003881632350385189
0.002079637721180916
0.0
0.0
0.0038999777752906084
0.007515563629567623
0.01072715874761343
0.013617467135190964
0.016254030168056488
0.01867404207587242
0.0209018737077713
0.022950202226638794
0.024827230721712112
0.026537388563156128
0.028083335608243942
0.029466381296515465
0.03068714030086994
0.03174574673175812
0.032642100006341934
0.033375974744558334
0.033947110176086426
0.03435526415705681
0.034600235521793365
0.034681908786296844
0.034600235521793365
0.03435526415705681
0.033947110176086426
0.033375974744558334
0.032642100006341934
0.03174574673175812
0.03068714030086994
0.029466381296515465
0.028083335608243942
0.026537388563156128
0.024827230721712112
0.022950202226638794
0.0209018737077713
0.01867404207587242
0.016254030168056488
0.013617467135190964
0.01072715874761343
0.007515563629567623
0.0038999777752906084
0.0
0.0
0.005524631589651108
0.010812947526574135
0.0156899131834507
0.020124811679124832
0.024160992354154587
0.02785448729991913
0.031245000660419464
0.03435543552041054
0.03720114007592201
0.03979052975773811
0.042129021137952805
0.044219452887773514
0.046063464134931564
0.047661736607551575
0.049014508724212646
0.050121720880270004
0.05098320171236992
0.05159873515367508
0.05196813493967056
0.05209128186106682
0.05196813493967056
0.05159873515367508
0.05098320171236992
0.050121720880270004
0.049014508724212646
0.047661736607551575
0.046063464134931564
0.044219452887773514
0.042129021137952805
0.03979052975773811
0.03720114007592201
0.03435543552041054
0.031245000660419464
0.02785448729991913
0.024160992354154587
0.020124811679124832
0.0156899131834507
0.010812947526574135
0.005524631589651108
0.0
0.0
0.007037080358713865
0.013878043740987778
0.020349107682704926
0.02634490095078945
0.03183596581220627
0.036862388253211975
0.041466787457466125
0.045681796967983246
0.04953080043196678
0.05302758514881134
0.05618159845471382
0.05899813771247864
0.06148061901330948
0.06363081932067871
0.0654497742652893
0.0669379010796547
0.0680953711271286
0.06892219185829163
0.06941831856966019
0.0695837065577507
0.06941831856966019
0.06892219185829163
0.0680953711271286
0.0669379010796547
0.0654497742652893
0.06363081932067871
0.06148061901330948
0.05899813771247864
0.05618159845471382
0.05302758514881134
0.04953080043196678
0.045681796967983246
0.041466787457466125
0.036862388253211975
0.03183596581220627
0.02634490095078945
0.020349107682704926
0.013878043740987778
0.007037080358713865
0.0
0.0
0.008485645987093449
0.016799749806523323
0.024779174476861954
0.03229391574859619
0.03926115110516548
0.04567079618573189
0.05154358595609665
0.05691331997513771
0.06180829182267189
0.06624816358089447
0.07024719566106796
0.07381405681371689
0.07695478200912476
0.07967288047075272
0.08197072893381119
0.08384965360164642
0.08531048893928528
0.08635369688272476
0.08697954565286636
0.08718814700841904
0.08697954565286636
0.08635369688272476
0.08531048893928528
0.08384965360164642
0.08197072893381119
0.07967288047075272
0.07695478200912476
0.07381405681371689
0.07024719566106796
0.06624816358089447
0.06180829182267189
0.05691331997513771
0.05154358595609665
0.04567079618573189
0.03926115110516548
0.03229391574859619
0.024779174476861954
0.016799749806523323
0.008485645987093449
0.0
0.0
0.009896132163703442
0.01963520050048828
0.029064273461699486
0.038047514855861664
0.04647451639175415
0.05428873375058174
0.061472948640584946
0.06804634630680084
0.07403339445590973
0.07945708930492401
0.08433576673269272
0.08868185430765152
0.09250462800264359
0.09580996632575989
0.09860214591026306
0.1008838564157486
0.1026570200920105
0.10392281413078308
0.10468202084302902
0.10493504256010056
0.10468202084302902
0.10392281413078308
0.1026570200920105
0.1008838564157486
0.09860214591026306
0.09580996632575989
0.09250462800264359
0.08868185430765152
0.08433576673269272
0.07945708930492401
0.07403339445590973
0.06804634630680084
0.061472948640584946
0.05428873375058174
0.04647451639175415
0.038047514855861664
0.029064273461699486
0.01963520050048828
0.009896132163703442
0.0
0.0
0.011288677342236042
0.022428428754210472
0.033272355794906616
0.0436837375164032
0.053539976477622986
0.06275483220815659
0.0712752714753151
0.07909268140792847
0.0862162858247757
0.092666395008564
0.09846242517232895
0.10362004488706589
0.10815183073282242
0.11206647008657455
0.11537069082260132
0.11806900054216385
0.12016480416059494
0.12166032195091248
0.12255708128213882
0.12285590171813965
0.12255708128213882
0.12166032195091248
0.12016480416059494
0.11806900054216385
0.11537069082260132
0.11206647008657455
0.10815183073282242
0.10362004488706589
0.09846242517232895
0.092666395008564
0.0862162858247757
0.07909268140792847
0.0712752714753151
0.06275483220815659
0.053539976477622986
0.0436837375164032
0.033272355794906616
0.022428428754210472
0.011288677342236042
0.0
0.0
0.012678033672273159
0.025210654363036156
0.03745371475815773
0.04927029088139534
0.06053191423416138
0.07113458961248398
0.0809984803199768
0.09008555114269257
0.09838222712278366
0.10589846968650818
0.11264967173337936
0.11865264922380447
0.12392236292362213
0.12847034633159637
0.1323060393333435
0.13543617725372314
0.1378660351037979
0.13959917426109314
0.14063812792301178
0.14098428189754486
0.14063812792301178
0.13959917426109314
0.1378660351037979
0.13543617725372314
0.1323060393333435
0.12847034633159637
0.12392236292362213
0.11865264922380447
0.11264967173337936
0.10589846968650818
0.09838222712278366
0.09008555114269257
0.0809984803199768
0.07113458961248398
0.06053191423416138
0.04927029088139534
0.03745371475815773
0.025210654363036156
0.012678033672273159
0.0
0.0
0.014076918363571167
0.02800866775214672
0.04165100306272507
0.05486557260155678
0.06751954555511475
0.0794980525970459
0.09070346504449844
0.10107318311929703
0.11056958138942719
0.11918585002422333
0.12692762911319733
0.1338093876838684
0.13984651863574982
0.14505286514759064
0.14944049715995789
0.15301859378814697
0.15579462051391602
0.15777380764484406
0.15895992517471313
0.1593550443649292
0.15895992517471313
0.15777380764484406
0.15579462051391602
0.15301859378814697
0.14944049715995789
0.14505286514759064
0.13984651863574982
0.1338093876838684
0.12692762911319733
0.11918585002422333
0.11056958138942719
0.10107318311929703
0.09070346504449844
0.0794980525970459
0.06751954555511475
0.05486557260155678
0.04165100306272507
0.02800866775214672
0.014076918363571167
0.0
0.0
0.015496166422963142
0.030844762921333313
0.04589906334877014
0.06051776558160782
0.07456378638744354
0.08791451901197433
0.1004599779844284
0.11211889982223511
0.1228322684764862
0.13257433474063873
0.1413368433713913
0.14912797510623932
0.1559608280658722
0.16185025870800018
0.16681037843227386
0.17085285484790802
0.173987478017807
0.17622137069702148
0.1775597333908081
0.17800550162792206
0.1775597333908081
0.17622137069702148
0.173987478017807
0.17085285484790802
0.16681037843227386
0.16185025870800018
0.1559608280658722
0.14912797510623932
0.1413368433713913
0.13257433474063873
0.1228322684764862
0.11211889982223511
0.1004599779844284
0.08791451901197433
0.07456378638744354
0.06051776558160782
0.04589906334877014
0.030844762921333313
0.015496166422963142
0.0
0.0
0.016945963725447655
0.03373974561691284
0.05023004114627838
0.06627098470926285
0.08172036707401276
0.0964488834142685
0.11033714562654495
0.12329007685184479
0.1352316290140152
0.14611802995204926
0.1559254378080368
0.16465239226818085
0.17230674624443054
0.1789025515317917
0.184455007314682
0.18897786736488342
0.19248329102993011
0.1949804276227951
0.19647608697414398
0.19697417318820953
0.19647608697414398
0.1949804276227951
0.19248329102993011
0.18897786736488342
0.184455007314682
0.1789025515317917
0.17230674624443054
0.16465239226818085
0.1559254378080368
0.14611802995204926
0.1352316290140152
0.12329007685184479
0.11033714562654495
0.0964488834142685
0.08172036707401276
0.06627098470926285
0.05023004114627838
0.03373974561691284
0.016945963725447655
0.0
0.0
0.018435824662446976
0.03671283647418022
0.05467322841286659
0.07216493785381317
0.08903955668210983
0.1051611378788948
0.1204022765159607
0.13465721905231476
0.14783650636672974
0.1598808914422989
0.1707514226436615
0.18043532967567444
0.18893297016620636
0.19625569880008698
0.20241841673851013
0.2074364572763443
0.21132409572601318
0.21409250795841217
0.21575023233890533
0.21630220115184784
0.21575023233890533
0.21409250795841217
0.21132409572601318
0.2074364572763443
0.20241841673851013
0.19625569880008698
0.18893297016620636
0.18043532967567444
0.1707514226436615
0.1598808914422989
0.14783650636672974
0.13465721905231476
0.1204022765159607
0.1051611378788948
0.08903955668210983
0.07216493785381317
0.05467322841286659
0.03671283647418022
0.018435824662446976
0.0
0.0
0.01997530087828636
0.03978320583701134
0.05925752595067024
0.07823837548494339
0.09656982868909836
0.11410877108573914
0.13072018325328827
0.14628949761390686
0.16071666777133942
0.17392988502979279
0.18587708473205566
0.19653399288654327
0.20589229464530945
0.2139589637517929
0.22074730694293976
0.22627346217632294
0.23055337369441986
0.2336002141237259
0.23542426526546478
0.23603153228759766
0.23542426526546478
0.2336002141237259
0.23055337369441986
0.22627346217632294
0.22074730694293976
0.2139589637517929
0.20589229464530945
0.19653399288654327
0.18587708473205566
0.17392988502979279
0.16071666777133942
0.14628949761390686
0.13072018325328827
0.11410877108573914
0.09656982868909836
0.07823837548494339
0.05925752595067024
0.03978320583701134
0.01997530087828636
0.0
0.0
0.021573957055807114
0.0429699532687664
0.06401148438453674
0.08452917635440826
0.10435816645622253
0.12334737926721573
0.1413540542125702
0.15825583040714264
0.17394399642944336
0.18833673000335693
0.20137113332748413
0.21301257610321045
0.2232441008090973
0.23206739127635956
0.23949317634105682
0.24553757905960083
0.25021782517433167
0.25354889035224915
0.25554269552230835
0.2562064230442047
0.25554269552230835
0.25354889035224915
0.25021782517433167
0.24553757905960083
0.23949317634105682
0.23206739127635956
0.2232441008090973
0.21301257610321045
0.20137113332748413
0.18833673000335693
0.17394399642944336
0.15825583040714264
0.1413540542125702
0.12334737926721573
0.10435816645622253
0.08452917635440826
0.06401148438453674
0.0429699532687664
0.021573957055807114
0.0
0.0
0.02324189990758896
0.04629313573241234
0.06896485388278961
0.09107635170221329
0.11245231330394745
0.13293269276618958
0.15236656367778778
0.17062421143054962
0.1875895857810974
0.20317302644252777
0.21730323135852814
0.22993700206279755
0.24104979634284973
0.25063788890838623
0.25870898365974426
0.2652786374092102
0.27036482095718384
0.2739841639995575
0.2761501669883728
0.2768711447715759
0.2761501669883728
0.2739841639995575
0.27036482095718384
0.2652786374092102
0.25870898365974426
0.25063788890838623
0.24104979634284973
0.22993700206279755
0.21730323135852814
0.20317302644252777
0.1875895857810974
0.17062421143054962
0.15236656367778778
0.13293269276618958
0.11245231330394745
0.09107635170221329
0.06896485388278961
0.04629313573241234
0.02324189990758896
0.0
0.0
0.024989843368530273
0.04977396875619888
0.07414890080690384
0.09792066365480423
0.12090176343917847
0.1429220587015152
0.16382178664207458
0.18346410989761353
0.2017265409231186
0.21851332485675812
0.2337469905614853
0.24737796187400818
0.25937575101852417
0.2697320878505707
0.2784517705440521
0.2855495810508728
0.2910442054271698
0.2949536144733429
0.29729294776916504
0.2980715334415436
0.29729294776916504
0.2949536144733429
0.2910442054271698
0.2855495810508728
0.2784517705440521
0.2697320878505707
0.25937575101852417
0.24737796187400818
0.2337469905614853
0.21851332485675812
0.2017265409231186
0.18346410989761353
0.16382178664207458
0.1429220587015152
0.12090176343917847
0.09792066365480423
0.07414890080690384
0.04977396875619888
0.024989843368530273
0.0
0.0
0.026829611510038376
0.05343574285507202
0.07959770411252975
0.10510599613189697
0.1297590732574463
0.15337543189525604
0.17578572034835815
0.19684605300426483
0.21642820537090302
0.2344319373369217
0.2507757246494293
0.26540589332580566
0.278288334608078
0.2894115149974823
0.29877835512161255
0.30640313029289246
0.312305212020874
0.31650403141975403
0.3190162181854248
0.3198522925376892
0.3190162181854248
0.31650403141975403
0.312305212020874
0.30640313029289246
0.29877835512161255
0.2894115149974823
0.278288334608078
0.26540589332580566
0.2507757246494293
0.2344319373369217
0.21642820537090302
0.19684605300426483
0.17578572034835815
0.15337543189525604
0.1297590732574463
0.10510599613189697
0.07959770411252975
0.05343574285507202
0.026829611510038376
0.0
0.0
0.028774365782737732
0.05730433389544487
0.08534899353981018
0.11268077045679092
0.1390819102525711
0.16435809433460236
0.18832960724830627
0.2108454555273056
0.23177248239517212
0.2510073781013489
0.2684667408466339
0.28409525752067566
0.2978576123714447
0.30974113941192627
0.3197483718395233
0.3278939127922058
0.33419835567474365
0.33868277072906494
0.3413655459880829
0.3422583341598511
0.3413655459880829
0.33868277072906494
0.33419835567474365
0.3278939127922058
0.3197483718395233
0.30974113941192627
0.2978576123714447
0.28409525752067566
0.2684667408466339
0.2510073781013489
0.23177248239517212
0.2108454555273056
0.18832960724830627
0.16435809433460236
0.1390819102525711
0.11268077045679092
0.08534899353981018
0.05730433389544487
0.028774365782737732
0.0
0.0
0.030839186161756516
0.06140924245119095
0.0914454385638237
0.12069909274578094
0.1489337831735611
0.17594082653522491
0.20152932405471802
0.22554127871990204
0.24783949553966522
0.26831918954849243
0.28689736127853394
0.30351966619491577
0.31815245747566223
0.33078432083129883
0.34141960740089417
0.35007452964782715
0.35677191615104675
0.36153489351272583
0.3643839359283447
0.3653319478034973
0.3643839359283447
0.36153489351272583
0.35677191615104675
0.35007452964782715
0.34141960740089417
0.33078432083129883
0.31815245747566223
0.30351966619491577
0.28689736127853394
0.26831918954849243
0.24783949553966522
0.22554127871990204
0.20152932405471802
0.17594082653522491
0.1489337831735611
0.12069909274578094
0.0914454385638237
0.06140924245119095
0.030839186161756516
0.0
0.0
0.03304159268736839
0.06578471511602402
0.09793645888566971
0.12922346591949463
0.1593877375125885
0.18820449709892273
0.2154707908630371
0.24102194607257843
0.26471778750419617
0.28645408153533936
0.30615073442459106
0.3237573504447937
0.33924517035484314
0.3526069223880768
0.36385127902030945
0.37299808859825134
0.3800736963748932
0.38510429859161377
0.3881128132343292
0.38911378383636475
0.3881128132343292
0.38510429859161377
0.3800736963748932
0.37299808859825134
0.36385127902030945
0.3526069223880768
0.33924517035484314
0.3237573504447937
0.30615073442459106
0.28645408153533936
0.26471778750419617
0.24102194607257843
0.2154707908630371
0.18820449709892273
0.1593877375125885
0.12922346591949463
0.09793645888566971
0.06578471511602402
0.03304159268736839
0.0
0.0
0.035402338951826096
0.07047107815742493
0.10487975180149078
0.13832594454288483
0.17052672803401947
0.20123936235904694
0.23024816811084747
0.2573823928833008
0.28250059485435486
0.30550140142440796
0.3263109028339386
0.3448859453201294
0.3612062335014343
0.3752719759941101
0.38709932565689087
0.3967139422893524
0.4041476547718048
0.40943074226379395
0.4125894010066986
0.41364020109176636
0.4125894010066986
0.40943074226379395
0.4041476547718048
0.3967139422893524
0.38709932565689087
0.3752719759941101
0.3612062335014343
0.3448859453201294
0.3263109028339386
0.30550140142440796
0.28250059485435486
0.2573823928833008
0.23024816811084747
0.20123936235904694
0.17052672803401947
0.13832594454288483
0.10487975180149078
0.07047107815742493
0.035402338951826096
0.0
0.0
0.03794648498296738
0.07551702111959457
0.11234484612941742
0.14809317886829376
0.1824500858783722
0.21515284478664398
0.24597249925136566
0.2747333347797394
0.3012949228286743
0.325562059879303
0.34747081995010376
0.36698928475379944
0.3841100037097931
0.3988444209098816
0.41121968626976013
0.42127007246017456
0.42903509736061096
0.43455055356025696
0.43784698843955994
0.43894338607788086
0.43784698843955994
0.43455055356025696
0.42903509736061096
0.42127007246017456
0.41121968626976013
0.3988444209098816
0.3841100037097931
0.36698928475379944
0.34747081995010376
0.325562059879303
0.3012949228286743
0.2747333347797394
0.24597249925136566
0.21515284478664398
0.1824500858783722
0.14809317886829376
0.11234484612941742
0.07551702111959457
0.03794648498296738
0.0
0.0
0.0407046340405941
0.08098159730434418
0.12041518837213516
0.1586277037858963
0.19527344405651093
0.23006761074066162
0.2627680003643036
0.29319584369659424
0.3212152421474457
0.346741259098053
0.36972498893737793
0.39015063643455505
0.40802839398384094
0.42338529229164124
0.43626347184181213
0.4467089772224426
0.4547714293003082
0.4604939818382263
0.46391260623931885
0.4650493562221527
0.46391260623931885
0.4604939818382263
0.4547714293003082
0.4467089772224426
0.43626347184181213
0.42338529229164124
0.40802839398384094
0.39015063643455505
0.36972498893737793
0.346741259098053
0.3212152421474457
0.29319584369659424
0.2627680003643036
0.23006761074066162
0.19527344405651093
0.1586277037858963
0.12041518837213516
0.08098159730434418
0.0407046340405941
0.0
0.0
0.04371510446071625
0.08693870157003403
0.12919509410858154
0.17005735635757446
0.20914025604724884
0.24613486230373383
0.28078627586364746
0.3129158020019531
0.3423970341682434
0.3691610097885132
0.39318034052848816
0.4144611954689026
0.4330374002456665
0.44895651936531067
0.4622800648212433
0.47306931018829346
0.48138681054115295
0.48728492856025696
0.49080637097358704
0.49197694659233093
0.49080637097358704
0.48728492856025696
0.48138681054115295
0.47306931018829346
0.4622800648212433
0.44895651936531067
0.4330374002456665
0.4144611954689026
0.39318034052848816
0.3691610097885132
0.3423970341682434
0.3129158020019531
0.28078627586364746
0.24613486230373383
0.20914025604724884
0.17005735635757446
0.12919509410858154
0.08693870157003403
0.04371510446071625
0.0
0.0
0.04702606797218323
0.09348051995038986
0.13881295919418335
0.18253685534000397
0.22422073781490326
0.2635299563407898
0.3001990020275116
0.33405426144599915
0.3649860918521881
0.39294907450675964
0.4179455041885376
0.44001078605651855
0.4592091739177704
0.4756143391132355
0.48931193351745605
0.5003821849822998
0.5089033842086792
0.51493901014328
0.5185400247573853
0.5197365283966064
0.5185400247573853
0.51493901014328
0.5089033842086792
0.5003821849822998
0.48931193351745605
0.4756143391132355
0.4592091739177704
0.44001078605651855
0.4179455041885376
0.39294907450675964
0.3649860918521881
0.33405426144599915
0.3001990020275116
0.2635299563407898
0.22422073781490326
0.18253685534000397
0.13881295919418335
0.09348051995038986
0.04702606797218323
0.0
0.0
0.05070015788078308
0.10072672367095947
0.1494351625442505
0.19626589119434357
0.24073317646980286
0.2824757695198059
0.32122161984443665
0.356810063123703
0.3891586661338806
0.41825586557388306
0.44414448738098145
0.4668979346752167
0.4866190552711487
0.503413736820221
0.5173969268798828
0.5286715030670166
0.5373342633247375
0.5434619188308716
0.5471146106719971
0.5483278036117554
0.5471146106719971
0.5434619188308716
0.5373342633247375
0.5286715030670166
0.5173969268798828
0.503413736820221
0.4866190552711487
0.4668979346752167
0.44414448738098145
0.41825586557388306
0.3891586661338806
0.356810063123703
0.32122161984443665
0.2824757695198059
0.24073317646980286
0.19626589119434357
0.1494351625442505
0.10072672367095947
0.05070015788078308
0.0
0.0
0.05481851100921631
0.10883080959320068
0.16127143800258636
0.21149075031280518
0.2589401304721832
0.30323296785354614
0.3440990149974823
0.38140249252319336
0.4151031970977783
0.44523707032203674
0.47190093994140625
0.49521684646606445
0.5153351426124573
0.5324006676673889
0.5465627908706665
0.5579505562782288
0.5666819214820862
0.5728484392166138
0.5765206217765808
0.5777395963668823
0.5765206217765808
0.5728484392166138
0.5666819214820862
0.5579505562782288
0.5465627908706665
0.5324006676673889
0.5153351426124573
0.49521684646606445
0.47190093994140625
0.44523707032203674
0.4151031970977783
0.38140249252319336
0.3440990149974823
0.30323296785354614
0.2589401304721832
0.21149075031280518
0.16127143800258636
0.10883080959320068
0.05481851100921631
0.0
0.0
0.059491220861673355
0.11800055205821991
0.17460447549819946
0.22854115068912506
0.2791893184185028
0.32614192366600037
0.3691447973251343
0.40810588002204895
0.44304874539375305
0.4740755259990692
0.5013540983200073
0.5250678062438965
0.5454245805740356
0.562614917755127
0.5768274664878845
0.5882205367088318
0.5969352126121521
0.6030789613723755
0.606733500957489
0.6079458594322205
0.606733500957489
0.6030789613723755
0.5969352126121521
0.5882205367088318
0.5768274664878845
0.562614917755127
0.5454245805740356
0.5250678062438965
0.5013540983200073
0.4740755259990692
0.44304874539375305
0.40810588002204895
0.3691447973251343
0.32614192366600037
0.2791893184185028
0.22854115068912506
0.17460447549819946
0.11800055205821991
0.059491220861673355
0.0
0.0
0.06486596167087555
0.12851041555404663
0.18979917466640472
0.24783003330230713
0.30190202593803406
0.35160011053085327
0.39671218395233154
0.43721750378608704
0.47323405742645264
0.5049536824226379
0.5326360464096069
0.5565397143363953
0.576940655708313
0.5940815210342407
0.6081939339637756
0.6194679737091064
0.6280688047409058
0.6341203451156616
0.6377155184745789
0.6389073729515076
0.6377155184745789
0.6341203451156616
0.6280688047409058
0.6194679737091064
0.6081939339637756
0.5940815210342407
0.576940655708313
0.5565397143363953
0.5326360464096069
0.5049536824226379
0.47323405742645264
0.43721750378608704
0.39671218395233154
0.35160011053085327
0.30190202593803406
0.24783003330230713
0.18979917466640472
0.12851041555404663
0.06486596167087555
0.0
0.0
0.07115397602319717
0.1407523900270462
0.2073710560798645
0.2699333727359772
0.32765430212020874
0.380138099193573
0.4272579252719879
0.4691081941127777
0.5059440732002258
0.5380781292915344
0.5658863186836243
0.5897175669670105
0.6099253296852112
0.6268095970153809
0.6406472325325012
0.6516604423522949
0.6600381731987
0.6659201979637146
0.6694098711013794
0.6705659031867981
0.6694098711013794
0.6659201979637146
0.6600381731987
0.6516604423522949
0.6406472325325012
0.6268095970153809
0.6099253296852112
0.5897175669670105
0.5658863186836243
0.5380781292915344
0.5059440732002258
0.4691081941127777
0.4272579252719879
0.380138099193573
0.32765430212020874
0.2699333727359772
0.2073710560798645
0.1407523900270462
0.07115397602319717
0.0
0.0
0.07865176349878311
0.1552603840827942
0.22800157964229584
0.2955789268016815
0.35714155435562134
0.41236427426338196
0.46128085255622864
0.5041620135307312
0.5414577126502991
0.5736379027366638
0.601220965385437
0.6246607899665833
0.6443953514099121
0.6607847809791565
0.6741505265235901
0.6847457885742188
0.6927808523178101
0.6984095573425293
0.7017441391944885
0.7028478980064392
0.7017441391944885
0.6984095573425293
0.6927808523178101
0.6847457885742188
0.6741505265235901
0.6607847809791565
0.6443953514099121
0.6246607899665833
0.601220965385437
0.5736379027366638
0.5414577126502991
0.5041620135307312
0.46128085255622864
0.41236427426338196
0.35714155435562134
0.2955789268016815
0.22800157964229584
0.1552603840827942
0.07865176349878311
0.0
0.0
0.08781308680772781
0.17286072671413422
0.2527129054069519
0.325832337141037
0.3913429081439972
0.44909873604774475
0.4994167983531952
0.5428386926651001
0.5800836682319641
0.6118213534355164
0.6387375593185425
0.6614009737968445
0.6803362369537354
0.6959611177444458
0.7086373567581177
0.7186442613601685
0.7262090444564819
0.7314960360527039
0.7346234917640686
0.7356579303741455
0.7346234917640686
0.7314960360527039
0.7262090444564819
0.7186442613601685
0.7086373567581177
0.6959611177444458
0.6803362369537354
0.6614009737968445
0.6387375593185425
0.6118213534355164
0.5800836682319641
0.5428386926651001
0.4994167983531952
0.44909873604774475
0.3913429081439972
0.325832337141037
0.2527129054069519
0.17286072671413422
0.08781308680772781
0.0
0.0
0.09932125359773636
0.19470129907131195
0.2828851640224457
0.36202868819236755
0.43140846490859985
0.49123415350914
0.5423088669776917
0.5855652689933777
0.6220790147781372
0.65276038646698
0.6784787774085999
0.6999208927154541
0.7176911234855652
0.7322573661804199
0.744011640548706
0.7532516121864319
0.7602142095565796
0.7650688886642456
0.7679364085197449
0.7688841223716736
0.7679364085197449
0.7650688886642456
0.7602142095565796
0.7532516121864319
0.744011640548706
0.7322573661804199
0.7176911234855652
0.6999208927154541
0.6784787774085999
0.65276038646698
0.6220790147781372
0.5855652689933777
0.5423088669776917
0.49123415350914
0.43140846490859985
0.36202868819236755
0.2828851640224457
0.19470129907131195
0.09932125359773636
0.0
0.0
0.11430294066667557
0.22283560037612915
0.32075178623199463
0.4062301516532898
0.47897064685821533
0.5399340391159058
0.5907077193260193
0.6327763795852661
0.6676544547080994
0.6965174078941345
0.7204139828681946
0.7401342988014221
0.7563433051109314
0.7695412635803223
0.7801351547241211
0.7884283661842346
0.7946580052375793
0.7989917993545532
0.8015479445457458
0.8023920655250549
0.8015479445457458
0.7989917993545532
0.7946580052375793
0.7884283661842346
0.7801351547241211
0.7695412635803223
0.7563433051109314
0.7401342988014221
0.7204139828681946
0.6965174078941345
0.6676544547080994
0.6327763795852661
0.5907077193260193
0.5399340391159058
0.47897064685821533
0.4062301516532898
0.32075178623199463
0.22283560037612915
0.11430294066667557
0.0
0.0
0.1347024142742157
0.25998514890670776
0.3693557679653168
0.46087831258773804
0.5357860326766968
0.5962975025177002
0.6452213525772095
0.6847463250160217
0.7168713808059692
0.7430292367935181
0.7644109725952148
0.7818760275840759
0.7961149215698242
0.8076342344284058
0.8168339729309082
0.8240076899528503
0.8293805718421936
0.833110511302948
0.8353075385093689
0.836032509803772
0.8353075385093689
0.833110511302948
0.8293805718421936
0.8240076899528503
0.8168339729309082
0.8076342344284058
0.7961149215698242
0.7818760275840759
0.7644109725952148
0.7430292367935181
0.7168713808059692
0.6847463250160217
0.6452213525772095
0.5962975025177002
0.5357860326766968
0.46087831258773804
0.3693557679653168
0.25998514890670776
0.1347024142742157
0.0
0.0
0.1638128161430359
0.3127341568470001
0.4339943826198578
0.5298438668251038
0.6041111350059509
0.6614710092544556
0.7062846422195435
0.7415158748626709
0.7695667147636414
0.7920420169830322
0.8101866841316223
0.8248645067214966
0.8367407917976379
0.8462921977043152
0.8538854718208313
0.8597857356071472
0.8641933798789978
0.8672475218772888
0.8690443634986877
0.8696369528770447
0.8690443634986877
0.8672475218772888
0.8641933798789978
0.8597857356071472
0.8538854718208313
0.8462921977043152
0.8367407917976379
0.8248645067214966
0.8101866841316223
0.7920420169830322
0.7695667147636414
0.7415158748626709
0.7062846422195435
0.6614710092544556
0.6041111350059509
0.5298438668251038
0.4339943826198578
0.3127341568470001
0.1638128161430359
0.0
0.0
0.20923081040382385
0.3875713348388672
0.5216665267944336
0.616798996925354
0.6856945753097534
0.7359638810157776
0.7738070487976074
0.8027215600013733
0.8252876996994019
0.8430975675582886
0.8573156595230103
0.8687195777893066
0.8778870105743408
0.8852232098579407
0.8910331726074219
0.8955347537994385
0.8988903760910034
0.9012120366096497
0.9025766849517822
0.9030265212059021
0.9025766849517822
0.9012120366096497
0.8988903760910034
0.8955347537994385
0.8910331726074219
0.8852232098579407
0.8778870105743408
0.8687195777893066
0.8573156595230103
0.8430975675582886
0.8252876996994019
0.8027215600013733
0.7738070487976074
0.7359638810157776
0.6856945753097534
0.616798996925354
0.5216665267944336
0.3875713348388672
0.20923081040382385
0.0
0.0
0.2815670073032379
0.513992965221405
0.6432519555091858
0.7263417840003967
0.7811168432235718
0.8192182183265686
0.8467896580696106
0.8673692941665649
0.8831450939178467
0.8954459428787231
0.9051768183708191
0.9129300713539124
0.9191316366195679
0.9240757822990417
0.9279803037643433
0.9309991002082825
0.9332458972930908
0.9347987174987793
0.9357108473777771
0.9360113739967346
0.9357108473777771
0.9347987174987793
0.9332458972930908
0.9309991002082825
0.9279803037643433
0.9240757822990417
0.9191316366195679
0.9129300713539124
0.9051768183708191
0.8954459428787231
0.8831450939178467
0.8673692941665649
0.8467896580696106
0.8192182183265686
0.7811168432235718
0.7263417840003967
0.6432519555091858
0.513992965221405
0.2815670073032379
0.0
0.0
0.5299779772758484
0.7003730535507202
0.8068011403083801
0.8561559319496155
0.8882499933242798
0.9087132215499878
0.9232600331306458
0.9338652491569519
0.941911518573761
0.9481313824653625
0.9530251026153564
0.9569082856178284
0.9600053429603577
0.9624690413475037
0.9644116163253784
0.9659118056297302
0.9670274257659912
0.9677979946136475
0.9682504534721375
0.9683995246887207
0.9682504534721375
0.9677979946136475
0.9670274257659912
0.9659118056297302
0.9644116163253784
0.9624690413475037
0.9600053429603577
0.9569082856178284
0.9530251026153564
0.9481313824653625
0.941911518573761
0.9338652491569519
0.9232600331306458
0.9087132215499878
0.8882499933242798
0.8561559319496155
0.8068011403083801
0.7003730535507202
0.5299779772758484
0.0
1.0
1.0
1.0
1.0
1.0
1.0
1.0
1.0
1.0
1.0
1.0
1.0
1.0
1.0
1.0
1.0
1.0
1.0
1.0
1.0
1.0
1.0
1.0
1.0
1.0
1.0
1.0
1.0
1.0
1.0
1.0
1.0
1.0
1.0
1.0
1.0
1.0
1.0
1.0
1.0
1.0
