0.0
0.0
0.0
0.0
0.0
0.0
0.0
0.0
0.0
0.0
0.0
0.0
0.0
0.0
0.0
0.0
0.0
0.0
0.0
0.0
0.0
0.0
0.0
0.0
0.0
0.0
0.0
0.0
0.0
0.0
0.0
0.0
0.0
0.0
0.0
0.0
0.0
0.0
0.0
0.0
0.0
0.0
0.0020395531319081783
0.0037027958314865828
0.005103386472910643
0.006347638554871082
0.007481571286916733
0.008521722629666328
0.00947878323495388
0.010358436964452267
0.01116417907178402
0.011898006312549114
0.012561110779643059
0.013154128566384315
0.013677386566996574
0.014131004922091961
0.014514997601509094
0.014829316176474094
0.01507388986647129
0.015248646959662437
0.015353526920080185
0.015388491563498974
0.015353526920080185
0.015248646959662437
0.01507388986647129
0.014829316176474094
0.014514997601509094
0.014131004922091961
0.013677386566996574
0.013154128566384315
0.012561110779643059
0.011898006312549114
0.01116417907178402
0.010358436964452267
0.00947878323495388
0.008521722629666328
0.007481571286916733
0.006347638554871082
0.005103386472910643
0.0037027958314865828
0.0020395531319081783
0.0
0.0
0.0037194672040641308
0.007103530690073967
0.01000130269676447
0.012557915411889553
0.014869287610054016
0.016978763043880463
0.01891435496509075
0.02068977802991867
0.022313924506306648
0.02379167266190052
0.025126077234745026
0.02631879225373268
0.027370767667889595
0.028282441198825836
0.029053986072540283
0.02968541346490383
0.03017665632069111
0.0305276308208704
0.03073825314640999
0.0308084674179554
0.03073825314640999
0.0305276308208704
0.03017665632069111
0.02968541346490383
0.029053986072540283
0.028282441198825836
0.027370767667889595
0.02631879225373268
0.025126077234745026
0.02379167266190052
0.022313924506306648
0.02068977802991867
0.01891435496509075
0.016978763043880463
0.014869287610054016
0.012557915411889553
0.01000130269676447
0.007103530690073967
0.0037194672040641308
0.0
0.0
0.005165902432054281
0.010079207830131054
0.01453537680208683
0.018508564680814743
0.022073546424508095
0.025308758020401
0.02826470322906971
0.03096776269376278
0.033435460180044174
0.03567720577120781
0.037699222564697266
0.03950493410229683
0.04109650477766991
0.04247506335377693
0.04364124685525894
0.04459533095359802
0.04533741623163223
0.04586751013994217
0.04618558660149574
0.046291619539260864
0.04618558660149574
0.04586751013994217
0.04533741623163223
0.04459533095359802
0.04364124685525894
0.04247506335377693
0.04109650477766991
0.03950493410229683
0.037699222564697266
0.03567720577120781
0.033435460180044174
0.03096776269376278
0.02826470322906971
0.025308758020401
0.022073546424508095
0.018508564680814743
0.01453537680208683
0.010079207830131054
0.005165902432054281
0.0
0.0
0.006494720466434956
0.012792793102562428
0.018711205571889877
0.024130452424287796
0.029023265466094017
0.03345625847578049
0.037490665912628174
0.0411677360534668
0.044516075402498245
0.047551706433296204
0.050285689532756805
0.052724290639162064
0.05487172678112984
0.05673038214445114
0.05830180644989014
0.059586841613054276
0.060586005449295044
0.06129956245422363
0.061727654188871384
0.06187034770846367
0.061727654188871384
0.06129956245422363
0.060586005449295044
0.059586841613054276
0.05830180644989014
0.05673038214445114
0.05487172678112984
0.052724290639162064
0.050285689532756805
0.047551706433296204
0.044516075402498245
0.0411677360534668
0.037490665912628174
0.03345625847578049
0.029023265466094017
0.024130452424287796
0.018711205571889877
0.012792793102562428
0.006494720466434956
0.0
0.0
0.007761822082102299
0.015359077602624893
0.022629771381616592
0.029436351731419563
0.03568809852004051
0.04138421639800072
0.04656214267015457
0.051270291209220886
0.05554636940360069
0.05941462889313698
0.06289242953062057
0.06599004566669464
0.06871477514505386
0.07107094675302505
0.07306158542633057
0.07468851655721664
0.07595298439264297
0.07685571908950806
0.07739720493555069
0.07757767289876938
0.07739720493555069
0.07685571908950806
0.07595298439264297
0.07468851655721664
0.07306158542633057
0.07107094675302505
0.06871477514505386
0.06599004566669464
0.06289242953062057
0.05941462889313698
0.05554636940360069
0.051270291209220886
0.04656214267015457
0.04138421639800072
0.03568809852004051
0.029436351731419563
0.022629771381616592
0.015359077602624893
0.007761822082102299
0.0
0.0
0.008992704562842846
0.0178392231464386
0.026394138112664223
0.03452225401997566
0.04210832715034485
0.0490940697491169
0.055468637496232986
0.061265889555215836
0.06652248650789261
0.07126901298761368
0.07552899420261383
0.07931753247976303
0.08264587074518204
0.08552101254463196
0.08794812113046646
0.089930459856987
0.0914703756570816
0.09256935864686966
0.09322839230298996
0.09344801306724548
0.09322839230298996
0.09256935864686966
0.0914703756570816
0.089930459856987
0.08794812113046646
0.08552101254463196
0.08264587074518204
0.07931753247976303
0.07552899420261383
0.07126901298761368
0.06652248650789261
0.061265889555215836
0.055468637496232986
0.0490940697491169
0.04210832715034485
0.03452225401997566
0.026394138112664223
0.0178392231464386
0.008992704562842846
0.0
0.0
0.0102070402354002
0.020278871059417725
0.03008008562028408
0.03948032855987549
0.0483577661216259
0.05662369728088379
0.06422465294599533
0.07116011530160904
0.07744985818862915
0.08312399685382843
0.0882091373205185
0.09272516518831253
0.09668760001659393
0.10010675340890884
0.1029905155301094
0.10534409433603287
0.10717137157917023
0.10847488790750504
0.10925637930631638
0.10951676219701767
0.10925637930631638
0.10847488790750504
0.10717137157917023
0.10534409433603287
0.1029905155301094
0.10010675340890884
0.09668760001659393
0.09272516518831253
0.0882091373205185
0.08312399685382843
0.07744985818862915
0.07116011530160904
0.06422465294599533
0.05662369728088379
0.0483577661216259
0.03948032855987549
0.03008008562028408
0.020278871059417725
0.0102070402354002
0.0
0.0
0.011418857611715794
0.022708335891366005
0.03373872488737106
0.04438364878296852
0.054520558565855026
0.06404606252908707
0.0728786289691925
0.08098221570253372
0.08834896236658096
0.0949980616569519
0.10095290094614029
0.10623593628406525
0.11086615175008774
0.11485734581947327
0.11822053045034409
0.12096327543258667
0.1230914369225502
0.12460890412330627
0.12551839649677277
0.12582138180732727
0.12551839649677277
0.12460890412330627
0.1230914369225502
0.12096327543258667
0.11822053045034409
0.11485734581947327
0.11086615175008774
0.10623593628406525
0.10095290094614029
0.0949980616569519
0.08834896236658096
0.08098221570253372
0.0728786289691925
0.06404606252908707
0.054520558565855026
0.04438364878296852
0.03373872488737106
0.022708335891366005
0.011418857611715794
0.0
0.0
0.01264013722538948
0.025153351947665215
0.03741240128874779
0.04929272457957268
0.060671400278806686
0.07143794000148773
0.08149495720863342
0.09077942371368408
0.09925483167171478
0.10692016035318375
0.11378767341375351
0.11987809091806412
0.12521158158779144
0.12980492413043976
0.13367222249507904
0.13682372868061066
0.13926757872104645
0.14100933074951172
0.14205293357372284
0.14240053296089172
0.14205293357372284
0.14100933074951172
0.13926757872104645
0.13682372868061066
0.13367222249507904
0.12980492413043976
0.12521158158779144
0.11987809091806412
0.11378767341375351
0.10692016035318375
0.09925483167171478
0.09077942371368408
0.08149495720863342
0.07143794000148773
0.060671400278806686
0.04929272457957268
0.03741240128874779
0.025153351947665215
0.01264013722538948
0.0
0.0
0.013881033286452293
0.02763500064611435
0.04113459959626198
0.05425512418150902
0.06687270104885101
0.07887265086174011
0.09014824032783508
0.10061787068843842
0.11022110283374786
0.11893396079540253
0.1267516314983368
0.13368768990039825
0.1397598385810852
0.14498630166053772
0.1493835598230362
0.1529645472764969
0.15573984384536743
0.15771691501140594
0.1589011549949646
0.15929555892944336
0.1589011549949646
0.15771691501140594
0.15573984384536743
0.1529645472764969
0.1493835598230362
0.14498630166053772
0.1397598385810852
0.13368768990039825
0.1267516314983368
0.11893396079540253
0.11022110283374786
0.10061787068843842
0.09014824032783508
0.07887265086174011
0.06687270104885101
0.05425512418150902
0.04113459959626198
0.02763500064611435
0.013881033286452293
0.0
0.0
0.01515112817287445
0.030172977596521378
0.044936154037714005
0.05931401252746582
0.07318047434091568
0.08641723543405533
0.0989110991358757
0.11056818068027496
0.1213105097413063
0.13109301030635834
0.13989154994487762
0.14770753681659698
0.15455199778079987
0.16044211387634277
0.16539542376995087
0.1694270819425583
0.17255008220672607
0.1747739315032959
0.17610561847686768
0.176549032330513
0.17610561847686768
0.1747739315032959
0.17255008220672607
0.1694270819425583
0.16539542376995087
0.16044211387634277
0.15455199778079987
0.14770753681659698
0.13989154994487762
0.13109301030635834
0.1213105097413063
0.11056818068027496
0.0989110991358757
0.08641723543405533
0.07318047434091568
0.05931401252746582
0.044936154037714005
0.030172977596521378
0.01515112817287445
0.0
0.0
0.016459397971630096
0.03278549015522003
0.04884500056505203
0.06450772285461426
0.0796440839767456
0.09413190931081772
0.1078527495265007
0.12070397287607193
0.13259485363960266
0.14346298575401306
0.15326590836048126
0.16199028491973877
0.16963697969913483
0.17621928453445435
0.1817537546157837
0.18625694513320923
0.18974386155605316
0.19222596287727356
0.19371190667152405
0.1942066252231598
0.19371190667152405
0.19222596287727356
0.18974386155605316
0.18625694513320923
0.1817537546157837
0.17621928453445435
0.16963697969913483
0.16199028491973877
0.15326590836048126
0.14346298575401306
0.13259485363960266
0.12070397287607193
0.1078527495265007
0.09413190931081772
0.0796440839767456
0.06450772285461426
0.04884500056505203
0.03278549015522003
0.016459397971630096
0.0
0.0
0.01781492494046688
0.03549082577228546
0.05288887768983841
0.06987378001213074
0.08631113171577454
0.10207415372133255
0.11703921854496002
0.13109686970710754
0.1441468596458435
0.15611350536346436
0.16693875193595886
0.1765943020582199
0.185068741440773
0.19236871600151062
0.198507621884346
0.2035021185874939
0.20736849308013916
0.21011997759342194
0.21176686882972717
0.21231509745121002
0.21176686882972717
0.21011997759342194
0.20736849308013916
0.2035021185874939
0.198507621884346
0.19236871600151062
0.185068741440773
0.1765943020582199
0.16693875193595886
0.15611350536346436
0.1441468596458435
0.13109686970710754
0.11703921854496002
0.10207415372133255
0.08631113171577454
0.06987378001213074
0.05288887768983841
0.03549082577228546
0.01781492494046688
0.0
0.0
0.019226860255002975
0.038307301700115204
0.05709529295563698
0.07544892281293869
0.09322761744260788
0.11029907315969467
0.12653422355651855
0.14181756973266602
0.15604141354560852
0.16911984980106354
0.18098227679729462
0.19158676266670227
0.20090939104557037
0.20894834399223328
0.21571189165115356
0.2212153524160385
0.22547535598278046
0.22850652039051056
0.230320543050766
0.2309243530035019
0.230320543050766
0.22850652039051056
0.22547535598278046
0.2212153524160385
0.21571189165115356
0.20894834399223328
0.20090939104557037
0.19158676266670227
0.18098227679729462
0.16911984980106354
0.15604141354560852
0.14181756973266602
0.12653422355651855
0.11029907315969467
0.09322761744260788
0.07544892281293869
0.05709529295563698
0.038307301700115204
0.019226860255002975
0.0
0.0
0.0207049697637558
0.04125434160232544
0.061493147164583206
0.08127129077911377
0.1004405990242958
0.11886225640773773
0.13640108704566956
0.15293589234352112
0.1683526188135147
0.18255750834941864
0.19547030329704285
0.20703767240047455
0.21722427010536194
0.22601903975009918
0.2334238439798355
0.23945122957229614
0.24411717057228088
0.24743704497814178
0.24942368268966675
0.25008490681648254
0.24942368268966675
0.24743704497814178
0.24411717057228088
0.23945122957229614
0.2334238439798355
0.22601903975009918
0.21722427010536194
0.20703767240047455
0.19547030329704285
0.18255750834941864
0.1683526188135147
0.15293589234352112
0.13640108704566956
0.11886225640773773
0.1004405990242958
0.08127129077911377
0.061493147164583206
0.04125434160232544
0.0207049697637558
0.0
0.0
0.0222596675157547
0.04435261711478233
0.06611303985118866
0.08738098293542862
0.10799913853406906
0.12782104313373566
0.14670470356941223
0.1645231693983078
0.181156724691391
0.19650548696517944
0.21048182249069214
0.22302353382110596
0.23408563435077667
0.24364832043647766
0.2517065703868866
0.25826919078826904
0.26335060596466064
0.266966313123703
0.26912999153137207
0.26985010504722595
0.26912999153137207
0.266966313123703
0.26335060596466064
0.25826919078826904
0.2517065703868866
0.24364832043647766
0.23408563435077667
0.22302353382110596
0.21048182249069214
0.19650548696517944
0.181156724691391
0.1645231693983078
0.14670470356941223
0.12782104313373566
0.10799913853406906
0.08738098293542862
0.06611303985118866
0.04435261711478233
0.0222596675157547
0.0
0.0
0.02390255220234394
0.047625016421079636
0.07098859548568726
0.09382154047489166
0.11595576256513596
0.13723593950271606
0.15751242637634277
0.17665234208106995
0.19453077018260956
0.21104301512241364
0.22609615325927734
0.23962152004241943
0.2515668272972107
0.26190486550331116
0.27062416076660156
0.2777293622493744
0.2832326292991638
0.28714919090270996
0.2894929349422455
0.2902730107307434
0.2894929349422455
0.28714919090270996
0.2832326292991638
0.2777293622493744
0.27062416076660156
0.26190486550331116
0.2515668272972107
0.23962152004241943
0.22609615325927734
0.21104301512241364
0.19453077018260956
0.17665234208106995
0.15751242637634277
0.13723593950271606
0.11595576256513596
0.09382154047489166
0.07098859548568726
0.047625016421079636
0.02390255220234394
0.0
0.0
0.025646604597568512
0.05109713226556778
0.07615727931261063
0.10064131766557693
0.12436848878860474
0.14717325568199158
0.16889742016792297
0.18940195441246033
0.2085571438074112
0.22625456750392914
0.24239793419837952
0.2569144368171692
0.2697470486164093
0.28086304664611816
0.29024577140808105
0.29789605736732483
0.30382364988327026
0.3080430030822754
0.3105681836605072
0.3114086985588074
0.3105681836605072
0.3080430030822754
0.30382364988327026
0.29789605736732483
0.29024577140808105
0.28086304664611816
0.2697470486164093
0.2569144368171692
0.24239793419837952
0.22625456750392914
0.2085571438074112
0.18940195441246033
0.16889742016792297
0.14717325568199158
0.12436848878860474
0.10064131766557693
0.07615727931261063
0.05109713226556778
0.025646604597568512
0.0
0.0
0.02750680223107338
0.054798346012830734
0.08166176080703735
0.10789477825164795
0.1333017498254776
0.15770550072193146
0.18093834817409515
0.2028549760580063
0.2233213186264038
0.2422265112400055
0.25947266817092896
0.27498525381088257
0.2887052595615387
0.30059680342674255
0.3106400668621063
0.3188328146934509
0.32518285512924194
0.3297038972377777
0.33240988850593567
0.333310604095459
0.33240988850593567
0.3297038972377777
0.32518285512924194
0.3188328146934509
0.3106400668621063
0.30059680342674255
0.2887052595615387
0.27498525381088257
0.25947266817092896
0.2422265112400055
0.2233213186264038
0.2028549760580063
0.18093834817409515
0.15770550072193146
0.1333017498254776
0.10789477825164795
0.08166176080703735
0.054798346012830734
0.02750680223107338
0.0
0.0
0.02950061485171318
0.058762889355421066
0.08755169808864594
0.11564511805772781
0.14283007383346558
0.1689160168170929
0.19372493028640747
0.21710507571697235
0.23891881108283997
0.25905412435531616
0.2774137258529663
0.29392382502555847
0.3085264265537262
0.32118523120880127
0.33187970519065857
0.3406062126159668
0.3473716378211975
0.35218918323516846
0.35507291555404663
0.3560328185558319
0.35507291555404663
0.35218918323516846
0.3473716378211975
0.3406062126159668
0.33187970519065857
0.32118523120880127
0.3085264265537262
0.29392382502555847
0.2774137258529663
0.25905412435531616
0.23891881108283997
0.21710507571697235
0.19372493028640747
0.1689160168170929
0.14283007383346558
0.11564511805772781
0.08755169808864594
0.058762889355421066
0.02950061485171318
0.0
0.0
0.031648844480514526
0.06303131580352783
0.0938853770494461
0.12396565824747086
0.15303857624530792
0.1808985322713852
0.20735616981983185
0.23225371539592743
0.255450963973999
0.27683666348457336
0.296316534280777
0.3138205111026764
0.3292948007583618
0.3427058160305023
0.35403531789779663
0.36328038573265076
0.3704485297203064
0.3755532205104828
0.37860897183418274
0.37962618470191956
0.37860897183418274
0.3755532205104828
0.3704485297203064
0.36328038573265076
0.35403531789779663
0.3427058160305023
0.3292948007583618
0.3138205111026764
0.296316534280777
0.27683666348457336
0.255450963973999
0.23225371539592743
0.20735616981983185
0.1808985322713852
0.15303857624530792
0.12396565824747086
0.0938853770494461
0.06303131580352783
0.031648844480514526
0.0
0.0
0.033976659178733826
0.06765266507863998
0.10073322057723999
0.13294480741024017
0.16402967274188995
0.1937650889158249
0.22194966673851013
0.2484201192855835
0.2730354070663452
0.2956874966621399
0.3162883520126343
0.3347749412059784
0.3511016070842743
0.36524102091789246
0.37718069553375244
0.38692107796669006
0.3944723904132843
0.3998495638370514
0.4030683636665344
0.40413984656333923
0.4030683636665344
0.3998495638370514
0.3944723904132843
0.38692107796669006
0.37718069553375244
0.36524102091789246
0.3511016070842743
0.3347749412059784
0.3162883520126343
0.2956874966621399
0.2730354070663452
0.2484201192855835
0.22194966673851013
0.1937650889158249
0.16402967274188995
0.13294480741024017
0.10073322057723999
0.06765266507863998
0.033976659178733826
0.0
0.0
0.03651490435004234
0.07268665730953217
0.10818009078502655
0.14268764853477478
0.17592301964759827
0.2076442688703537
0.23763757944107056
0.2657355070114136
0.291798859834671
0.31572604179382324
0.337439626455307
0.35688766837120056
0.3740370273590088
0.3888707756996155
0.401386022567749
0.41158971190452576
0.4194973111152649
0.425126850605011
0.42849627137184143
0.42961782217025757
0.42849627137184143
0.425126850605011
0.4194973111152649
0.41158971190452576
0.401386022567749
0.3888707756996155
0.3740370273590088
0.35688766837120056
0.337439626455307
0.31572604179382324
0.291798859834671
0.2657355070114136
0.23763757944107056
0.2076442688703537
0.17592301964759827
0.14268764853477478
0.10818009078502655
0.07268665730953217
0.03651490435004234
0.0
0.0
0.039302222430706024
0.0782080739736557
0.11633215099573135
0.1533253788948059
0.1888674944639206
0.22269514203071594
0.25458210706710815
0.2843591272830963
0.3118927478790283
0.33709269762039185
0.3598974049091339
0.38027140498161316
0.39819949865341187
0.41367971897125244
0.42672330141067505
0.4373472332954407
0.44557511806488037
0.4514300227165222
0.4549334645271301
0.4560994803905487
0.4549334645271301
0.4514300227165222
0.44557511806488037
0.4373472332954407
0.42672330141067505
0.41367971897125244
0.39819949865341187
0.38027140498161316
0.3598974049091339
0.33709269762039185
0.3118927478790283
0.2843591272830963
0.25458210706710815
0.22269514203071594
0.1888674944639206
0.1533253788948059
0.11633215099573135
0.0782080739736557
0.039302222430706024
0.0
0.0
0.04238729551434517
0.08431039750576019
0.1253204196691513
0.16501721739768982
0.2030402272939682
0.2391027957201004
0.272967666387558
0.30446764826774597
0.33348116278648376
0.3599355220794678
0.3837924897670746
0.4050392210483551
0.4236850440502167
0.4397481381893158
0.45325884222984314
0.4642479717731476
0.4727504551410675
0.47879666090011597
0.4824132025241852
0.48361656069755554
0.4824132025241852
0.47879666090011597
0.4727504551410675
0.4642479717731476
0.45325884222984314
0.4397481381893158
0.4236850440502167
0.4050392210483551
0.3837924897670746
0.3599355220794678
0.33348116278648376
0.30446764826774597
0.272967666387558
0.2391027957201004
0.2030402272939682
0.16501721739768982
0.1253204196691513
0.08431039750576019
0.04238729551434517
0.0
0.0
0.04583338648080826
0.09111497551202774
0.13531465828418732
0.1779688149690628
0.21866881847381592
0.2571032643318176
0.29302680492401123
0.326280802488327
0.35676443576812744
0.3844316303730011
0.409277081489563
0.4313187897205353
0.45059818029403687
0.46715980768203735
0.48105835914611816
0.4923425614833832
0.5010621547698975
0.5072570443153381
0.5109604597091675
0.51219242811203
0.5109604597091675
0.5072570443153381
0.5010621547698975
0.4923425614833832
0.48105835914611816
0.46715980768203735
0.45059818029403687
0.4313187897205353
0.409277081489563
0.3844316303730011
0.35676443576812744
0.326280802488327
0.29302680492401123
0.2571032643318176
0.21866881847381592
0.1779688149690628
0.13531465828418732
0.09111497551202774
0.04583338648080826
0.0
0.0
0.04972255602478981
0.09877760708332062
0.14652913808822632
0.1924341470003128
0.23602734506130219
0.2769729793071747
0.3150244355201721
0.3500416874885559
0.3819579482078552
0.4107658863067627
0.4365054666996002
0.4592353105545044
0.479037880897522
0.49599066376686096
0.5101783871650696
0.5216718912124634
0.53053879737854
0.5368310213088989
0.5405899286270142
0.5418398976325989
0.5405899286270142
0.5368310213088989
0.53053879737854
0.5216718912124634
0.5101783871650696
0.49599066376686096
0.479037880897522
0.4592353105545044
0.4365054666996002
0.4107658863067627
0.3819579482078552
0.3500416874885559
0.3150244355201721
0.2769729793071747
0.23602734506130219
0.1924341470003128
0.14652913808822632
0.09877760708332062
0.04972255602478981
0.0
0.0
0.054165955632925034
0.10750899463891983
0.15925262868404388
0.20875348150730133
0.2554796636104584
0.29907453060150146
0.339302122592926
0.37605753540992737
0.40932732820510864
0.43915972113609314
0.4656561613082886
0.4889279305934906
0.5091086030006409
0.5263159275054932
0.5406700372695923
0.5522679090499878
0.5611980557441711
0.56752610206604
0.5713032484054565
0.5725586414337158
0.5713032484054565
0.56752610206604
0.5611980557441711
0.5522679090499878
0.5406700372695923
0.5263159275054932
0.5091086030006409
0.4889279305934906
0.4656561613082886
0.43915972113609314
0.40932732820510864
0.37605753540992737
0.339302122592926
0.29907453060150146
0.2554796636104584
0.20875348150730133
0.15925262868404388
0.10750899463891983
0.054165955632925034
0.0
0.0
0.05931280925869942
0.11758754402399063
0.17385786771774292
0.22735299170017242
0.27746662497520447
0.3238314390182495
0.3662451505661011
0.4046624004840851
0.4391513764858246
0.4698372781276703
0.49690309166908264
0.5205263495445251
0.5409026145935059
0.5581969618797302
0.5725700855255127
0.5841483473777771
0.5930433869361877
0.5993362069129944
0.6030884385108948
0.6043348908424377
0.6030884385108948
0.5993362069129944
0.5930433869361877
0.5841483473777771
0.5725700855255127
0.5581969618797302
0.5409026145935059
0.5205263495445251
0.49690309166908264
0.4698372781276703
0.4391513764858246
0.4046624004840851
0.3662451505661011
0.3238314390182495
0.27746662497520447
0.22735299170017242
0.17385786771774292
0.11758754402399063
0.05931280925869942
0.0
0.0
0.06537610292434692
0.12941043078899384
0.19087152183055878
0.24882812798023224
0.302593469619751
0.35181301832199097
0.3963570296764374
0.4362795054912567
0.47177016735076904
0.5030605792999268
0.5304394364356995
0.554165780544281
0.574508011341095
0.5916846990585327
0.6059008240699768
0.6173142790794373
0.6260605454444885
0.6322367191314697
0.635915219783783
0.6371363997459412
0.635915219783783
0.6322367191314697
0.6260605454444885
0.6173142790794373
0.6059008240699768
0.5916846990585327
0.574508011341095
0.554165780544281
0.5304394364356995
0.5030605792999268
0.47177016735076904
0.4362795054912567
0.3963570296764374
0.35181301832199097
0.302593469619751
0.24882812798023224
0.19087152183055878
0.12941043078899384
0.06537610292434692
0.0
0.0
0.07265487313270569
0.14351846277713776
0.2109891176223755
0.27393046021461487
0.33159002661705017
0.3836720883846283
0.43018898367881775
0.47135016322135925
0.5075220465660095
0.5390773415565491
0.5664371848106384
0.5899574756622314
0.6099883317947388
0.6268065571784973
0.640662670135498
0.6517463326454163
0.6602165102958679
0.6661856770515442
0.669736385345459
0.670914351940155
0.669736385345459
0.6661856770515442
0.6602165102958679
0.6517463326454163
0.640662670135498
0.6268065571784973
0.6099883317947388
0.5899574756622314
0.5664371848106384
0.5390773415565491
0.5075220465660095
0.47135016322135925
0.43018898367881775
0.3836720883846283
0.33159002661705017
0.27393046021461487
0.2109891176223755
0.14351846277713776
0.07265487313270569
0.0
0.0
0.08160571753978729
0.16074776649475098
0.23525553941726685
0.3037647604942322
0.365492045879364
0.4202994704246521
0.468456894159317
0.5104177594184875
0.5467979907989502
0.5781533718109131
0.6050639748573303
0.6279950141906738
0.6473826766014099
0.6635624766349792
0.6768279671669006
0.6873982548713684
0.6954525709152222
0.7011166214942932
0.704481303691864
0.7055967450141907
0.704481303691864
0.7011166214942932
0.6954525709152222
0.6873982548713684
0.6768279671669006
0.6635624766349792
0.6473826766014099
0.6279950141906738
0.6050639748573303
0.5781533718109131
0.5467979907989502
0.5104177594184875
0.468456894159317
0.4202994704246521
0.365492045879364
0.3037647604942322
0.23525553941726685
0.16074776649475098
0.08160571753978729
0.0
0.0
0.0929163470864296
0.1822594255208969
0.2650781571865082
0.33971256017684937
0.40551406145095825
0.4626666009426117
0.51189124584198
0.5539987683296204
0.5899414420127869
0.6204999685287476
0.6464332938194275
0.6683225035667419
0.6866865158081055
0.7019150257110596
0.7143375277519226
0.72419673204422
0.731686532497406
0.7369422316551208
0.740060031414032
0.7410928606987
0.740060031414032
0.7369422316551208
0.731686532497406
0.72419673204422
0.7143375277519226
0.7019150257110596
0.6866865158081055
0.6683225035667419
0.6464332938194275
0.6204999685287476
0.5899414420127869
0.5539987683296204
0.51189124584198
0.4626666009426117
0.40551406145095825
0.33971256017684937
0.2650781571865082
0.1822594255208969
0.0929163470864296
0.0
0.0
0.1077181026339531
0.2101292908191681
0.3027469217777252
0.3839256465435028
0.45340844988822937
0.512071967124939
0.5613803863525391
0.6026578545570374
0.6372795104980469
0.6662797331809998
0.6905978322029114
0.7109216451644897
0.7278375625610352
0.7417755722999573
0.7530877590179443
0.7620302438735962
0.7688034176826477
0.7735459804534912
0.7763555645942688
0.777285635471344
0.7763555645942688
0.7735459804534912
0.7688034176826477
0.7620302438735962
0.7530877590179443
0.7417755722999573
0.7278375625610352
0.7109216451644897
0.6905978322029114
0.6662797331809998
0.6372795104980469
0.6026578545570374
0.5613803863525391
0.512071967124939
0.45340844988822937
0.3839256465435028
0.3027469217777252
0.2101292908191681
0.1077181026339531
0.0
0.0
0.12796443700790405
0.247110515832901
0.3513641655445099
0.4389486610889435
0.5110639333724976
0.5697624683380127
0.6176794767379761
0.6568052768707275
0.688991367816925
0.715528130531311
0.737505316734314
0.7556906342506409
0.7707074880599976
0.7830036878585815
0.7929344177246094
0.8007551431655884
0.80666184425354
0.8107892870903015
0.8132312893867493
0.8140391111373901
0.8132312893867493
0.8107892870903015
0.80666184425354
0.8007551431655884
0.7929344177246094
0.7830036878585815
0.7707074880599976
0.7556906342506409
0.737505316734314
0.715528130531311
0.688991367816925
0.6568052768707275
0.6176794767379761
0.5697624683380127
0.5110639333724976
0.4389486610889435
0.3513641655445099
0.247110515832901
0.12796443700790405
0.0
0.0
0.15695936977863312
0.2998548448085785
0.41641706228256226
0.5088900923728943
0.5810080766677856
0.6371398568153381
0.6814457774162292
0.7166633009910583
0.7450564503669739
0.7680995464324951
0.7869530320167542
0.8024064898490906
0.8150731921195984
0.8253852725028992
0.8336760997772217
0.8401829600334167
0.8450846076011658
0.8485034704208374
0.8505239486694336
0.8511918783187866
0.8505239486694336
0.8485034704208374
0.8450846076011658
0.8401829600334167
0.8336760997772217
0.8253852725028992
0.8150731921195984
0.8024064898490906
0.7869530320167542
0.7680995464324951
0.7450564503669739
0.7166633009910583
0.6814457774162292
0.6371398568153381
0.5810080766677856
0.5088900923728943
0.41641706228256226
0.2998548448085785
0.15695936977863312
0.0
0.0
0.2023082971572876
0.3749619424343109
0.5050594210624695
0.5977135300636292
0.6652898788452148
0.7149984240531921
0.7528199553489685
0.782049834728241
0.805155873298645
0.8236322999000549
0.8385829329490662
0.8507350087165833
0.8606312274932861
0.8686480522155762
0.8750687837600708
0.8800932765007019
0.8838700652122498
0.8865002393722534
0.8880531191825867
0.888566255569458
0.8880531191825867
0.8865002393722534
0.8838700652122498
0.8800932765007019
0.8750687837600708
0.8686480522155762
0.8606312274932861
0.8507350087165833
0.8385829329490662
0.8236322999000549
0.805155873298645
0.782049834728241
0.7528199553489685
0.7149984240531921
0.6652898788452148
0.5977135300636292
0.5050594210624695
0.3749619424343109
0.2023082971572876
0.0
0.0
0.2747994661331177
0.5022204518318176
0.628977358341217
0.7106979489326477
0.76505446434021
0.8031823635101318
0.8310816287994385
0.8521549701690674
0.8685189485549927
0.8814492225646973
0.8918164968490601
0.9001874923706055
0.9069695472717285
0.9124425649642944
0.9168128371238708
0.920225203037262
0.9227859377861023
0.9245671629905701
0.9256179928779602
0.9259650707244873
0.9256179928779602
0.9245671629905701
0.9227859377861023
0.920225203037262
0.9168128371238708
0.9124425649642944
0.9069695472717285
0.9001874923706055
0.8918164968490601
0.8814492225646973
0.8685189485549927
0.8521549701690674
0.8310816287994385
0.8031823635101318
0.76505446434021
0.7106979489326477
0.628977358341217
0.5022204518318176
0.2747994661331177
0.0
0.0
0.523150622844696
0.691077470779419
0.7973104119300842
0.8464346528053284
0.8788034915924072
0.8995622992515564
0.9145070910453796
0.925527036190033
0.9339978694915771
0.9406322240829468
0.9459216594696045
0.9501742124557495
0.9536085724830627
0.956373393535614
0.9585771560668945
0.9602954387664795
0.9615836143493652
0.9624790549278259
0.9630070328712463
0.9631813764572144
0.9630070328712463
0.9624790549278259
0.9615836143493652
0.9602954387664795
0.9585771560668945
0.956373393535614
0.9536085724830627
0.9501742124557495
0.9459216594696045
0.9406322240829468
0.9339978694915771
0.925527036190033
0.9145070910453796
0.8995622992515564
0.8788034915924072
0.8464346528053284
0.7973104119300842
0.691077470779419
0.523150622844696
0.0
1.0
1.0
1.0
1.0
1.0
1.0
1.0
1.0
1.0
1.0
1.0
1.0
1.0
1.0
1.0
1.0
1.0
1.0
1.0
1.0
1.0
1.0
1.0
1.0
1.0
1.0
1.0
1.0
1.0
1.0
1.0
1.0
1.0
1.0
1.0
1.0
1.0
1.0
1.0
1.0
1.0
