0.0
0.0
0.0
0.0
0.0
0.0
0.0
0.0
0.0
0.0
0.0
0.0
0.0
0.0
0.0
0.0
0.0
0.0
0.0
0.0
0.0
0.0
0.0
0.0
0.0
0.0
0.0
0.0
0.0
0.0
0.0
0.0
0.0
0.0
0.0
0.0
0.0
0.0
0.0
0.0
0.0
0.0
0.0021357827354222536
0.004004608374089003
0.005647736135870218
0.007132813334465027
0.00849574338644743
0.009752071462571621
0.010911830700933933
0.01198037713766098
0.012960992753505707
0.01385545264929533
0.014664728194475174
0.015389231033623219
0.01602907106280327
0.016584167256951332
0.017054351046681404
0.01743941195309162
0.017739148810505867
0.017953382804989815
0.01808197796344757
0.018124854192137718
0.01808197796344757
0.017953382804989815
0.017739148810505867
0.01743941195309162
0.017054351046681404
0.016584167256951332
0.01602907106280327
0.015389231033623219
0.014664728194475174
0.01385545264929533
0.012960992753505707
0.01198037713766098
0.010911830700933933
0.009752071462571621
0.00849574338644743
0.007132813334465027
0.005647736135870218
0.004004608374089003
0.0021357827354222536
0.0
0.0
0.00402360362932086
0.007767063565552235
0.011112866923213005
0.014135509729385376
0.01689845696091652
0.0194378774613142
0.02177758701145649
0.02393009141087532
0.025903455913066864
0.027701998129487038
0.029328279197216034
0.030783498659729958
0.03206817805767059
0.03318236395716667
0.034125879406929016
0.03489843010902405
0.035499703139066696
0.03592941164970398
0.03618732839822769
0.03627331927418709
0.03618732839822769
0.03592941164970398
0.035499703139066696
0.03489843010902405
0.034125879406929016
0.03318236395716667
0.03206817805767059
0.030783498659729958
0.029328279197216034
0.027701998129487038
0.025903455913066864
0.02393009141087532
0.02177758701145649
0.0194378774613142
0.01689845696091652
0.014135509729385376
0.011112866923213005
0.007767063565552235
0.00402360362932086
0.0
0.0
0.0057195196859538555
0.011201784014701843
0.016273267567157745
0.020901363343000412
0.025124818086624146
0.02899639680981636
0.03255416452884674
0.035820458084344864
0.03881026804447174
0.04153181612491608
0.04399034008383751
0.04618855193257332
0.04812795668840408
0.04980912804603577
0.05123220384120941
0.052397049963474274
0.053303416818380356
0.05395105108618736
0.05433972179889679
0.05446929857134819
0.05433972179889679
0.05395105108618736
0.053303416818380356
0.052397049963474274
0.05123220384120941
0.04980912804603577
0.04812795668840408
0.04618855193257332
0.04399034008383751
0.04153181612491608
0.03881026804447174
0.035820458084344864
0.03255416452884674
0.02899639680981636
0.025124818086624146
0.020901363343000412
0.016273267567157745
0.011201784014701843
0.0057195196859538555
0.0
0.0
0.007302829064428806
0.014406001195311546
0.02113412134349346
0.027381841093301773
0.03311823680996895
0.03837944567203522
0.04320527985692024
0.047627005726099014
0.051667191088199615
0.05533925071358681
0.0586523599922657
0.061611633747816086
0.06422034651041031
0.06648015975952148
0.06839200854301453
0.0699562355875969
0.07117296010255814
0.07204213738441467
0.07256368547677994
0.07273754477500916
0.07256368547677994
0.07204213738441467
0.07117296010255814
0.0699562355875969
0.06839200854301453
0.06648015975952148
0.06422034651041031
0.061611633747816086
0.0586523599922657
0.05533925071358681
0.051667191088199615
0.047627005726099014
0.04320527985692024
0.03837944567203522
0.03311823680996895
0.027381841093301773
0.02113412134349346
0.014406001195311546
0.007302829064428806
0.0
0.0
0.008820968680083752
0.01746547967195511
0.025766830891370773
0.03359362110495567
0.04086243361234665
0.04756104573607445
0.05370747670531273
0.059333283454179764
0.06446531414985657
0.06912251561880112
0.07331869751214981
0.07706228643655777
0.08035916835069656
0.08321274071931839
0.0856252983212471
0.08759812265634537
0.08913203328847885
0.09022744745016098
0.09088461846113205
0.09110366553068161
0.09088461846113205
0.09022744745016098
0.08913203328847885
0.08759812265634537
0.0856252983212471
0.08321274071931839
0.08035916835069656
0.07706228643655777
0.07331869751214981
0.06912251561880112
0.06446531414985657
0.059333283454179764
0.05370747670531273
0.04756104573607445
0.04086243361234665
0.03359362110495567
0.025766830891370773
0.01746547967195511
0.008820968680083752
0.0
0.0
0.010300010442733765
0.020437149330973625
0.030253546312451363
0.039610277861356735
0.04839542135596275
0.05655136704444885
0.0640592873096466
0.07093600928783417
0.07720417529344559
0.08288564532995224
0.08799806237220764
0.09255351126194
0.09656108915805817
0.10002657771110535
0.10295424610376358
0.10534678399562836
0.10720610618591309
0.10853342711925507
0.10932953655719757
0.10959485918283463
0.10932953655719757
0.10853342711925507
0.10720610618591309
0.10534678399562836
0.10295424610376358
0.10002657771110535
0.09656108915805817
0.09255351126194
0.08799806237220764
0.08288564532995224
0.07720417529344559
0.07093600928783417
0.0640592873096466
0.05655136704444885
0.04839542135596275
0.039610277861356735
0.030253546312451363
0.020437149330973625
0.010300010442733765
0.0
0.0
0.011760394088923931
0.02336524985730648
0.03466169908642769
0.04550856351852417
0.05578039586544037
0.06538958847522736
0.07428211718797684
0.08244779706001282
0.08989424258470535
0.09664040058851242
0.10270476341247559
0.10810254514217377
0.11284609884023666
0.11694406718015671
0.1204032152891159
0.12322812527418137
0.12542226910591125
0.1269879788160324
0.1279268115758896
0.12823966145515442
0.1279268115758896
0.1269879788160324
0.12542226910591125
0.12322812527418137
0.1204032152891159
0.11694406718015671
0.11284609884023666
0.10810254514217377
0.10270476341247559
0.09664040058851242
0.08989424258470535
0.08244779706001282
0.07428211718797684
0.06538958847522736
0.05578039586544037
0.04550856351852417
0.03466169908642769
0.02336524985730648
0.011760394088923931
0.0
0.0
0.013217183761298656
0.026281533762812614
0.039041999727487564
0.051356058567762375
0.06309107691049576
0.07414080947637558
0.08442432433366776
0.09390271455049515
0.10256148874759674
0.11040941625833511
0.11746103316545486
0.12373261898756027
0.12923893332481384
0.13399149477481842
0.13799986243247986
0.1412709504365921
0.1438101977109909
0.14562134444713593
0.14670705795288086
0.1470687836408615
0.14670705795288086
0.14562134444713593
0.1438101977109909
0.1412709504365921
0.13799986243247986
0.13399149477481842
0.12923893332481384
0.12373261898756027
0.11746103316545486
0.11040941625833511
0.10256148874759674
0.09390271455049515
0.08442432433366776
0.07414080947637558
0.06309107691049576
0.051356058567762375
0.039041999727487564
0.026281533762812614
0.013217183761298656
0.0
0.0
0.014683387242257595
0.029213301837444305
0.0434376560151577
0.05721144750714302
0.0703965499997139
0.0828748270869255
0.09454689919948578
0.1053495705127716
0.11524494737386703
0.12422569841146469
0.13229702413082123
0.13947299122810364
0.1457689255475998
0.15119874477386475
0.15577474236488342
0.1595064103603363
0.16240151226520538
0.1644655466079712
0.1657024770975113
0.16611452400684357
0.1657024770975113
0.1644655466079712
0.16240151226520538
0.1595064103603363
0.15577474236488342
0.15119874477386475
0.1457689255475998
0.13947299122810364
0.13229702413082123
0.12422569841146469
0.11524494737386703
0.1053495705127716
0.09454689919948578
0.0828748270869255
0.0703965499997139
0.05721144750714302
0.0434376560151577
0.029213301837444305
0.014683387242257595
0.0
0.0
0.016170093789696693
0.03218333423137665
0.04788414016366005
0.06312354654073715
0.07775811105966568
0.09166093170642853
0.10471951216459274
0.1168517991900444
0.1279989629983902
0.13813552260398865
0.14725351333618164
0.15536123514175415
0.16247200965881348
0.16860097646713257
0.173762708902359
0.1779693067073822
0.1812310516834259
0.18355540931224823
0.18494795262813568
0.1854117512702942
0.18494795262813568
0.18355540931224823
0.1812310516834259
0.1779693067073822
0.173762708902359
0.16860097646713257
0.16247200965881348
0.15536123514175415
0.14725351333618164
0.13813552260398865
0.1279989629983902
0.1168517991900444
0.10471951216459274
0.09166093170642853
0.07775811105966568
0.06312354654073715
0.04788414016366005
0.03218333423137665
0.016170093789696693
0.0
0.0
0.01768771931529045
0.035212863236665726
0.0524141825735569
0.0691370815038681
0.08523194491863251
0.10056424140930176
0.11501125246286392
0.12847673892974854
0.14088499546051025
0.15219320356845856
0.16237880289554596
0.1714411824941635
0.1793891191482544
0.18623732030391693
0.19200177490711212
0.1966969221830368
0.20033559203147888
0.20292747020721436
0.20447981357574463
0.2049967646598816
0.20447981357574463
0.20292747020721436
0.20033559203147888
0.1966969221830368
0.19200177490711212
0.18623732030391693
0.1793891191482544
0.1714411824941635
0.16237880289554596
0.15219320356845856
0.14088499546051025
0.12847673892974854
0.11501125246286392
0.10056424140930176
0.08523194491863251
0.0691370815038681
0.0524141825735569
0.035212863236665726
0.01768771931529045
0.0
0.0
0.019245978444814682
0.03832150250673294
0.05705760046839714
0.07529236376285553
0.09286890178918839
0.10964512825012207
0.12548954784870148
0.14029479026794434
0.15397173166275024
0.16646261513233185
0.17773078382015228
0.18776533007621765
0.19656845927238464
0.2041528820991516
0.21053478121757507
0.21573054790496826
0.2197553813457489
0.22262121737003326
0.22433717548847198
0.2249085158109665
0.22433717548847198
0.22262121737003326
0.2197553813457489
0.21573054790496826
0.21053478121757507
0.2041528820991516
0.19656845927238464
0.18776533007621765
0.17773078382015228
0.16646261513233185
0.15397173166275024
0.14029479026794434
0.12548954784870148
0.10964512825012207
0.09286890178918839
0.07529236376285553
0.05705760046839714
0.03832150250673294
0.019245978444814682
0.0
0.0
0.02085459977388382
0.04152875766158104
0.061843764036893845
0.08162865042686462
0.10071791708469391
0.1189614087343216
0.13621927797794342
0.15237492322921753
0.16732856631278992
0.18101035058498383
0.19337138533592224
0.20439042150974274
0.21406222879886627
0.22239604592323303
0.22940726578235626
0.23511354625225067
0.23953218758106232
0.24267737567424774
0.2445601224899292
0.245186910033226
0.2445601224899292
0.24267737567424774
0.23953218758106232
0.23511354625225067
0.22940726578235626
0.22239604592323303
0.21406222879886627
0.20439042150974274
0.19337138533592224
0.18101035058498383
0.16732856631278992
0.15237492322921753
0.13621927797794342
0.1189614087343216
0.10071791708469391
0.08162865042686462
0.061843764036893845
0.04152875766158104
0.02085459977388382
0.0
0.0
0.022523308172822
0.04485402628779411
0.06680162250995636
0.08818428218364716
0.1088264137506485
0.12856896221637726
0.14726369082927704
0.16478581726551056
0.1810268610715866
0.1959073692560196
0.20936846733093262
0.22137978672981262
0.23192882537841797
0.24102072417736053
0.2486693412065506
0.254893034696579
0.2597109079360962
0.2631392776966095
0.26519110798835754
0.26587408781051636
0.26519110798835754
0.2631392776966095
0.2597109079360962
0.254893034696579
0.2486693412065506
0.24102072417736053
0.23192882537841797
0.22137978672981262
0.20936846733093262
0.1959073692560196
0.1810268610715866
0.16478581726551056
0.14726369082927704
0.12856896221637726
0.1088264137506485
0.08818428218364716
0.06680162250995636
0.04485402628779411
0.022523308172822
0.0
0.0
0.024262351915240288
0.04831763356924057
0.07196125388145447
0.09499862045049667
0.11724240332841873
0.13852368295192719
0.1586853712797165
0.1775950789451599
0.19513700902462006
0.21122431755065918
0.2257906049489975
0.23879817128181458
0.2502284049987793
0.260082483291626
0.26837244629859924
0.27511709928512573
0.28033700585365295
0.2840505540370941
0.2862726151943207
0.2870121896266937
0.2862726151943207
0.2840505540370941
0.28033700585365295
0.27511709928512573
0.26837244629859924
0.260082483291626
0.2502284049987793
0.23879817128181458
0.2257906049489975
0.21122431755065918
0.19513700902462006
0.1775950789451599
0.1586853712797165
0.13852368295192719
0.11724240332841873
0.09499862045049667
0.07196125388145447
0.04831763356924057
0.024262351915240288
0.0
0.0
0.026082569733262062
0.05194101110100746
0.07735422253608704
0.10211269557476044
0.1260155737400055
0.1488828808069229
0.17054812610149384
0.19087156653404236
0.2097311168909073
0.22703440487384796
0.24270980060100555
0.25671446323394775
0.2690254747867584
0.27964094281196594
0.28857162594795227
0.2958366274833679
0.3014581501483917
0.3054565191268921
0.30784860253334045
0.3086446523666382
0.30784860253334045
0.3054565191268921
0.3014581501483917
0.2958366274833679
0.28857162594795227
0.27964094281196594
0.2690254747867584
0.25671446323394775
0.24270980060100555
0.22703440487384796
0.2097311168909073
0.19087156653404236
0.17054812610149384
0.1488828808069229
0.1260155737400055
0.10211269557476044
0.07735422253608704
0.05194101110100746
0.026082569733262062
0.0
0.0
0.027995895594358444
0.05574764683842659
0.08301481604576111
0.10957056283950806
0.13519853353500366
0.15970638394355774
0.1829174906015396
0.20468495786190033
0.2248813360929489
0.2434103786945343
0.2601974904537201
0.2751970887184143
0.28838419914245605
0.2997554838657379
0.30932143330574036
0.31710201501846313
0.32312119007110596
0.3274014890193939
0.32996177673339844
0.33081376552581787
0.32996177673339844
0.3274014890193939
0.32312119007110596
0.31710201501846313
0.30932143330574036
0.2997554838657379
0.28838419914245605
0.2751970887184143
0.2601974904537201
0.2434103786945343
0.2248813360929489
0.20468495786190033
0.1829174906015396
0.15970638394355774
0.13519853353500366
0.10957056283950806
0.08301481604576111
0.05574764683842659
0.027995895594358444
0.0
0.0
0.03001558966934681
0.059763576835393906
0.08898092061281204
0.11742071807384491
0.1448488086462021
0.1710590422153473
0.19586393237113953
0.21910953521728516
0.24066393077373505
0.26042869687080383
0.2783285081386566
0.29431769251823425
0.30837181210517883
0.3204881250858307
0.3306786119937897
0.3389649987220764
0.3453737795352936
0.3499300181865692
0.3526548743247986
0.35356152057647705
0.3526548743247986
0.3499300181865692
0.3453737795352936
0.3389649987220764
0.3306786119937897
0.3204881250858307
0.30837181210517883
0.29431769251823425
0.2783285081386566
0.26042869687080383
0.24066393077373505
0.21910953521728516
0.19586393237113953
0.1710590422153473
0.1448488086462021
0.11742071807384491
0.08898092061281204
0.059763576835393906
0.03001558966934681
0.0
0.0
0.0321568138897419
0.06401842832565308
0.09529529511928558
0.12571720778942108
0.15502962470054626
0.1830110251903534
0.20946231484413147
0.23422275483608246
0.25715702772140503
0.27816641330718994
0.29717740416526794
0.31414687633514404
0.32905393838882446
0.34189900755882263
0.3526976704597473
0.36147502064704895
0.36826109886169434
0.37308406829833984
0.3759678304195404
0.3769271969795227
0.3759678304195404
0.37308406829833984
0.36826109886169434
0.36147502064704895
0.3526976704597473
0.34189900755882263
0.32905393838882446
0.31414687633514404
0.29717740416526794
0.27816641330718994
0.25715702772140503
0.23422275483608246
0.20946231484413147
0.1830110251903534
0.15502962470054626
0.12571720778942108
0.09529529511928558
0.06401842832565308
0.0321568138897419
0.0
0.0
0.034437160938978195
0.06854653358459473
0.10200738161802292
0.13452237844467163
0.16581356525421143
0.19564229249954224
0.22379712760448456
0.25011101365089417
0.2744466960430145
0.29670724272727966
0.316823810338974
0.33475902676582336
0.35049885511398315
0.36404985189437866
0.37543386220932007
0.3846813142299652
0.391827255487442
0.396903932094574
0.39993858337402344
0.4009479880332947
0.39993858337402344
0.396903932094574
0.391827255487442
0.3846813142299652
0.37543386220932007
0.36404985189437866
0.35049885511398315
0.33475902676582336
0.316823810338974
0.29670724272727966
0.2744466960430145
0.25011101365089417
0.22379712760448456
0.19564229249954224
0.16581356525421143
0.13452237844467163
0.10200738161802292
0.06854653358459473
0.034437160938978195
0.0
0.0
0.03687743470072746
0.07338827103376389
0.10917480289936066
0.14390794932842255
0.17728284001350403
0.20904187858104706
0.23896072804927826
0.26686692237854004
0.2926231324672699
0.31613701581954956
0.3373478651046753
0.3562275767326355
0.372772753238678
0.3869993984699249
0.3989388346672058
0.40862908959388733
0.41611215472221375
0.42142558097839355
0.42460060119628906
0.4256565272808075
0.42460060119628906
0.42142558097839355
0.41611215472221375
0.40862908959388733
0.3989388346672058
0.3869993984699249
0.372772753238678
0.3562275767326355
0.3373478651046753
0.31613701581954956
0.2926231324672699
0.26686692237854004
0.23896072804927826
0.20904187858104706
0.17728284001350403
0.14390794932842255
0.10917480289936066
0.07338827103376389
0.03687743470072746
0.0
0.0
0.039502743631601334
0.07859233766794205
0.11686691641807556
0.15396007895469666
0.18953578174114227
0.2233155369758606
0.2550617754459381
0.2845979630947113
0.31178951263427734
0.3365522027015686
0.3588376045227051
0.37863120436668396
0.39594462513923645
0.4108072817325592
0.42326343059539795
0.4333615005016327
0.44115257263183594
0.4466809332370758
0.44998297095298767
0.451080858707428
0.44998297095298767
0.4466809332370758
0.44115257263183594
0.4333615005016327
0.42326343059539795
0.4108072817325592
0.39594462513923645
0.37863120436668396
0.3588376045227051
0.3365522027015686
0.31178951263427734
0.2845979630947113
0.2550617754459381
0.2233155369758606
0.18953578174114227
0.15396007895469666
0.11686691641807556
0.07859233766794205
0.039502743631601334
0.0
0.0
0.04234369471669197
0.08421770483255386
0.1251668781042099
0.16478054225444794
0.20268665254116058
0.23858384788036346
0.27222156524658203
0.30342158675193787
0.332055926322937
0.358053058385849
0.3813822567462921
0.4020475745201111
0.4200807809829712
0.43552905321121216
0.44845348596572876
0.4589160084724426
0.4669792056083679
0.47269579768180847
0.4761084020137787
0.47724270820617676
0.4761084020137787
0.47269579768180847
0.4669792056083679
0.4589160084724426
0.44845348596572876
0.43552905321121216
0.4200807809829712
0.4020475745201111
0.3813822567462921
0.358053058385849
0.332055926322937
0.30342158675193787
0.27222156524658203
0.23858384788036346
0.20268665254116058
0.16478054225444794
0.1251668781042099
0.08421770483255386
0.04234369471669197
0.0
0.0
0.04543861746788025
0.09033817797899246
0.1341785490512848
0.17649616301059723
0.21687708795070648
0.2549951672554016
0.2905878722667694
0.3234788179397583
0.3535521924495697
0.3807552754878998
0.40508195757865906
0.42656105756759644
0.4452504515647888
0.46122005581855774
0.4745522141456604
0.48532554507255554
0.49361690878868103
0.4994891285896301
0.5029922723770142
0.5041562914848328
0.5029922723770142
0.4994891285896301
0.49361690878868103
0.48532554507255554
0.4745522141456604
0.46122005581855774
0.4452504515647888
0.42656105756759644
0.40508195757865906
0.3807552754878998
0.3535521924495697
0.3234788179397583
0.2905878722667694
0.2549951672554016
0.21687708795070648
0.17649616301059723
0.1341785490512848
0.09033817797899246
0.04543861746788025
0.0
0.0
0.0488356314599514
0.09704568237066269
0.1440296322107315
0.18926022946834564
0.23227491974830627
0.27272140979766846
0.3103277385234833
0.3449251055717468
0.3764176666736603
0.40477970242500305
0.430038183927536
0.4522542357444763
0.47151875495910645
0.48792991042137146
0.5015957951545715
0.512615442276001
0.5210824012756348
0.5270715355873108
0.5306416153907776
0.5318273305892944
0.5306416153907776
0.5270715355873108
0.5210824012756348
0.512615442276001
0.5015957951545715
0.48792991042137146
0.47151875495910645
0.4522542357444763
0.430038183927536
0.40477970242500305
0.3764176666736603
0.3449251055717468
0.3103277385234833
0.27272140979766846
0.23227491974830627
0.18926022946834564
0.1440296322107315
0.09704568237066269
0.0488356314599514
0.0
0.0
0.05259730666875839
0.10445958375930786
0.15488559007644653
0.20327052474021912
0.24909518659114838
0.29198068380355835
0.3316504955291748
0.367951899766922
0.400820255279541
0.4302678108215332
0.4563658535480499
0.4792167842388153
0.49895256757736206
0.5157057642936707
0.529615044593811
0.5408031940460205
0.5493831634521484
0.555443525314331
0.5590527057647705
0.5602508187294006
0.5590527057647705
0.555443525314331
0.5493831634521484
0.5408031940460205
0.529615044593811
0.5157057642936707
0.49895256757736206
0.4792167842388153
0.4563658535480499
0.4302678108215332
0.400820255279541
0.367951899766922
0.3316504955291748
0.29198068380355835
0.24909518659114838
0.20327052474021912
0.15488559007644653
0.10445958375930786
0.05259730666875839
0.0
0.0
0.05680464580655098
0.11273282021284103
0.16695478558540344
0.21877074241638184
0.2675963342189789
0.31302791833877563
0.35479363799095154
0.39276984333992004
0.4269390106201172
0.45736560225486755
0.48417899012565613
0.507533609867096
0.5276114344596863
0.5445857048034668
0.558630645275116
0.5698959231376648
0.5785160660743713
0.5845947861671448
0.5882111191749573
0.5894109010696411
0.5882111191749573
0.5845947861671448
0.5785160660743713
0.5698959231376648
0.558630645275116
0.5445857048034668
0.5276114344596863
0.507533609867096
0.48417899012565613
0.45736560225486755
0.4269390106201172
0.39276984333992004
0.35479363799095154
0.31302791833877563
0.2675963342189789
0.21877074241638184
0.16695478558540344
0.11273282021284103
0.05680464580655098
0.0
0.0
0.061567552387714386
0.12207246571779251
0.1805180311203003
0.23608694970607758
0.28812018036842346
0.33619531989097595
0.38006067276000977
0.4196417033672333
0.4549906253814697
0.486243337392807
0.5136047005653381
0.5372937917709351
0.5575523376464844
0.5746006965637207
0.5886527895927429
0.5998882055282593
0.6084643602371216
0.6145009398460388
0.6180879473686218
0.6192772388458252
0.6180879473686218
0.6145009398460388
0.6084643602371216
0.5998882055282593
0.5886527895927429
0.5746006965637207
0.5575523376464844
0.5372937917709351
0.5136047005653381
0.486243337392807
0.4549906253814697
0.4196417033672333
0.38006067276000977
0.33619531989097595
0.28812018036842346
0.23608694970607758
0.1805180311203003
0.12207246571779251
0.061567552387714386
0.0
0.0
0.06703338772058487
0.13275185227394104
0.1959376037120819
0.25562721490859985
0.3110806941986084
0.36187055706977844
0.40779298543930054
0.44885173439979553
0.48520025610923767
0.5170701146125793
0.5447624921798706
0.568574845790863
0.5888185501098633
0.605767011642456
0.6196773648262024
0.6307604908943176
0.6391974687576294
0.6451241374015808
0.6486412882804871
0.6498066186904907
0.6486412882804871
0.6451241374015808
0.6391974687576294
0.6307604908943176
0.6196773648262024
0.605767011642456
0.5888185501098633
0.568574845790863
0.5447624921798706
0.5170701146125793
0.48520025610923767
0.44885173439979553
0.40779298543930054
0.36187055706977844
0.3110806941986084
0.25562721490859985
0.1959376037120819
0.13275185227394104
0.06703338772058487
0.0
0.0
0.07341297715902328
0.14516142010688782
0.21372516453266144
0.2779603898525238
0.3370429575443268
0.3905697464942932
0.43843039870262146
0.4807524085044861
0.5178344249725342
0.5500351786613464
0.5777761340141296
0.6014480590820312
0.6214404702186584
0.6380844712257385
0.6516816020011902
0.6624742150306702
0.6706660985946655
0.6764081120491028
0.6798109412193298
0.6809375882148743
0.6798109412193298
0.6764081120491028
0.6706660985946655
0.6624742150306702
0.6516816020011902
0.6380844712257385
0.6214404702186584
0.6014480590820312
0.5777761340141296
0.5500351786613464
0.5178344249725342
0.4807524085044861
0.43843039870262146
0.3905697464942932
0.3370429575443268
0.2779603898525238
0.21372516453266144
0.14516142010688782
0.07341297715902328
0.0
0.0
0.0810021460056305
0.15983276069164276
0.23455679416656494
0.30380481481552124
0.36668887734413147
0.42288440465927124
0.47245246171951294
0.5157078504562378
0.5531526207923889
0.5853095054626465
0.6127459406852722
0.6359594464302063
0.6554239988327026
0.6715299487113953
0.684622049331665
0.694972038269043
0.7028036713600159
0.7082807421684265
0.7115218043327332
0.7125940322875977
0.7115218043327332
0.7082807421684265
0.7028036713600159
0.694972038269043
0.684622049331665
0.6715299487113953
0.6554239988327026
0.6359594464302063
0.6127459406852722
0.5853095054626465
0.5531526207923889
0.5157078504562378
0.47245246171951294
0.42288440465927124
0.36668887734413147
0.30380481481552124
0.23455679416656494
0.15983276069164276
0.0810021460056305
0.0
0.0
0.0902538076043129
0.17758868634700775
0.25944602489471436
0.33421090245246887
0.40097570419311523
0.4596078395843506
0.5104661583900452
0.5541492104530334
0.5914371609687805
0.6230587959289551
0.6497505903244019
0.6721256971359253
0.6907430291175842
0.7060489654541016
0.7184260487556458
0.7281699776649475
0.7355196475982666
0.7406476140022278
0.7436776161193848
0.7446792125701904
0.7436776161193848
0.7406476140022278
0.7355196475982666
0.7281699776649475
0.7184260487556458
0.7060489654541016
0.6907430291175842
0.6721256971359253
0.6497505903244019
0.6230587959289551
0.5914371609687805
0.5541492104530334
0.5104661583900452
0.4596078395843506
0.40097570419311523
0.33421090245246887
0.25944602489471436
0.17758868634700775
0.0902538076043129
0.0
0.0
0.10184977203607559
0.1995718777179718
0.2897615432739258
0.37049436569213867
0.44102752208709717
0.5016027092933655
0.5530831813812256
0.5964736342430115
0.6329185962677002
0.6633923649787903
0.6888148188591003
0.7099156975746155
0.7273308038711548
0.7415531873703003
0.7529928088188171
0.7619608640670776
0.7687036395072937
0.7733972072601318
0.7761664390563965
0.7770811319351196
0.7761664390563965
0.7733972072601318
0.7687036395072937
0.7619608640670776
0.7529928088188171
0.7415531873703003
0.7273308038711548
0.7099156975746155
0.6888148188591003
0.6633923649787903
0.6329185962677002
0.5964736342430115
0.5530831813812256
0.5016027092933655
0.44102752208709717
0.37049436569213867
0.2897615432739258
0.1995718777179718
0.10184977203607559
0.0
0.0
0.11691484600305557
0.2278268188238144
0.3277139663696289
0.41468140482902527
0.48843032121658325
0.5499826073646545
0.601006269454956
0.6430738568305969
0.6777734756469727
0.706346333026886
0.7298887372016907
0.7492299675941467
0.765061616897583
0.7779051661491394
0.7881813645362854
0.7962042093276978
0.8022176027297974
0.806394100189209
0.8088547587394714
0.8096669316291809
0.8088547587394714
0.806394100189209
0.8022176027297974
0.7962042093276978
0.7881813645362854
0.7779051661491394
0.765061616897583
0.7492299675941467
0.7298887372016907
0.706346333026886
0.6777734756469727
0.6430738568305969
0.601006269454956
0.5499826073646545
0.48843032121658325
0.41468140482902527
0.3277139663696289
0.2278268188238144
0.11691484600305557
0.0
0.0
0.1373896300792694
0.2650609016418457
0.37631961703300476
0.4691702425479889
0.5448883771896362
0.6057925224304199
0.6547939777374268
0.6941826939582825
0.7260310053825378
0.7518340945243835
0.7728241086006165
0.7898929715156555
0.8037521243095398
0.8149236440658569
0.8238175511360168
0.830734372138977
0.8359038829803467
0.8394867777824402
0.8415949940681458
0.8422903418540955
0.8415949940681458
0.8394867777824402
0.8359038829803467
0.830734372138977
0.8238175511360168
0.8149236440658569
0.8037521243095398
0.7898929715156555
0.7728241086006165
0.7518340945243835
0.7260310053825378
0.6941826939582825
0.6547939777374268
0.6057925224304199
0.5448883771896362
0.4691702425479889
0.37631961703300476
0.2650609016418457
0.1373896300792694
0.0
0.0
0.16656163334846497
0.31782978773117065
0.44079872965812683
0.5377377271652222
0.6125569939613342
0.6700904965400696
0.7148112654685974
0.7497901320457458
0.7774938941001892
0.7995803356170654
0.8173258304595947
0.8316178321838379
0.8431357145309448
0.8523661494255066
0.8596817851066589
0.8653517365455627
0.8695785999298096
0.872502863407135
0.8742215633392334
0.8747880458831787
0.8742215633392334
0.872502863407135
0.8695785999298096
0.8653517365455627
0.8596817851066589
0.8523661494255066
0.8431357145309448
0.8316178321838379
0.8173258304595947
0.7995803356170654
0.7774938941001892
0.7497901320457458
0.7148112654685974
0.6700904965400696
0.6125569939613342
0.5377377271652222
0.44079872965812683
0.31782978773117065
0.16656163334846497
0.0
0.0
0.21202361583709717
0.39257195591926575
0.5280806422233582
0.6239405274391174
0.6930767297744751
0.743293046951294
0.7809013724327087
0.8094885945320129
0.8316830992698669
0.8491132855415344
0.8629633188247681
0.8740245699882507
0.8828822374343872
0.8899462819099426
0.8955243229866028
0.8998355269432068
0.9030428528785706
0.9052585959434509
0.9065597057342529
0.9069883227348328
0.9065597057342529
0.9052585959434509
0.9030428528785706
0.8998355269432068
0.8955243229866028
0.8899462819099426
0.8828822374343872
0.8740245699882507
0.8629633188247681
0.8491132855415344
0.8316830992698669
0.8094885945320129
0.7809013724327087
0.743293046951294
0.6930767297744751
0.6239405274391174
0.5280806422233582
0.39257195591926575
0.21202361583709717
0.0
0.0
0.28430986404418945
0.518662691116333
0.6487287878990173
0.732128381729126
0.786841869354248
0.8247278332710266
0.85200035572052
0.8722521066665649
0.8876978754997253
0.89968341588974
0.9091224670410156
0.9166123270988464
0.9225811958312988
0.9273242950439453
0.9310595989227295
0.9339407086372375
0.9360811114311218
0.9375582337379456
0.9384250640869141
0.9387105703353882
0.9384250640869141
0.9375582337379456
0.9360811114311218
0.9339407086372375
0.9310595989227295
0.9273242950439453
0.9225811958312988
0.9166123270988464
0.9091224670410156
0.89968341588974
0.8876978754997253
0.8722521066665649
0.85200035572052
0.8247278332710266
0.786841869354248
0.732128381729126
0.6487287878990173
0.518662691116333
0.28430986404418945
0.0
0.0
0.5327250361442566
0.7040039896965027
0.8103811144828796
0.8596796989440918
0.89154452085495
0.9117861390113831
0.9260969758033752
0.9364796876907349
0.9443187713623047
0.9503507614135742
0.9550766348838806
0.9588121771812439
0.9617811441421509
0.9641357064247131
0.9659873843193054
0.9674142003059387
0.9684733748435974
0.9692039489746094
0.969632625579834
0.9697737097740173
0.969632625579834
0.9692039489746094
0.9684733748435974
0.9674142003059387
0.9659873843193054
0.9641357064247131
0.9617811441421509
0.9588121771812439
0.9550766348838806
0.9503507614135742
0.9443187713623047
0.9364796876907349
0.9260969758033752
0.9117861390113831
0.89154452085495
0.8596796989440918
0.8103811144828796
0.7040039896965027
0.5327250361442566
0.0
1.0
1.0
1.0
1.0
1.0
1.0
1.0
1.0
1.0
1.0
1.0
1.0
1.0
1.0
1.0
1.0
1.0
1.0
1.0
1.0
1.0
1.0
1.0
1.0
1.0
1.0
1.0
1.0
1.0
1.0
1.0
1.0
1.0
1.0
1.0
1.0
1.0
1.0
1.0
1.0
1.0
