0.0
0.0
0.0
0.0
0.0
0.0
0.0
0.0
0.0
0.0
0.0
0.0
0.0
0.0
0.0
0.0
0.0
0.0
0.0
0.0
0.0
0.0
0.0
0.0
0.0
0.0
0.0
0.0
0.0
0.0
0.0
0.0
0.0
0.0
0.0
0.0
0.0
0.0
0.0
0.0
0.0
0.0
0.0019287692848592997
0.0036078374832868576
0.00507877254858613
0.006405780091881752
0.007622409611940384
0.008743003010749817
0.009776833467185497
0.010728869587182999
0.011602187529206276
0.012398477643728256
0.013118701986968517
0.013763302005827427
0.014332440681755543
0.014826101250946522
0.015244175679981709
0.01558651588857174
0.015852969139814377
0.016043398529291153
0.01615769974887371
0.016195809468626976
0.01615769974887371
0.016043398529291153
0.015852969139814377
0.01558651588857174
0.015244175679981709
0.014826101250946522
0.014332440681755543
0.013763302005827427
0.013118701986968517
0.012398477643728256
0.011602187529206276
0.010728869587182999
0.009776833467185497
0.008743003010749817
0.007622409611940384
0.006405780091881752
0.00507877254858613
0.0036078374832868576
0.0019287692848592997
0.0
0.0
0.0036252415738999844
0.006991713773459196
0.009990666061639786
0.0126941604539752
0.015162274241447449
0.017428671941161156
0.019515497609972954
0.0214343573898077
0.023192783817648888
0.024794859811663628
0.02624305710196495
0.027538593858480453
0.028682058677077293
0.029673591256141663
0.030513115227222443
0.031200436875224113
0.03173532336950302
0.0321175642311573
0.03234697878360748
0.032423462718725204
0.03234697878360748
0.0321175642311573
0.03173532336950302
0.031200436875224113
0.030513115227222443
0.029673591256141663
0.028682058677077293
0.027538593858480453
0.02624305710196495
0.024794859811663628
0.023192783817648888
0.0214343573898077
0.019515497609972954
0.017428671941161156
0.015162274241447449
0.0126941604539752
0.009990666061639786
0.006991713773459196
0.0036252415738999844
0.0
0.0
0.0051444838754832745
0.010072099044919014
0.014623070135712624
0.018768280744552612
0.022545304149389267
0.02600405551493168
0.029180234298110008
0.03209465369582176
0.034761302173137665
0.037187885493040085
0.03937937691807747
0.04133840277791023
0.04306647181510925
0.044564228504896164
0.04583189636468887
0.046869438141584396
0.0476766936480999
0.04825347661972046
0.048599615693092346
0.0487150140106678
0.048599615693092346
0.04825347661972046
0.0476766936480999
0.046869438141584396
0.04583189636468887
0.044564228504896164
0.04306647181510925
0.04133840277791023
0.03937937691807747
0.037187885493040085
0.034761302173137665
0.03209465369582176
0.029180234298110008
0.02600405551493168
0.022545304149389267
0.018768280744552612
0.014623070135712624
0.010072099044919014
0.0051444838754832745
0.0
0.0
0.0065613118931651115
0.01294170692563057
0.018981369212269783
0.0245836079120636
0.029720526188611984
0.03442699462175369
0.03874078020453453
0.04269120842218399
0.04629940167069435
0.04957788810133934
0.05253526195883751
0.05517635494470596
0.05750427767634392
0.0595206581056118
0.06122642755508423
0.06262197345495224
0.06370743364095688
0.06448282301425934
0.06494808942079544
0.06510318070650101
0.06494808942079544
0.06448282301425934
0.06370743364095688
0.06262197345495224
0.06122642755508423
0.0595206581056118
0.05750427767634392
0.05517635494470596
0.05253526195883751
0.04957788810133934
0.04629940167069435
0.04269120842218399
0.03874078020453453
0.03442699462175369
0.029720526188611984
0.0245836079120636
0.018981369212269783
0.01294170692563057
0.0065613118931651115
0.0
0.0
0.00791982188820839
0.01568099670112133
0.023132935166358948
0.03015589900314808
0.036673400551080704
0.04267488792538643
0.04817786067724228
0.05321219190955162
0.05780310928821564
0.06196828559041023
0.06572059541940689
0.06906784325838089
0.07201548665761948
0.07456669211387634
0.07672356814146042
0.07848729938268661
0.07985862344503403
0.08083793520927429
0.08142545074224472
0.08162128180265427
0.08142545074224472
0.08083793520927429
0.07985862344503403
0.07848729938268661
0.07672356814146042
0.07456669211387634
0.07201548665761948
0.06906784325838089
0.06572059541940689
0.06196828559041023
0.05780310928821564
0.05321219190955162
0.04817786067724228
0.04267488792538643
0.036673400551080704
0.03015589900314808
0.023132935166358948
0.01568099670112133
0.00791982188820839
0.0
0.0
0.009243995882570744
0.018342668190598488
0.027154598385095596
0.035554271191358566
0.04343961179256439
0.05075773969292641
0.05749146267771721
0.06365689635276794
0.06927532702684402
0.07436712831258774
0.07894863188266754
0.08303093165159225
0.08662232756614685
0.08972804993391037
0.09235190600156784
0.09449625760316849
0.09616278111934662
0.0973525121808052
0.09806612133979797
0.09830395132303238
0.09806612133979797
0.0973525121808052
0.09616278111934662
0.09449625760316849
0.09235190600156784
0.08972804993391037
0.08662232756614685
0.08303093165159225
0.07894863188266754
0.07436712831258774
0.06927532702684402
0.06365689635276794
0.05749146267771721
0.05075773969292641
0.04343961179256439
0.035554271191358566
0.027154598385095596
0.018342668190598488
0.009243995882570744
0.0
0.0
0.010552669875323772
0.020967653021216393
0.03110911324620247
0.04085054621100426
0.050078392028808594
0.05871234089136124
0.06670227646827698
0.07403865456581116
0.08072837442159653
0.08678892999887466
0.09223722666501999
0.09708709269762039
0.10134962201118469
0.10503250360488892
0.10814164578914642
0.11068101972341537
0.11265358328819275
0.11406127363443375
0.11490540951490402
0.11518670618534088
0.11490540951490402
0.11406127363443375
0.11265358328819275
0.11068101972341537
0.10814164578914642
0.10503250360488892
0.10134962201118469
0.09708709269762039
0.09223722666501999
0.08678892999887466
0.08072837442159653
0.07403865456581116
0.06670227646827698
0.05871234089136124
0.050078392028808594
0.04085054621100426
0.03110911324620247
0.020967653021216393
0.010552669875323772
0.0
0.0
0.01185976155102253
0.02358531765639782
0.035043541342020035
0.04610775038599968
0.05665881931781769
0.06659986078739166
0.07585591077804565
0.08439015597105026
0.09218818694353104
0.09925749897956848
0.10561083257198334
0.11126268655061722
0.11622604727745056
0.12051098048686981
0.12412572652101517
0.1270761489868164
0.12936685979366302
0.13100093603134155
0.13198058307170868
0.1323069930076599
0.13198058307170868
0.13100093603134155
0.12936685979366302
0.1270761489868164
0.12412572652101517
0.12051098048686981
0.11622604727745056
0.11126268655061722
0.10561083257198334
0.09925749897956848
0.09218818694353104
0.08439015597105026
0.07585591077804565
0.06659986078739166
0.05665881931781769
0.04610775038599968
0.035043541342020035
0.02358531765639782
0.01185976155102253
0.0
0.0
0.013177348300814629
0.026221035048365593
0.038998108357191086
0.0513807088136673
0.06324569135904312
0.07448598742485046
0.08500992506742477
0.0947578027844429
0.10369259119033813
0.11180584877729416
0.11910077184438705
0.12558919191360474
0.13128408789634705
0.13619732856750488
0.14033931493759155
0.14371800422668457
0.14633987843990326
0.14820945262908936
0.14932997524738312
0.1497032791376114
0.14932997524738312
0.14820945262908936
0.14633987843990326
0.14371800422668457
0.14033931493759155
0.13619732856750488
0.13128408789634705
0.12558919191360474
0.11910077184438705
0.11180584877729416
0.10369259119033813
0.0947578027844429
0.08500992506742477
0.07448598742485046
0.06324569135904312
0.0513807088136673
0.038998108357191086
0.026221035048365593
0.013177348300814629
0.0
0.0
0.014515792950987816
0.028896095231175423
0.04300600662827492
0.05671517923474312
0.0698966532945633
0.08243614435195923
0.09423035383224487
0.10520196706056595
0.1152937263250351
0.12447913736104965
0.1327478587627411
0.14010536670684814
0.14656192064285278
0.1521299034357071
0.15682131052017212
0.16064609587192535
0.1636127084493637
0.16572728753089905
0.16699433326721191
0.16741636395454407
0.16699433326721191
0.16572728753089905
0.1636127084493637
0.16064609587192535
0.15682131052017212
0.1521299034357071
0.14656192064285278
0.14010536670684814
0.1327478587627411
0.12447913736104965
0.1152937263250351
0.10520196706056595
0.09423035383224487
0.08243614435195923
0.0698966532945633
0.05671517923474312
0.04300600662827492
0.028896095231175423
0.014515792950987816
0.0
0.0
0.015884894877672195
0.031630489975214005
0.0470980629324913
0.06215335801243782
0.07666487246751785
0.09051215648651123
0.10358303785324097
0.1157870963215828
0.1270507574081421
0.13733021914958954
0.1465999186038971
0.15485568344593048
0.16210217773914337
0.16835053265094757
0.17361323535442352
0.17790192365646362
0.1812269538640976
0.1835961639881134
0.18501542508602142
0.18548810482025146
0.18501542508602142
0.1835961639881134
0.1812269538640976
0.17790192365646362
0.17361323535442352
0.16835053265094757
0.16210217773914337
0.15485568344593048
0.1465999186038971
0.13733021914958954
0.1270507574081421
0.1157870963215828
0.10358303785324097
0.09051215648651123
0.07666487246751785
0.06215335801243782
0.0470980629324913
0.031630489975214005
0.015884894877672195
0.0
0.0
0.017293866723775864
0.03444281220436096
0.051302582025527954
0.06773357093334198
0.083598792552948
0.09877172112464905
0.11313269287347794
0.12658102810382843
0.13903023302555084
0.1504214107990265
0.16071411967277527
0.1698928028345108
0.17795430123806
0.18490652740001678
0.19076111912727356
0.1955307573080063
0.19922740757465363
0.20186059176921844
0.2034376561641693
0.20396283268928528
0.2034376561641693
0.20186059176921844
0.19922740757465363
0.1955307573080063
0.19076111912727356
0.18490652740001678
0.17795430123806
0.1698928028345108
0.16071411967277527
0.1504214107990265
0.13903023302555084
0.12658102810382843
0.11313269287347794
0.09877172112464905
0.083598792552948
0.06773357093334198
0.051302582025527954
0.03444281220436096
0.017293866723775864
0.0
0.0
0.018751999363303185
0.03735172003507614
0.055647678673267365
0.07349347323179245
0.0907454639673233
0.10727061331272125
0.12294213473796844
0.13765089213848114
0.15130002796649933
0.16381822526454926
0.17515191435813904
0.18527381122112274
0.19417163729667664
0.2018483728170395
0.20831343531608582
0.21357963979244232
0.21766015887260437
0.22056609392166138
0.22230617702007294
0.22288556396961212
0.22230617702007294
0.22056609392166138
0.21766015887260437
0.21357963979244232
0.20831343531608582
0.2018483728170395
0.19417163729667664
0.18527381122112274
0.17515191435813904
0.16381822526454926
0.15130002796649933
0.13765089213848114
0.12294213473796844
0.10727061331272125
0.0907454639673233
0.07349347323179245
0.055647678673267365
0.03735172003507614
0.018751999363303185
0.0
0.0
0.020268648862838745
0.040375884622335434
0.0601612851023674
0.07947012782096863
0.09815086424350739
0.11606323719024658
0.13307322561740875
0.14906418323516846
0.16393063962459564
0.1775912493467331
0.18998132646083832
0.20106279850006104
0.21081411838531494
0.21923229098320007
0.22632338106632233
0.23209954798221588
0.23657457530498505
0.2397608906030655
0.24166856706142426
0.24230371415615082
0.24166856706142426
0.2397608906030655
0.23657457530498505
0.23209954798221588
0.22632338106632233
0.21923229098320007
0.21081411838531494
0.20106279850006104
0.18998132646083832
0.1775912493467331
0.16393063962459564
0.14906418323516846
0.13307322561740875
0.11606323719024658
0.09815086424350739
0.07947012782096863
0.0601612851023674
0.040375884622335434
0.020268648862838745
0.0
0.0
0.021853746846318245
0.043535035103559494
0.06487265229225159
0.08570194244384766
0.10586203634738922
0.12520453333854675
0.14358776807785034
0.16088803112506866
0.17699243128299713
0.19181154668331146
0.20527178049087524
0.21732589602470398
0.22794388234615326
0.2371164858341217
0.24484576284885406
0.2511425018310547
0.25602060556411743
0.25949352979660034
0.26157256960868835
0.2622646987438202
0.26157256960868835
0.25949352979660034
0.25602060556411743
0.2511425018310547
0.24484576284885406
0.2371164858341217
0.22794388234615326
0.21732589602470398
0.20527178049087524
0.19181154668331146
0.17699243128299713
0.16088803112506866
0.14358776807785034
0.12520453333854675
0.10586203634738922
0.08570194244384766
0.06487265229225159
0.043535035103559494
0.021853746846318245
0.0
0.0
0.02351786568760872
0.046850111335515976
0.06981270760297775
0.09222925454378128
0.11392803490161896
0.13475142419338226
0.15454953908920288
0.17319166660308838
0.19055840373039246
0.20655377209186554
0.22109732031822205
0.23413455486297607
0.2456284910440445
0.2555641829967499
0.26393967866897583
0.2707640826702118
0.27605101466178894
0.27981477975845337
0.28206774592399597
0.2828177511692047
0.28206774592399597
0.27981477975845337
0.27605101466178894
0.2707640826702118
0.26393967866897583
0.2555641829967499
0.2456284910440445
0.23413455486297607
0.22109732031822205
0.20655377209186554
0.19055840373039246
0.17319166660308838
0.15454953908920288
0.13475142419338226
0.11392803490161896
0.09222925454378128
0.06981270760297775
0.046850111335515976
0.02351786568760872
0.0
0.0
0.025272712111473083
0.05034419521689415
0.07501525431871414
0.09909570962190628
0.12240124493837357
0.14476384222507477
0.16602462530136108
0.18604595959186554
0.2047024518251419
0.22189302742481232
0.23753231763839722
0.25156062841415405
0.26393604278564453
0.2746390700340271
0.2836644947528839
0.2910197377204895
0.29671815037727356
0.3007746934890747
0.3032028079032898
0.3040110468864441
0.3032028079032898
0.3007746934890747
0.29671815037727356
0.2910197377204895
0.2836644947528839
0.2746390700340271
0.26393604278564453
0.25156062841415405
0.23753231763839722
0.22189302742481232
0.2047024518251419
0.18604595959186554
0.16602462530136108
0.14476384222507477
0.12240124493837357
0.09909570962190628
0.07501525431871414
0.05034419521689415
0.025272712111473083
0.0
0.0
0.02713135816156864
0.05404301732778549
0.08051787316799164
0.1063496395945549
0.13133937120437622
0.1553073227405548
0.1780848205089569
0.19952718913555145
0.21950368583202362
0.23790942132472992
0.25465598702430725
0.26968079805374146
0.2829391658306122
0.294408917427063
0.3040829300880432
0.31196755170822144
0.31807616353034973
0.3224245607852936
0.325027197599411
0.3258935213088989
0.325027197599411
0.3224245607852936
0.31807616353034973
0.31196755170822144
0.3040829300880432
0.294408917427063
0.2829391658306122
0.26968079805374146
0.25465598702430725
0.23790942132472992
0.21950368583202362
0.19952718913555145
0.1780848205089569
0.1553073227405548
0.13133937120437622
0.1063496395945549
0.08051787316799164
0.05404301732778549
0.02713135816156864
0.0
0.0
0.029108822345733643
0.05797599256038666
0.08636319637298584
0.11404524743556976
0.14080628752708435
0.1664533168077469
0.1908070594072342
0.21371577680110931
0.23504409193992615
0.254684716463089
0.27254825830459595
0.2885715961456299
0.3027099072933197
0.31494060158729553
0.32525643706321716
0.3336639702320099
0.34017735719680786
0.3448134958744049
0.3475881516933441
0.3485116958618164
0.3475881516933441
0.3448134958744049
0.34017735719680786
0.3336639702320099
0.32525643706321716
0.31494060158729553
0.3027099072933197
0.2885715961456299
0.27254825830459595
0.254684716463089
0.23504409193992615
0.21371577680110931
0.1908070594072342
0.1664533168077469
0.14080628752708435
0.11404524743556976
0.08636319637298584
0.05797599256038666
0.029108822345733643
0.0
0.0
0.031222587451338768
0.06217733398079872
0.09260071814060211
0.12224530428647995
0.15087561309337616
0.1782837063074112
0.20427878201007843
0.22870223224163055
0.2514149248600006
0.2723088562488556
0.29129600524902344
0.30831533670425415
0.32332494854927063
0.3363044261932373
0.34724894165992737
0.3561668395996094
0.3630743622779846
0.36799028515815735
0.37093204259872437
0.3719111680984497
0.37093204259872437
0.36799028515815735
0.3630743622779846
0.3561668395996094
0.34724894165992737
0.3363044261932373
0.32332494854927063
0.30831533670425415
0.29129600524902344
0.2723088562488556
0.2514149248600006
0.22870223224163055
0.20427878201007843
0.1782837063074112
0.15087561309337616
0.12224530428647995
0.09260071814060211
0.06217733398079872
0.031222587451338768
0.0
0.0
0.03349340334534645
0.06668742746114731
0.09928832948207855
0.1310223788022995
0.161631241440773
0.19089023768901825
0.21859626471996307
0.24458424746990204
0.26871275901794434
0.2908751964569092
0.3109876811504364
0.32899442315101624
0.3448598086833954
0.3585686683654785
0.3701215386390686
0.37953075766563416
0.3868163824081421
0.3919999301433563
0.39510130882263184
0.3961334228515625
0.39510130882263184
0.3919999301433563
0.3868163824081421
0.37953075766563416
0.3701215386390686
0.3585686683654785
0.3448598086833954
0.32899442315101624
0.3109876811504364
0.2908751964569092
0.26871275901794434
0.24458424746990204
0.21859626471996307
0.19089023768901825
0.161631241440773
0.1310223788022995
0.09928832948207855
0.06668742746114731
0.03349340334534645
0.0
0.0
0.03594634681940079
0.07155506312847137
0.10649590194225311
0.14046382904052734
0.17317378520965576
0.20438233017921448
0.23387333750724792
0.26147618889808655
0.2870490849018097
0.310489684343338
0.3317219316959381
0.350698858499527
0.36739522218704224
0.3818047344684601
0.3939366936683655
0.4038101136684418
0.41145089268684387
0.4168848395347595
0.42013517022132874
0.4212167263031006
0.42013517022132874
0.4168848395347595
0.41145089268684387
0.4038101136684418
0.3939366936683655
0.3818047344684601
0.36739522218704224
0.350698858499527
0.3317219316959381
0.310489684343338
0.2870490849018097
0.26147618889808655
0.23387333750724792
0.20438233017921448
0.17317378520965576
0.14046382904052734
0.10649590194225311
0.07155506312847137
0.03594634681940079
0.0
0.0
0.03861208260059357
0.07683951407670975
0.11430741846561432
0.15067324042320251
0.18562060594558716
0.21888521313667297
0.25023776292800903
0.27950355410575867
0.30654364824295044
0.33126363158226013
0.3535999059677124
0.37351882457733154
0.3910101652145386
0.40608078241348267
0.4187525510787964
0.4290541410446167
0.4370199739933014
0.44268175959587097
0.44606709480285645
0.44719332456588745
0.44606709480285645
0.44268175959587097
0.4370199739933014
0.4290541410446167
0.4187525510787964
0.40608078241348267
0.3910101652145386
0.37351882457733154
0.3535999059677124
0.33126363158226013
0.30654364824295044
0.27950355410575867
0.25023776292800903
0.21888521313667297
0.18562060594558716
0.15067324042320251
0.11430741846561432
0.07683951407670975
0.03861208260059357
0.0
0.0
0.04152902588248253
0.082614965736866
0.12282790243625641
0.16177982091903687
0.1991174966096878
0.2345535159111023
0.26784566044807434
0.29881802201271057
0.3273387551307678
0.3533267676830292
0.3767367899417877
0.3975542187690735
0.41578951478004456
0.4314673840999603
0.4446268081665039
0.45530965924263
0.4635615050792694
0.469421923160553
0.47292429208755493
0.4740891456604004
0.47292429208755493
0.469421923160553
0.4635615050792694
0.45530965924263
0.4446268081665039
0.4314673840999603
0.41578951478004456
0.3975542187690735
0.3767367899417877
0.3533267676830292
0.3273387551307678
0.29881802201271057
0.26784566044807434
0.2345535159111023
0.1991174966096878
0.16177982091903687
0.12282790243625641
0.082614965736866
0.04152902588248253
0.0
0.0
0.04474550113081932
0.08897406607866287
0.13218677043914795
0.17394018173217773
0.2138376235961914
0.2515668570995331
0.2868744134902954
0.31958749890327454
0.34958818554878235
0.3768155574798584
0.4012505114078522
0.4229043424129486
0.4418148100376129
0.45803001523017883
0.4716108739376068
0.4826160669326782
0.49110543727874756
0.4971284866333008
0.5007258057594299
0.5019218325614929
0.5007258057594299
0.4971284866333008
0.49110543727874756
0.4826160669326782
0.4716108739376068
0.45803001523017883
0.4418148100376129
0.4229043424129486
0.4012505114078522
0.3768155574798584
0.34958818554878235
0.31958749890327454
0.2868744134902954
0.2515668570995331
0.2138376235961914
0.17394018173217773
0.13218677043914795
0.08897406607866287
0.04474550113081932
0.0
0.0
0.0483243353664875
0.09603708982467651
0.1425517201423645
0.18735645711421967
0.2300032377243042
0.2701537609100342
0.30754682421684265
0.34201985597610474
0.3734784424304962
0.40189164876937866
0.42727676033973694
0.4496794641017914
0.4691728949546814
0.48583465814590454
0.49975278973579407
0.5110068321228027
0.5196738839149475
0.525815486907959
0.5294807553291321
0.530698835849762
0.5294807553291321
0.525815486907959
0.5196738839149475
0.5110068321228027
0.49975278973579407
0.48583465814590454
0.4691728949546814
0.4496794641017914
0.42727676033973694
0.40189164876937866
0.3734784424304962
0.34201985597610474
0.30754682421684265
0.2701537609100342
0.2300032377243042
0.18735645711421967
0.1425517201423645
0.09603708982467651
0.0483243353664875
0.0
0.0
0.05234697088599205
0.103958360850811
0.1541343331336975
0.2022782415151596
0.24788197875022888
0.29058194160461426
0.3301166594028473
0.3663448393344879
0.3992097079753876
0.42872315645217896
0.4549519419670105
0.4779863953590393
0.49794402718544006
0.5149386525154114
0.529090940952301
0.540505051612854
0.5492782592773438
0.5554859638214111
0.5591873526573181
0.5604168772697449
0.5591873526573181
0.5554859638214111
0.5492782592773438
0.540505051612854
0.529090940952301
0.5149386525154114
0.49794402718544006
0.4779863953590393
0.4549519419670105
0.42872315645217896
0.3992097079753876
0.3663448393344879
0.3301166594028473
0.29058194160461426
0.24788197875022888
0.2022782415151596
0.1541343331336975
0.103958360850811
0.05234697088599205
0.0
0.0
0.056923847645521164
0.1129467636346817
0.16721971333026886
0.21903963387012482
0.26782846450805664
0.3132013976573944
0.3549096882343292
0.39285096526145935
0.4270265996456146
0.4575090706348419
0.4844313859939575
0.5079408884048462
0.5282096862792969
0.545395016670227
0.5596551299095154
0.5711225271224976
0.5799168944358826
0.5861291885375977
0.5898293852806091
0.5910578370094299
0.5898293852806091
0.5861291885375977
0.5799168944358826
0.5711225271224976
0.5596551299095154
0.545395016670227
0.5282096862792969
0.5079408884048462
0.4844313859939575
0.4575090706348419
0.4270265996456146
0.39285096526145935
0.3549096882343292
0.3132013976573944
0.26782846450805664
0.21903963387012482
0.16721971333026886
0.1129467636346817
0.056923847645521164
0.0
0.0
0.062203191220760345
0.12327826768159866
0.18217606842517853
0.238059401512146
0.29027268290519714
0.33842119574546814
0.38229331374168396
0.42185166478157043
0.45718511939048767
0.48844945430755615
0.5158643126487732
0.5396481156349182
0.5600382685661316
0.5772421360015869
0.5914603471755981
0.6028563380241394
0.6115738153457642
0.617720365524292
0.6213769912719727
0.6225901246070862
0.6213769912719727
0.617720365524292
0.6115738153457642
0.6028563380241394
0.5914603471755981
0.5772421360015869
0.5600382685661316
0.5396481156349182
0.5158643126487732
0.48844945430755615
0.45718511939048767
0.42185166478157043
0.38229331374168396
0.33842119574546814
0.29027268290519714
0.238059401512146
0.18217606842517853
0.12327826768159866
0.062203191220760345
0.0
0.0
0.06839685887098312
0.1353469341993332
0.19952361285686493
0.25992193818092346
0.3158034682273865
0.3667888939380646
0.4127447009086609
0.45374026894569397
0.48999348282814026
0.5217737555503845
0.5494118928909302
0.5732126235961914
0.5934889912605286
0.6105043292045593
0.6245043277740479
0.6356849074363708
0.6442139148712158
0.650215208530426
0.6537807583808899
0.6549628973007202
0.6537807583808899
0.650215208530426
0.6442139148712158
0.6356849074363708
0.6245043277740479
0.6105043292045593
0.5934889912605286
0.5732126235961914
0.5494118928909302
0.5217737555503845
0.48999348282814026
0.45374026894569397
0.4127447009086609
0.3667888939380646
0.3158034682273865
0.25992193818092346
0.19952361285686493
0.1353469341993332
0.06839685887098312
0.0
0.0
0.07580230385065079
0.14968955516815186
0.21995003521442413
0.2853657901287079
0.3451319932937622
0.398933082818985
0.4467860162258148
0.48892590403556824
0.5257560014724731
0.5576953291893005
0.5852124691009521
0.6087138056755066
0.6285958886146545
0.6451817750930786
0.6587626934051514
0.6695663332939148
0.6777833104133606
0.6835523247718811
0.6869750618934631
0.6881090402603149
0.6869750618934631
0.6835523247718811
0.6777833104133606
0.6695663332939148
0.6587626934051514
0.6451817750930786
0.6285958886146545
0.6087138056755066
0.5852124691009521
0.5576953291893005
0.5257560014724731
0.48892590403556824
0.4467860162258148
0.398933082818985
0.3451319932937622
0.2853657901287079
0.21995003521442413
0.14968955516815186
0.07580230385065079
0.0
0.0
0.08487444370985031
0.16713650524616241
0.24448737502098083
0.3154740035533905
0.37926244735717773
0.4357050061225891
0.485088050365448
0.5279040336608887
0.5648157000541687
0.5964339375495911
0.6233911514282227
0.6462064981460571
0.6653634309768677
0.681243896484375
0.6941810846328735
0.7044306993484497
0.7122019529342651
0.7176456451416016
0.7208707332611084
0.7219383120536804
0.7208707332611084
0.7176456451416016
0.7122019529342651
0.7044306993484497
0.6941810846328735
0.681243896484375
0.6653634309768677
0.6462064981460571
0.6233911514282227
0.5964339375495911
0.5648157000541687
0.5279040336608887
0.485088050365448
0.4357050061225891
0.37926244735717773
0.3154740035533905
0.24448737502098083
0.16713650524616241
0.08487444370985031
0.0
0.0
0.09629832208156586
0.18884186446666718
0.27452874183654785
0.351603627204895
0.41937509179115295
0.4780334234237671
0.5283327698707581
0.571140468120575
0.6074656844139099
0.6381533741950989
0.6640177369117737
0.6856957674026489
0.7037529349327087
0.7186235785484314
0.7306742668151855
0.7401817440986633
0.7473675012588501
0.7523894309997559
0.7553603053092957
0.7563429474830627
0.7553603053092957
0.7523894309997559
0.7473675012588501
0.7401817440986633
0.7306742668151855
0.7186235785484314
0.7037529349327087
0.6856957674026489
0.6640177369117737
0.6381533741950989
0.6074656844139099
0.571140468120575
0.5283327698707581
0.4780334234237671
0.41937509179115295
0.351603627204895
0.27452874183654785
0.18884186446666718
0.09629832208156586
0.0
0.0
0.11120299994945526
0.21686865389347076
0.31233274936676025
0.3958572745323181
0.46715599298477173
0.5271414518356323
0.5773305892944336
0.6191245913505554
0.6539641618728638
0.6829552054405212
0.7070925235748291
0.7271192073822021
0.7436650991439819
0.7572011947631836
0.7681128978729248
0.7766862511634827
0.7831459045410156
0.7876501083374023
0.7903109192848206
0.7911903262138367
0.7903109192848206
0.7876501083374023
0.7831459045410156
0.7766862511634827
0.7681128978729248
0.7572011947631836
0.7436650991439819
0.7271192073822021
0.7070925235748291
0.6829552054405212
0.6539641618728638
0.6191245913505554
0.5773305892944336
0.5271414518356323
0.46715599298477173
0.3958572745323181
0.31233274936676025
0.21686865389347076
0.11120299994945526
0.0
0.0
0.1315363645553589
0.25395506620407104
0.3609726130962372
0.4507265090942383
0.5244237780570984
0.584195077419281
0.6327534317970276
0.6721875071525574
0.7044195532798767
0.7308134436607361
0.7525116205215454
0.7703320980072021
0.7849365472793579
0.7968078851699829
0.8063292503356934
0.8137810230255127
0.8193789720535278
0.8232741951942444
0.82557213306427
0.8263310790061951
0.82557213306427
0.8232741951942444
0.8193789720535278
0.8137810230255127
0.8063292503356934
0.7968078851699829
0.7849365472793579
0.7703320980072021
0.7525116205215454
0.7308134436607361
0.7044195532798767
0.6721875071525574
0.6327534317970276
0.584195077419281
0.5244237780570984
0.4507265090942383
0.3609726130962372
0.25395506620407104
0.1315363645553589
0.0
0.0
0.16059990227222443
0.3067147433757782
0.4258304536342621
0.5201897025108337
0.5935555696487427
0.6504518389701843
0.6951300501823425
0.7304432988166809
0.7587231397628784
0.7815129160881042
0.8000179529190063
0.8150697350502014
0.8273120522499084
0.83720463514328
0.8451024293899536
0.8512617349624634
0.855876624584198
0.8590816259384155
0.860970139503479
0.86159348487854
0.860970139503479
0.8590816259384155
0.855876624584198
0.8512617349624634
0.8451024293899536
0.83720463514328
0.8273120522499084
0.8150697350502014
0.8000179529190063
0.7815129160881042
0.7587231397628784
0.7304432988166809
0.6951300501823425
0.6504518389701843
0.5935555696487427
0.5201897025108337
0.4258304536342621
0.3067147433757782
0.16059990227222443
0.0
0.0
0.2059919536113739
0.3816990256309509
0.5139886140823364
0.6080560088157654
0.6764359474182129
0.7265438437461853
0.7644647359848022
0.7935986518859863
0.8164701461791992
0.8346264362335205
0.8492047190666199
0.8609617352485657
0.870461642742157
0.8780995607376099
0.8841736316680908
0.8888967037200928
0.8924276828765869
0.8948761820793152
0.8963175415992737
0.896793007850647
0.8963175415992737
0.8948761820793152
0.8924276828765869
0.8888967037200928
0.8841736316680908
0.8780995607376099
0.870461642742157
0.8609617352485657
0.8492047190666199
0.8346264362335205
0.8164701461791992
0.7935986518859863
0.7644647359848022
0.7265438437461853
0.6764359474182129
0.6080560088157654
0.5139886140823364
0.3816990256309509
0.2059919536113739
0.0
0.0
0.2784295976161957
0.5085423588752747
0.6366856098175049
0.7192267775535583
0.7738876342773438
0.8120782971382141
0.8398654460906982
0.8607237339019775
0.8768071532249451
0.8894211649894714
0.8994563221931458
0.9074952602386475
0.9139574766159058
0.9191330671310425
0.9232367873191833
0.9264206886291504
0.9287971258163452
0.9304430484771729
0.9314112663269043
0.9317305684089661
0.9314112663269043
0.9304430484771729
0.9287971258163452
0.9264206886291504
0.9232367873191833
0.9191330671310425
0.9139574766159058
0.9074952602386475
0.8994563221931458
0.8894211649894714
0.8768071532249451
0.8607237339019775
0.8398654460906982
0.8120782971382141
0.7738876342773438
0.7192267775535583
0.6366856098175049
0.5085423588752747
0.2784295976161957
0.0
0.0
0.5268124341964722
0.6961237788200378
0.8024716377258301
0.851779043674469
0.8840412497520447
0.9046828150749207
0.9194443225860596
0.9302642941474915
0.9385215044021606
0.9449405074119568
0.9500187039375305
0.9540693163871765
0.9573153853416443
0.9599090218544006
0.9619619846343994
0.9635526537895203
0.9647388458251953
0.9655598402023315
0.9660425782203674
0.9662017226219177
0.9660425782203674
0.9655598402023315
0.9647388458251953
0.9635526537895203
0.9619619846343994
0.9599090218544006
0.9573153853416443
0.9540693163871765
0.9500187039375305
0.9449405074119568
0.9385215044021606
0.9302642941474915
0.9194443225860596
0.9046828150749207
0.8840412497520447
0.851779043674469
0.8024716377258301
0.6961237788200378
0.5268124341964722
0.0
1.0
1.0
1.0
1.0
1.0
1.0
1.0
1.0
1.0
1.0
1.0
1.0
1.0
1.0
1.0
1.0
1.0
1.0
1.0
1.0
1.0
1.0
1.0
1.0
1.0
1.0
1.0
1.0
1.0
1.0
1.0
1.0
1.0
1.0
1.0
1.0
1.0
1.0
1.0
1.0
1.0
