0.0
0.0
0.0
0.0
0.0
0.0
0.0
0.0
0.0
0.0
0.0
0.0
0.0
0.0
0.0
0.0
0.0
0.0
0.0
0.0
0.0
0.0
0.0
0.0
0.0
0.0
0.0
0.0
0.0
0.0
0.0
0.0
0.0
0.0
0.0
0.0
0.0
0.0
0.0
0.0
0.0
0.0
0.002056237543001771
0.0037597608752548695
0.005206859204918146
0.006496216636151075
0.007672403007745743
0.00875207968056202
0.009745992720127106
0.010659852996468544
0.01149718090891838
0.012259968556463718
0.012949397787451744
0.013566076755523682
0.014110305346548557
0.014582173898816109
0.014981666579842567
0.01530870795249939
0.015563203021883965
0.01574506051838398
0.015854205936193466
0.015890594571828842
0.015854205936193466
0.01574506051838398
0.015563203021883965
0.01530870795249939
0.014981666579842567
0.014582173898816109
0.014110305346548557
0.013566076755523682
0.012949397787451744
0.012259968556463718
0.01149718090891838
0.010659852996468544
0.009745992720127106
0.00875207968056202
0.007672403007745743
0.006496216636151075
0.005206859204918146
0.0037597608752548695
0.002056237543001771
0.0
0.0
0.003776880679652095
0.007228323724120855
0.01021148543804884
0.012855642475187778
0.015250563621520996
0.0174388587474823
0.01944807730615139
0.021291915327310562
0.0229792483150959
0.024514934048056602
0.02590199001133442
0.027142027392983437
0.028235934674739838
0.029184095561504364
0.02998662181198597
0.03064347617328167
0.03115454688668251
0.03151971101760864
0.03173885494470596
0.0318119153380394
0.03173885494470596
0.03151971101760864
0.03115454688668251
0.03064347617328167
0.02998662181198597
0.029184095561504364
0.028235934674739838
0.027142027392983437
0.02590199001133442
0.024514934048056602
0.0229792483150959
0.021291915327310562
0.01944807730615139
0.0174388587474823
0.015250563621520996
0.012855642475187778
0.01021148543804884
0.007228323724120855
0.003776880679652095
0.0
0.0
0.005271113011986017
0.010291436687111855
0.01486281119287014
0.018958445638418198
0.02264559641480446
0.02599790319800377
0.029063863679766655
0.03186943009495735
0.03443187475204468
0.03676052391529083
0.038861505687236786
0.04073817655444145
0.042392611503601074
0.04382585361599922
0.045038461685180664
0.046030640602111816
0.046802423894405365
0.04735377058386803
0.04768460988998413
0.047794900834560394
0.04768460988998413
0.04735377058386803
0.046802423894405365
0.046030640602111816
0.045038461685180664
0.04382585361599922
0.042392611503601074
0.04073817655444145
0.038861505687236786
0.03676052391529083
0.03443187475204468
0.03186943009495735
0.029063863679766655
0.02599790319800377
0.02264559641480446
0.018958445638418198
0.01486281119287014
0.010291436687111855
0.005271113011986017
0.0
0.0
0.0066475337371230125
0.01309707947075367
0.019166598096489906
0.02473975345492363
0.02978905476629734
0.0343749076128006
0.03855455666780472
0.042367707937955856
0.04584209993481636
0.04899346083402634
0.05183263123035431
0.054365746676921844
0.056596893817186356
0.0585283488035202
0.06016156077384949
0.0614972822368145
0.06253595650196075
0.06327777355909348
0.06372284144163132
0.06387119740247726
0.06372284144163132
0.06327777355909348
0.06253595650196075
0.0614972822368145
0.06016156077384949
0.0585283488035202
0.056596893817186356
0.054365746676921844
0.05183263123035431
0.04899346083402634
0.04584209993481636
0.042367707937955856
0.03855455666780472
0.0343749076128006
0.02978905476629734
0.02473975345492363
0.019166598096489906
0.01309707947075367
0.0066475337371230125
0.0
0.0
0.007960876449942589
0.015754466876387596
0.023217467591166496
0.03021346405148506
0.036653537303209305
0.04253488406538963
0.04789120331406593
0.05276782810688019
0.05720062926411629
0.06121307983994484
0.06482203304767609
0.06803752481937408
0.0708666443824768
0.07331357896327972
0.07538123428821564
0.07707132399082184
0.07838500291109085
0.0793229416012764
0.0798855647444725
0.08007308840751648
0.0798855647444725
0.0793229416012764
0.07838500291109085
0.07707132399082184
0.07538123428821564
0.07331357896327972
0.0708666443824768
0.06803752481937408
0.06482203304767609
0.06121307983994484
0.05720062926411629
0.05276782810688019
0.04789120331406593
0.04253488406538963
0.036653537303209305
0.03021346405148506
0.023217467591166496
0.015754466876387596
0.007960876449942589
0.0
0.0
0.009237037040293217
0.018324535340070724
0.027114491909742355
0.035470832139253616
0.04327899217605591
0.05048113688826561
0.05706508457660675
0.0630614385008812
0.06850425899028778
0.07342269271612167
0.07783927023410797
0.08176865428686142
0.08522174507379532
0.08820534497499466
0.09072446078062057
0.09278222918510437
0.09438091516494751
0.09552192687988281
0.09620620310306549
0.09643423557281494
0.09620620310306549
0.09552192687988281
0.09438091516494751
0.09278222918510437
0.09072446078062057
0.08820534497499466
0.08522174507379532
0.08176865428686142
0.07783927023410797
0.07342269271612167
0.06850425899028778
0.0630614385008812
0.05706508457660675
0.05048113688826561
0.04327899217605591
0.035470832139253616
0.027114491909742355
0.018324535340070724
0.009237037040293217
0.0
0.0
0.010495994240045547
0.020852960646152496
0.030932152643799782
0.04060106724500656
0.049737121909856796
0.05825194716453552
0.06609217822551727
0.0732555165886879
0.07975944131612778
0.08563199639320374
0.09089833498001099
0.09557753801345825
0.09968456625938416
0.10322946310043335
0.10621987283229828
0.10866086930036545
0.11055624485015869
0.1119084507226944
0.11271917074918747
0.11298929899930954
0.11271917074918747
0.1119084507226944
0.11055624485015869
0.10866086930036545
0.10621987283229828
0.10322946310043335
0.09968456625938416
0.09557753801345825
0.09089833498001099
0.08563199639320374
0.07975944131612778
0.0732555165886879
0.06609217822551727
0.05825194716453552
0.049737121909856796
0.04060106724500656
0.030932152643799782
0.020852960646152496
0.010495994240045547
0.0
0.0
0.011752048507332802
0.02337050624191761
0.03472178429365158
0.045676492154598236
0.05611012876033783
0.06591875106096268
0.07502100616693497
0.08338039368391037
0.09098780155181885
0.09786038845777512
0.10401981323957443
0.109487384557724
0.11428127437829971
0.11841485649347305
0.12189880758523941
0.12474054843187332
0.12694579362869263
0.12851837277412415
0.12946094572544098
0.12977497279644012
0.12946094572544098
0.12851837277412415
0.12694579362869263
0.12474054843187332
0.12189880758523941
0.11841485649347305
0.11428127437829971
0.109487384557724
0.10401981323957443
0.09786038845777512
0.09098780155181885
0.08338039368391037
0.07502100616693497
0.06591875106096268
0.05611012876033783
0.045676492154598236
0.03472178429365158
0.02337050624191761
0.011752048507332802
0.0
0.0
0.013017423450946808
0.02590331993997097
0.03852608799934387
0.050757504999637604
0.06247182562947273
0.0735570639371872
0.08391539752483368
0.09348375350236893
0.10222529619932175
0.11013771593570709
0.11723177134990692
0.12352681905031204
0.12904201447963715
0.13379350304603577
0.13779498636722565
0.14105647802352905
0.1435859650373459
0.14538894593715668
0.14646929502487183
0.14682915806770325
0.14646929502487183
0.14538894593715668
0.1435859650373459
0.14105647802352905
0.13779498636722565
0.13379350304603577
0.12904201447963715
0.12352681905031204
0.11723177134990692
0.11013771593570709
0.10222529619932175
0.09348375350236893
0.08391539752483368
0.0735570639371872
0.06247182562947273
0.050757504999637604
0.03852608799934387
0.02590331993997097
0.013017423450946808
0.0
0.0
0.014302480034530163
0.028472868725657463
0.04237905144691467
0.05589209869503975
0.06888462603092194
0.08123961836099625
0.09284912049770355
0.10363130271434784
0.11352585256099701
0.12250832468271255
0.13057304918766022
0.1377323567867279
0.14400291442871094
0.14940214157104492
0.15394604206085205
0.1576472520828247
0.160516157746315
0.1625601351261139
0.16378454864025116
0.1641923189163208
0.16378454864025116
0.1625601351261139
0.160516157746315
0.1576472520828247
0.15394604206085205
0.14940214157104492
0.14400291442871094
0.1377323567867279
0.13057304918766022
0.12250832468271255
0.11352585256099701
0.10363130271434784
0.09284912049770355
0.08123961836099625
0.06888462603092194
0.05589209869503975
0.04237905144691467
0.028472868725657463
0.014302480034530163
0.0
0.0
0.015616974793374538
0.031099187210202217
0.04631194844841957
0.06112387031316757
0.07540474086999893
0.08903326094150543
0.10189427435398102
0.11389319598674774
0.12495212256908417
0.13502609729766846
0.1440909057855606
0.15214721858501434
0.15920521318912506
0.16528134047985077
0.17039257287979126
0.17455370724201202
0.17777754366397858
0.18007345497608185
0.18144837021827698
0.18190620839595795
0.18144837021827698
0.18007345497608185
0.17777754366397858
0.17455370724201202
0.17039257287979126
0.16528134047985077
0.15920521318912506
0.15214721858501434
0.1440909057855606
0.13502609729766846
0.12495212256908417
0.11389319598674774
0.10189427435398102
0.08903326094150543
0.07540474086999893
0.06112387031316757
0.04631194844841957
0.031099187210202217
0.015616974793374538
0.0
0.0
0.016970030963420868
0.03380076587200165
0.050353117287158966
0.06649161130189896
0.08208198100328445
0.0969984382390976
0.11111993342638016
0.12434258311986923
0.13657546043395996
0.14775656163692474
0.1578439176082611
0.16682420670986176
0.17469795048236847
0.18147790431976318
0.18718014657497406
0.19182088971138
0.19541490077972412
0.19797354936599731
0.19950543344020844
0.20001547038555145
0.19950543344020844
0.19797354936599731
0.19541490077972412
0.19182088971138
0.18718014657497406
0.18147790431976318
0.17469795048236847
0.16682420670986176
0.1578439176082611
0.14775656163692474
0.13657546043395996
0.12434258311986923
0.11111993342638016
0.0969984382390976
0.08208198100328445
0.06649161130189896
0.050353117287158966
0.03380076587200165
0.016970030963420868
0.0
0.0
0.01837085746228695
0.036596138030290604
0.054530635476112366
0.07203323394060135
0.08896428346633911
0.10519282519817352
0.12059207260608673
0.13505078852176666
0.14846816658973694
0.16076892614364624
0.17189596593379974
0.18182161450386047
0.19053494930267334
0.19804245233535767
0.20435737073421478
0.20949608087539673
0.21347472071647644
0.2163064330816269
0.21800146996974945
0.21856574714183807
0.21800146996974945
0.2163064330816269
0.21347472071647644
0.20949608087539673
0.20435737073421478
0.19804245233535767
0.19053494930267334
0.18182161450386047
0.17189596593379974
0.16076892614364624
0.14846816658973694
0.13505078852176666
0.12059207260608673
0.10519282519817352
0.08896428346633911
0.07203323394060135
0.054530635476112366
0.036596138030290604
0.01837085746228695
0.0
0.0
0.019828712567687035
0.03950382024049759
0.058872293680906296
0.07778581231832504
0.09609799087047577
0.11367180943489075
0.1303744912147522
0.14608833193778992
0.16070467233657837
0.1741379052400589
0.18631862103939056
0.19720615446567535
0.20677785575389862
0.2150323987007141
0.22197839617729187
0.22763115167617798
0.23200730979442596
0.23512142896652222
0.2369852215051651
0.23760563135147095
0.2369852215051651
0.23512142896652222
0.23200730979442596
0.22763115167617798
0.22197839617729187
0.2150323987007141
0.20677785575389862
0.19720615446567535
0.18631862103939056
0.1741379052400589
0.16070467233657837
0.14608833193778992
0.1303744912147522
0.11367180943489075
0.09609799087047577
0.07778581231832504
0.058872293680906296
0.03950382024049759
0.019828712567687035
0.0
0.0
0.02135344408452511
0.04254340007901192
0.06340721249580383
0.08378774672746658
0.1035304069519043
0.12249112129211426
0.1405305415391922
0.15752479434013367
0.17335857450962067
0.18793827295303345
0.201184943318367
0.213047057390213
0.22349125146865845
0.23250779509544373
0.24009959399700165
0.24627961218357086
0.25106412172317505
0.2544685900211334
0.25650596618652344
0.25718411803245544
0.25650596618652344
0.2544685900211334
0.25106412172317505
0.24627961218357086
0.24009959399700165
0.23250779509544373
0.22349125146865845
0.213047057390213
0.201184943318367
0.18793827295303345
0.17335857450962067
0.15752479434013367
0.1405305415391922
0.12249112129211426
0.1035304069519043
0.08378774672746658
0.06340721249580383
0.04254340007901192
0.02135344408452511
0.0
0.0
0.02295553684234619
0.0457356758415699
0.06816617399454117
0.09007930755615234
0.11131073534488678
0.13170818984508514
0.1511250138282776
0.16943122446537018
0.18650555610656738
0.20224817097187042
0.21657288074493408
0.22941961884498596
0.2407461553812027
0.25053489208221436
0.25878265500068665
0.26549941301345825
0.2707001864910126
0.2744009792804718
0.27661561965942383
0.2773527204990387
0.27661561965942383
0.2744009792804718
0.2707001864910126
0.26549941301345825
0.25878265500068665
0.25053489208221436
0.2407461553812027
0.22941961884498596
0.21657288074493408
0.20224817097187042
0.18650555610656738
0.16943122446537018
0.1511250138282776
0.13170818984508514
0.11131073534488678
0.09007930755615234
0.06816617399454117
0.0457356758415699
0.02295553684234619
0.0
0.0
0.024646634235978127
0.04910362511873245
0.07318288087844849
0.09670413285493851
0.11949154734611511
0.14138343930244446
0.16222505271434784
0.18188011646270752
0.2002219706773758
0.2171458750963211
0.2325604408979416
0.24639956653118134
0.2586144208908081
0.2691807746887207
0.27809008955955505
0.28534889221191406
0.29097068309783936
0.29497140645980835
0.29736554622650146
0.29816240072250366
0.29736554622650146
0.29497140645980835
0.29097068309783936
0.28534889221191406
0.27809008955955505
0.2691807746887207
0.2586144208908081
0.24639956653118134
0.2325604408979416
0.2171458750963211
0.2002219706773758
0.18188011646270752
0.16222505271434784
0.14138343930244446
0.11949154734611511
0.09670413285493851
0.07318288087844849
0.04910362511873245
0.024646634235978127
0.0
0.0
0.02643975056707859
0.05267288535833359
0.0784948542714119
0.10371056944131851
0.12813076376914978
0.15158295631408691
0.17390339076519012
0.19494935870170593
0.2145892083644867
0.23271451890468597
0.24923066794872284
0.2640678286552429
0.27717307209968567
0.28851762413978577
0.2980887293815613
0.3058900237083435
0.3119334280490875
0.3162347376346588
0.3188088536262512
0.3196655809879303
0.3188088536262512
0.3162347376346588
0.3119334280490875
0.3058900237083435
0.2980887293815613
0.28851762413978577
0.27717307209968567
0.2640678286552429
0.24923066794872284
0.23271451890468597
0.2145892083644867
0.19494935870170593
0.17390339076519012
0.15158295631408691
0.12813076376914978
0.10371056944131851
0.0784948542714119
0.05267288535833359
0.02643975056707859
0.0
0.0
0.028349870815873146
0.05647283419966698
0.0841447189450264
0.11115295439958572
0.13729257881641388
0.16237884759902954
0.18623808026313782
0.20872099697589874
0.22969157993793488
0.2490389496088028
0.2666672170162201
0.28250524401664734
0.2964988052845001
0.30861684679985046
0.31884458661079407
0.32718363404273987
0.33364495635032654
0.3382442593574524
0.34099677205085754
0.3419129252433777
0.34099677205085754
0.3382442593574524
0.33364495635032654
0.32718363404273987
0.31884458661079407
0.30861684679985046
0.2964988052845001
0.28250524401664734
0.2666672170162201
0.2490389496088028
0.22969157993793488
0.20872099697589874
0.18623808026313782
0.16237884759902954
0.13729257881641388
0.11115295439958572
0.0841447189450264
0.05647283419966698
0.028349870815873146
0.0
0.0
0.030394455417990685
0.0605376735329628
0.09018204361200333
0.11909428983926773
0.1470511257648468
0.17385384440422058
0.19931790232658386
0.22328750789165497
0.2456229329109192
0.26621243357658386
0.2849610149860382
0.30179888010025024
0.3166734576225281
0.3295542895793915
0.3404269814491272
0.3492928743362427
0.3561631143093109
0.3610537052154541
0.36398062109947205
0.3649548292160034
0.36398062109947205
0.3610537052154541
0.3561631143093109
0.3492928743362427
0.3404269814491272
0.3295542895793915
0.3166734576225281
0.30179888010025024
0.2849610149860382
0.26621243357658386
0.2456229329109192
0.22328750789165497
0.19931790232658386
0.17385384440422058
0.1470511257648468
0.11909428983926773
0.09018204361200333
0.0605376735329628
0.030394455417990685
0.0
0.0
0.032594263553619385
0.06490784883499146
0.09666488319635391
0.12760750949382782
0.15749096870422363
0.1861007809638977
0.21324072778224945
0.23874874413013458
0.2624827027320862
0.2843318581581116
0.3042047619819641
0.32203593850135803
0.33777788281440735
0.3514038324356079
0.36290279030799866
0.3722780644893646
0.37954261898994446
0.38471361994743347
0.387808233499527
0.3888382613658905
0.387808233499527
0.38471361994743347
0.37954261898994446
0.3722780644893646
0.36290279030799866
0.3514038324356079
0.33777788281440735
0.32203593850135803
0.3042047619819641
0.2843318581581116
0.2624827027320862
0.23874874413013458
0.21324072778224945
0.1861007809638977
0.15749096870422363
0.12760750949382782
0.09666488319635391
0.06490784883499146
0.032594263553619385
0.0
0.0
0.03497440367937088
0.06963224709033966
0.1036633849143982
0.1367805004119873
0.16871365904808044
0.19923055171966553
0.22812247276306152
0.2552218437194824
0.28038591146469116
0.303507536649704
0.324502170085907
0.34331217408180237
0.35989904403686523
0.3742433786392212
0.3863411247730255
0.3962002098560333
0.40383750200271606
0.40927278995513916
0.4125252068042755
0.413607656955719
0.4125252068042755
0.40927278995513916
0.40383750200271606
0.3962002098560333
0.3863411247730255
0.3742433786392212
0.35989904403686523
0.34331217408180237
0.324502170085907
0.303507536649704
0.28038591146469116
0.2552218437194824
0.22812247276306152
0.19923055171966553
0.16871365904808044
0.1367805004119873
0.1036633849143982
0.06963224709033966
0.03497440367937088
0.0
0.0
0.03756561875343323
0.07477034628391266
0.11126194894313812
0.14671765267848969
0.18083781003952026
0.2133702039718628
0.24409335851669312
0.27283555269241333
0.2994562089443207
0.32385534048080444
0.34595969319343567
0.3657236695289612
0.38312241435050964
0.39814794063568115
0.4108071029186249
0.42111557722091675
0.4290967881679535
0.4347746968269348
0.4381715655326843
0.4393019676208496
0.4381715655326843
0.4347746968269348
0.4290967881679535
0.42111557722091675
0.4108071029186249
0.39814794063568115
0.38312241435050964
0.3657236695289612
0.34595969319343567
0.32385534048080444
0.2994562089443207
0.27283555269241333
0.24409335851669312
0.2133702039718628
0.18083781003952026
0.14671765267848969
0.11126194894313812
0.07477034628391266
0.03756561875343323
0.0
0.0
0.040406424552202225
0.0803966298699379
0.11956620216369629
0.15754921734333038
0.1940108835697174
0.22867681086063385
0.26131290197372437
0.29174575209617615
0.3198411166667938
0.3455110490322113
0.36869925260543823
0.3893776535987854
0.407540500164032
0.42319604754447937
0.4363665282726288
0.44707897305488586
0.4553661644458771
0.46125832200050354
0.46478214859962463
0.46595457196235657
0.46478214859962463
0.46125832200050354
0.4553661644458771
0.44707897305488586
0.4363665282726288
0.42319604754447937
0.407540500164032
0.3893776535987854
0.36869925260543823
0.3455110490322113
0.3198411166667938
0.29174575209617615
0.26131290197372437
0.22867681086063385
0.1940108835697174
0.15754921734333038
0.11956620216369629
0.0803966298699379
0.040406424552202225
0.0
0.0
0.04354532063007355
0.08660416305065155
0.12870636582374573
0.16943319141864777
0.2084081768989563
0.2453329861164093
0.27996230125427246
0.31212520599365234
0.3417000472545624
0.36861753463745117
0.39284592866897583
0.4143810570240021
0.4332429766654968
0.4494614601135254
0.4630790948867798
0.4741380512714386
0.4826837480068207
0.4887547492980957
0.49238380789756775
0.49359092116355896
0.49238380789756775
0.4887547492980957
0.4826837480068207
0.4741380512714386
0.4630790948867798
0.4494614601135254
0.4332429766654968
0.4143810570240021
0.39284592866897583
0.36861753463745117
0.3417000472545624
0.31212520599365234
0.27996230125427246
0.2453329861164093
0.2084081768989563
0.16943319141864777
0.12870636582374573
0.08660416305065155
0.04354532063007355
0.0
0.0
0.04704534634947777
0.09351376444101334
0.13885125517845154
0.1825736165046692
0.22425490617752075
0.26357144117355347
0.30026984214782715
0.33418840169906616
0.36522725224494934
0.3933451175689697
0.4185445010662079
0.4408537447452545
0.46032634377479553
0.4770198464393616
0.49100250005722046
0.5023357272148132
0.5110807418823242
0.5172868371009827
0.520994246006012
0.5222270488739014
0.520994246006012
0.5172868371009827
0.5110807418823242
0.5023357272148132
0.49100250005722046
0.4770198464393616
0.46032634377479553
0.4408537447452545
0.4185445010662079
0.3933451175689697
0.36522725224494934
0.33418840169906616
0.30026984214782715
0.26357144117355347
0.22425490617752075
0.1825736165046692
0.13885125517845154
0.09351376444101334
0.04704534634947777
0.0
0.0
0.05098826810717583
0.10128053277730942
0.15021389722824097
0.1972224861383438
0.2418222427368164
0.28366467356681824
0.3224954605102539
0.3581724166870117
0.3906312882900238
0.4198709726333618
0.4459412395954132
0.4689125418663025
0.48888105154037476
0.505938708782196
0.5201849937438965
0.5317045450210571
0.54057776927948
0.5468667149543762
0.5506206154823303
0.5518683195114136
0.5506206154823303
0.5468667149543762
0.54057776927948
0.5317045450210571
0.5201849937438965
0.505938708782196
0.48888105154037476
0.4689125418663025
0.4459412395954132
0.4198709726333618
0.3906312882900238
0.3581724166870117
0.3224954605102539
0.28366467356681824
0.2418222427368164
0.1972224861383438
0.15021389722824097
0.10128053277730942
0.05098826810717583
0.0
0.0
0.055484894663095474
0.11011434346437454
0.16308140754699707
0.21371731162071228
0.2614699900150299
0.3059697449207306
0.346973717212677
0.38437628746032715
0.4181683659553528
0.4484065771102905
0.47520408034324646
0.49868595600128174
0.5190010070800781
0.5362828969955444
0.5506676435470581
0.5622671246528625
0.5711833834648132
0.5774931311607361
0.5812559127807617
0.5825058817863464
0.5812559127807617
0.5774931311607361
0.5711833834648132
0.5622671246528625
0.5506676435470581
0.5362828969955444
0.5190010070800781
0.49868595600128174
0.47520408034324646
0.4484065771102905
0.4181683659553528
0.38437628746032715
0.346973717212677
0.3059697449207306
0.2614699900150299
0.21371731162071228
0.16308140754699707
0.11011434346437454
0.055484894663095474
0.0
0.0
0.06068400293588638
0.12029250711202621
0.1778244972229004
0.2324810028076172
0.28363415598869324
0.3309037983417511
0.37408193945884705
0.4131247401237488
0.4481070041656494
0.4791650176048279
0.5064955949783325
0.5302922129631042
0.5507672429084778
0.5681029558181763
0.5824769139289856
0.5940312743186951
0.602891743183136
0.6091510057449341
0.6128795742988586
0.6141175031661987
0.6128795742988586
0.6091510057449341
0.602891743183136
0.5940312743186951
0.5824769139289856
0.5681029558181763
0.5507672429084778
0.5302922129631042
0.5064955949783325
0.4791650176048279
0.4481070041656494
0.4131247401237488
0.37408193945884705
0.3309037983417511
0.28363415598869324
0.2324810028076172
0.1778244972229004
0.12029250711202621
0.06068400293588638
0.0
0.0
0.06679806113243103
0.13221080601215363
0.19496703147888184
0.25410422682762146
0.30891290307044983
0.35902664065361023
0.4043121039867401
0.44482776522636414
0.48077303171157837
0.512393593788147
0.5399942994117737
0.5638523101806641
0.5842542052268982
0.6014370918273926
0.6156232357025146
0.6269870400428772
0.6356782913208008
0.6418061256408691
0.6454519033432007
0.6466615200042725
0.6454519033432007
0.6418061256408691
0.6356782913208008
0.6269870400428772
0.6156232357025146
0.6014370918273926
0.5842542052268982
0.5638523101806641
0.5399942994117737
0.512393593788147
0.48077303171157837
0.44482776522636414
0.4043121039867401
0.35902664065361023
0.30891290307044983
0.25410422682762146
0.19496703147888184
0.13221080601215363
0.06679806113243103
0.0
0.0
0.07412543147802353
0.1464083343744278
0.21520112454891205
0.27933284640312195
0.33802783489227295
0.3909803032875061
0.4382024109363556
0.4799121022224426
0.5164892077445984
0.5483240485191345
0.5758563876152039
0.5994623899459839
0.6195113658905029
0.6362994313240051
0.6500948071479797
0.6611038446426392
0.6694995760917664
0.6754066348075867
0.6789164543151855
0.6800801157951355
0.6789164543151855
0.6754066348075867
0.6694995760917664
0.6611038446426392
0.6500948071479797
0.6362994313240051
0.6195113658905029
0.5994623899459839
0.5758563876152039
0.5483240485191345
0.5164892077445984
0.4799121022224426
0.4382024109363556
0.3909803032875061
0.33802783489227295
0.27933284640312195
0.21520112454891205
0.1464083343744278
0.07412543147802353
0.0
0.0
0.08312198519706726
0.1637188047170639
0.23956623673439026
0.30926236510276794
0.37200111150741577
0.4276384711265564
0.4764488637447357
0.5188997983932495
0.555624783039093
0.5872009992599487
0.6142295002937317
0.6371974945068359
0.6565608978271484
0.6726749539375305
0.6858506202697754
0.6963233351707458
0.7042860388755798
0.7098760008811951
0.7131927609443665
0.7142915725708008
0.7131927609443665
0.7098760008811951
0.7042860388755798
0.6963233351707458
0.6858506202697754
0.6726749539375305
0.6565608978271484
0.6371974945068359
0.6142295002937317
0.5872009992599487
0.555624783039093
0.5188997983932495
0.4764488637447357
0.4276384711265564
0.37200111150741577
0.30926236510276794
0.23956623673439026
0.1637188047170639
0.08312198519706726
0.0
0.0
0.09447434544563293
0.18530018627643585
0.2694634795188904
0.3452635407447815
0.4120320975780487
0.4699534475803375
0.5197600722312927
0.5622840523719788
0.5984997749328613
0.6292133331298828
0.6552062630653381
0.6770826578140259
0.6953812837600708
0.7105110883712769
0.7228180766105652
0.732560396194458
0.7399447560310364
0.7451171278953552
0.7481817007064819
0.7491961717605591
0.7481817007064819
0.7451171278953552
0.7399447560310364
0.732560396194458
0.7228180766105652
0.7105110883712769
0.6953812837600708
0.6770826578140259
0.6552062630653381
0.6292133331298828
0.5984997749328613
0.5622840523719788
0.5197600722312927
0.4699534475803375
0.4120320975780487
0.3452635407447815
0.2694634795188904
0.18530018627643585
0.09447434544563293
0.0
0.0
0.10931278020143509
0.21322330832481384
0.30716970562934875
0.3894672691822052
0.45984455943107605
0.5191906094551086
0.5689894556999207
0.6105952262878418
0.6454092264175415
0.6744946837425232
0.698813796043396
0.7190776467323303
0.7358914613723755
0.7497031092643738
0.7608798146247864
0.7696915864944458
0.7763502597808838
0.7810039520263672
0.7837573289871216
0.7846681475639343
0.7837573289871216
0.7810039520263672
0.7763502597808838
0.7696915864944458
0.7608798146247864
0.7497031092643738
0.7358914613723755
0.7190776467323303
0.698813796043396
0.6744946837425232
0.6454092264175415
0.6105952262878418
0.5689894556999207
0.5191906094551086
0.45984455943107605
0.3894672691822052
0.30716970562934875
0.21322330832481384
0.10931278020143509
0.0
0.0
0.1295887529850006
0.25023406744003296
0.3557739853858948
0.44439420104026794
0.5172954201698303
0.5765599608421326
0.624853789806366
0.6642065644264221
0.6964985728263855
0.7230504155158997
0.7449741363525391
0.7630587816238403
0.7779446840286255
0.7900952696800232
0.7998787760734558
0.8075623512268066
0.813351571559906
0.817389190196991
0.8197749257087708
0.820563554763794
0.8197749257087708
0.817389190196991
0.813351571559906
0.8075623512268066
0.7998787760734558
0.7900952696800232
0.7779446840286255
0.7630587816238403
0.7449741363525391
0.7230504155158997
0.6964985728263855
0.6642065644264221
0.624853789806366
0.5765599608421326
0.5172954201698303
0.44439420104026794
0.3557739853858948
0.25023406744003296
0.1295887529850006
0.0
0.0
0.15860363841056824
0.30296921730041504
0.420719176530838
0.5140962600708008
0.586845874786377
0.6433980464935303
0.687950849533081
0.7232888340950012
0.7517041563987732
0.7747000455856323
0.7934561967849731
0.8087805509567261
0.8212999105453491
0.8314591646194458
0.8396018743515015
0.8459744453430176
0.850763201713562
0.8540968298912048
0.8560642600059509
0.8567141890525818
0.8560642600059509
0.8540968298912048
0.850763201713562
0.8459744453430176
0.8396018743515015
0.8314591646194458
0.8212999105453491
0.8087805509567261
0.7934561967849731
0.7747000455856323
0.7517041563987732
0.7232888340950012
0.687950849533081
0.6433980464935303
0.586845874786377
0.5140962600708008
0.420719176530838
0.30296921730041504
0.15860363841056824
0.0
0.0
0.20396141707897186
0.37800219655036926
0.5091233253479004
0.6024668216705322
0.670468807220459
0.7204235792160034
0.7583560943603516
0.7876054644584656
0.8106635808944702
0.8290475010871887
0.8438755869865417
0.8558882474899292
0.865638017654419
0.8735101819038391
0.8797951936721802
0.8846994638442993
0.888376772403717
0.8909326791763306
0.892439603805542
0.8929371237754822
0.892439603805542
0.8909326791763306
0.888376772403717
0.8846994638442993
0.8797951936721802
0.8735101819038391
0.865638017654419
0.8558882474899292
0.8438755869865417
0.8290475010871887
0.8106635808944702
0.7876054644584656
0.7583560943603516
0.7204235792160034
0.670468807220459
0.6024668216705322
0.5091233253479004
0.37800219655036926
0.20396141707897186
0.0
0.0
0.2764054536819458
0.5050527453422546
0.6324798464775085
0.7146144509315491
0.7691605687141418
0.8073672652244568
0.8352640867233276
0.8562845587730408
0.872561514377594
0.8853837251663208
0.8956308364868164
0.9038770198822021
0.9105351567268372
0.9158903360366821
0.9201529622077942
0.9234716892242432
0.9259560108184814
0.9276806712150574
0.9286967515945435
0.9290320873260498
0.9286967515945435
0.9276806712150574
0.9259560108184814
0.9234716892242432
0.9201529622077942
0.9158903360366821
0.9105351567268372
0.9038770198822021
0.8956308364868164
0.8853837251663208
0.872561514377594
0.8562845587730408
0.8352640867233276
0.8073672652244568
0.7691605687141418
0.7146144509315491
0.6324798464775085
0.5050527453422546
0.2764054536819458
0.0
0.0
0.5247796177864075
0.6933274269104004
0.7996594905853271
0.8488934636116028
0.8812457323074341
0.9019788503646851
0.916865885257721
0.927817702293396
0.9362114667892456
0.9427652359008789
0.9479733109474182
0.9521462321281433
0.9555049538612366
0.9581997990608215
0.9603410363197327
0.9620057940483093
0.9632507562637329
0.9641144275665283
0.9646230340003967
0.9647908806800842
0.9646230340003967
0.9641144275665283
0.9632507562637329
0.9620057940483093
0.9603410363197327
0.9581997990608215
0.9555049538612366
0.9521462321281433
0.9479733109474182
0.9427652359008789
0.9362114667892456
0.927817702293396
0.916865885257721
0.9019788503646851
0.8812457323074341
0.8488934636116028
0.7996594905853271
0.6933274269104004
0.5247796177864075
0.0
1.0
1.0
1.0
1.0
1.0
1.0
1.0
1.0
1.0
1.0
1.0
1.0
1.0
1.0
1.0
1.0
1.0
1.0
1.0
1.0
1.0
1.0
1.0
1.0
1.0
1.0
1.0
1.0
1.0
1.0
1.0
1.0
1.0
1.0
1.0
1.0
1.0
1.0
1.0
1.0
1.0
