0.0
0.0
0.0
0.0
0.0
0.0
0.0
0.0
0.0
0.0
0.0
0.0
0.0
0.0
0.0
0.0
0.0
0.0
0.0
0.0
0.0
0.0
0.0
0.0
0.0
0.0
0.0
0.0
0.0
0.0
0.0
0.0
0.0
0.0
0.0
0.0
0.0
0.0
0.0
0.0
0.0
0.0
0.0018932828679680824
0.0034756890963763
0.004826618358492851
0.006032279226928949
0.0071325781755149364
0.008142790757119656
0.009072773158550262
0.009927788749337196
0.01071110088378191
0.011424573138356209
0.012069318443536758
0.012645930983126163
0.013154714368283749
0.013595780357718468
0.01396914105862379
0.014274751767516136
0.014512544497847557
0.014682454988360405
0.014784423634409904
0.014818417839705944
0.014784423634409904
0.014682454988360405
0.014512544497847557
0.014274751767516136
0.01396914105862379
0.013595780357718468
0.013154714368283749
0.012645930983126163
0.012069318443536758
0.011424573138356209
0.01071110088378191
0.009927788749337196
0.009072773158550262
0.008142790757119656
0.0071325781755149364
0.006032279226928949
0.004826618358492851
0.0034756890963763
0.0018932828679680824
0.0
0.0
0.0034919288009405136
0.006691208574920893
0.009470803663134575
0.011940894648432732
0.014180274680256844
0.016227439045906067
0.0181073360145092
0.019832514226436615
0.021411139518022537
0.022847717627882957
0.02414507418870926
0.02530474215745926
0.026327595114707947
0.027214039117097855
0.02796422876417637
0.028578173369169235
0.02905581146478653
0.029397061094641685
0.029601845890283585
0.02967011369764805
0.029601845890283585
0.029397061094641685
0.02905581146478653
0.028578173369169235
0.02796422876417637
0.027214039117097855
0.026327595114707947
0.02530474215745926
0.02414507418870926
0.022847717627882957
0.021411139518022537
0.019832514226436615
0.0181073360145092
0.016227439045906067
0.014180274680256844
0.011940894648432732
0.009470803663134575
0.006691208574920893
0.0034919288009405136
0.0
0.0
0.0048876130022108555
0.009546642191708088
0.013798754662275314
0.017618579789996147
0.02106361836194992
0.024198658764362335
0.027066977694630623
0.029692113399505615
0.03208979219198227
0.03426859527826309
0.03623419255018234
0.037989724427461624
0.03953717276453972
0.040877565741539
0.04201148822903633
0.042939186096191406
0.04366074874997139
0.04417618364095688
0.044485464692115784
0.04458856210112572
0.044485464692115784
0.04417618364095688
0.04366074874997139
0.042939186096191406
0.04201148822903633
0.040877565741539
0.03953717276453972
0.037989724427461624
0.03623419255018234
0.03426859527826309
0.03208979219198227
0.029692113399505615
0.027066977694630623
0.024198658764362335
0.02106361836194992
0.017618579789996147
0.013798754662275314
0.009546642191708088
0.0048876130022108555
0.0
0.0
0.006176020484417677
0.012170156463980675
0.017816193401813507
0.02300889603793621
0.027722518891096115
0.032008975744247437
0.0359184630215168
0.039486486464738846
0.042738016694784164
0.045687370002269745
0.04834447801113129
0.05071499943733215
0.052802760154008865
0.05460992082953453
0.056137893348932266
0.05738744139671326
0.05835903063416481
0.05905289947986603
0.05946918576955795
0.059607941657304764
0.05946918576955795
0.05905289947986603
0.05835903063416481
0.05738744139671326
0.056137893348932266
0.05460992082953453
0.052802760154008865
0.05071499943733215
0.04834447801113129
0.045687370002269745
0.042738016694784164
0.039486486464738846
0.0359184630215168
0.032008975744247437
0.027722518891096115
0.02300889603793621
0.017816193401813507
0.012170156463980675
0.006176020484417677
0.0
0.0
0.007406727410852909
0.014659075066447258
0.02160690538585186
0.028125664219260216
0.03413432836532593
0.039628829807043076
0.044637762010097504
0.04920092597603798
0.05335017293691635
0.0571066252887249
0.06048554927110672
0.06349612027406693
0.06614485383033752
0.0684356614947319
0.07037127763032913
0.07195334881544113
0.07318300008773804
0.07406090945005417
0.07458750903606415
0.07476301491260529
0.07458750903606415
0.07406090945005417
0.07318300008773804
0.07195334881544113
0.07037127763032913
0.0684356614947319
0.06614485383033752
0.06349612027406693
0.06048554927110672
0.0571066252887249
0.05335017293691635
0.04920092597603798
0.044637762010097504
0.039628829807043076
0.03413432836532593
0.028125664219260216
0.02160690538585186
0.014659075066447258
0.007406727410852909
0.0
0.0
0.008603815920650959
0.01706935465335846
0.025259995833039284
0.033050600439310074
0.04033615067601204
0.04706322029232979
0.05321929603815079
0.05883039906620979
0.06392619758844376
0.0685325637459755
0.07266967743635178
0.07635079324245453
0.07958582788705826
0.08238104730844498
0.08474106341600418
0.08666882663965225
0.08816646039485931
0.0892353281378746
0.08987632393836975
0.09008993953466415
0.08987632393836975
0.0892353281378746
0.08816646039485931
0.08666882663965225
0.08474106341600418
0.08238104730844498
0.07958582788705826
0.07635079324245453
0.07266967743635178
0.0685325637459755
0.06392619758844376
0.05883039906620979
0.05321929603815079
0.04706322029232979
0.04033615067601204
0.033050600439310074
0.025259995833039284
0.01706935465335846
0.008603815920650959
0.0
0.0
0.009785947389900684
0.019443238154053688
0.02884356863796711
0.037864599376916885
0.04639336094260216
0.05434834584593773
0.061679739505052567
0.06838381290435791
0.07447484135627747
0.07997723668813705
0.08491317182779312
0.08929971605539322
0.09315034002065659
0.09647416323423386
0.09927818179130554
0.10156707465648651
0.10334433615207672
0.10461227595806122
0.10537247359752655
0.10562577098608017
0.10537247359752655
0.10461227595806122
0.10334433615207672
0.10156707465648651
0.09927818179130554
0.09647416323423386
0.09315034002065659
0.08929971605539322
0.08491317182779312
0.07997723668813705
0.07447484135627747
0.06838381290435791
0.061679739505052567
0.05434834584593773
0.04639336094260216
0.037864599376916885
0.02884356863796711
0.019443238154053688
0.009785947389900684
0.0
0.0
0.01096660178154707
0.02180960774421692
0.03240542858839035
0.04263437166810036
0.05238128453493118
0.06154997646808624
0.07006483525037766
0.07789105176925659
0.08501854538917542
0.09146144241094589
0.09723833203315735
0.10236797481775284
0.10686653852462769
0.11074604094028473
0.11401616036891937
0.11668365448713303
0.11875376850366592
0.12023000419139862
0.12111485004425049
0.12140963971614838
0.12111485004425049
0.12023000419139862
0.11875376850366592
0.11668365448713303
0.11401616036891937
0.11074604094028473
0.10686653852462769
0.10236797481775284
0.09723833203315735
0.09146144241094589
0.08501854538917542
0.07789105176925659
0.07006483525037766
0.06154997646808624
0.05238128453493118
0.04263437166810036
0.03240542858839035
0.02180960774421692
0.01096660178154707
0.0
0.0
0.012157379649579525
0.024193175137043
0.03598569333553314
0.047416239976882935
0.05836831033229828
0.06873799115419388
0.07843421399593353
0.08739763498306274
0.09559270739555359
0.10301550477743149
0.10967426002025604
0.1155855730175972
0.12076620012521744
0.12523049116134644
0.12899070978164673
0.13205590844154358
0.13443335890769958
0.1361280381679535
0.13714353740215302
0.13748179376125336
0.13714353740215302
0.1361280381679535
0.13443335890769958
0.13205590844154358
0.12899070978164673
0.12523049116134644
0.12076620012521744
0.1155855730175972
0.10967426002025604
0.10301550477743149
0.09559270739555359
0.08739763498306274
0.07843421399593353
0.06873799115419388
0.05836831033229828
0.047416239976882935
0.03598569333553314
0.024193175137043
0.012157379649579525
0.0
0.0
0.013368189334869385
0.02661442756652832
0.0396166630089283
0.05225558951497078
0.06441310793161392
0.07598044723272324
0.0868568941950798
0.09696555137634277
0.10624904185533524
0.1146828904747963
0.12225989252328873
0.1289898008108139
0.13488668203353882
0.13996578752994537
0.14424127340316772
0.147724449634552
0.15042468905448914
0.15234868228435516
0.1535012573003769
0.1538851261138916
0.1535012573003769
0.15234868228435516
0.15042468905448914
0.147724449634552
0.14424127340316772
0.13996578752994537
0.13488668203353882
0.1289898008108139
0.12225989252328873
0.1146828904747963
0.10624904185533524
0.09696555137634277
0.0868568941950798
0.07598044723272324
0.06441310793161392
0.05225558951497078
0.0396166630089283
0.02661442756652832
0.013368189334869385
0.0
0.0
0.0146084139123559
0.02909259870648384
0.043328285217285156
0.05719398707151413
0.07056902348995209
0.08334051817655563
0.09540089219808578
0.10666117817163467
0.11704740673303604
0.12651588022708893
0.13504190742969513
0.14262406527996063
0.14927002787590027
0.15499378740787506
0.15981006622314453
0.16373202204704285
0.1667710542678833
0.1689356416463852
0.17023199796676636
0.17066369950771332
0.17023199796676636
0.1689356416463852
0.1667710542678833
0.16373202204704285
0.15981006622314453
0.15499378740787506
0.14927002787590027
0.14262406527996063
0.13504190742969513
0.12651588022708893
0.11704740673303604
0.10666117817163467
0.09540089219808578
0.08334051817655563
0.07056902348995209
0.05719398707151413
0.043328285217285156
0.02909259870648384
0.0146084139123559
0.0
0.0
0.01588689349591732
0.03164558485150337
0.04714793339371681
0.06226881593465805
0.07688387483358383
0.09087605029344559
0.10413212329149246
0.11655429005622864
0.1280561089515686
0.13857774436473846
0.148077592253685
0.15654082596302032
0.16396565735340118
0.17036223411560059
0.17574413120746613
0.18012548983097076
0.1835193634033203
0.18593591451644897
0.18738287687301636
0.18786466121673584
0.18738287687301636
0.18593591451644897
0.1835193634033203
0.18012548983097076
0.17574413120746613
0.17036223411560059
0.16396565735340118
0.15654082596302032
0.148077592253685
0.13857774436473846
0.1280561089515686
0.11655429005622864
0.10413212329149246
0.09087605029344559
0.07688387483358383
0.06226881593465805
0.04714793339371681
0.03164558485150337
0.01588689349591732
0.0
0.0
0.01721259579062462
0.03429142013192177
0.0511029027402401
0.06751687079668045
0.08340408653020859
0.09864272177219391
0.11311414837837219
0.12671349942684174
0.13934482634067535
0.15093553066253662
0.16142939031124115
0.17079775035381317
0.17902754247188568
0.18612262606620789
0.1920934021472931
0.1969538927078247
0.20071814954280853
0.20339784026145935
0.2050020545721054
0.2055361419916153
0.2050020545721054
0.20339784026145935
0.20071814954280853
0.1969538927078247
0.1920934021472931
0.18612262606620789
0.17902754247188568
0.17079775035381317
0.16142939031124115
0.15093553066253662
0.13934482634067535
0.12671349942684174
0.11311414837837219
0.09864272177219391
0.08340408653020859
0.06751687079668045
0.0511029027402401
0.03429142013192177
0.01721259579062462
0.0
0.0
0.018594592809677124
0.037048254162073135
0.055220406502485275
0.07297442853450775
0.09017495065927505
0.10669458657503128
0.12240910530090332
0.13720741868019104
0.1509859561920166
0.16366209089756012
0.175167515873909
0.18546085059642792
0.1945173740386963
0.20233304798603058
0.2089134007692337
0.21427099406719208
0.21842001378536224
0.22137324512004852
0.22314099967479706
0.22372949123382568
0.22314099967479706
0.22137324512004852
0.21842001378536224
0.21427099406719208
0.2089134007692337
0.20233304798603058
0.1945173740386963
0.18546085059642792
0.175167515873909
0.16366209089756012
0.1509859561920166
0.13720741868019104
0.12240910530090332
0.10669458657503128
0.09017495065927505
0.07297442853450775
0.055220406502485275
0.037048254162073135
0.018594592809677124
0.0
0.0
0.020042583346366882
0.039935365319252014
0.059529125690460205
0.07867927104234695
0.09724300354719162
0.11508645117282867
0.13207922875881195
0.14810436964035034
0.1630517989397049
0.17683099210262299
0.18936412036418915
0.20059894025325775
0.21049994230270386
0.2190544456243515
0.2262619286775589
0.232132226228714
0.23667874932289124
0.23991484940052032
0.2418518215417862
0.24249659478664398
0.2418518215417862
0.23991484940052032
0.23667874932289124
0.232132226228714
0.2262619286775589
0.2190544456243515
0.21049994230270386
0.20059894025325775
0.18936412036418915
0.17683099210262299
0.1630517989397049
0.14810436964035034
0.13207922875881195
0.11508645117282867
0.09724300354719162
0.07867927104234695
0.059529125690460205
0.039935365319252014
0.020042583346366882
0.0
0.0
0.02156694233417511
0.0429733507335186
0.06405952572822571
0.08467131108045578
0.10465701669454575
0.12387523055076599
0.14218877255916595
0.15947480499744415
0.17561745643615723
0.19051986932754517
0.20409683883190155
0.21628743410110474
0.2270468771457672
0.23635424673557281
0.24420246481895447
0.25059786438941956
0.25555214285850525
0.2590788006782532
0.26118963956832886
0.26189231872558594
0.26118963956832886
0.2590788006782532
0.25555214285850525
0.25059786438941956
0.24420246481895447
0.23635424673557281
0.2270468771457672
0.21628743410110474
0.20409683883190155
0.19051986932754517
0.17561745643615723
0.15947480499744415
0.14218877255916595
0.12387523055076599
0.10465701669454575
0.08467131108045578
0.06405952572822571
0.0429733507335186
0.02156694233417511
0.0
0.0
0.02317924052476883
0.04618503898382187
0.06884514540433884
0.0909939780831337
0.11246936768293381
0.13312122225761414
0.15280476212501526
0.17139121890068054
0.18875931203365326
0.20480717718601227
0.219444140791893
0.2326027750968933
0.24423116445541382
0.25430119037628174
0.2627996504306793
0.2697288691997528
0.27509841322898865
0.2789212465286255
0.2812094986438751
0.2819712162017822
0.2812094986438751
0.2789212465286255
0.27509841322898865
0.2697288691997528
0.2627996504306793
0.25430119037628174
0.24423116445541382
0.2326027750968933
0.219444140791893
0.20480717718601227
0.18875931203365326
0.17139121890068054
0.15280476212501526
0.13312122225761414
0.11246936768293381
0.0909939780831337
0.06884514540433884
0.04618503898382187
0.02317924052476883
0.0
0.0
0.024892449378967285
0.04959601163864136
0.07392343878746033
0.09769562631845474
0.12073807418346405
0.14289072155952454
0.16400037705898285
0.1839320808649063
0.20255960524082184
0.2197771817445755
0.23549041152000427
0.24962759017944336
0.262131929397583
0.27296990156173706
0.28212329745292664
0.28959065675735474
0.2953792214393616
0.2995012104511261
0.3019687235355377
0.3027901351451874
0.3019687235355377
0.2995012104511261
0.2953792214393616
0.28959065675735474
0.28212329745292664
0.27296990156173706
0.262131929397583
0.24962759017944336
0.23549041152000427
0.2197771817445755
0.20255960524082184
0.1839320808649063
0.16400037705898285
0.14289072155952454
0.12073807418346405
0.09769562631845474
0.07392343878746033
0.04959601163864136
0.024892449378967285
0.0
0.0
0.02672155387699604
0.05323566123843193
0.07933712005615234
0.1048307791352272
0.12952770292758942
0.15325643122196198
0.17585450410842896
0.1971806287765503
0.21710412204265594
0.23551645874977112
0.25232139229774475
0.2674451172351837
0.280828595161438
0.29243505001068115
0.3022429645061493
0.3102479875087738
0.3164553642272949
0.32087644934654236
0.32352328300476074
0.32440444827079773
0.32352328300476074
0.32087644934654236
0.3164553642272949
0.3102479875087738
0.3022429645061493
0.29243505001068115
0.280828595161438
0.2674451172351837
0.25232139229774475
0.23551645874977112
0.21710412204265594
0.1971806287765503
0.17585450410842896
0.15325643122196198
0.12952770292758942
0.1048307791352272
0.07933712005615234
0.05323566123843193
0.02672155387699604
0.0
0.0
0.02868404984474182
0.05713829770684242
0.08513596653938293
0.1124628484249115
0.13891303539276123
0.16430211067199707
0.18845735490322113
0.21123115718364716
0.23248903453350067
0.25212112069129944
0.27003127336502075
0.2861461043357849
0.3004071116447449
0.3127768039703369
0.3232327699661255
0.33176907896995544
0.338390052318573
0.3431064486503601
0.3459303677082062
0.346870481967926
0.3459303677082062
0.3431064486503601
0.338390052318573
0.33176907896995544
0.3232327699661255
0.3127768039703369
0.3004071116447449
0.2861461043357849
0.27003127336502075
0.25212112069129944
0.23248903453350067
0.21123115718364716
0.18845735490322113
0.16430211067199707
0.13891303539276123
0.1124628484249115
0.08513596653938293
0.05713829770684242
0.02868404984474182
0.0
0.0
0.030800780281424522
0.061344560235738754
0.09137843549251556
0.12066541612148285
0.14897966384887695
0.1761220395565033
0.20190873742103577
0.22618606686592102
0.2488168478012085
0.2696916162967682
0.2887168824672699
0.30582237243652344
0.32095324993133545
0.33407437801361084
0.3451651632785797
0.3542201817035675
0.3612441122531891
0.3662479519844055
0.3692440986633301
0.37024158239364624
0.3692440986633301
0.3662479519844055
0.3612441122531891
0.3542201817035675
0.3451651632785797
0.33407437801361084
0.32095324993133545
0.30582237243652344
0.2887168824672699
0.2696916162967682
0.2488168478012085
0.22618606686592102
0.20190873742103577
0.1761220395565033
0.14897966384887695
0.12066541612148285
0.09137843549251556
0.061344560235738754
0.030800780281424522
0.0
0.0
0.033096980303525925
0.06590363383293152
0.09813520312309265
0.12952730059623718
0.15983057022094727
0.18882910907268524
0.21632727980613708
0.24216590821743011
0.2662067711353302
0.2883431911468506
0.3084874153137207
0.32657569646835327
0.34256061911582947
0.3564126491546631
0.36811649799346924
0.37766966223716736
0.3850792348384857
0.39035749435424805
0.3935178518295288
0.3945700526237488
0.3935178518295288
0.39035749435424805
0.3850792348384857
0.37766966223716736
0.36811649799346924
0.3564126491546631
0.34256061911582947
0.32657569646835327
0.3084874153137207
0.2883431911468506
0.2662067711353302
0.24216590821743011
0.21632727980613708
0.18882910907268524
0.15983057022094727
0.12952730059623718
0.09813520312309265
0.06590363383293152
0.033096980303525925
0.0
0.0
0.03560357540845871
0.07087542861700058
0.10549145936965942
0.1391541212797165
0.17158617079257965
0.2025529444217682
0.23184658586978912
0.25930365920066833
0.28478750586509705
0.30819758772850037
0.3294559717178345
0.3485093414783478
0.36532217264175415
0.37987449765205383
0.39215996861457825
0.40218210220336914
0.40995272994041443
0.4154869616031647
0.4188002049922943
0.4199032187461853
0.4188002049922943
0.4154869616031647
0.40995272994041443
0.40218210220336914
0.39215996861457825
0.37987449765205383
0.36532217264175415
0.3485093414783478
0.3294559717178345
0.30819758772850037
0.28478750586509705
0.25930365920066833
0.23184658586978912
0.2025529444217682
0.17158617079257965
0.1391541212797165
0.10549145936965942
0.07087542861700058
0.03560357540845871
0.0
0.0
0.03835931792855263
0.07633496820926666
0.11355381458997726
0.14967776834964752
0.1843964010477066
0.21745406091213226
0.24863064289093018
0.2777608036994934
0.30471327900886536
0.32939818501472473
0.351752907037735
0.3717397153377533
0.3893401324748993
0.4045484662055969
0.41737160086631775
0.427822470664978
0.43592050671577454
0.44168543815612793
0.44513604044914246
0.44628462195396423
0.44513604044914246
0.44168543815612793
0.43592050671577454
0.427822470664978
0.41737160086631775
0.4045484662055969
0.3893401324748993
0.3717397153377533
0.351752907037735
0.32939818501472473
0.30471327900886536
0.2777608036994934
0.24863064289093018
0.21745406091213226
0.1843964010477066
0.14967776834964752
0.11355381458997726
0.07633496820926666
0.03835931792855263
0.0
0.0
0.04141302406787872
0.08237604796886444
0.12245383113622665
0.16125832498073578
0.19843964278697968
0.23371924459934235
0.26686611771583557
0.29771676659584045
0.3261513113975525
0.352096825838089
0.3755130469799042
0.3963840901851654
0.4147149920463562
0.43051934242248535
0.4438222348690033
0.45464959740638733
0.46303170919418335
0.468995064496994
0.47256308794021606
0.4737505614757538
0.47256308794021606
0.468995064496994
0.46303170919418335
0.45464959740638733
0.4438222348690033
0.43051934242248535
0.4147149920463562
0.3963840901851654
0.3755130469799042
0.352096825838089
0.3261513113975525
0.29771676659584045
0.26686611771583557
0.23371924459934235
0.19843964278697968
0.16125832498073578
0.12245383113622665
0.08237604796886444
0.04141302406787872
0.0
0.0
0.04482812061905861
0.08912038803100586
0.13236196339130402
0.1741025596857071
0.21394512057304382
0.25158679485321045
0.2867885231971741
0.31939491629600525
0.34930619597435
0.3764752447605133
0.4008937180042267
0.42257559299468994
0.4415568709373474
0.4578765332698822
0.47158312797546387
0.482719749212265
0.49133068323135376
0.49745142459869385
0.5011117458343506
0.5023295879364014
0.5011117458343506
0.49745142459869385
0.49133068323135376
0.482719749212265
0.47158312797546387
0.4578765332698822
0.4415568709373474
0.42257559299468994
0.4008937180042267
0.3764752447605133
0.34930619597435
0.31939491629600525
0.2867885231971741
0.25158679485321045
0.21394512057304382
0.1741025596857071
0.13236196339130402
0.08912038803100586
0.04482812061905861
0.0
0.0
0.048686858266592026
0.0967242568731308
0.14349333941936493
0.18846584856510162
0.23118901252746582
0.27133598923683167
0.30866625905036926
0.3430425524711609
0.37439826130867004
0.4027238190174103
0.42805513739585876
0.4504455327987671
0.4699709713459015
0.4867023229598999
0.5007171630859375
0.5120798945426941
0.5208519697189331
0.5270802974700928
0.5308024883270264
0.5320404767990112
0.5308024883270264
0.5270802974700928
0.5208519697189331
0.5120798945426941
0.5007171630859375
0.4867023229598999
0.4699709713459015
0.4504455327987671
0.42805513739585876
0.4027238190174103
0.37439826130867004
0.3430425524711609
0.30866625905036926
0.27133598923683167
0.23118901252746582
0.18846584856510162
0.14349333941936493
0.0967242568731308
0.048686858266592026
0.0
0.0
0.05310063064098358
0.10539891570806503
0.15613777935504913
0.20469020307064056
0.25053781270980835
0.2933330237865448
0.33284565806388855
0.36897265911102295
0.40169960260391235
0.4310711622238159
0.4571833908557892
0.48014089465141296
0.5000696778297424
0.5170795917510986
0.5312829613685608
0.5427692532539368
0.5516201853752136
0.5578960180282593
0.5616434812545776
0.5628893375396729
0.5616434812545776
0.5578960180282593
0.5516201853752136
0.5427692532539368
0.5312829613685608
0.5170795917510986
0.5000696778297424
0.48014089465141296
0.4571833908557892
0.4310711622238159
0.40169960260391235
0.36897265911102295
0.33284565806388855
0.2933330237865448
0.25053781270980835
0.20469020307064056
0.15613777935504913
0.10539891570806503
0.05310063064098358
0.0
0.0
0.05821894109249115
0.11542347818613052
0.17066939175128937
0.2232040911912918
0.2724356949329376
0.3180060088634491
0.3597176671028137
0.39752596616744995
0.4314965605735779
0.46174952387809753
0.48846083879470825
0.5117999911308289
0.5319536924362183
0.5490782260894775
0.5633253455162048
0.5748133659362793
0.5836464166641235
0.5898996591567993
0.5936300158500671
0.5948694944381714
0.5936300158500671
0.5898996591567993
0.5836464166641235
0.5748133659362793
0.5633253455162048
0.5490782260894775
0.5319536924362183
0.5117999911308289
0.48846083879470825
0.46174952387809753
0.4314965605735779
0.39752596616744995
0.3597176671028137
0.3180060088634491
0.2724356949329376
0.2232040911912918
0.17066939175128937
0.11542347818613052
0.05821894109249115
0.0
0.0
0.06425508111715317
0.12719595432281494
0.18761661648750305
0.24460600316524506
0.2974925637245178
0.3459304869174957
0.38979363441467285
0.4291348457336426
0.46413934230804443
0.49503159523010254
0.5220916271209717
0.5455689430236816
0.565721869468689
0.5827592611312866
0.5968763828277588
0.6082223653793335
0.6169249415397644
0.6230748295783997
0.626739501953125
0.6279564499855042
0.626739501953125
0.6230748295783997
0.6169249415397644
0.6082223653793335
0.5968763828277588
0.5827592611312866
0.565721869468689
0.5455689430236816
0.5220916271209717
0.49503159523010254
0.46413934230804443
0.4291348457336426
0.38979363441467285
0.3459304869174957
0.2974925637245178
0.24460600316524506
0.18761661648750305
0.12719595432281494
0.06425508111715317
0.0
0.0
0.0715084969997406
0.14125829935073853
0.20767728984355927
0.2696514427661896
0.3264440894126892
0.37776699662208557
0.4236341416835785
0.4642512798309326
0.49997782707214355
0.5311771035194397
0.5582598447799683
0.5815708041191101
0.6014490723609924
0.6181607842445374
0.631946325302124
0.6429863572120667
0.6514315605163574
0.6573879718780518
0.6609330773353577
0.6621095538139343
0.6609330773353577
0.6573879718780518
0.6514315605163574
0.6429863572120667
0.631946325302124
0.6181607842445374
0.6014490723609924
0.5815708041191101
0.5582598447799683
0.5311771035194397
0.49997782707214355
0.4642512798309326
0.4236341416835785
0.37776699662208557
0.3264440894126892
0.2696514427661896
0.20767728984355927
0.14125829935073853
0.0715084969997406
0.0
0.0
0.08043622970581055
0.1584480106830597
0.23189958930015564
0.2994511127471924
0.3603347837924957
0.41441792249679565
0.4619688391685486
0.5034338235855103
0.5394188761711121
0.5704677700996399
0.5971485376358032
0.6199138164520264
0.6391880512237549
0.6552954912185669
0.6685194373130798
0.6790696978569031
0.6871174573898315
0.6927818655967712
0.6961487531661987
0.6972653269767761
0.6961487531661987
0.6927818655967712
0.6871174573898315
0.6790696978569031
0.6685194373130798
0.6552954912185669
0.6391880512237549
0.6199138164520264
0.5971485376358032
0.5704677700996399
0.5394188761711121
0.5034338235855103
0.4619688391685486
0.41441792249679565
0.3603347837924957
0.2994511127471924
0.23189958930015564
0.1584480106830597
0.08043622970581055
0.0
0.0
0.09172652661800385
0.17992833256721497
0.26169535517692566
0.3353942632675171
0.4003903865814209
0.4568687975406647
0.5055444836616516
0.5472164750099182
0.5828238725662231
0.6131325960159302
0.6388880610466003
0.6606577038764954
0.6789486408233643
0.6941389441490173
0.7065481543540955
0.7164099216461182
0.7239103317260742
0.7291784286499023
0.7323055863380432
0.7333418726921082
0.7323055863380432
0.7291784286499023
0.7239103317260742
0.7164099216461182
0.7065481543540955
0.6941389441490173
0.6789486408233643
0.6606577038764954
0.6388880610466003
0.6131325960159302
0.5828238725662231
0.5472164750099182
0.5055444836616516
0.4568687975406647
0.4003903865814209
0.3353942632675171
0.26169535517692566
0.17992833256721497
0.09172652661800385
0.0
0.0
0.1065116599202156
0.20777784287929535
0.2993626892566681
0.3796464800834656
0.44838249683380127
0.5064412355422974
0.5552746057510376
0.5961893796920776
0.6305444240570068
0.6593570113182068
0.6835519671440125
0.7038030624389648
0.7206852436065674
0.7346172332763672
0.7459419369697571
0.754906952381134
0.7617055773735046
0.766470730304718
0.7692956328392029
0.7702311277389526
0.7692956328392029
0.766470730304718
0.7617055773735046
0.754906952381134
0.7459419369697571
0.7346172332763672
0.7206852436065674
0.7038030624389648
0.6835519671440125
0.6593570113182068
0.6305444240570068
0.5961893796920776
0.5552746057510376
0.5064412355422974
0.44838249683380127
0.3796464800834656
0.2993626892566681
0.20777784287929535
0.1065116599202156
0.0
0.0
0.1267457753419876
0.24475593864917755
0.3480147123336792
0.43477076292037964
0.5062240958213806
0.5644101500511169
0.611943781375885
0.6507918834686279
0.6827871203422546
0.7092013359069824
0.7311099767684937
0.7492673993110657
0.7642863392829895
0.7766046524047852
0.786569356918335
0.7944285869598389
0.8003720045089722
0.8045295476913452
0.8069911003112793
0.8078057765960693
0.8069911003112793
0.8045295476913452
0.8003720045089722
0.7944285869598389
0.786569356918335
0.7766046524047852
0.7642863392829895
0.7492673993110657
0.7311099767684937
0.7092013359069824
0.6827871203422546
0.6507918834686279
0.611943781375885
0.5644101500511169
0.5062240958213806
0.43477076292037964
0.3480147123336792
0.24475593864917755
0.1267457753419876
0.0
0.0
0.15573734045028687
0.2975226044654846
0.4131667912006378
0.5049147605895996
0.5764899849891663
0.6322255730628967
0.6762550473213196
0.711287260055542
0.7395669221878052
0.7625502943992615
0.781385064125061
0.7968490719795227
0.8095467686653137
0.8199021816253662
0.8282418847084045
0.8347973227500916
0.8397423028945923
0.8431951403617859
0.8452372550964355
0.8459126353263855
0.8452372550964355
0.8431951403617859
0.8397423028945923
0.8347973227500916
0.8282418847084045
0.8199021816253662
0.8095467686653137
0.7968490719795227
0.781385064125061
0.7625502943992615
0.7395669221878052
0.711287260055542
0.6762550473213196
0.6322255730628967
0.5764899849891663
0.5049147605895996
0.4131667912006378
0.2975226044654846
0.15573734045028687
0.0
0.0
0.2010902464389801
0.3727046549320221
0.5020068287849426
0.5940962433815002
0.6612887978553772
0.710740864276886
0.7484018802642822
0.7775388956069946
0.8006029725074768
0.8190735578536987
0.8340446949005127
0.8462348580360413
0.8561803102493286
0.8642516732215881
0.8707273602485657
0.8758030533790588
0.8796237111091614
0.8822874426841736
0.8838613629341125
0.8843816518783569
0.8838613629341125
0.8822874426841736
0.8796237111091614
0.8758030533790588
0.8707273602485657
0.8642516732215881
0.8561803102493286
0.8462348580360413
0.8340446949005127
0.8190735578536987
0.8006029725074768
0.7775388956069946
0.7484018802642822
0.710740864276886
0.6612887978553772
0.5940962433815002
0.5020068287849426
0.3727046549320221
0.2010902464389801
0.0
0.0
0.2736462950706482
0.5001421570777893
0.6263507008552551
0.7077206969261169
0.7618794441223145
0.799892246723175
0.8277360200881958
0.8487926721572876
0.8651673793792725
0.878126859664917
0.888535737991333
0.8969557881355286
0.9037904143333435
0.9093161821365356
0.9137365221977234
0.9171936511993408
0.9197916388511658
0.921600878238678
0.9226691722869873
0.9230221509933472
0.9226691722869873
0.921600878238678
0.9197916388511658
0.9171936511993408
0.9137365221977234
0.9093161821365356
0.9037904143333435
0.8969557881355286
0.888535737991333
0.878126859664917
0.8651673793792725
0.8487926721572876
0.8277360200881958
0.799892246723175
0.7618794441223145
0.7077206969261169
0.6263507008552551
0.5001421570777893
0.2736462950706482
0.0
0.0
0.5219649076461792
0.6894438862800598
0.7955434918403625
0.844560444355011
0.8769058585166931
0.8976531624794006
0.9126104712486267
0.9236522912979126
0.9321532249450684
0.9388220906257629
0.944148600101471
0.9484389424324036
0.9519104957580566
0.9547105431556702
0.9569463729858398
0.9586926102638245
0.9600036144256592
0.9609159231185913
0.9614543914794922
0.961632251739502
0.9614543914794922
0.9609159231185913
0.9600036144256592
0.9586926102638245
0.9569463729858398
0.9547105431556702
0.9519104957580566
0.9484389424324036
0.944148600101471
0.9388220906257629
0.9321532249450684
0.9236522912979126
0.9126104712486267
0.8976531624794006
0.8769058585166931
0.844560444355011
0.7955434918403625
0.6894438862800598
0.5219649076461792
0.0
1.0
1.0
1.0
1.0
1.0
1.0
1.0
1.0
1.0
1.0
1.0
1.0
1.0
1.0
1.0
1.0
1.0
1.0
1.0
1.0
1.0
1.0
1.0
1.0
1.0
1.0
1.0
1.0
1.0
1.0
1.0
1.0
1.0
1.0
1.0
1.0
1.0
1.0
1.0
1.0
1.0
