0.0
0.0
0.0
0.0
0.0
0.0
0.0
0.0
0.0
0.0
0.0
0.0
0.0
0.0
0.0
0.0
0.0
0.0
0.0
0.0
0.0
0.0
0.0
0.0
0.0
0.0
0.0
0.0
0.0
0.0
0.0
0.0
0.0
0.0
0.0
0.0
0.0
0.0
0.0
0.0
0.0
0.0
0.0018712793244048953
0.003452881006523967
0.004812183789908886
0.006028400734066963
0.007139390800148249
0.008160080760717392
0.009100100956857204
0.00996460486203432
0.010756789706647396
0.01147847343236208
0.012130736373364925
0.01271414291113615
0.013228974305093288
0.013675322756171227
0.014053181745111942
0.01436249352991581
0.014603177085518837
0.014775157906115055
0.014878371730446815
0.014912782236933708
0.014878371730446815
0.014775157906115055
0.014603177085518837
0.01436249352991581
0.014053181745111942
0.013675322756171227
0.013228974305093288
0.01271414291113615
0.012130736373364925
0.01147847343236208
0.010756789706647396
0.00996460486203432
0.009100100956857204
0.008160080760717392
0.007139390800148249
0.006028400734066963
0.004812183789908886
0.003452881006523967
0.0018712793244048953
0.0
0.0
0.0034692101180553436
0.006658652331680059
0.009448413737118244
0.011936528608202934
0.01419585756957531
0.016263321042060852
0.018162915483117104
0.01990685425698757
0.021503085270524025
0.02295599691569805
0.024268323555588722
0.02544153295457363
0.026476450264453888
0.027373431250452995
0.028132596984505653
0.02875392697751522
0.029237335547804832
0.029582718387246132
0.029789987951517105
0.029859086498618126
0.029789987951517105
0.029582718387246132
0.029237335547804832
0.02875392697751522
0.028132596984505653
0.027373431250452995
0.026476450264453888
0.02544153295457363
0.024268323555588722
0.02295599691569805
0.021503085270524025
0.01990685425698757
0.018162915483117104
0.016263321042060852
0.01419585756957531
0.011936528608202934
0.009448413737118244
0.006658652331680059
0.0034692101180553436
0.0
0.0
0.0048735798336565495
0.009524677880108356
0.013782554306089878
0.01762138493359089
0.021092526614665985
0.024256063625216484
0.02715284191071987
0.02980550192296505
0.03222920000553131
0.03443225100636482
0.036420129239559174
0.03819585219025612
0.03976129740476608
0.04111742973327637
0.04226476326584816
0.04320349544286728
0.0439336821436882
0.04445529729127884
0.04476829245686531
0.04487263038754463
0.04476829245686531
0.04445529729127884
0.0439336821436882
0.04320349544286728
0.04226476326584816
0.04111742973327637
0.03976129740476608
0.03819585219025612
0.036420129239559174
0.03443225100636482
0.03222920000553131
0.02980550192296505
0.02715284191071987
0.024256063625216484
0.021092526614665985
0.01762138493359089
0.013782554306089878
0.009524677880108356
0.0048735798336565495
0.0
0.0
0.006173228845000267
0.012167392298579216
0.017820298671722412
0.02303064614534378
0.027772676199674606
0.032093070447444916
0.03603816777467728
0.039641525596380234
0.04292689263820648
0.04590803012251854
0.04859446734189987
0.050991643220186234
0.05310320854187012
0.05493120849132538
0.05647694692015648
0.05774112418293953
0.05872415006160736
0.05942621827125549
0.05984743312001228
0.059987835586071014
0.05984743312001228
0.05942621827125549
0.05872415006160736
0.05774112418293953
0.05647694692015648
0.05493120849132538
0.05310320854187012
0.050991643220186234
0.04859446734189987
0.04590803012251854
0.04292689263820648
0.039641525596380234
0.03603816777467728
0.032093070447444916
0.027772676199674606
0.02303064614534378
0.017820298671722412
0.012167392298579216
0.006173228845000267
0.0
0.0
0.007415771018713713
0.01467838790267706
0.021639814600348473
0.0281786248087883
0.03421628847718239
0.0397472009062767
0.04479668661952019
0.04940151050686836
0.05359147489070892
0.05738664045929909
0.06080153211951256
0.0638449415564537
0.06652307510375977
0.0688396692276001
0.07079729437828064
0.07239750027656555
0.0736413300037384
0.07452941685914993
0.07506213337182999
0.07523968070745468
0.07506213337182999
0.07452941685914993
0.0736413300037384
0.07239750027656555
0.07079729437828064
0.0688396692276001
0.06652307510375977
0.0638449415564537
0.06080153211951256
0.05738664045929909
0.05359147489070892
0.04940151050686836
0.04479668661952019
0.0397472009062767
0.03421628847718239
0.0281786248087883
0.021639814600348473
0.01467838790267706
0.007415771018713713
0.0
0.0
0.00862502958625555
0.017112204805016518
0.025325816124677658
0.03314253315329552
0.040459685027599335
0.04722486063838005
0.05342455953359604
0.05908190831542015
0.06422404944896698
0.06887517124414444
0.07305428385734558
0.0767739862203598
0.0800437182188034
0.08286943286657333
0.08525553345680237
0.08720481395721436
0.08871929347515106
0.08980024605989456
0.09044851362705231
0.09066455066204071
0.09044851362705231
0.08980024605989456
0.08871929347515106
0.08720481395721436
0.08525553345680237
0.08286943286657333
0.0800437182188034
0.0767739862203598
0.07305428385734558
0.06887517124414444
0.06422404944896698
0.05908190831542015
0.05342455953359604
0.04722486063838005
0.040459685027599335
0.03314253315329552
0.025325816124677658
0.017112204805016518
0.00862502958625555
0.0
0.0
0.009819517843425274
0.019510284066200256
0.028944212943315506
0.037999849766492844
0.04656578600406647
0.054562047123909
0.06193947792053223
0.06869290769100189
0.07483450323343277
0.08038660138845444
0.0853697657585144
0.08980007469654083
0.09369025379419327
0.09704898297786713
0.09988293051719666
0.10219655185937881
0.10399318486452103
0.10527504235506058
0.10604360699653625
0.10629969835281372
0.10604360699653625
0.10527504235506058
0.10399318486452103
0.10219655185937881
0.09988293051719666
0.09704898297786713
0.09369025379419327
0.08980007469654083
0.0853697657585144
0.08038660138845444
0.07483450323343277
0.06869290769100189
0.06193947792053223
0.054562047123909
0.04656578600406647
0.037999849766492844
0.028944212943315506
0.019510284066200256
0.009819517843425274
0.0
0.0
0.011012684553861618
0.02190132811665535
0.032542113214731216
0.04281557351350784
0.05260736495256424
0.06182253733277321
0.07038669288158417
0.07826495170593262
0.08544620871543884
0.09194263815879822
0.097771055996418
0.10294890403747559
0.10749134421348572
0.1114097461104393
0.11471332609653473
0.11740852892398834
0.11950036883354187
0.12099223583936691
0.1218864917755127
0.12218441814184189
0.1218864917755127
0.12099223583936691
0.11950036883354187
0.11740852892398834
0.11471332609653473
0.1114097461104393
0.10749134421348572
0.10294890403747559
0.097771055996418
0.09194263815879822
0.08544620871543884
0.07826495170593262
0.07038669288158417
0.06182253733277321
0.05260736495256424
0.04281557351350784
0.032542113214731216
0.02190132811665535
0.011012684553861618
0.0
0.0
0.012216135859489441
0.024309972301125526
0.036159250885248184
0.04764505848288536
0.058651138097047806
0.06907433271408081
0.07882466167211533
0.08784342557191849
0.0960950180888176
0.10357429087162018
0.11028794199228287
0.11625109612941742
0.12147924304008484
0.12598592042922974
0.12978273630142212
0.13287833333015442
0.13527965545654297
0.13699153065681458
0.13801738619804382
0.13835911452770233
0.13801738619804382
0.13699153065681458
0.13527965545654297
0.13287833333015442
0.12978273630142212
0.12598592042922974
0.12147924304008484
0.11625109612941742
0.11028794199228287
0.10357429087162018
0.0960950180888176
0.08784342557191849
0.07882466167211533
0.06907433271408081
0.058651138097047806
0.04764505848288536
0.036159250885248184
0.024309972301125526
0.012216135859489441
0.0
0.0
0.013439801521599293
0.026756711304187775
0.039827849715948105
0.052533358335494995
0.06475494801998138
0.07638414204120636
0.0873209610581398
0.09748931974172592
0.10683239251375198
0.11532528698444366
0.12295983731746674
0.12974441051483154
0.13569176197052002
0.14081613719463348
0.14513088762760162
0.1486467719078064
0.1513727903366089
0.15331535041332245
0.15447913110256195
0.15486674010753632
0.15447913110256195
0.15331535041332245
0.1513727903366089
0.1486467719078064
0.14513088762760162
0.14081613719463348
0.13569176197052002
0.12974441051483154
0.12295983731746674
0.11532528698444366
0.10683239251375198
0.09748931974172592
0.0873209610581398
0.07638414204120636
0.06475494801998138
0.052533358335494995
0.039827849715948105
0.026756711304187775
0.013439801521599293
0.0
0.0
0.014693093486130238
0.02926081232726574
0.043577831238508224
0.057521842420101166
0.07097163051366806
0.08381424844264984
0.09594246000051498
0.10726797580718994
0.11771760135889053
0.12724781036376953
0.13583362102508545
0.1434725970029831
0.15017127990722656
0.15594254434108734
0.16080021858215332
0.16475678980350494
0.1678231656551361
0.17000746726989746
0.1713157594203949
0.17175143957138062
0.1713157594203949
0.17000746726989746
0.1678231656551361
0.16475678980350494
0.16080021858215332
0.15594254434108734
0.15017127990722656
0.1434725970029831
0.13583362102508545
0.12724781036376953
0.11771760135889053
0.10726797580718994
0.09594246000051498
0.08381424844264984
0.07097163051366806
0.057521842420101166
0.043577831238508224
0.02926081232726574
0.014693093486130238
0.0
0.0
0.015984879806637764
0.03184021636843681
0.047436606138944626
0.06264787167310715
0.07734883576631546
0.09142204374074936
0.10475429892539978
0.11724820733070374
0.128818079829216
0.13940459489822388
0.14896640181541443
0.15748818218708038
0.1649673730134964
0.17141306400299072
0.17683790624141693
0.1812552958726883
0.18467770516872406
0.1871149092912674
0.18857434391975403
0.1890603005886078
0.18857434391975403
0.1871149092912674
0.18467770516872406
0.1812552958726883
0.17683790624141693
0.17141306400299072
0.1649673730134964
0.15748818218708038
0.14896640181541443
0.13940459489822388
0.128818079829216
0.11724820733070374
0.10475429892539978
0.09142204374074936
0.07734883576631546
0.06264787167310715
0.047436606138944626
0.03184021636843681
0.015984879806637764
0.0
0.0
0.017324157059192657
0.03451300784945488
0.05143151432275772
0.06794822961091995
0.08393286913633347
0.09926292300224304
0.11381948739290237
0.1274978667497635
0.14020270109176636
0.1518620252609253
0.16242024302482605
0.17184869945049286
0.18013401329517365
0.18727922439575195
0.19329392910003662
0.19819137454032898
0.2019849568605423
0.20468589663505554
0.20630298554897308
0.206841379404068
0.20630298554897308
0.20468589663505554
0.2019849568605423
0.19819137454032898
0.19329392910003662
0.18727922439575195
0.18013401329517365
0.17184869945049286
0.16242024302482605
0.1518620252609253
0.14020270109176636
0.1274978667497635
0.11381948739290237
0.09926292300224304
0.08393286913633347
0.06794822961091995
0.05143151432275772
0.03451300784945488
0.017324157059192657
0.0
0.0
0.018720021471381187
0.03729737177491188
0.055589817464351654
0.07345923781394958
0.09076900035142899
0.10739080607891083
0.12319988012313843
0.13808506727218628
0.15194319188594818
0.1646922379732132
0.17626474797725677
0.18661972880363464
0.19573262333869934
0.2035989612340927
0.21022365987300873
0.21561859548091888
0.2197973132133484
0.22277209162712097
0.2245529145002365
0.22514577209949493
0.2245529145002365
0.22277209162712097
0.2197973132133484
0.21561859548091888
0.21022365987300873
0.2035989612340927
0.19573262333869934
0.18661972880363464
0.17626474797725677
0.1646922379732132
0.15194319188594818
0.13808506727218628
0.12319988012313843
0.10739080607891083
0.09076900035142899
0.07345923781394958
0.055589817464351654
0.03729737177491188
0.018720021471381187
0.0
0.0
0.020182190462946892
0.040212634950876236
0.059940237551927567
0.07921870052814484
0.09790375828742981
0.11586038768291473
0.13295744359493256
0.14907769858837128
0.16411125659942627
0.1779681295156479
0.1905713975429535
0.20186953246593475
0.2118276059627533
0.22043290734291077
0.22768466174602509
0.2335921823978424
0.23816829919815063
0.24142591655254364
0.24337592720985413
0.2440250813961029
0.24337592720985413
0.24142591655254364
0.23816829919815063
0.2335921823978424
0.22768466174602509
0.22043290734291077
0.2118276059627533
0.20186953246593475
0.1905713975429535
0.1779681295156479
0.16411125659942627
0.14907769858837128
0.13295744359493256
0.11586038768291473
0.09790375828742981
0.07921870052814484
0.059940237551927567
0.040212634950876236
0.020182190462946892
0.0
0.0
0.021721061319112778
0.04327941685914993
0.06451327353715897
0.08526656031608582
0.10538588464260101
0.12472851574420929
0.1431562900543213
0.16054591536521912
0.17678150534629822
0.1917666792869568
0.20541712641716003
0.21767283976078033
0.228489950299263
0.2378479540348053
0.24573993682861328
0.25217193365097046
0.25715529918670654
0.26070305705070496
0.26282674074172974
0.26353368163108826
0.26282674074172974
0.26070305705070496
0.25715529918670654
0.25217193365097046
0.24573993682861328
0.2378479540348053
0.228489950299263
0.21767283976078033
0.20541712641716003
0.1917666792869568
0.17678150534629822
0.16054591536521912
0.1431562900543213
0.12472851574420929
0.10538588464260101
0.08526656031608582
0.06451327353715897
0.04327941685914993
0.021721061319112778
0.0
0.0
0.023348212242126465
0.04652056843042374
0.0693424865603447
0.0916462391614914
0.11326775699853897
0.13405540585517883
0.15386326611042023
0.1725618839263916
0.19002990424633026
0.20616577565670013
0.2208797037601471
0.23410533368587494
0.24579192698001862
0.255912184715271
0.2644535303115845
0.2714183032512665
0.2768159508705139
0.28065910935401917
0.2829596996307373
0.2837255597114563
0.2829596996307373
0.28065910935401917
0.2768159508705139
0.2714183032512665
0.2644535303115845
0.255912184715271
0.24579192698001862
0.23410533368587494
0.2208797037601471
0.20616577565670013
0.19002990424633026
0.1725618839263916
0.15386326611042023
0.13405540585517883
0.11326775699853897
0.0916462391614914
0.0693424865603447
0.04652056843042374
0.023348212242126465
0.0
0.0
0.025076625868678093
0.04996168240904808
0.07446533441543579
0.09840609133243561
0.12160732597112656
0.14390724897384644
0.16515132784843445
0.18520382046699524
0.20393821597099304
0.2212490439414978
0.23704276978969574
0.2512488067150116
0.26381179690361023
0.2746993899345398
0.2838943898677826
0.29139581322669983
0.29721108078956604
0.30135229229927063
0.30383145809173584
0.3046567738056183
0.30383145809173584
0.30135229229927063
0.29721108078956604
0.29139581322669983
0.2838943898677826
0.2746993899345398
0.26381179690361023
0.2512488067150116
0.23704276978969574
0.2212490439414978
0.20393821597099304
0.18520382046699524
0.16515132784843445
0.14390724897384644
0.12160732597112656
0.09840609133243561
0.07446533441543579
0.04996168240904808
0.025076625868678093
0.0
0.0
0.026921283453702927
0.05363215133547783
0.07992452383041382
0.10560060292482376
0.13046908378601074
0.15435659885406494
0.17709916830062866
0.19855457544326782
0.21859179437160492
0.23710250854492188
0.2539913058280945
0.2691856026649475
0.28262799978256226
0.2942832112312317
0.3041311800479889
0.31216832995414734
0.31840062141418457
0.32283949851989746
0.3254970610141754
0.3263818025588989
0.3254970610141754
0.32283949851989746
0.31840062141418457
0.31216832995414734
0.3041311800479889
0.2942832112312317
0.28262799978256226
0.2691856026649475
0.2539913058280945
0.23710250854492188
0.21859179437160492
0.19855457544326782
0.17709916830062866
0.15435659885406494
0.13046908378601074
0.10560060292482376
0.07992452383041382
0.05363215133547783
0.026921283453702927
0.0
0.0
0.028899680823087692
0.057566262781620026
0.08576977998018265
0.11329309642314911
0.1399277001619339
0.16548702120780945
0.18979670107364655
0.21270807087421417
0.23408624529838562
0.2538215219974518
0.2718186378479004
0.288005530834198
0.30232542753219604
0.31474271416664124
0.3252367377281189
0.3338029682636261
0.3404466211795807
0.3451790511608124
0.3480125069618225
0.34895581007003784
0.3480125069618225
0.3451790511608124
0.3404466211795807
0.3338029682636261
0.3252367377281189
0.31474271416664124
0.30232542753219604
0.288005530834198
0.2718186378479004
0.2538215219974518
0.23408624529838562
0.21270807087421417
0.18979670107364655
0.16548702120780945
0.1399277001619339
0.11329309642314911
0.08576977998018265
0.057566262781620026
0.028899680823087692
0.0
0.0
0.031032640486955643
0.06180461868643761
0.09205948561429977
0.12155704200267792
0.15006855130195618
0.17739251255989075
0.20334334671497345
0.22776620090007782
0.2505234479904175
0.27150580286979675
0.29062068462371826
0.30779924988746643
0.3229886293411255
0.3361557722091675
0.3472822904586792
0.35636451840400696
0.3634085953235626
0.3684263229370117
0.3714306354522705
0.37243086099624634
0.3714306354522705
0.3684263229370117
0.3634085953235626
0.35636451840400696
0.3472822904586792
0.3361557722091675
0.3229886293411255
0.30779924988746643
0.29062068462371826
0.27150580286979675
0.2505234479904175
0.22776620090007782
0.20334334671497345
0.17739251255989075
0.15006855130195618
0.12155704200267792
0.09205948561429977
0.06180461868643761
0.031032640486955643
0.0
0.0
0.03334537521004677
0.06639634817838669
0.09886424243450165
0.13048109412193298
0.16099435091018677
0.19018560647964478
0.2178572565317154
0.24384889006614685
0.268021821975708
0.2902695834636688
0.3105054795742035
0.3286672830581665
0.34470975399017334
0.3586058020591736
0.37034258246421814
0.3799198567867279
0.3873465955257416
0.3926362991333008
0.395803302526474
0.3968576490879059
0.395803302526474
0.3926362991333008
0.3873465955257416
0.3799198567867279
0.37034258246421814
0.3586058020591736
0.34470975399017334
0.3286672830581665
0.3105054795742035
0.2902695834636688
0.268021821975708
0.24384889006614685
0.2178572565317154
0.19018560647964478
0.16099435091018677
0.13048109412193298
0.09886424243450165
0.06639634817838669
0.03334537521004677
0.0
0.0
0.035868771374225616
0.07140128314495087
0.10626906901597977
0.1401706337928772
0.17282524704933167
0.2039954960346222
0.23347140848636627
0.2610883116722107
0.28670912981033325
0.31023356318473816
0.3315848708152771
0.35071152448654175
0.3675802946090698
0.38217395544052124
0.3944891095161438
0.4045317769050598
0.412316232919693
0.41785919666290283
0.4211772680282593
0.42228183150291443
0.4211772680282593
0.41785919666290283
0.412316232919693
0.4045317769050598
0.3944891095161438
0.38217395544052124
0.3675802946090698
0.35071152448654175
0.3315848708152771
0.31023356318473816
0.28670912981033325
0.2610883116722107
0.23347140848636627
0.2039954960346222
0.17282524704933167
0.1401706337928772
0.10626906901597977
0.07140128314495087
0.035868771374225616
0.0
0.0
0.038641542196273804
0.07689434289932251
0.11438041180372238
0.15075728297233582
0.18571068346500397
0.2189820408821106
0.2503490149974823
0.27964499592781067
0.30673834681510925
0.33153969049453735
0.3539876639842987
0.37404653429985046
0.39170053601264954
0.4069468677043915
0.41979581117630005
0.4302631914615631
0.43837130069732666
0.4441419839859009
0.4475954473018646
0.44874489307403564
0.4475954473018646
0.4441419839859009
0.43837130069732666
0.4302631914615631
0.41979581117630005
0.4069468677043915
0.39170053601264954
0.37404653429985046
0.3539876639842987
0.33153969049453735
0.30673834681510925
0.27964499592781067
0.2503490149974823
0.2189820408821106
0.18571068346500397
0.15075728297233582
0.11438041180372238
0.07689434289932251
0.038641542196273804
0.0
0.0
0.041712429374456406
0.08296917378902435
0.12332955002784729
0.16240069270133972
0.19982852041721344
0.23533131182193756
0.2686758041381836
0.2996971905231476
0.3282754123210907
0.3543381989002228
0.3778468370437622
0.3987877666950226
0.41716891527175903
0.4330071806907654
0.44633132219314575
0.4571707248687744
0.465558797121048
0.47152456641197205
0.47509336471557617
0.47628092765808105
0.47509336471557617
0.47152456641197205
0.465558797121048
0.4571707248687744
0.44633132219314575
0.4330071806907654
0.41716891527175903
0.3987877666950226
0.3778468370437622
0.3543381989002228
0.3282754123210907
0.2996971905231476
0.2686758041381836
0.23533131182193756
0.19982852041721344
0.16240069270133972
0.12332955002784729
0.08296917378902435
0.041712429374456406
0.0
0.0
0.04514478147029877
0.08974730968475342
0.13328664004802704
0.17530715465545654
0.21540722250938416
0.2532806098461151
0.2886858880519867
0.3214666545391083
0.3515229821205139
0.37880876660346985
0.40331751108169556
0.425065815448761
0.4440929889678955
0.4604416489601135
0.47416433691978455
0.4853079617023468
0.49392038583755493
0.5000400543212891
0.5036988258361816
0.5049160122871399
0.5036988258361816
0.5000400543212891
0.49392038583755493
0.4853079617023468
0.47416433691978455
0.4604416489601135
0.4440929889678955
0.425065815448761
0.40331751108169556
0.37880876660346985
0.3515229821205139
0.3214666545391083
0.2886858880519867
0.2532806098461151
0.21540722250938416
0.17530715465545654
0.13328664004802704
0.08974730968475342
0.04514478147029877
0.0
0.0
0.04902075231075287
0.09738479554653168
0.14446641504764557
0.1897314190864563
0.23272207379341125
0.27310797572135925
0.31064632534980774
0.34519892930984497
0.37669938802719116
0.4051395058631897
0.43055739998817444
0.4530094563961029
0.47257527709007263
0.4893297553062439
0.5033548474311829
0.5147190690040588
0.5234878659248352
0.5297113656997681
0.5334296226501465
0.534666121006012
0.5334296226501465
0.5297113656997681
0.5234878659248352
0.5147190690040588
0.5033548474311829
0.4893297553062439
0.47257527709007263
0.4530094563961029
0.43055739998817444
0.4051395058631897
0.37669938802719116
0.34519892930984497
0.31064632534980774
0.27310797572135925
0.23272207379341125
0.1897314190864563
0.14446641504764557
0.09738479554653168
0.04902075231075287
0.0
0.0
0.05345160514116287
0.10609259456396103
0.15715815126895905
0.20601464807987213
0.2521383464336395
0.29517802596092224
0.3349013030529022
0.3712044954299927
0.4040738344192505
0.43355584144592285
0.4597492516040802
0.4827622175216675
0.5027247071266174
0.5197510719299316
0.5339581370353699
0.5454400181770325
0.5542826652526855
0.560549795627594
0.5642909407615662
0.5655344128608704
0.5642909407615662
0.560549795627594
0.5542826652526855
0.5454400181770325
0.5339581370353699
0.5197510719299316
0.5027247071266174
0.4827622175216675
0.4597492516040802
0.43355584144592285
0.4040738344192505
0.3712044954299927
0.3349013030529022
0.29517802596092224
0.2521383464336395
0.20601464807987213
0.15715815126895905
0.10609259456396103
0.05345160514116287
0.0
0.0
0.058586686849594116
0.11614947766065598
0.17173533141613007
0.22458431124687195
0.27409878373146057
0.31991690397262573
0.3618393540382385
0.39982131123542786
0.43392959237098694
0.464286744594574
0.4910719692707062
0.5144587755203247
0.5346383452415466
0.5517717003822327
0.5660154819488525
0.577492892742157
0.5863124132156372
0.5925530195236206
0.5962746143341064
0.5975109934806824
0.5962746143341064
0.5925530195236206
0.5863124132156372
0.577492892742157
0.5660154819488525
0.5517717003822327
0.5346383452415466
0.5144587755203247
0.4910719692707062
0.464286744594574
0.43392959237098694
0.39982131123542786
0.3618393540382385
0.31991690397262573
0.27409878373146057
0.22458431124687195
0.17173533141613007
0.11614947766065598
0.058586686849594116
0.0
0.0
0.0646391287446022
0.12795300781726837
0.1887255162000656
0.24603742361068726
0.29921117424964905
0.34789735078811646
0.39196842908859253
0.43147778511047363
0.4666125178337097
0.4976003170013428
0.5247250199317932
0.5482407212257385
0.5684105157852173
0.5854483842849731
0.5995547771453857
0.6108837723731995
0.6195676922798157
0.6257011294364929
0.62935471534729
0.630567729473114
0.62935471534729
0.6257011294364929
0.6195676922798157
0.6108837723731995
0.5995547771453857
0.5854483842849731
0.5684105157852173
0.5482407212257385
0.5247250199317932
0.4976003170013428
0.4666125178337097
0.43147778511047363
0.39196842908859253
0.34789735078811646
0.29921117424964905
0.24603742361068726
0.1887255162000656
0.12795300781726837
0.0646391287446022
0.0
0.0
0.0719081312417984
0.1420445740222931
0.2088255137205124
0.2711278796195984
0.3282087743282318
0.37977683544158936
0.42584529519081116
0.4666215777397156
0.5024677515029907
0.533751368522644
0.5608874559402466
0.5842260718345642
0.6041113138198853
0.6208147406578064
0.634581983089447
0.6455987095832825
0.6540203094482422
0.6599567532539368
0.6634885668754578
0.6646603941917419
0.6634885668754578
0.6599567532539368
0.6540203094482422
0.6455987095832825
0.634581983089447
0.6208147406578064
0.6041113138198853
0.5842260718345642
0.5608874559402466
0.533751368522644
0.5024677515029907
0.4666215777397156
0.42584529519081116
0.37977683544158936
0.3282087743282318
0.2711278796195984
0.2088255137205124
0.1420445740222931
0.0719081312417984
0.0
0.0
0.0808505192399025
0.15926092863082886
0.2330818921327591
0.3009636402130127
0.36213216185569763
0.4164526164531708
0.464193731546402
0.5058047771453857
0.5418955087661743
0.5730149149894714
0.5997359156608582
0.622516930103302
0.6417877078056335
0.6578779816627502
0.671076238155365
0.6815974116325378
0.6896170973777771
0.6952584385871887
0.698610246181488
0.6997215747833252
0.698610246181488
0.6952584385871887
0.6896170973777771
0.6815974116325378
0.671076238155365
0.6578779816627502
0.6417877078056335
0.622516930103302
0.5997359156608582
0.5730149149894714
0.5418955087661743
0.5058047771453857
0.464193731546402
0.4164526164531708
0.36213216185569763
0.3009636402130127
0.2330818921327591
0.15926092863082886
0.0808505192399025
0.0
0.0
0.09215418994426727
0.18076448142528534
0.2629047930240631
0.3369309902191162
0.4022028148174286
0.458904892206192
0.5077540874481201
0.5495544672012329
0.5852499008178711
0.615612804889679
0.6413938403129578
0.6631666421890259
0.6814435124397278
0.6966081857681274
0.7089850902557373
0.7188126444816589
0.726281464099884
0.7315240502357483
0.7346347570419312
0.7356653213500977
0.7346347570419312
0.7315240502357483
0.726281464099884
0.7188126444816589
0.7089850902557373
0.6966081857681274
0.6814435124397278
0.6631666421890259
0.6413938403129578
0.615612804889679
0.5852499008178711
0.5495544672012329
0.5077540874481201
0.458904892206192
0.4022028148174286
0.3369309902191162
0.2629047930240631
0.18076448142528534
0.09215418994426727
0.0
0.0
0.10695115476846695
0.2086322158575058
0.3005884289741516
0.3811894357204437
0.45018401741981506
0.5084453821182251
0.5574294328689575
0.5984503030776978
0.6328726410865784
0.6617211103439331
0.6859262585639954
0.706167995929718
0.7230262756347656
0.7369252443313599
0.7482122778892517
0.7571395039558411
0.7639040946960449
0.7686423063278198
0.7714499831199646
0.7723795175552368
0.7714499831199646
0.7686423063278198
0.7639040946960449
0.7571395039558411
0.7482122778892517
0.7369252443313599
0.7230262756347656
0.706167995929718
0.6859262585639954
0.6617211103439331
0.6328726410865784
0.5984503030776978
0.5574294328689575
0.5084453821182251
0.45018401741981506
0.3811894357204437
0.3005884289741516
0.2086322158575058
0.10695115476846695
0.0
0.0
0.12719488143920898
0.24562190473079681
0.3492427170276642
0.43629568815231323
0.5079800486564636
0.5663386583328247
0.6139930486679077
0.6529202461242676
0.6849594116210938
0.7113902568817139
0.7332939505577087
0.7514305114746094
0.7664174437522888
0.7786972522735596
0.7886210083961487
0.796440601348877
0.8023492693901062
0.8064796924591064
0.8089240789413452
0.8097327947616577
0.8089240789413452
0.8064796924591064
0.8023492693901062
0.796440601348877
0.7886210083961487
0.7786972522735596
0.7664174437522888
0.7514305114746094
0.7332939505577087
0.7113902568817139
0.6849594116210938
0.6529202461242676
0.6139930486679077
0.5663386583328247
0.5079800486564636
0.43629568815231323
0.3492427170276642
0.24562190473079681
0.12719488143920898
0.0
0.0
0.15619376301765442
0.29838883876800537
0.4143698215484619
0.5063810348510742
0.57814621925354
0.6340152025222778
0.6781298518180847
0.7132112979888916
0.7415110468864441
0.764492928981781
0.7833096385002136
0.7987440824508667
0.8114045262336731
0.8217189311981201
0.8300171494483948
0.8365337252616882
0.84144526720047
0.8448723554611206
0.8468982577323914
0.8475680947303772
0.8468982577323914
0.8448723554611206
0.84144526720047
0.8365337252616882
0.8300171494483948
0.8217189311981201
0.8114045262336731
0.7987440824508667
0.7833096385002136
0.764492928981781
0.7415110468864441
0.7132112979888916
0.6781298518180847
0.6340152025222778
0.57814621925354
0.5063810348510742
0.4143698215484619
0.29838883876800537
0.15619376301765442
0.0
0.0
0.20155079662799835
0.37355470657348633
0.5031499862670898
0.5954440236091614
0.6627694368362427
0.7123059034347534
0.7500128746032715
0.7791692018508911
0.8022318482398987
0.8206862807273865
0.835630476474762
0.8477867841720581
0.8576940894126892
0.8657260537147522
0.8721633553504944
0.8772040605545044
0.8809950947761536
0.8836362957954407
0.8851961493492126
0.885711669921875
0.8851961493492126
0.8836362957954407
0.8809950947761536
0.8772040605545044
0.8721633553504944
0.8657260537147522
0.8576940894126892
0.8477867841720581
0.835630476474762
0.8206862807273865
0.8022318482398987
0.7791692018508911
0.7500128746032715
0.7123059034347534
0.6627694368362427
0.5954440236091614
0.5031499862670898
0.37355470657348633
0.20155079662799835
0.0
0.0
0.27410009503364563
0.5009406208992004
0.6273415684700012
0.7088401317596436
0.7630637884140015
0.8011114001274109
0.8289660811424255
0.8500182628631592
0.8663772344589233
0.8793132305145264
0.8896934390068054
0.8980817198753357
0.9048832654953003
0.9103763699531555
0.9147658944129944
0.9181954860687256
0.9207705855369568
0.9225625991821289
0.9236201047897339
0.9239694476127625
0.9236201047897339
0.9225625991821289
0.9207705855369568
0.9181954860687256
0.9147658944129944
0.9103763699531555
0.9048832654953003
0.8980817198753357
0.8896934390068054
0.8793132305145264
0.8663772344589233
0.8500182628631592
0.8289660811424255
0.8011114001274109
0.7630637884140015
0.7088401317596436
0.6273415684700012
0.5009406208992004
0.27410009503364563
0.0
0.0
0.5224242806434631
0.6900880932807922
0.7962139844894409
0.8452708721160889
0.8776178956031799
0.8983653783798218
0.9133126139640808
0.9243406653404236
0.9328243136405945
0.9394737482070923
0.9447796940803528
0.9490490555763245
0.9524998664855957
0.9552801847457886
0.9574978351593018
0.9592282176017761
0.9605261087417603
0.961428701877594
0.9619610905647278
0.9621369242668152
0.9619610905647278
0.961428701877594
0.9605261087417603
0.9592282176017761
0.9574978351593018
0.9552801847457886
0.9524998664855957
0.9490490555763245
0.9447796940803528
0.9394737482070923
0.9328243136405945
0.9243406653404236
0.9133126139640808
0.8983653783798218
0.8776178956031799
0.8452708721160889
0.7962139844894409
0.6900880932807922
0.5224242806434631
0.0
1.0
1.0
1.0
1.0
1.0
1.0
1.0
1.0
1.0
1.0
1.0
1.0
1.0
1.0
1.0
1.0
1.0
1.0
1.0
1.0
1.0
1.0
1.0
1.0
1.0
1.0
1.0
1.0
1.0
1.0
1.0
1.0
1.0
1.0
1.0
1.0
1.0
1.0
1.0
1.0
1.0
