0.0
0.0
0.0
0.0
0.0
0.0
0.0
0.0
0.0
0.0
0.0
0.0
0.0
0.0
0.0
0.0
0.0
0.0
0.0
0.0
0.0
0.0
0.0
0.0
0.0
0.0
0.0
0.0
0.0
0.0
0.0
0.0
0.0
0.0
0.0
0.0
0.0
0.0
0.0
0.0
0.0
0.0
0.002139877062290907
0.004175758454948664
0.006093666423112154
0.007900893688201904
0.009602513164281845
0.011200454086065292
0.01269542146474123
0.014086947776377201
0.015374023467302322
0.01655530370771885
0.01762930490076542
0.01859455741941929
0.01944964937865734
0.02019331604242325
0.020824432373046875
0.021342068910598755
0.021745450794696808
0.022033998742699623
0.022207288071513176
0.022265082225203514
0.022207288071513176
0.022033998742699623
0.021745450794696808
0.021342068910598755
0.020824432373046875
0.02019331604242325
0.01944964937865734
0.01859455741941929
0.01762930490076542
0.01655530370771885
0.015374023467302322
0.014086947776377201
0.01269542146474123
0.011200454086065292
0.009602513164281845
0.007900893688201904
0.006093666423112154
0.004175758454948664
0.002139877062290907
0.0
0.0
0.004197828471660614
0.008255637250840664
0.012103789485991001
0.015736112371087074
0.019155248999595642
0.022364193573594093
0.025364330038428307
0.02815503440797329
0.03073471412062645
0.03310103714466095
0.03525141254067421
0.037183187901973724
0.03889383003115654
0.04038105905056
0.04164283722639084
0.04267748445272446
0.04348360374569893
0.044060155749320984
0.04440637677907944
0.04452183470129967
0.04440637677907944
0.044060155749320984
0.04348360374569893
0.04267748445272446
0.04164283722639084
0.04038105905056
0.03889383003115654
0.037183187901973724
0.03525141254067421
0.03310103714466095
0.03073471412062645
0.02815503440797329
0.025364330038428307
0.022364193573594093
0.019155248999595642
0.015736112371087074
0.012103789485991001
0.008255637250840664
0.004197828471660614
0.0
0.0
0.006179396528750658
0.012209881097078323
0.017985519021749496
0.02346108667552471
0.02862055040895939
0.0334620475769043
0.037985168397426605
0.04218892380595207
0.04607139527797699
0.049629777669906616
0.05286092311143875
0.055761560797691345
0.05832855775952339
0.06055906042456627
0.06245055049657822
0.0640009418129921
0.06520850956439972
0.06607197970151901
0.06659041345119476
0.06676328927278519
0.06659041345119476
0.06607197970151901
0.06520850956439972
0.0640009418129921
0.06245055049657822
0.06055906042456627
0.05832855775952339
0.055761560797691345
0.05286092311143875
0.049629777669906616
0.04607139527797699
0.04218892380595207
0.037985168397426605
0.0334620475769043
0.02862055040895939
0.02346108667552471
0.017985519021749496
0.012209881097078323
0.006179396528750658
0.0
0.0
0.008108703419566154
0.016066089272499084
0.023745689541101456
0.031066853553056717
0.037983886897563934
0.044479843229055405
0.05054660513997078
0.05618066340684891
0.06137905269861221
0.06613868474960327
0.0704563707113266
0.07432886213064194
0.07775308191776276
0.0807262435555458
0.08324591815471649
0.08531010150909424
0.08691716939210892
0.08806592226028442
0.08875549584627151
0.08898541331291199
0.08875549584627151
0.08806592226028442
0.08691716939210892
0.08531010150909424
0.08324591815471649
0.0807262435555458
0.07775308191776276
0.07432886213064194
0.0704563707113266
0.06613868474960327
0.06137905269861221
0.05618066340684891
0.05054660513997078
0.044479843229055405
0.037983886897563934
0.031066853553056717
0.023745689541101456
0.016066089272499084
0.008108703419566154
0.0
0.0
0.01000668853521347
0.01985839754343033
0.02941560372710228
0.03857222944498062
0.047253791242837906
0.055420584976673126
0.06304990500211716
0.07013172656297684
0.07665996253490448
0.08263082802295685
0.088041290640831
0.09288868308067322
0.09717071056365967
0.10088536143302917
0.10403098911046982
0.10660626739263535
0.10861019790172577
0.11004205793142319
0.1109013557434082
0.11118782311677933
0.1109013557434082
0.11004205793142319
0.10861019790172577
0.10660626739263535
0.10403098911046982
0.10088536143302917
0.09717071056365967
0.09288868308067322
0.088041290640831
0.08263082802295685
0.07665996253490448
0.07013172656297684
0.06304990500211716
0.055420584976673126
0.047253791242837906
0.03857222944498062
0.02941560372710228
0.01985839754343033
0.01000668853521347
0.0
0.0
0.011889836750924587
0.023618552833795547
0.03503572940826416
0.046016208827495575
0.05646119266748428
0.06630703061819077
0.07551226764917374
0.08405608683824539
0.09192639589309692
0.09911752492189407
0.10562626272439957
0.11145088821649551
0.11659050732851028
0.1210445985198021
0.12481305748224258
0.12789590656757355
0.1302933245897293
0.13200554251670837
0.13303278386592865
0.1333751678466797
0.13303278386592865
0.13200554251670837
0.1302933245897293
0.12789590656757355
0.12481305748224258
0.1210445985198021
0.11659050732851028
0.11145088821649551
0.10562626272439957
0.09911752492189407
0.09192639589309692
0.08405608683824539
0.07551226764917374
0.06630703061819077
0.05646119266748428
0.046016208827495575
0.03503572940826416
0.023618552833795547
0.011889836750924587
0.0
0.0
0.01377285085618496
0.02737549878656864
0.04064594581723213
0.053442973643541336
0.06564775109291077
0.07717486470937729
0.08796335011720657
0.0979786068201065
0.10719986259937286
0.11561791598796844
0.12322865426540375
0.13003137707710266
0.13602706789970398
0.14121738076210022
0.1456044614315033
0.14919038116931915
0.15197713673114777
0.15396638214588165
0.15515939891338348
0.15555697679519653
0.15515939891338348
0.15396638214588165
0.15197713673114777
0.14919038116931915
0.1456044614315033
0.14121738076210022
0.13602706789970398
0.13003137707710266
0.12322865426540375
0.11561791598796844
0.10719986259937286
0.0979786068201065
0.08796335011720657
0.07717486470937729
0.06564775109291077
0.053442973643541336
0.04064594581723213
0.02737549878656864
0.01377285085618496
0.0
0.0
0.015668371692299843
0.031154412776231766
0.04628290981054306
0.06089736893773079
0.07486133277416229
0.08807026594877243
0.10044485330581665
0.11193594336509705
0.1225125789642334
0.13216060400009155
0.14087419211864471
0.14865359663963318
0.15550191700458527
0.16142360866069794
0.1664237380027771
0.17050710320472717
0.17367814481258392
0.17594043910503387
0.1772967129945755
0.17774862051010132
0.1772967129945755
0.17594043910503387
0.17367814481258392
0.17050710320472717
0.1664237380027771
0.16142360866069794
0.15550191700458527
0.14865359663963318
0.14087419211864471
0.13216060400009155
0.1225125789642334
0.11193594336509705
0.10044485330581665
0.08807026594877243
0.07486133277416229
0.06089736893773079
0.04628290981054306
0.031154412776231766
0.015668371692299843
0.0
0.0
0.01758815534412861
0.034978751093149185
0.05198105424642563
0.06842266768217087
0.08415043354034424
0.0990428626537323
0.11300426721572876
0.1259717047214508
0.13790389895439148
0.14878101646900177
0.1585949957370758
0.16734685003757477
0.175042062997818
0.1816883683204651
0.18729443848133087
0.1918683797121048
0.19541771709918976
0.1979483813047409
0.19946497678756714
0.19997017085552216
0.19946497678756714
0.1979483813047409
0.19541771709918976
0.1918683797121048
0.18729443848133087
0.1816883683204651
0.175042062997818
0.16734685003757477
0.1585949957370758
0.14878101646900177
0.13790389895439148
0.1259717047214508
0.11300426721572876
0.0990428626537323
0.08415043354034424
0.06842266768217087
0.05198105424642563
0.034978751093149185
0.01758815534412861
0.0
0.0
0.019543012604117393
0.03887001797556877
0.057772137224674225
0.07605967670679092
0.09356273710727692
0.11014413833618164
0.12569361925125122
0.1401359885931015
0.1534206122159958
0.16552215814590454
0.17643041908740997
0.1861472874879837
0.19468094408512115
0.20204289257526398
0.2082459032535553
0.2133021354675293
0.21722263097763062
0.2200162559747696
0.22168974578380585
0.22224709391593933
0.22168974578380585
0.2200162559747696
0.21722263097763062
0.2133021354675293
0.2082459032535553
0.20204289257526398
0.19468094408512115
0.1861472874879837
0.17643041908740997
0.16552215814590454
0.1534206122159958
0.1401359885931015
0.12569361925125122
0.11014413833618164
0.09356273710727692
0.07605967670679092
0.057772137224674225
0.03887001797556877
0.019543012604117393
0.0
0.0
0.021543463692069054
0.042849063873291016
0.0636868104338646
0.08384780585765839
0.10314462333917618
0.12142504006624222
0.13856568932533264
0.15448100864887238
0.16911260783672333
0.18243077397346497
0.19442389905452728
0.20509518682956696
0.21445602178573608
0.22252221405506134
0.2293112874031067
0.23483993113040924
0.23912332952022552
0.24217365682125092
0.24400018155574799
0.24460835754871368
0.24400018155574799
0.24217365682125092
0.23912332952022552
0.23483993113040924
0.2293112874031067
0.22252221405506134
0.21445602178573608
0.20509518682956696
0.19442389905452728
0.18243077397346497
0.16911260783672333
0.15448100864887238
0.13856568932533264
0.12142504006624222
0.10314462333917618
0.08384780585765839
0.0636868104338646
0.042849063873291016
0.021543463692069054
0.0
0.0
0.023599719628691673
0.046936046332120895
0.06975463032722473
0.09182509034872055
0.11294125765562057
0.1329360008239746
0.15167400240898132
0.16906112432479858
0.18503326177597046
0.19955794513225555
0.21262355148792267
0.22423557937145233
0.23440946638584137
0.2431659698486328
0.2505280673503876
0.25651755928993225
0.26115426421165466
0.2644541561603546
0.26642927527427673
0.26708680391311646
0.26642927527427673
0.2644541561603546
0.26115426421165466
0.25651755928993225
0.2505280673503876
0.2431659698486328
0.23440946638584137
0.22423557937145233
0.21262355148792267
0.19955794513225555
0.18503326177597046
0.16906112432479858
0.15167400240898132
0.1329360008239746
0.11294125765562057
0.09182509034872055
0.06975463032722473
0.046936046332120895
0.023599719628691673
0.0
0.0
0.025722140446305275
0.05115130916237831
0.07600519806146622
0.10002931952476501
0.1229972168803215
0.1447266936302185
0.16507141292095184
0.18393047153949738
0.20123621821403503
0.21695561707019806
0.2310788482427597
0.24361518025398254
0.2545852065086365
0.26401564478874207
0.2719355821609497
0.278372585773468
0.28335171937942505
0.28689301013946533
0.28901177644729614
0.2897169291973114
0.28901177644729614
0.28689301013946533
0.28335171937942505
0.278372585773468
0.2719355821609497
0.26401564478874207
0.2545852065086365
0.24361518025398254
0.2310788482427597
0.21695561707019806
0.20123621821403503
0.18393047153949738
0.16507141292095184
0.1447266936302185
0.1229972168803215
0.10002931952476501
0.07600519806146622
0.05115130916237831
0.025722140446305275
0.0
0.0
0.02792128175497055
0.055515531450510025
0.08246845006942749
0.10849854350090027
0.1333572417497635
0.15684698522090912
0.1788112074136734
0.19914403557777405
0.21777662634849548
0.23467771708965302
0.24984166026115417
0.26328328251838684
0.27502989768981934
0.28511524200439453
0.29357555508613586
0.3004448711872101
0.30575400590896606
0.30952757596969604
0.3117843270301819
0.31253522634506226
0.3117843270301819
0.30952757596969604
0.30575400590896606
0.3004448711872101
0.29357555508613586
0.28511524200439453
0.27502989768981934
0.26328328251838684
0.24984166026115417
0.23467771708965302
0.21777662634849548
0.19914403557777405
0.1788112074136734
0.15684698522090912
0.1333572417497635
0.10849854350090027
0.08246845006942749
0.055515531450510025
0.02792128175497055
0.0
0.0
0.030208280310034752
0.06005038693547249
0.08917552977800369
0.11727189272642136
0.14406682550907135
0.16934701800346375
0.19294650852680206
0.2147563397884369
0.2347089797258377
0.25277766585350037
0.26896342635154724
0.2832888960838318
0.2957899570465088
0.30650871992111206
0.31548967957496643
0.32277411222457886
0.32839930057525635
0.33239486813545227
0.3347833454608917
0.3355778753757477
0.3347833454608917
0.33239486813545227
0.32839930057525635
0.32277411222457886
0.31548967957496643
0.30650871992111206
0.2957899570465088
0.2832888960838318
0.26896342635154724
0.25277766585350037
0.2347089797258377
0.2147563397884369
0.19294650852680206
0.16934701800346375
0.14406682550907135
0.11727189272642136
0.08917552977800369
0.06005038693547249
0.030208280310034752
0.0
0.0
0.03259500861167908
0.06477894634008408
0.09615940600633621
0.12639060616493225
0.1551736295223236
0.18227897584438324
0.20753225684165955
0.2308235466480255
0.25208932161331177
0.2713102102279663
0.28849688172340393
0.30368220806121826
0.31691280007362366
0.3282408118247986
0.3377201557159424
0.34540045261383057
0.35132601857185364
0.35553205013275146
0.35804516077041626
0.3588809669017792
0.35804516077041626
0.35553205013275146
0.35132601857185364
0.34540045261383057
0.3377201557159424
0.3282408118247986
0.31691280007362366
0.30368220806121826
0.28849688172340393
0.2713102102279663
0.25208932161331177
0.2308235466480255
0.20753225684165955
0.18227897584438324
0.1551736295223236
0.12639060616493225
0.09615940600633621
0.06477894634008408
0.03259500861167908
0.0
0.0
0.035094473510980606
0.06972631812095642
0.10345564037561417
0.1358986347913742
0.1667277067899704
0.1956968903541565
0.22262458503246307
0.24740225076675415
0.2699734568595886
0.2903294861316681
0.30849379301071167
0.32451221346855164
0.3384445011615753
0.3503546416759491
0.3603075444698334
0.36836209893226624
0.3745705187320709
0.37897416949272156
0.38160407543182373
0.3824785053730011
0.38160407543182373
0.37897416949272156
0.3745705187320709
0.36836209893226624
0.3603075444698334
0.3503546416759491
0.3384445011615753
0.32451221346855164
0.30849379301071167
0.2903294861316681
0.2699734568595886
0.24740225076675415
0.22262458503246307
0.1956968903541565
0.1667277067899704
0.1358986347913742
0.10345564037561417
0.06972631812095642
0.035094473510980606
0.0
0.0
0.037721142172813416
0.07492039352655411
0.11110365390777588
0.14584441483020782
0.17878387868404388
0.20965944230556488
0.23828381299972534
0.26455265283584595
0.2884201109409332
0.3098917007446289
0.32900723814964294
0.3458286225795746
0.3604312241077423
0.3728930354118347
0.3832915425300598
0.39169609546661377
0.39816775918006897
0.402754545211792
0.4054924547672272
0.4064025282859802
0.4054924547672272
0.402754545211792
0.39816775918006897
0.39169609546661377
0.3832915425300598
0.3728930354118347
0.3604312241077423
0.3458286225795746
0.32900723814964294
0.3098917007446289
0.2884201109409332
0.26455265283584595
0.23828381299972534
0.20965944230556488
0.17878387868404388
0.14584441483020782
0.11110365390777588
0.07492039352655411
0.037721142172813416
0.0
0.0
0.04049142450094223
0.08039262145757675
0.1191473975777626
0.15628133714199066
0.19140169024467468
0.2242293655872345
0.25457337498664856
0.282336950302124
0.30748891830444336
0.3300531506538391
0.3500896096229553
0.367679625749588
0.3829171657562256
0.395896315574646
0.40670904517173767
0.41543638706207275
0.42214930057525635
0.4269030690193176
0.4297390878200531
0.4306814968585968
0.4297390878200531
0.4269030690193176
0.42214930057525635
0.41543638706207275
0.40670904517173767
0.395896315574646
0.3829171657562256
0.367679625749588
0.3500896096229553
0.3300531506538391
0.30748891830444336
0.282336950302124
0.25457337498664856
0.2242293655872345
0.19140169024467468
0.15628133714199066
0.1191473975777626
0.08039262145757675
0.04049142450094223
0.0
0.0
0.043424345552921295
0.08617940545082092
0.12763768434524536
0.16727085411548615
0.20464928448200226
0.23947776854038239
0.2715643346309662
0.3008239269256592
0.3272447884082794
0.35087379813194275
0.37179556488990784
0.39011451601982117
0.4059463441371918
0.4194037616252899
0.4305949807167053
0.43961435556411743
0.4465436041355133
0.4514461159706116
0.4543691575527191
0.455340176820755
0.4543691575527191
0.4514461159706116
0.4465436041355133
0.43961435556411743
0.4305949807167053
0.4194037616252899
0.4059463441371918
0.39011451601982117
0.37179556488990784
0.35087379813194275
0.3272447884082794
0.3008239269256592
0.2715643346309662
0.23947776854038239
0.20464928448200226
0.16727085411548615
0.12763768434524536
0.08617940545082092
0.043424345552921295
0.0
0.0
0.046542175114154816
0.09232310205698013
0.1366329789161682
0.17888276278972626
0.21860283613204956
0.25548291206359863
0.2893335521221161
0.3200865089893341
0.3477551341056824
0.372414767742157
0.3941795825958252
0.41318121552467346
0.42956051230430603
0.443451464176178
0.45498067140579224
0.46425721049308777
0.4713747203350067
0.47640544176101685
0.47940298914909363
0.48039838671684265
0.47940298914909363
0.47640544176101685
0.4713747203350067
0.46425721049308777
0.45498067140579224
0.443451464176178
0.42956051230430603
0.41318121552467346
0.3941795825958252
0.372414767742157
0.3477551341056824
0.3200865089893341
0.2893335521221161
0.25548291206359863
0.21860283613204956
0.17888276278972626
0.1366329789161682
0.09232310205698013
0.046542175114154816
0.0
0.0
0.04987173527479172
0.09887466579675674
0.14620356261730194
0.19120065867900848
0.23335309326648712
0.2723371386528015
0.3079706132411957
0.34020835161209106
0.3690958619117737
0.3947431743144989
0.4172998070716858
0.43692922592163086
0.4538012146949768
0.46807390451431274
0.4798944592475891
0.48938825726509094
0.49666205048561096
0.5017976760864258
0.5048555135726929
0.505870521068573
0.5048555135726929
0.5017976760864258
0.49666205048561096
0.48938825726509094
0.4798944592475891
0.46807390451431274
0.4538012146949768
0.43692922592163086
0.4172998070716858
0.3947431743144989
0.3690958619117737
0.34020835161209106
0.3079706132411957
0.2723371386528015
0.23335309326648712
0.19120065867900848
0.14620356261730194
0.09887466579675674
0.04987173527479172
0.0
0.0
0.05344540625810623
0.10589518398046494
0.156432643532753
0.20432206988334656
0.24900415539741516
0.29014450311660767
0.32757455110549927
0.3612801432609558
0.39134737849235535
0.41792842745780945
0.44121474027633667
0.46140676736831665
0.47870734333992004
0.4933018088340759
0.5053601264953613
0.5150257349014282
0.5224194526672363
0.527633547782898
0.5307357311248779
0.5317650437355042
0.5307357311248779
0.527633547782898
0.5224194526672363
0.5150257349014282
0.5053601264953613
0.4933018088340759
0.47870734333992004
0.46140676736831665
0.44121474027633667
0.41792842745780945
0.39134737849235535
0.3612801432609558
0.32757455110549927
0.29014450311660767
0.24900415539741516
0.20432206988334656
0.156432643532753
0.10589518398046494
0.05344540625810623
0.0
0.0
0.057303618639707565
0.11346086114645004
0.16742385923862457
0.2183680385351181
0.2656843662261963
0.30903205275535583
0.3482646048069
0.3834091126918793
0.4146026372909546
0.4420485496520996
0.4659878611564636
0.4866638779640198
0.5043169856071472
0.5191630721092224
0.5313971638679504
0.5411822199821472
0.5486544370651245
0.5539169907569885
0.5570453405380249
0.5580828189849854
0.5570453405380249
0.5539169907569885
0.5486544370651245
0.5411822199821472
0.5313971638679504
0.5191630721092224
0.5043169856071472
0.4866638779640198
0.4659878611564636
0.4420485496520996
0.4146026372909546
0.3834091126918793
0.3482646048069
0.30903205275535583
0.2656843662261963
0.2183680385351181
0.16742385923862457
0.11346086114645004
0.057303618639707565
0.0
0.0
0.06149665266275406
0.12166563421487808
0.17930321395397186
0.23348316550254822
0.2835441827774048
0.32914552092552185
0.37017467617988586
0.4067128002643585
0.43896108865737915
0.4671846330165863
0.49168291687965393
0.5127487182617188
0.5306647419929504
0.5456807017326355
0.5580191612243652
0.5678640007972717
0.5753676295280457
0.5806447863578796
0.5837788581848145
0.5848177671432495
0.5837788581848145
0.5806447863578796
0.5753676295280457
0.5678640007972717
0.5580191612243652
0.5456807017326355
0.5306647419929504
0.5127487182617188
0.49168291687965393
0.4671846330165863
0.43896108865737915
0.4067128002643585
0.37017467617988586
0.32914552092552185
0.2835441827774048
0.23348316550254822
0.17930321395397186
0.12166563421487808
0.06149665266275406
0.0
0.0
0.0660896897315979
0.13063111901283264
0.19223326444625854
0.2498530000448227
0.30277466773986816
0.350667804479599
0.3934697210788727
0.4313330352306366
0.4645392894744873
0.493428498506546
0.5183690190315247
0.5397102236747742
0.5577825307846069
0.5728727579116821
0.5852330923080444
0.5950694680213928
0.6025511026382446
0.6078045964241028
0.6109215021133423
0.6119541525840759
0.6109215021133423
0.6078045964241028
0.6025511026382446
0.5950694680213928
0.5852330923080444
0.5728727579116821
0.5577825307846069
0.5397102236747742
0.5183690190315247
0.493428498506546
0.4645392894744873
0.4313330352306366
0.3934697210788727
0.350667804479599
0.30277466773986816
0.2498530000448227
0.19223326444625854
0.13063111901283264
0.0660896897315979
0.0
0.0
0.07116631418466568
0.14051151275634766
0.20641659200191498
0.26770368218421936
0.32360342144966125
0.37381088733673096
0.4183361232280731
0.4574253559112549
0.49146127700805664
0.5208743214607239
0.5461136698722839
0.5675933361053467
0.5856965184211731
0.600750207901001
0.6130379438400269
0.6227886080741882
0.6301884055137634
0.6353756189346313
0.6384499073028564
0.6394677758216858
0.6384499073028564
0.6353756189346313
0.6301884055137634
0.6227886080741882
0.6130379438400269
0.600750207901001
0.5856965184211731
0.5675933361053467
0.5461136698722839
0.5208743214607239
0.49146127700805664
0.4574253559112549
0.4183361232280731
0.37381088733673096
0.32360342144966125
0.26770368218421936
0.20641659200191498
0.14051151275634766
0.07116631418466568
0.0
0.0
0.07683964818716049
0.1515149027109146
0.22212481498718262
0.28733542561531067
0.3463277816772461
0.39884647727012634
0.445006400346756
0.4851779341697693
0.5198713541030884
0.5496266484260559
0.5749871730804443
0.5964399576187134
0.6144260168075562
0.6293150186538696
0.6414225697517395
0.651000440120697
0.6582515835762024
0.6633254885673523
0.666329026222229
0.6673228740692139
0.666329026222229
0.6633254885673523
0.6582515835762024
0.651000440120697
0.6414225697517395
0.6293150186538696
0.6144260168075562
0.5964399576187134
0.5749871730804443
0.5496266484260559
0.5198713541030884
0.4851779341697693
0.445006400346756
0.39884647727012634
0.3463277816772461
0.28733542561531067
0.22212481498718262
0.1515149027109146
0.07683964818716049
0.0
0.0
0.0832599475979805
0.16391326487064362
0.23970471322536469
0.3091202676296234
0.3713048994541168
0.4260895848274231
0.4737411439418793
0.5147936940193176
0.5499187111854553
0.57978755235672
0.6050528883934021
0.6262826323509216
0.6439797878265381
0.6585578918457031
0.6703644394874573
0.6796732544898987
0.6867024898529053
0.691611647605896
0.6945140957832336
0.6954739093780518
0.6945140957832336
0.691611647605896
0.6867024898529053
0.6796732544898987
0.6703644394874573
0.6585578918457031
0.6439797878265381
0.6262826323509216
0.6050528883934021
0.57978755235672
0.5499187111854553
0.5147936940193176
0.4737411439418793
0.4260895848274231
0.3713048994541168
0.3091202676296234
0.23970471322536469
0.16391326487064362
0.0832599475979805
0.0
0.0
0.09064169228076935
0.1780935674905777
0.25964272022247314
0.3335707485675812
0.39901334047317505
0.4559488296508789
0.5048641562461853
0.5465127825737
0.5817691087722778
0.6114618182182312
0.6363674402236938
0.6571418642997742
0.674351692199707
0.6884537935256958
0.6998254656791687
0.7087599039077759
0.7154882550239563
0.7201777696609497
0.7229467630386353
0.7238617539405823
0.7229467630386353
0.7201777696609497
0.7154882550239563
0.7087599039077759
0.6998254656791687
0.6884537935256958
0.674351692199707
0.6571418642997742
0.6363674402236938
0.6114618182182312
0.5817691087722778
0.5465127825737
0.5048641562461853
0.4559488296508789
0.39901334047317505
0.3335707485675812
0.25964272022247314
0.1780935674905777
0.09064169228076935
0.0
0.0
0.09928308427333832
0.19457793235778809
0.28257596492767334
0.3613288104534149
0.43002721667289734
0.4888904094696045
0.5387269854545593
0.5805808305740356
0.6155802607536316
0.6447382569313049
0.6689684391021729
0.6890183091163635
0.7055168747901917
0.7189606428146362
0.7297521233558655
0.7381997108459473
0.7445435523986816
0.7489559650421143
0.7515578866004944
0.7524170875549316
0.7515578866004944
0.7489559650421143
0.7445435523986816
0.7381997108459473
0.7297521233558655
0.7189606428146362
0.7055168747901917
0.6890183091163635
0.6689684391021729
0.6447382569313049
0.6155802607536316
0.5805808305740356
0.5387269854545593
0.4888904094696045
0.43002721667289734
0.3613288104534149
0.28257596492767334
0.19457793235778809
0.09928308427333832
0.0
0.0
0.10964018106460571
0.2141701728105545
0.3094489276409149
0.39331603050231934
0.46512818336486816
0.5255131721496582
0.5757485628128052
0.617265522480011
0.6515032649040222
0.6796838045120239
0.7028650045394897
0.7218829989433289
0.7374222874641418
0.7500106692314148
0.7600683569908142
0.7679121494293213
0.7737858891487122
0.7778627872467041
0.7802637219429016
0.7810559868812561
0.7802637219429016
0.7778627872467041
0.7737858891487122
0.7679121494293213
0.7600683569908142
0.7500106692314148
0.7374222874641418
0.7218829989433289
0.7028650045394897
0.6796838045120239
0.6515032649040222
0.617265522480011
0.5757485628128052
0.5255131721496582
0.46512818336486816
0.39331603050231934
0.3094489276409149
0.2141701728105545
0.10964018106460571
0.0
0.0
0.12239272147417068
0.23797862231731415
0.34153109788894653
0.43067994713783264
0.5052314400672913
0.5664644241333008
0.6163442730903625
0.6568020582199097
0.6896451115608215
0.7163200974464417
0.7380244731903076
0.7556709051132202
0.7699847221374512
0.7815117239952087
0.7906783223152161
0.7978006601333618
0.8031193017959595
0.8068034052848816
0.8089702129364014
0.809684693813324
0.8089702129364014
0.8068034052848816
0.8031193017959595
0.7978006601333618
0.7906783223152161
0.7815117239952087
0.7699847221374512
0.7556709051132202
0.7380244731903076
0.7163200974464417
0.6896451115608215
0.6568020582199097
0.6163442730903625
0.5664644241333008
0.5052314400672913
0.43067994713783264
0.34153109788894653
0.23797862231731415
0.12239272147417068
0.0
0.0
0.1386648565530777
0.26797178387641907
0.3808268904685974
0.4751344621181488
0.5515573620796204
0.6125147938728333
0.6609340906143188
0.6993733644485474
0.7300398945808411
0.7545946836471558
0.774348258972168
0.7902616858482361
0.8030763268470764
0.8133360743522644
0.8214579224586487
0.8277462124824524
0.8324295878410339
0.8356673717498779
0.8375694155693054
0.8381962180137634
0.8375694155693054
0.8356673717498779
0.8324295878410339
0.8277462124824524
0.8214579224586487
0.8133360743522644
0.8030763268470764
0.7902616858482361
0.774348258972168
0.7545946836471558
0.7300398945808411
0.6993733644485474
0.6609340906143188
0.6125147938728333
0.5515573620796204
0.4751344621181488
0.3808268904685974
0.26797178387641907
0.1386648565530777
0.0
0.0
0.16037294268608093
0.3067382574081421
0.43009302020072937
0.5286939740180969
0.6054102778434753
0.66435706615448
0.709809422492981
0.7450276017189026
0.7726041674613953
0.7943604588508606
0.8116645812988281
0.8254801630973816
0.8365285992622375
0.8453261852264404
0.8522614240646362
0.8576136231422424
0.8615903854370117
0.8643349409103394
0.8659454584121704
0.8664758801460266
0.8659454584121704
0.8643349409103394
0.8615903854370117
0.8576136231422424
0.8522614240646362
0.8453261852264404
0.8365285992622375
0.8254801630973816
0.8116645812988281
0.7943604588508606
0.7726041674613953
0.7450276017189026
0.709809422492981
0.66435706615448
0.6054102778434753
0.5286939740180969
0.43009302020072937
0.3067382574081421
0.16037294268608093
0.0
0.0
0.19079038500785828
0.3605298697948456
0.49382680654525757
0.5943580269813538
0.6682255864143372
0.7225326299667358
0.7630060315132141
0.7935741543769836
0.8170584440231323
0.8353217840194702
0.8496928811073303
0.8610727787017822
0.8701171875
0.877284586429596
0.8829144835472107
0.8872472643852234
0.8904601335525513
0.8926743268966675
0.8939725160598755
0.8943998217582703
0.8939725160598755
0.8926743268966675
0.8904601335525513
0.8872472643852234
0.8829144835472107
0.877284586429596
0.8701171875
0.8610727787017822
0.8496928811073303
0.8353217840194702
0.8170584440231323
0.7935741543769836
0.7630060315132141
0.7225326299667358
0.6682255864143372
0.5943580269813538
0.49382680654525757
0.3605298697948456
0.19079038500785828
0.0
0.0
0.23745284974575043
0.43535512685775757
0.5782800912857056
0.6747245788574219
0.7409542202949524
0.7869884371757507
0.8201286196708679
0.8445064425468445
0.8629122376441956
0.8770415186882019
0.8880592584609985
0.8967244029045105
0.9035772681236267
0.9089875221252441
0.913225531578064
0.916480302810669
0.9188902378082275
0.9205492734909058
0.9215213656425476
0.9218412637710571
0.9215213656425476
0.9205492734909058
0.9188902378082275
0.916480302810669
0.913225531578064
0.9089875221252441
0.9035772681236267
0.8967244029045105
0.8880592584609985
0.8770415186882019
0.8629122376441956
0.8445064425468445
0.8201286196708679
0.7869884371757507
0.7409542202949524
0.6747245788574219
0.5782800912857056
0.43535512685775757
0.23745284974575043
0.0
0.0
0.31043583154678345
0.5593606233596802
0.6912244558334351
0.7724668979644775
0.8230291604995728
0.8566734194755554
0.8800241947174072
0.8968542814254761
0.9093769192695618
0.9188982844352722
0.9262737035751343
0.9320470690727234
0.9365979433059692
0.940182089805603
0.9429848790168762
0.9451346397399902
0.9467250108718872
0.9478192329406738
0.9484601020812988
0.9486709237098694
0.9484601020812988
0.9478192329406738
0.9467250108718872
0.9451346397399902
0.9429848790168762
0.940182089805603
0.9365979433059692
0.9320470690727234
0.9262737035751343
0.9188982844352722
0.9093769192695618
0.8968542814254761
0.8800241947174072
0.8566734194755554
0.8230291604995728
0.7724668979644775
0.6912244558334351
0.5593606233596802
0.31043583154678345
0.0
0.0
0.5585008859634399
0.7348410487174988
0.8371821045875549
0.8833085894584656
0.9115709066390991
0.9289565086364746
0.9408411383628845
0.949247419834137
0.9554591178894043
0.9601560831069946
0.9637842178344727
0.9666186571121216
0.9688504338264465
0.970606803894043
0.9719796180725098
0.9730322957038879
0.9738109707832336
0.9743466377258301
0.9746603965759277
0.9747635722160339
0.9746603965759277
0.9743466377258301
0.9738109707832336
0.9730322957038879
0.9719796180725098
0.970606803894043
0.9688504338264465
0.9666186571121216
0.9637842178344727
0.9601560831069946
0.9554591178894043
0.949247419834137
0.9408411383628845
0.9289565086364746
0.9115709066390991
0.8833085894584656
0.8371821045875549
0.7348410487174988
0.5585008859634399
0.0
1.0
1.0
1.0
1.0
1.0
1.0
1.0
1.0
1.0
1.0
1.0
1.0
1.0
1.0
1.0
1.0
1.0
1.0
1.0
1.0
1.0
1.0
1.0
1.0
1.0
1.0
1.0
1.0
1.0
1.0
1.0
1.0
1.0
1.0
1.0
1.0
1.0
1.0
1.0
1.0
1.0
