0.0
0.0
0.0
0.0
0.0
0.0
0.0
0.0
0.0
0.0
0.0
0.0
0.0
0.0
0.0
0.0
0.0
0.0
0.0
0.0
0.0
0.0
0.0
0.0
0.0
0.0
0.0
0.0
0.0
0.0
0.0
0.0
0.0
0.0
0.0
0.0
0.0
0.0
0.0
0.0
0.0
0.0
0.0019796385895460844
0.003600622294470668
0.004968590103089809
0.006184643600136042
0.007293026894330978
0.008309803903102875
0.00924535933881998
0.01010521873831749
0.010892791673541069
0.011610028333961964
0.01225810032337904
0.012837637215852737
0.013348967768251896
0.013792219571769238
0.014167416840791702
0.014474522322416306
0.014713473618030548
0.01488420832902193
0.014986672438681126
0.015020831488072872
0.014986672438681126
0.01488420832902193
0.014713473618030548
0.014474522322416306
0.014167416840791702
0.013792219571769238
0.013348967768251896
0.012837637215852737
0.01225810032337904
0.011610028333961964
0.010892791673541069
0.01010521873831749
0.00924535933881998
0.008309803903102875
0.007293026894330978
0.006184643600136042
0.004968590103089809
0.003600622294470668
0.0019796385895460844
0.0
0.0
0.0036169979721307755
0.006911450996994972
0.009739188477396965
0.012236769311130047
0.01449559535831213
0.01655750349164009
0.018449541181325912
0.020185014232993126
0.02177257090806961
0.023216962814331055
0.024521173909306526
0.02568683587014675
0.02671489305794239
0.02760578691959381
0.028359711170196533
0.028976688161492348
0.029456673189997673
0.02979959361255169
0.030005376785993576
0.030073978006839752
0.030005376785993576
0.02979959361255169
0.029456673189997673
0.028976688161492348
0.028359711170196533
0.02760578691959381
0.02671489305794239
0.02568683587014675
0.024521173909306526
0.023216962814331055
0.02177257090806961
0.020185014232993126
0.018449541181325912
0.01655750349164009
0.01449559535831213
0.012236769311130047
0.009739188477396965
0.006911450996994972
0.0036169979721307755
0.0
0.0
0.005030009429901838
0.00981569942086935
0.014160442166030407
0.018038904294371605
0.02152160182595253
0.024683337658643723
0.027572575956583023
0.030214805155992508
0.03262697905302048
0.034818243235349655
0.03679465129971504
0.038559556007385254
0.04011508449912071
0.04146236181259155
0.04260203614830971
0.04353439062833786
0.044259555637836456
0.04477754980325699
0.04508835822343826
0.04519196227192879
0.04508835822343826
0.04477754980325699
0.044259555637836456
0.04353439062833786
0.04260203614830971
0.04146236181259155
0.04011508449912071
0.038559556007385254
0.03679465129971504
0.034818243235349655
0.03262697905302048
0.030214805155992508
0.027572575956583023
0.024683337658643723
0.02152160182595253
0.018038904294371605
0.014160442166030407
0.00981569942086935
0.005030009429901838
0.0
0.0
0.006329181604087353
0.012467541731894016
0.018237976357340813
0.023525403812527657
0.028303245082497597
0.03263445198535919
0.036577366292476654
0.04017160087823868
0.043444711714982986
0.046412188559770584
0.04908476769924164
0.051468536257743835
0.05356761813163757
0.055384356528520584
0.05692028999328613
0.05817626044154167
0.05915279686450958
0.05985017865896225
0.06026856228709221
0.06040801480412483
0.06026856228709221
0.05985017865896225
0.05915279686450958
0.05817626044154167
0.05692028999328613
0.055384356528520584
0.05356761813163757
0.051468536257743835
0.04908476769924164
0.046412188559770584
0.043444711714982986
0.04017160087823868
0.036577366292476654
0.03263445198535919
0.028303245082497597
0.023525403812527657
0.018237976357340813
0.012467541731894016
0.006329181604087353
0.0
0.0
0.007568470202386379
0.014976940117776394
0.02206818014383316
0.028709130361676216
0.03481218218803406
0.04037594422698021
0.04543568938970566
0.05003756284713745
0.054217688739299774
0.057999417185783386
0.06139950081706047
0.06442791223526001
0.06709173321723938
0.06939518451690674
0.07134123891592026
0.0729316845536232
0.07416777312755585
0.0750502347946167
0.07557955384254456
0.07575596123933792
0.07557955384254456
0.0750502347946167
0.07416777312755585
0.0729316845536232
0.07134123891592026
0.06939518451690674
0.06709173321723938
0.06442791223526001
0.06139950081706047
0.057999417185783386
0.054217688739299774
0.05003756284713745
0.04543568938970566
0.04037594422698021
0.03481218218803406
0.028709130361676216
0.02206818014383316
0.014976940117776394
0.007568470202386379
0.0
0.0
0.008772755973041058
0.0174032561480999
0.025750109925866127
0.03368210792541504
0.04108760505914688
0.04791002720594406
0.05413833260536194
0.05980445444583893
0.06494324654340744
0.06958402693271637
0.07374938577413559
0.07745392620563507
0.08070850372314453
0.08351992815732956
0.08589322865009308
0.08783158659934998
0.08933732658624649
0.09041190892457962
0.09105630964040756
0.0912710502743721
0.09105630964040756
0.09041190892457962
0.08933732658624649
0.08783158659934998
0.08589322865009308
0.08351992815732956
0.08070850372314453
0.07745392620563507
0.07374938577413559
0.06958402693271637
0.06494324654340744
0.05980445444583893
0.05413833260536194
0.04791002720594406
0.04108760505914688
0.03368210792541504
0.025750109925866127
0.0174032561480999
0.008772755973041058
0.0
0.0
0.009961259551346302
0.0197908878326416
0.02935711294412613
0.03853318840265274
0.047200798988342285
0.05527382716536522
0.06270015984773636
0.06947864592075348
0.07562771439552307
0.0811760276556015
0.08614902198314667
0.09056580066680908
0.09444130957126617
0.09778554737567902
0.10060614347457886
0.1029081791639328
0.10469543188810349
0.10597039759159088
0.1067347601056099
0.10698944330215454
0.1067347601056099
0.10597039759159088
0.10469543188810349
0.1029081791639328
0.10060614347457886
0.09778554737567902
0.09444130957126617
0.09056580066680908
0.08614902198314667
0.0811760276556015
0.07562771439552307
0.06947864592075348
0.06270015984773636
0.05527382716536522
0.047200798988342285
0.03853318840265274
0.02935711294412613
0.0197908878326416
0.009961259551346302
0.0
0.0
0.011147729121148586
0.02216949500143528
0.03293902799487114
0.043333329260349274
0.05323319137096405
0.06253805756568909
0.07116855680942535
0.07908927649259567
0.08629193902015686
0.09279448539018631
0.09861908107995987
0.10378719121217728
0.1083170473575592
0.11222193390130997
0.11551248282194138
0.11819605529308319
0.12027832120656967
0.12176306545734406
0.12265294790267944
0.12294940650463104
0.12265294790267944
0.12176306545734406
0.12027832120656967
0.11819605529308319
0.11551248282194138
0.11222193390130997
0.1083170473575592
0.10378719121217728
0.09861908107995987
0.09279448539018631
0.08629193902015686
0.07908927649259567
0.07116855680942535
0.06253805756568909
0.05323319137096405
0.043333329260349274
0.03293902799487114
0.02216949500143528
0.011147729121148586
0.0
0.0
0.012343932874500751
0.024564314633607864
0.03653727471828461
0.048141539096832275
0.05925741046667099
0.06977730244398117
0.0796063095331192
0.08868280798196793
0.09697077423334122
0.10446855425834656
0.11118736863136292
0.11714688688516617
0.12236634641885757
0.12686185538768768
0.1306469887495041
0.1337316632270813
0.13612373173236847
0.13782861828804016
0.138850137591362
0.13919039070606232
0.138850137591362
0.13782861828804016
0.13612373173236847
0.1337316632270813
0.1306469887495041
0.12686185538768768
0.12236634641885757
0.11714688688516617
0.11118736863136292
0.10446855425834656
0.09697077423334122
0.08868280798196793
0.0796063095331192
0.06977730244398117
0.05925741046667099
0.048141539096832275
0.03653727471828461
0.024564314633607864
0.012343932874500751
0.0
0.0
0.013559872284531593
0.02699609473347664
0.040184762328863144
0.05300444737076759
0.0653344914317131
0.07706310600042343
0.08808616548776627
0.09832392632961273
0.10771705210208893
0.11624158918857574
0.12389211356639862
0.13068120181560516
0.13662558794021606
0.14174264669418335
0.14604823291301727
0.1495547592639923
0.15227246284484863
0.15420855581760406
0.15536828339099884
0.15575450658798218
0.15536828339099884
0.15420855581760406
0.15227246284484863
0.1495547592639923
0.14604823291301727
0.14174264669418335
0.13662558794021606
0.13068120181560516
0.12389211356639862
0.11624158918857574
0.10771705210208893
0.09832392632961273
0.08808616548776627
0.07706310600042343
0.0653344914317131
0.05300444737076759
0.040184762328863144
0.02699609473347664
0.013559872284531593
0.0
0.0
0.014805004931986332
0.029484257102012634
0.04391185939311981
0.0579645149409771
0.0715193897485733
0.08446112275123596
0.0966792032122612
0.10808180272579193
0.11859243363142014
0.1281665414571762
0.13677985966205597
0.14443303644657135
0.151136115193367
0.1569054126739502
0.16175763309001923
0.16570733487606049
0.1687670350074768
0.1709458976984024
0.1722506582736969
0.17268511652946472
0.1722506582736969
0.1709458976984024
0.1687670350074768
0.16570733487606049
0.16175763309001923
0.1569054126739502
0.151136115193367
0.14443303644657135
0.13677985966205597
0.1281665414571762
0.11859243363142014
0.10808180272579193
0.0966792032122612
0.08446112275123596
0.0715193897485733
0.0579645149409771
0.04391185939311981
0.029484257102012634
0.014805004931986332
0.0
0.0
0.01608821004629135
0.032046809792518616
0.04774617403745651
0.06305957585573196
0.07786079496145248
0.09203065186738968
0.10545346140861511
0.11802876740694046
0.12966753542423248
0.14030824601650238
0.1499086171388626
0.15845486521720886
0.16594700515270233
0.17239737510681152
0.17782165110111237
0.18223564326763153
0.1856537163257599
0.18808695673942566
0.1895437091588974
0.19002871215343475
0.1895437091588974
0.18808695673942566
0.1856537163257599
0.18223564326763153
0.17782165110111237
0.17239737510681152
0.16594700515270233
0.15845486521720886
0.1499086171388626
0.14030824601650238
0.12966753542423248
0.11802876740694046
0.10545346140861511
0.09203065186738968
0.07786079496145248
0.06305957585573196
0.04774617403745651
0.032046809792518616
0.01608821004629135
0.0
0.0
0.01741849072277546
0.0347018726170063
0.0517151765525341
0.06832676380872726
0.08440573513507843
0.09982842206954956
0.11447404325008392
0.12823539972305298
0.14101406931877136
0.15273542702198029
0.16334186494350433
0.1728048026561737
0.18111218512058258
0.1882696896791458
0.19428975880146027
0.19918817281723022
0.20298051834106445
0.2056795209646225
0.20729506015777588
0.20783285796642303
0.20729506015777588
0.2056795209646225
0.20298051834106445
0.19918817281723022
0.19428975880146027
0.1882696896791458
0.18111218512058258
0.1728048026561737
0.16334186494350433
0.15273542702198029
0.14101406931877136
0.12823539972305298
0.11447404325008392
0.09982842206954956
0.08440573513507843
0.06832676380872726
0.0517151765525341
0.0347018726170063
0.01741849072277546
0.0
0.0
0.01880493573844433
0.03746763616800308
0.05584618076682091
0.07380255311727524
0.0911998599767685
0.10790908336639404
0.12380407750606537
0.13877171277999878
0.15270613133907318
0.16552264988422394
0.17715118825435638
0.18754972517490387
0.19669374823570251
0.20458050072193146
0.2112172544002533
0.21661832928657532
0.22079956531524658
0.22377492487430573
0.2255556434392929
0.22614838182926178
0.2255556434392929
0.22377492487430573
0.22079956531524658
0.21661832928657532
0.2112172544002533
0.20458050072193146
0.19669374823570251
0.18754972517490387
0.17715118825435638
0.16552264988422394
0.15270613133907318
0.13877171277999878
0.12380407750606537
0.10790908336639404
0.0911998599767685
0.07380255311727524
0.05584618076682091
0.03746763616800308
0.01880493573844433
0.0
0.0
0.020257260650396347
0.04036342352628708
0.060167938470840454
0.07952487468719482
0.09828998148441315
0.11632787436246872
0.13350647687911987
0.14970698952674866
0.16481730341911316
0.17874489724636078
0.19141004979610443
0.20275941491127014
0.21275703608989716
0.22139094769954681
0.22866187989711761
0.2345813363790512
0.239164337515831
0.24242550134658813
0.24437713623046875
0.24502673745155334
0.24437713623046875
0.24242550134658813
0.239164337515831
0.2345813363790512
0.22866187989711761
0.22139094769954681
0.21275703608989716
0.20275941491127014
0.19141004979610443
0.17874489724636078
0.16481730341911316
0.14970698952674866
0.13350647687911987
0.11632787436246872
0.09828998148441315
0.07952487468719482
0.060167938470840454
0.04036342352628708
0.020257260650396347
0.0
0.0
0.02178584784269333
0.04340984299778938
0.06471095979213715
0.08553370088338852
0.10572496801614761
0.1251419633626938
0.14364589750766754
0.16111235320568085
0.17742358148097992
0.1924808919429779
0.20619723200798035
0.21851028501987457
0.22937440872192383
0.2387688308954239
0.24668724834918976
0.25313735008239746
0.25813236832618713
0.2616870701313019
0.2638143301010132
0.26452240347862244
0.2638143301010132
0.2616870701313019
0.25813236832618713
0.25313735008239746
0.24668724834918976
0.2387688308954239
0.22937440872192383
0.21851028501987457
0.20619723200798035
0.1924808919429779
0.17742358148097992
0.16111235320568085
0.14364589750766754
0.1251419633626938
0.10572496801614761
0.08553370088338852
0.06471095979213715
0.04340984299778938
0.02178584784269333
0.0
0.0
0.023402269929647446
0.04662974178791046
0.06950879096984863
0.09187250584363937
0.11355732381343842
0.1344117969274521
0.15428969264030457
0.17306071519851685
0.19060197472572327
0.20680992305278778
0.22159211337566376
0.23487968742847443
0.2466195672750473
0.2567833662033081
0.26535817980766296
0.2723473608493805
0.2777617275714874
0.2816155254840851
0.2839219272136688
0.28468960523605347
0.2839219272136688
0.2816155254840851
0.2777617275714874
0.2723473608493805
0.26535817980766296
0.2567833662033081
0.2466195672750473
0.23487968742847443
0.22159211337566376
0.20680992305278778
0.19060197472572327
0.17306071519851685
0.15428969264030457
0.1344117969274521
0.11355732381343842
0.09187250584363937
0.06950879096984863
0.04662974178791046
0.023402269929647446
0.0
0.0
0.025119498372077942
0.05004868656396866
0.07459890097379684
0.09858966618776321
0.12184508144855499
0.14420375227928162
0.1655111163854599
0.18563079833984375
0.20443511009216309
0.221816748380661
0.23767973482608795
0.2519509196281433
0.26457226276397705
0.27550965547561646
0.2847447395324707
0.2922767400741577
0.29811394214630127
0.3022696375846863
0.30475693941116333
0.3055848777294159
0.30475693941116333
0.3022696375846863
0.29811394214630127
0.2922767400741577
0.2847447395324707
0.27550965547561646
0.26457226276397705
0.2519509196281433
0.23767973482608795
0.221816748380661
0.20443511009216309
0.18563079833984375
0.1655111163854599
0.14420375227928162
0.12184508144855499
0.09858966618776321
0.07459890097379684
0.05004868656396866
0.025119498372077942
0.0
0.0
0.026952510699629784
0.053696077316999435
0.08002399653196335
0.10573969036340714
0.1306528002023697
0.15459056198596954
0.17738911509513855
0.19890591502189636
0.2190089374780655
0.2375882863998413
0.25454625487327576
0.26980775594711304
0.2833124101161957
0.2950226962566376
0.30491670966148376
0.3129903972148895
0.3192497193813324
0.3237070143222809
0.32637515664100647
0.32726332545280457
0.32637515664100647
0.3237070143222809
0.3192497193813324
0.3129903972148895
0.30491670966148376
0.2950226962566376
0.2833124101161957
0.26980775594711304
0.25454625487327576
0.2375882863998413
0.2190089374780655
0.19890591502189636
0.17738911509513855
0.15459056198596954
0.1306528002023697
0.10573969036340714
0.08002399653196335
0.053696077316999435
0.026952510699629784
0.0
0.0
0.02891879715025425
0.05760619044303894
0.08583381026983261
0.11338595300912857
0.14005523920059204
0.16565589606761932
0.19001390039920807
0.21298040449619293
0.23441971838474274
0.25422075390815735
0.2722861170768738
0.28854119777679443
0.302926242351532
0.3154029846191406
0.3259483575820923
0.33455654978752136
0.34123221039772034
0.34598690271377563
0.3488333821296692
0.34978100657463074
0.3488333821296692
0.34598690271377563
0.34123221039772034
0.33455654978752136
0.3259483575820923
0.3154029846191406
0.302926242351532
0.28854119777679443
0.2722861170768738
0.25422075390815735
0.23441971838474274
0.21298040449619293
0.19001390039920807
0.16565589606761932
0.14005523920059204
0.11338595300912857
0.08583381026983261
0.05760619044303894
0.02891879715025425
0.0
0.0
0.031039191409945488
0.0618196502327919
0.09208676964044571
0.12160197645425797
0.15013788640499115
0.17749397456645966
0.2034851461648941
0.22795653343200684
0.25076988339424133
0.27181458473205566
0.29099610447883606
0.3082430958747864
0.3234996795654297
0.3367297947406769
0.3479122221469879
0.3570413291454315
0.36412203311920166
0.3691657483577728
0.37218552827835083
0.37319085001945496
0.37218552827835083
0.3691657483577728
0.36412203311920166
0.3570413291454315
0.3479122221469879
0.3367297947406769
0.3234996795654297
0.3082430958747864
0.29099610447883606
0.27181458473205566
0.25076988339424133
0.22795653343200684
0.2034851461648941
0.17749397456645966
0.15013788640499115
0.12160197645425797
0.09208676964044571
0.0618196502327919
0.031039191409945488
0.0
0.0
0.03333891183137894
0.06638561934232712
0.09885351359844208
0.13047650456428528
0.16100361943244934
0.1902175396680832
0.21792133152484894
0.24395468831062317
0.26817837357521057
0.29048481583595276
0.31078529357910156
0.32901519536972046
0.3451261520385742
0.35908791422843933
0.3708844482898712
0.3805130124092102
0.387980580329895
0.39329981803894043
0.3964845538139343
0.3975447714328766
0.3964845538139343
0.39329981803894043
0.387980580329895
0.3805130124092102
0.3708844482898712
0.35908791422843933
0.3451261520385742
0.32901519536972046
0.31078529357910156
0.29048481583595276
0.26817837357521057
0.24395468831062317
0.21792133152484894
0.1902175396680832
0.16100361943244934
0.13047650456428528
0.09885351359844208
0.06638561934232712
0.03333891183137894
0.0
0.0
0.035848867148160934
0.07136395573616028
0.10621915012598038
0.14011506736278534
0.17277273535728455
0.20395603775978088
0.23345577716827393
0.26110750436782837
0.2867736518383026
0.3103528320789337
0.33176639676094055
0.3509603440761566
0.3678984045982361
0.38255995512008667
0.39493805170059204
0.40503576397895813
0.4128648638725281
0.4184405505657196
0.42177850008010864
0.42288970947265625
0.42177850008010864
0.4184405505657196
0.4128648638725281
0.40503576397895813
0.39493805170059204
0.38255995512008667
0.3678984045982361
0.3509603440761566
0.33176639676094055
0.3103528320789337
0.2867736518383026
0.26110750436782837
0.23345577716827393
0.20395603775978088
0.17277273535728455
0.14011506736278534
0.10621915012598038
0.07136395573616028
0.035848867148160934
0.0
0.0
0.03860779479146004
0.07682965695858002
0.11429022997617722
0.15064942836761475
0.18559497594833374
0.21886973083019257
0.25025224685668945
0.2795761823654175
0.3067094683647156
0.3315615653991699
0.354069322347641
0.37419450283050537
0.3919181525707245
0.40723398327827454
0.42014849185943604
0.43067416548728943
0.4388302266597748
0.4446364939212799
0.44811174273490906
0.44926851987838745
0.44811174273490906
0.4446364939212799
0.4388302266597748
0.43067416548728943
0.42014849185943604
0.40723398327827454
0.3919181525707245
0.37419450283050537
0.354069322347641
0.3315615653991699
0.3067094683647156
0.2795761823654175
0.25025224685668945
0.21886973083019257
0.18559497594833374
0.15064942836761475
0.11429022997617722
0.07682965695858002
0.03860779479146004
0.0
0.0
0.0416644923388958
0.08287645876407623
0.12319821119308472
0.16223953664302826
0.19964851438999176
0.23514509201049805
0.26849693059921265
0.29953956604003906
0.32815244793891907
0.35426217317581177
0.3778281509876251
0.398834228515625
0.41728511452674866
0.433194100856781
0.4465859532356262
0.4574863016605377
0.4659251868724823
0.47192901372909546
0.4755212962627411
0.4767168164253235
0.4755212962627411
0.47192901372909546
0.4659251868724823
0.4574863016605377
0.4465859532356262
0.433194100856781
0.41728511452674866
0.398834228515625
0.3778281509876251
0.35426217317581177
0.32815244793891907
0.29953956604003906
0.26849693059921265
0.23514509201049805
0.19964851438999176
0.16223953664302826
0.12319821119308472
0.08287645876407623
0.0416644923388958
0.0
0.0
0.04508235678076744
0.08962603658437729
0.13311345875263214
0.1750919669866562
0.21516232192516327
0.2530200779438019
0.28842484951019287
0.32122042775154114
0.3513064980506897
0.3786356449127197
0.4031994044780731
0.42501169443130493
0.4441085457801819
0.46052879095077515
0.4743208587169647
0.4855276048183441
0.4941931664943695
0.5003529787063599
0.5040366649627686
0.5052623152732849
0.5040366649627686
0.5003529787063599
0.4941931664943695
0.4855276048183441
0.4743208587169647
0.46052879095077515
0.4441085457801819
0.42501169443130493
0.4031994044780731
0.3786356449127197
0.3513064980506897
0.32122042775154114
0.28842484951019287
0.2530200779438019
0.21516232192516327
0.1750919669866562
0.13311345875263214
0.08962603658437729
0.04508235678076744
0.0
0.0
0.04894362762570381
0.09723459184169769
0.14425095915794373
0.1894618570804596
0.232412189245224
0.2727734446525574
0.31030380725860596
0.3448653221130371
0.3763910233974457
0.40487128496170044
0.4303421378135681
0.4528571367263794
0.472492516040802
0.48931920528411865
0.5034149289131165
0.5148439407348633
0.5236676931381226
0.529932975769043
0.533677339553833
0.53492271900177
0.533677339553833
0.529932975769043
0.5236676931381226
0.5148439407348633
0.5034149289131165
0.48931920528411865
0.472492516040802
0.4528571367263794
0.4303421378135681
0.40487128496170044
0.3763910233974457
0.3448653221130371
0.31030380725860596
0.2727734446525574
0.232412189245224
0.1894618570804596
0.14425095915794373
0.09723459184169769
0.04894362762570381
0.0
0.0
0.053359661251306534
0.10591331869363785
0.15690040588378906
0.20569102466106415
0.2517642378807068
0.2947708070278168
0.33447936177253723
0.37078624963760376
0.4036770164966583
0.43319645524024963
0.4594411253929138
0.4825161099433899
0.5025479197502136
0.5196468830108643
0.5339254140853882
0.5454732775688171
0.5543721914291382
0.5606822967529297
0.5644503831863403
0.5657030940055847
0.5644503831863403
0.5606822967529297
0.5543721914291382
0.5454732775688171
0.5339254140853882
0.5196468830108643
0.5025479197502136
0.4825161099433899
0.4594411253929138
0.43319645524024963
0.4036770164966583
0.37078624963760376
0.33447936177253723
0.2947708070278168
0.2517642378807068
0.20569102466106415
0.15690040588378906
0.10591331869363785
0.053359661251306534
0.0
0.0
0.05847994238138199
0.11594124883413315
0.17143571376800537
0.22420749068260193
0.2736620306968689
0.3194394111633301
0.36134129762649536
0.39932265877723694
0.43344929814338684
0.46384182572364807
0.4906770884990692
0.5141252279281616
0.534373939037323
0.5515799522399902
0.565895676612854
0.5774396657943726
0.5863162279129028
0.5926005840301514
0.5963495969772339
0.5975953340530396
0.5963495969772339
0.5926005840301514
0.5863162279129028
0.5774396657943726
0.565895676612854
0.5515799522399902
0.534373939037323
0.5141252279281616
0.4906770884990692
0.46384182572364807
0.43344929814338684
0.39932265877723694
0.36134129762649536
0.3194394111633301
0.2736620306968689
0.22420749068260193
0.17143571376800537
0.11594124883413315
0.05847994238138199
0.0
0.0
0.06451772898435593
0.1277163028717041
0.18838506937026978
0.2456093430519104
0.2987147867679596
0.34735387563705444
0.3913998007774353
0.4309053421020508
0.46605634689331055
0.4970782399177551
0.5242521166801453
0.5478286147117615
0.5680672526359558
0.5851776599884033
0.5993558764457703
0.6107515096664429
0.6194925308227539
0.6256698966026306
0.629351019859314
0.6305734515190125
0.629351019859314
0.6256698966026306
0.6194925308227539
0.6107515096664429
0.5993558764457703
0.5851776599884033
0.5680672526359558
0.5478286147117615
0.5242521166801453
0.4970782399177551
0.46605634689331055
0.4309053421020508
0.3913998007774353
0.34735387563705444
0.2987147867679596
0.2456093430519104
0.18838506937026978
0.1277163028717041
0.06451772898435593
0.0
0.0
0.07177244126796722
0.14178027212619781
0.2084459364414215
0.27065137028694153
0.327657014131546
0.3791731595993042
0.425213485956192
0.46598413586616516
0.5018457770347595
0.5331628918647766
0.560347855091095
0.5837469696998596
0.603700578212738
0.6204758882522583
0.6343142986297607
0.6453970074653625
0.6538751721382141
0.65985506772995
0.6634141802787781
0.6645953059196472
0.6634141802787781
0.65985506772995
0.6538751721382141
0.6453970074653625
0.6343142986297607
0.6204758882522583
0.603700578212738
0.5837469696998596
0.560347855091095
0.5331628918647766
0.5018457770347595
0.46598413586616516
0.425213485956192
0.3791731595993042
0.327657014131546
0.27065137028694153
0.2084459364414215
0.14178027212619781
0.07177244126796722
0.0
0.0
0.0807010680437088
0.15897053480148315
0.23266606032848358
0.3004434406757355
0.36153191328048706
0.41579777002334595
0.4635096490383148
0.5051149129867554
0.5412213802337646
0.5723745226860046
0.599144458770752
0.6219854950904846
0.6413238048553467
0.6574847102165222
0.6707527041435242
0.681338369846344
0.6894132494926453
0.6950968503952026
0.6984753012657166
0.6995956897735596
0.6984753012657166
0.6950968503952026
0.6894132494926453
0.681338369846344
0.6707527041435242
0.6574847102165222
0.6413238048553467
0.6219854950904846
0.599144458770752
0.5723745226860046
0.5412213802337646
0.5051149129867554
0.4635096490383148
0.41579777002334595
0.36153191328048706
0.3004434406757355
0.23266606032848358
0.15897053480148315
0.0807010680437088
0.0
0.0
0.0919918417930603
0.18044990301132202
0.26245638728141785
0.33637309074401855
0.40156278014183044
0.4582102298736572
0.5070316791534424
0.5488280653953552
0.5845409035682678
0.6149385571479797
0.6407687067985535
0.6626008749008179
0.6809437870979309
0.696177065372467
0.7086212038993835
0.7185107469558716
0.7260324358940125
0.7313154935836792
0.7344515919685364
0.7354908585548401
0.7344515919685364
0.7313154935836792
0.7260324358940125
0.7185107469558716
0.7086212038993835
0.696177065372467
0.6809437870979309
0.6626008749008179
0.6407687067985535
0.6149385571479797
0.5845409035682678
0.5488280653953552
0.5070316791534424
0.4582102298736572
0.40156278014183044
0.33637309074401855
0.26245638728141785
0.18044990301132202
0.0919918417930603
0.0
0.0
0.10677677392959595
0.2082967907190323
0.30011385679244995
0.38060376048088074
0.44951799511909485
0.5077279806137085
0.5566883683204651
0.5977087020874023
0.6321511268615723
0.6610356569290161
0.6852898597717285
0.7055895924568176
0.7225114703178406
0.7364757657051086
0.7478263974189758
0.756811797618866
0.7636258602142334
0.7684018611907959
0.7712332010269165
0.7721707820892334
0.7712332010269165
0.7684018611907959
0.7636258602142334
0.756811797618866
0.7478263974189758
0.7364757657051086
0.7225114703178406
0.7055895924568176
0.6852898597717285
0.6610356569290161
0.6321511268615723
0.5977087020874023
0.5566883683204651
0.5077279806137085
0.44951799511909485
0.38060376048088074
0.30011385679244995
0.2082967907190323
0.10677677392959595
0.0
0.0
0.12701018154621124
0.24526876211166382
0.34874871373176575
0.43569397926330566
0.5073050260543823
0.5656198263168335
0.613257884979248
0.6521900296211243
0.6842527389526367
0.710720956325531
0.732672929763794
0.7508649230003357
0.7659115791320801
0.7782518863677979
0.7882339954376221
0.7961066961288452
0.8020601868629456
0.8062247037887573
0.8086904287338257
0.8095064163208008
0.8086904287338257
0.8062247037887573
0.8020601868629456
0.7961066961288452
0.7882339954376221
0.7782518863677979
0.7659115791320801
0.7508649230003357
0.732672929763794
0.710720956325531
0.6842527389526367
0.6521900296211243
0.613257884979248
0.5656198263168335
0.5073050260543823
0.43569397926330566
0.34874871373176575
0.24526876211166382
0.12701018154621124
0.0
0.0
0.15599843859672546
0.2980251908302307
0.4138721823692322
0.5057843327522278
0.5774896740913391
0.6333261132240295
0.6774340271949768
0.7125266790390015
0.7408530712127686
0.763872504234314
0.7827350497245789
0.7982206344604492
0.810934841632843
0.8213030695915222
0.8296525478363037
0.8362153768539429
0.8411657810211182
0.8446223735809326
0.8466666340827942
0.8473426699638367
0.8466666340827942
0.8446223735809326
0.8411657810211182
0.8362153768539429
0.8296525478363037
0.8213030695915222
0.810934841632843
0.7982206344604492
0.7827350497245789
0.763872504234314
0.7408530712127686
0.7125266790390015
0.6774340271949768
0.6333261132240295
0.5774896740913391
0.5057843327522278
0.4138721823692322
0.2980251908302307
0.15599843859672546
0.0
0.0
0.20134681463241577
0.37318360805511475
0.502661406993866
0.5948801040649414
0.6621670126914978
0.7116875648498535
0.7493985295295715
0.7785720229148865
0.8016627430915833
0.8201526999473572
0.8351379036903381
0.8473382592201233
0.857291042804718
0.865367591381073
0.8718470335006714
0.8769253492355347
0.8807477951049805
0.8834127187728882
0.8849872946739197
0.8855077624320984
0.8849872946739197
0.8834127187728882
0.8807477951049805
0.8769253492355347
0.8718470335006714
0.865367591381073
0.857291042804718
0.8473382592201233
0.8351379036903381
0.8201526999473572
0.8016627430915833
0.7785720229148865
0.7493985295295715
0.7116875648498535
0.6621670126914978
0.5948801040649414
0.502661406993866
0.37318360805511475
0.20134681463241577
0.0
0.0
0.2738771140575409
0.500572919845581
0.626910388469696
0.7083609700202942
0.7625725269317627
0.8006201982498169
0.8284870982170105
0.8495590686798096
0.8659437298774719
0.8789094686508179
0.8893221020698547
0.8977441191673279
0.9045795798301697
0.9101054668426514
0.9145255088806152
0.9179821610450745
0.920579731464386
0.9223886132240295
0.9234565496444702
0.9238094687461853
0.9234565496444702
0.9223886132240295
0.920579731464386
0.9179821610450745
0.9145255088806152
0.9101054668426514
0.9045795798301697
0.8977441191673279
0.8893221020698547
0.8789094686508179
0.8659437298774719
0.8495590686798096
0.8284870982170105
0.8006201982498169
0.7625725269317627
0.7083609700202942
0.626910388469696
0.500572919845581
0.2738771140575409
0.0
0.0
0.522208034992218
0.689772367477417
0.795918881893158
0.8449614644050598
0.8773193955421448
0.8980745077133179
0.9130352735519409
0.9240784645080566
0.9325792789459229
0.9392471313476562
0.9445720911026001
0.9488606452941895
0.9523302912712097
0.9551284909248352
0.9573626518249512
0.959107518196106
0.9604173898696899
0.9613288640975952
0.9618667960166931
0.9620445370674133
0.9618667960166931
0.9613288640975952
0.9604173898696899
0.959107518196106
0.9573626518249512
0.9551284909248352
0.9523302912712097
0.9488606452941895
0.9445720911026001
0.9392471313476562
0.9325792789459229
0.9240784645080566
0.9130352735519409
0.8980745077133179
0.8773193955421448
0.8449614644050598
0.795918881893158
0.689772367477417
0.522208034992218
0.0
1.0
1.0
1.0
1.0
1.0
1.0
1.0
1.0
1.0
1.0
1.0
1.0
1.0
1.0
1.0
1.0
1.0
1.0
1.0
1.0
1.0
1.0
1.0
1.0
1.0
1.0
1.0
1.0
1.0
1.0
1.0
1.0
1.0
1.0
1.0
1.0
1.0
1.0
1.0
1.0
1.0
