0.0
0.0
0.0
0.0
0.0
0.0
0.0
0.0
0.0
0.0
0.0
0.0
0.0
0.0
0.0
0.0
0.0
0.0
0.0
0.0
0.0
0.0
0.0
0.0
0.0
0.0
0.0
0.0
0.0
0.0
0.0
0.0
0.0
0.0
0.0
0.0
0.0
0.0
0.0
0.0
0.0
0.0
0.0016665777657181025
0.0031164810061454773
0.0043858871795237064
0.005530491471290588
0.0065793548710644245
0.007544899825006723
0.008435183204710484
0.009254556149244308
0.010005743242800236
0.01069028303027153
0.01130908913910389
0.011862628161907196
0.012351127341389656
0.012774652801454067
0.013133188709616661
0.013426677323877811
0.013655043207108974
0.013818219304084778
0.013916147872805595
0.013948795385658741
0.013916147872805595
0.013818219304084778
0.013655043207108974
0.013426677323877811
0.013133188709616661
0.012774652801454067
0.012351127341389656
0.011862628161907196
0.01130908913910389
0.01069028303027153
0.010005743242800236
0.009254556149244308
0.008435183204710484
0.007544899825006723
0.0065793548710644245
0.005530491471290588
0.0043858871795237064
0.0031164810061454773
0.0016665777657181025
0.0
0.0
0.003131968667730689
0.006039596628397703
0.008628434501588345
0.010961041785776615
0.013089499436318874
0.015042981132864952
0.01684071496129036
0.018492843955755234
0.020005997270345688
0.021383853629231453
0.022628705948591232
0.023741770535707474
0.02472371608018875
0.0255748238414526
0.026295175775885582
0.026884738355875015
0.027343424037098885
0.027671141549944878
0.02786780707538128
0.02793336845934391
0.02786780707538128
0.027671141549944878
0.027343424037098885
0.026884738355875015
0.026295175775885582
0.0255748238414526
0.02472371608018875
0.023741770535707474
0.022628705948591232
0.021383853629231453
0.020005997270345688
0.018492843955755234
0.01684071496129036
0.015042981132864952
0.013089499436318874
0.010961041785776615
0.008628434501588345
0.006039596628397703
0.003131968667730689
0.0
0.0
0.004444360267370939
0.008700907230377197
0.012631014920771122
0.016209272667765617
0.019468197599053383
0.022451084107160568
0.025188928470015526
0.02769986353814602
0.029996156692504883
0.032084666192531586
0.03396990895271301
0.03565436974167824
0.037139590829610825
0.038426339626312256
0.03951502963900566
0.04040580615401268
0.0410986952483654
0.04159366711974144
0.04189067333936691
0.041989680379629135
0.04189067333936691
0.04159366711974144
0.0410986952483654
0.04040580615401268
0.03951502963900566
0.038426339626312256
0.037139590829610825
0.03565436974167824
0.03396990895271301
0.032084666192531586
0.029996156692504883
0.02769986353814602
0.025188928470015526
0.022451084107160568
0.019468197599053383
0.016209272667765617
0.012631014920771122
0.008700907230377197
0.004444360267370939
0.0
0.0
0.005668890196830034
0.011181355454027653
0.016398966312408447
0.021237660199403763
0.025672947987914085
0.029735004529356956
0.03345658257603645
0.03686319291591644
0.039973288774490356
0.04279792308807373
0.045344773679971695
0.047618281096220016
0.04962141066789627
0.05135582387447357
0.05282257869839668
0.05402223765850067
0.0549551285803318
0.05562140792608261
0.056021153926849365
0.05615440011024475
0.056021153926849365
0.05562140792608261
0.0549551285803318
0.05402223765850067
0.05282257869839668
0.05135582387447357
0.04962141066789627
0.047618281096220016
0.045344773679971695
0.04279792308807373
0.039973288774490356
0.03686319291591644
0.03345658257603645
0.029735004529356956
0.025672947987914085
0.021237660199403763
0.016398966312408447
0.011181355454027653
0.005668890196830034
0.0
0.0
0.006844019051641226
0.013551197946071625
0.019991397857666016
0.026060739532113075
0.03169248625636101
0.036877136677503586
0.04162965714931488
0.04597596451640129
0.04993801936507225
0.05353131890296936
0.056767236441373825
0.059652797877788544
0.06219300255179405
0.06439086049795151
0.06624847650527954
0.06776711344718933
0.06894763559103012
0.0697905570268631
0.07029619812965393
0.07046472281217575
0.07029619812965393
0.0697905570268631
0.06894763559103012
0.06776711344718933
0.06624847650527954
0.06439086049795151
0.06219300255179405
0.059652797877788544
0.056767236441373825
0.05353131890296936
0.04993801936507225
0.04597596451640129
0.04162965714931488
0.036877136677503586
0.03169248625636101
0.026060739532113075
0.019991397857666016
0.013551197946071625
0.006844019051641226
0.0
0.0
0.007990781217813492
0.01585661992430687
0.023475689813494682
0.03073938749730587
0.03755887970328331
0.04388769343495369
0.04971032217144966
0.055040501058101654
0.05989657714962959
0.06429629772901535
0.06825397908687592
0.07177942991256714
0.07488009333610535
0.07756075263023376
0.07982496917247772
0.08167502284049988
0.08311258256435394
0.08413872122764587
0.08475414663553238
0.0849592462182045
0.08475414663553238
0.08413872122764587
0.08311258256435394
0.08167502284049988
0.07982496917247772
0.07756075263023376
0.07488009333610535
0.07177942991256714
0.06825397908687592
0.06429629772901535
0.05989657714962959
0.055040501058101654
0.04971032217144966
0.04388769343495369
0.03755887970328331
0.03073938749730587
0.023475689813494682
0.01585661992430687
0.007990781217813492
0.0
0.0
0.009125795215368271
0.01813369058072567
0.026907119899988174
0.035336993634700775
0.04332475736737251
0.05080008506774902
0.05771850422024727
0.06407102197408676
0.06986308097839355
0.07510969042778015
0.07982547581195831
0.08402251452207565
0.08771058917045593
0.09089653939008713
0.09358570724725723
0.09578172862529755
0.09748736023902893
0.09870443493127823
0.09943421185016632
0.09967739135026932
0.09943421185016632
0.09870443493127823
0.09748736023902893
0.09578172862529755
0.09358570724725723
0.09089653939008713
0.08771058917045593
0.08402251452207565
0.07982547581195831
0.07510969042778015
0.06986308097839355
0.06407102197408676
0.05771850422024727
0.05080008506774902
0.04332475736737251
0.035336993634700775
0.026907119899988174
0.01813369058072567
0.009125795215368271
0.0
0.0
0.01026146300137043
0.020408539101481438
0.03032749332487583
0.039909519255161285
0.049051593989133835
0.057669103145599365
0.06569576263427734
0.07309836149215698
0.07986317574977875
0.0859961062669754
0.09150774776935577
0.09641055017709732
0.10071573406457901
0.10443209856748581
0.10756690055131912
0.1101253479719162
0.11211155354976654
0.11352832615375519
0.11437765508890152
0.11466063559055328
0.11437765508890152
0.11352832615375519
0.11211155354976654
0.1101253479719162
0.10756690055131912
0.10443209856748581
0.10071573406457901
0.09641055017709732
0.09150774776935577
0.0859961062669754
0.07986317574977875
0.07309836149215698
0.06569576263427734
0.057669103145599365
0.049051593989133835
0.039909519255161285
0.03032749332487583
0.020408539101481438
0.01026146300137043
0.0
0.0
0.011408647522330284
0.02270394377410412
0.03377285972237587
0.04450605809688568
0.0547974556684494
0.06455382704734802
0.07369432598352432
0.08216538280248642
0.0899328663945198
0.09698808938264847
0.10333269089460373
0.10897639393806458
0.11393006891012192
0.11820386350154877
0.12180674076080322
0.12474560737609863
0.12702611088752747
0.12865222990512848
0.1296268254518509
0.12995149195194244
0.1296268254518509
0.12865222990512848
0.12702611088752747
0.12474560737609863
0.12180674076080322
0.11820386350154877
0.11393006891012192
0.10897639393806458
0.10333269089460373
0.09698808938264847
0.0899328663945198
0.08216538280248642
0.07369432598352432
0.06455382704734802
0.0547974556684494
0.04450605809688568
0.03377285972237587
0.02270394377410412
0.011408647522330284
0.0
0.0
0.012576780281960964
0.02503926120698452
0.037273332476615906
0.049168072640895844
0.060614559799432755
0.07151361554861069
0.08177436888217926
0.09132760018110275
0.10012087225914001
0.10812888294458389
0.11534053087234497
0.1217593252658844
0.1273932009935379
0.13225241005420685
0.1363469958305359
0.13968540728092194
0.142274871468544
0.14412066340446472
0.14522665739059448
0.14559505879878998
0.14522665739059448
0.14412066340446472
0.142274871468544
0.13968540728092194
0.1363469958305359
0.13225241005420685
0.1273932009935379
0.1217593252658844
0.11534053087234497
0.10812888294458389
0.10012087225914001
0.09132760018110275
0.08177436888217926
0.07151361554861069
0.060614559799432755
0.049168072640895844
0.037273332476615906
0.02503926120698452
0.012576780281960964
0.0
0.0
0.013774881139397621
0.027432868257164955
0.0408572256565094
0.053934246301651
0.06655161082744598
0.07860513776540756
0.08999642729759216
0.10064464807510376
0.11048256605863571
0.1194688081741333
0.12757785618305206
0.13480378687381744
0.14114882051944733
0.1466214954853058
0.15123185515403748
0.154989555478096
0.15790320932865143
0.1599794626235962
0.16122330725193024
0.1616375595331192
0.16122330725193024
0.1599794626235962
0.15790320932865143
0.154989555478096
0.15123185515403748
0.1466214954853058
0.14114882051944733
0.13480378687381744
0.12757785618305206
0.1194688081741333
0.11048256605863571
0.10064464807510376
0.08999642729759216
0.07860513776540756
0.06655161082744598
0.053934246301651
0.0408572256565094
0.027432868257164955
0.013774881139397621
0.0
0.0
0.015011539682745934
0.029902098700404167
0.04455088451504707
0.05884023383259773
0.0726536363363266
0.08588206022977829
0.09842079132795334
0.11017999798059464
0.12108064442873001
0.13106727600097656
0.14010009169578552
0.14816197752952576
0.1552470326423645
0.1613602191209793
0.16651010513305664
0.17070679366588593
0.17396003007888794
0.17627771198749542
0.17766593396663666
0.1781282275915146
0.17766593396663666
0.17627771198749542
0.17396003007888794
0.17070679366588593
0.16651010513305664
0.1613602191209793
0.1552470326423645
0.14816197752952576
0.14010009169578552
0.13106727600097656
0.12108064442873001
0.11017999798059464
0.09842079132795334
0.08588206022977829
0.0726536363363266
0.05884023383259773
0.04455088451504707
0.029902098700404167
0.015011539682745934
0.0
0.0
0.016295522451400757
0.032464537769556046
0.048380814492702484
0.0639215037226677
0.0789649561047554
0.09339693188667297
0.1071067675948143
0.11999720335006714
0.13197976350784302
0.14298729598522186
0.1529671549797058
0.16189050674438477
0.1697419434785843
0.17652089893817902
0.18223299086093903
0.18688783049583435
0.19049574434757233
0.19306565821170807
0.19460473954677582
0.19511725008487701
0.19460473954677582
0.19306565821170807
0.19049574434757233
0.18688783049583435
0.18223299086093903
0.17652089893817902
0.1697419434785843
0.16189050674438477
0.1529671549797058
0.14298729598522186
0.13197976350784302
0.11999720335006714
0.1071067675948143
0.09339693188667297
0.0789649561047554
0.0639215037226677
0.048380814492702484
0.032464537769556046
0.016295522451400757
0.0
0.0
0.017635762691497803
0.035138025879859924
0.052373696118593216
0.06921349465847015
0.08552956581115723
0.1012018546462059
0.11611369252204895
0.13016122579574585
0.14324814081192017
0.15529760718345642
0.16624599695205688
0.17605341970920563
0.18469451367855072
0.1921619325876236
0.19845698773860931
0.2035878300666809
0.20756463706493378
0.21039707958698273
0.21209323406219482
0.21265798807144165
0.21209323406219482
0.21039707958698273
0.20756463706493378
0.2035878300666809
0.19845698773860931
0.1921619325876236
0.18469451367855072
0.17605341970920563
0.16624599695205688
0.15529760718345642
0.14324814081192017
0.13016122579574585
0.11611369252204895
0.1012018546462059
0.08552956581115723
0.06921349465847015
0.052373696118593216
0.035138025879859924
0.017635762691497803
0.0
0.0
0.019041841849684715
0.03794161230325699
0.05655781179666519
0.07475336641073227
0.09239304065704346
0.10935018956661224
0.12550175189971924
0.14073768258094788
0.15495482087135315
0.16806848347187042
0.18000593781471252
0.19071756303310394
0.20016857981681824
0.2083442509174347
0.21524067223072052
0.22086353600025177
0.2252221405506134
0.22832654416561127
0.23018546402454376
0.23080439865589142
0.23018546402454376
0.22832654416561127
0.2252221405506134
0.22086353600025177
0.21524067223072052
0.2083442509174347
0.20016857981681824
0.19071756303310394
0.18000593781471252
0.16806848347187042
0.15495482087135315
0.14073768258094788
0.12550175189971924
0.10935018956661224
0.09239304065704346
0.07475336641073227
0.05655781179666519
0.03794161230325699
0.019041841849684715
0.0
0.0
0.020524073392152786
0.0408957339823246
0.06096338480710983
0.08058065176010132
0.0996035784482956
0.11789802461862564
0.13533399999141693
0.15179535746574402
0.16717274487018585
0.18137502670288086
0.1943221390247345
0.2059563547372818
0.21623460948467255
0.22513502836227417
0.2326480895280838
0.23877638578414917
0.24352775514125824
0.2469121515750885
0.24893875420093536
0.24961350858211517
0.24893875420093536
0.2469121515750885
0.24352775514125824
0.23877638578414917
0.2326480895280838
0.22513502836227417
0.21623460948467255
0.2059563547372818
0.1943221390247345
0.18137502670288086
0.16717274487018585
0.15179535746574402
0.13533399999141693
0.11789802461862564
0.0996035784482956
0.08058065176010132
0.06096338480710983
0.0408957339823246
0.020524073392152786
0.0
0.0
0.02209397405385971
0.04402313008904457
0.06562378257513046
0.08673854172229767
0.10721322894096375
0.126905158162117
0.14567674696445465
0.1634056717157364
0.1799769401550293
0.1952940970659256
0.2092713862657547
0.2218448668718338
0.23296475410461426
0.2426028996706009
0.25074446201324463
0.2573886215686798
0.2625413239002228
0.2662120759487152
0.26841026544570923
0.26914215087890625
0.26841026544570923
0.2662120759487152
0.2625413239002228
0.2573886215686798
0.25074446201324463
0.2426028996706009
0.23296475410461426
0.2218448668718338
0.2092713862657547
0.1952940970659256
0.1799769401550293
0.1634056717157364
0.14567674696445465
0.126905158162117
0.10721322894096375
0.08673854172229767
0.06562378257513046
0.04402313008904457
0.02209397405385971
0.0
0.0
0.023764505982398987
0.04734935984015465
0.07057645171880722
0.09327534586191177
0.11527994275093079
0.1364377737045288
0.1566029191017151
0.17564675211906433
0.19344906508922577
0.20990914106369019
0.22493720054626465
0.23846487700939178
0.2504377067089081
0.2608226537704468
0.26960042119026184
0.2767670452594757
0.28232648968696594
0.2862876355648041
0.28865987062454224
0.2894497513771057
0.28865987062454224
0.2862876355648041
0.28232648968696594
0.2767670452594757
0.26960042119026184
0.2608226537704468
0.2504377067089081
0.23846487700939178
0.22493720054626465
0.20990914106369019
0.19344906508922577
0.17564675211906433
0.1566029191017151
0.1364377737045288
0.11527994275093079
0.09327534586191177
0.07057645171880722
0.04734935984015465
0.023764505982398987
0.0
0.0
0.025550657883286476
0.05090383067727089
0.07586414366960526
0.10024568438529968
0.12386839836835861
0.14656874537467957
0.16819161176681519
0.1886020004749298
0.2076750099658966
0.22530680894851685
0.24140527844429016
0.25589972734451294
0.2687332034111023
0.27986958622932434
0.289286732673645
0.2969781458377838
0.30294620990753174
0.3071991801261902
0.3097463548183441
0.31059449911117554
0.3097463548183441
0.3071991801261902
0.30294620990753174
0.2969781458377838
0.289286732673645
0.27986958622932434
0.2687332034111023
0.25589972734451294
0.24140527844429016
0.22530680894851685
0.2076750099658966
0.1886020004749298
0.16819161176681519
0.14656874537467957
0.12386839836835861
0.10024568438529968
0.07586414366960526
0.05090383067727089
0.025550657883286476
0.0
0.0
0.027469966560602188
0.05472094193100929
0.08153677731752396
0.10771320015192032
0.1330537497997284
0.1573822796344757
0.18053361773490906
0.2023664116859436
0.22275172173976898
0.24158397316932678
0.2587706744670868
0.27424103021621704
0.2879382073879242
0.2998253405094147
0.309879332780838
0.3180925250053406
0.3244665265083313
0.3290092647075653
0.3317301273345947
0.33263614773750305
0.3317301273345947
0.3290092647075653
0.3244665265083313
0.3180925250053406
0.309879332780838
0.2998253405094147
0.2879382073879242
0.27424103021621704
0.2587706744670868
0.24158397316932678
0.22275172173976898
0.2023664116859436
0.18053361773490906
0.1573822796344757
0.1330537497997284
0.10771320015192032
0.08153677731752396
0.05472094193100929
0.027469966560602188
0.0
0.0
0.02954333834350109
0.05884147435426712
0.08765307068824768
0.11575187742710114
0.14292214810848236
0.1689734309911728
0.19372974336147308
0.21704357862472534
0.2387830913066864
0.25884267687797546
0.2771318554878235
0.29358237981796265
0.30814051628112793
0.3207712769508362
0.33145326375961304
0.34017929434776306
0.34695151448249817
0.35177820920944214
0.3546691834926605
0.35563185811042786
0.3546691834926605
0.35177820920944214
0.34695151448249817
0.34017929434776306
0.33145326375961304
0.3207712769508362
0.30814051628112793
0.29358237981796265
0.2771318554878235
0.25884267687797546
0.2387830913066864
0.21704357862472534
0.19372974336147308
0.1689734309911728
0.14292214810848236
0.11575187742710114
0.08765307068824768
0.05884147435426712
0.02954333834350109
0.0
0.0
0.031796105206012726
0.06331482529640198
0.0942840650677681
0.12445109337568283
0.15357738733291626
0.18145623803138733
0.2079000622034073
0.2327558547258377
0.2558903992176056
0.27720049023628235
0.29660066962242126
0.31402841210365295
0.32943668961524963
0.34279555082321167
0.35408836603164673
0.36331069469451904
0.37046703696250916
0.3755669891834259
0.37862148880958557
0.37963858246803284
0.37862148880958557
0.3755669891834259
0.37046703696250916
0.36331069469451904
0.35408836603164673
0.34279555082321167
0.32943668961524963
0.31402841210365295
0.29660066962242126
0.27720049023628235
0.2558903992176056
0.2327558547258377
0.2079000622034073
0.18145623803138733
0.15357738733291626
0.12445109337568283
0.0942840650677681
0.06331482529640198
0.031796105206012726
0.0
0.0
0.034259311854839325
0.06820118427276611
0.10151543468236923
0.13391722738742828
0.1651410013437271
0.194961816072464
0.22318010032176971
0.24963855743408203
0.2742052376270294
0.29678237438201904
0.317293643951416
0.33568617701530457
0.35192373394966125
0.365985244512558
0.37786224484443665
0.38755592703819275
0.3950752913951874
0.4004325866699219
0.40364083647727966
0.4047090411186218
0.40364083647727966
0.4004325866699219
0.3950752913951874
0.38755592703819275
0.37786224484443665
0.365985244512558
0.35192373394966125
0.33568617701530457
0.317293643951416
0.29678237438201904
0.2742052376270294
0.24963855743408203
0.22318010032176971
0.194961816072464
0.1651410013437271
0.13391722738742828
0.10151543468236923
0.06820118427276611
0.034259311854839325
0.0
0.0
0.03697187453508377
0.07357592135667801
0.10945440828800201
0.14428313076496124
0.17776431143283844
0.20965257287025452
0.23973636329174042
0.26785629987716675
0.29388540983200073
0.3177359402179718
0.33934593200683594
0.35867708921432495
0.3757092356681824
0.39043447375297546
0.4028567671775818
0.41298598051071167
0.420838326215744
0.42643046379089355
0.429778516292572
0.4308931529521942
0.429778516292572
0.42643046379089355
0.420838326215744
0.41298598051071167
0.4028567671775818
0.39043447375297546
0.3757092356681824
0.35867708921432495
0.33934593200683594
0.3177359402179718
0.29388540983200073
0.26785629987716675
0.23973636329174042
0.20965257287025452
0.17776431143283844
0.14428313076496124
0.10945440828800201
0.07357592135667801
0.03697187453508377
0.0
0.0
0.03998280316591263
0.07953328639268875
0.11823330819606781
0.1557101160287857
0.19162750244140625
0.22571779787540436
0.2577586770057678
0.28759244084358215
0.31510278582572937
0.3402182161808014
0.3628980219364166
0.38312461972236633
0.40090009570121765
0.41623467206954956
0.42914947867393494
0.43966662883758545
0.44781234860420227
0.45360979437828064
0.4570794999599457
0.45823439955711365
0.4570794999599457
0.45360979437828064
0.44781234860420227
0.43966662883758545
0.42914947867393494
0.41623467206954956
0.40090009570121765
0.38312461972236633
0.3628980219364166
0.3402182161808014
0.31510278582572937
0.28759244084358215
0.2577586770057678
0.22571779787540436
0.19162750244140625
0.1557101160287857
0.11823330819606781
0.07953328639268875
0.03998280316591263
0.0
0.0
0.043355755507946014
0.08619552105665207
0.12802357971668243
0.16840650141239166
0.20696209371089935
0.24339888989925385
0.2774865925312042
0.3090752363204956
0.3380678594112396
0.3644176721572876
0.38811466097831726
0.4091697335243225
0.42761462926864624
0.44348371028900146
0.4568203091621399
0.46766266226768494
0.47605031728744507
0.48201483488082886
0.48558276891708374
0.48677006363868713
0.48558276891708374
0.48201483488082886
0.47605031728744507
0.46766266226768494
0.4568203091621399
0.44348371028900146
0.42761462926864624
0.4091697335243225
0.38811466097831726
0.3644176721572876
0.3380678594112396
0.3090752363204956
0.2774865925312042
0.24339888989925385
0.20696209371089935
0.16840650141239166
0.12802357971668243
0.08619552105665207
0.043355755507946014
0.0
0.0
0.047173261642456055
0.09371955692768097
0.13904152810573578
0.18262960016727448
0.22404709458351135
0.26297903060913086
0.2991936206817627
0.3325582444667816
0.3630081117153168
0.3905326724052429
0.41516467928886414
0.43695294857025146
0.45596760511398315
0.47227349877357483
0.48594173789024353
0.49703070521354675
0.5055963397026062
0.5116809010505676
0.5153182744979858
0.5165282487869263
0.5153182744979858
0.5116809010505676
0.5055963397026062
0.49703070521354675
0.48594173789024353
0.47227349877357483
0.45596760511398315
0.43695294857025146
0.41516467928886414
0.3905326724052429
0.3630081117153168
0.3325582444667816
0.2991936206817627
0.26297903060913086
0.22404709458351135
0.18262960016727448
0.13904152810573578
0.09371955692768097
0.047173261642456055
0.0
0.0
0.05154703930020332
0.10231742262840271
0.15157845616340637
0.19872388243675232
0.243252694606781
0.2848295569419861
0.3232325613498688
0.3583623468875885
0.39020484685897827
0.4188021123409271
0.444245308637619
0.4666328430175781
0.4860832393169403
0.5026989579200745
0.5165842771530151
0.5278218388557434
0.5364866256713867
0.5426336526870728
0.5463054776191711
0.5475264191627502
0.5463054776191711
0.5426336526870728
0.5364866256713867
0.5278218388557434
0.5165842771530151
0.5026989579200745
0.4860832393169403
0.4666328430175781
0.444245308637619
0.4188021123409271
0.39020484685897827
0.3583623468875885
0.3232325613498688
0.2848295569419861
0.243252694606781
0.19872388243675232
0.15157845616340637
0.10231742262840271
0.05154703930020332
0.0
0.0
0.05662696436047554
0.11226920783519745
0.16601034998893738
0.2171209305524826
0.2650277614593506
0.30938491225242615
0.3500024974346161
0.38683798909187317
0.41995540261268616
0.44947028160095215
0.47555163502693176
0.49836090207099915
0.518075704574585
0.5348430871963501
0.5488059520721436
0.5600742697715759
0.5687447190284729
0.5748864412307739
0.578551709651947
0.5797699093818665
0.578551709651947
0.5748864412307739
0.5687447190284729
0.5600742697715759
0.5488059520721436
0.5348430871963501
0.518075704574585
0.49836090207099915
0.47555163502693176
0.44947028160095215
0.41995540261268616
0.38683798909187317
0.3500024974346161
0.30938491225242615
0.2650277614593506
0.2171209305524826
0.16601034998893738
0.11226920783519745
0.05662696436047554
0.0
0.0
0.06262676417827606
0.1239740327000618
0.18286801874637604
0.23842336237430573
0.28998851776123047
0.3372293710708618
0.3800257742404938
0.41843050718307495
0.452624648809433
0.4828256666660309
0.5093043446540833
0.5322999954223633
0.5520603060722351
0.5687834024429321
0.5826544761657715
0.5938133597373962
0.602379560470581
0.6084371209144592
0.6120484471321106
0.6132479906082153
0.6120484471321106
0.6084371209144592
0.602379560470581
0.5938133597373962
0.5826544761657715
0.5687834024429321
0.5520603060722351
0.5322999954223633
0.5093043446540833
0.4828256666660309
0.452624648809433
0.41843050718307495
0.3800257742404938
0.3372293710708618
0.28998851776123047
0.23842336237430573
0.18286801874637604
0.1239740327000618
0.06262676417827606
0.0
0.0
0.06984637677669525
0.13797537982463837
0.20285241305828094
0.2633921802043915
0.31887879967689514
0.36903443932533264
0.413876473903656
0.4536075294017792
0.4885796308517456
0.5191461443901062
0.5457059741020203
0.5685917735099792
0.5881302952766418
0.6045757532119751
0.6181573867797852
0.6290457844734192
0.6373828053474426
0.6432673931121826
0.6467715501785278
0.6479347348213196
0.6467715501785278
0.6432673931121826
0.6373828053474426
0.6290457844734192
0.6181573867797852
0.6045757532119751
0.5881302952766418
0.5685917735099792
0.5457059741020203
0.5191461443901062
0.4885796308517456
0.4536075294017792
0.413876473903656
0.36903443932533264
0.31887879967689514
0.2633921802043915
0.20285241305828094
0.13797537982463837
0.06984637677669525
0.0
0.0
0.07874346524477005
0.15511251986026764
0.22701619565486908
0.2931461036205292
0.35275524854660034
0.4057186245918274
0.45230382680892944
0.49294960498809814
0.5282507538795471
0.5587374567985535
0.5849637389183044
0.6073678731918335
0.6263608932495117
0.6422539949417114
0.6553187966346741
0.6657546162605286
0.6737233996391296
0.6793370246887207
0.6826757192611694
0.6837832927703857
0.6826757192611694
0.6793370246887207
0.6737233996391296
0.6657546162605286
0.6553187966346741
0.6422539949417114
0.6263608932495117
0.6073678731918335
0.5849637389183044
0.5587374567985535
0.5282507538795471
0.49294960498809814
0.45230382680892944
0.4057186245918274
0.35275524854660034
0.2931461036205292
0.22701619565486908
0.15511251986026764
0.07874346524477005
0.0
0.0
0.09000692516565323
0.1765517294406891
0.25677743554115295
0.3290853798389435
0.39285963773727417
0.4482879638671875
0.4960785210132599
0.5370169878005981
0.5720266103744507
0.6018561720848083
0.6272347569465637
0.6487138271331787
0.666786253452301
0.681816577911377
0.6941126585006714
0.7038974165916443
0.7113479971885681
0.7165859937667847
0.7196973562240601
0.7207288146018982
0.7196973562240601
0.7165859937667847
0.7113479971885681
0.7038974165916443
0.6941126585006714
0.681816577911377
0.666786253452301
0.6487138271331787
0.6272347569465637
0.6018561720848083
0.5720266103744507
0.5370169878005981
0.4960785210132599
0.4482879638671875
0.39285963773727417
0.3290853798389435
0.25677743554115295
0.1765517294406891
0.09000692516565323
0.0
0.0
0.10477037727832794
0.2043749839067459
0.2944451570510864
0.37339451909065247
0.44099053740501404
0.4980970323085785
0.5461508631706238
0.5864379405975342
0.6202967762947083
0.6487239003181458
0.6726266145706177
0.6926616430282593
0.7093895673751831
0.7232159972190857
0.734472393989563
0.7433963418006897
0.7501724362373352
0.7549268007278442
0.7577472925186157
0.7586817145347595
0.7577472925186157
0.7549268007278442
0.7501724362373352
0.7433963418006897
0.734472393989563
0.7232159972190857
0.7093895673751831
0.6926616430282593
0.6726266145706177
0.6487239003181458
0.6202967762947083
0.5864379405975342
0.5461508631706238
0.4980970323085785
0.44099053740501404
0.37339451909065247
0.2944451570510864
0.2043749839067459
0.10477037727832794
0.0
0.0
0.1249886080622673
0.24135105311870575
0.34314844012260437
0.4286634027957916
0.49909666180610657
0.5564625859260559
0.603350043296814
0.6416966319084167
0.6733109354972839
0.6994416117668152
0.7211463451385498
0.7391626238822937
0.7540900111198425
0.7663541436195374
0.7762917876243591
0.784142017364502
0.7900869250297546
0.7942501306533813
0.7967170476913452
0.7975338101387024
0.7967170476913452
0.7942501306533813
0.7900869250297546
0.784142017364502
0.7762917876243591
0.7663541436195374
0.7540900111198425
0.7391626238822937
0.7211463451385498
0.6994416117668152
0.6733109354972839
0.6416966319084167
0.603350043296814
0.5564625859260559
0.49909666180610657
0.4286634027957916
0.34314844012260437
0.24135105311870575
0.1249886080622673
0.0
0.0
0.15397761762142181
0.29415029287338257
0.40844106674194336
0.49909526109695435
0.5698210000991821
0.6249062418937683
0.6684490442276001
0.7031210660934448
0.7311421632766724
0.7539452910423279
0.7726616859436035
0.7880545258522034
0.800716757774353
0.811062216758728
0.8194091320037842
0.8259812593460083
0.8309462070465088
0.8344172239303589
0.8364717364311218
0.8371515870094299
0.8364717364311218
0.8344172239303589
0.8309462070465088
0.8259812593460083
0.8194091320037842
0.811062216758728
0.800716757774353
0.7880545258522034
0.7726616859436035
0.7539452910423279
0.7311421632766724
0.7031210660934448
0.6684490442276001
0.6249062418937683
0.5698210000991821
0.49909526109695435
0.40844106674194336
0.29415029287338257
0.15397761762142181
0.0
0.0
0.19933801889419556
0.369442343711853
0.4975641667842865
0.5887882113456726
0.6553621888160706
0.7043721675872803
0.7417245507240295
0.7706488370895386
0.7935739755630493
0.8119598031044006
0.8268876671791077
0.8390646576881409
0.8490186333656311
0.85711270570755
0.8636190891265869
0.86872798204422
0.8725796341896057
0.8752685189247131
0.8768585920333862
0.8773844838142395
0.8768585920333862
0.8752685189247131
0.8725796341896057
0.86872798204422
0.8636190891265869
0.85711270570755
0.8490186333656311
0.8390646576881409
0.8268876671791077
0.8119598031044006
0.7935739755630493
0.7706488370895386
0.7417245507240295
0.7043721675872803
0.6553621888160706
0.5887882113456726
0.4975641667842865
0.369442343711853
0.19933801889419556
0.0
0.0
0.2719981372356415
0.4971422255039215
0.6225159168243408
0.7033345699310303
0.7571520805358887
0.7949415445327759
0.8226467967033386
0.8436216115951538
0.8599557280540466
0.8729037642478943
0.8833222985267639
0.8917664885520935
0.8986347317695618
0.9041990041732788
0.908659040927887
0.9121537804603577
0.91478431224823
0.9166187047958374
0.9177027940750122
0.9180611968040466
0.9177027940750122
0.9166187047958374
0.91478431224823
0.9121537804603577
0.908659040927887
0.9041990041732788
0.8986347317695618
0.8917664885520935
0.8833222985267639
0.8729037642478943
0.8599557280540466
0.8436216115951538
0.8226467967033386
0.7949415445327759
0.7571520805358887
0.7033345699310303
0.6225159168243408
0.4971422255039215
0.2719981372356415
0.0
0.0
0.5202553868293762
0.687082827091217
0.7929474711418152
0.8417806029319763
0.8740583658218384
0.8947570323944092
0.9097009897232056
0.9207441806793213
0.9292598366737366
0.935951292514801
0.9413061141967773
0.9456279277801514
0.9491322040557861
0.9519647359848022
0.9542310833930969
0.9560045599937439
0.957338273525238
0.9582676291465759
0.958816647529602
0.9589980840682983
0.958816647529602
0.9582676291465759
0.957338273525238
0.9560045599937439
0.9542310833930969
0.9519647359848022
0.9491322040557861
0.9456279277801514
0.9413061141967773
0.935951292514801
0.9292598366737366
0.9207441806793213
0.9097009897232056
0.8947570323944092
0.8740583658218384
0.8417806029319763
0.7929474711418152
0.687082827091217
0.5202553868293762
0.0
1.0
1.0
1.0
1.0
1.0
1.0
1.0
1.0
1.0
1.0
1.0
1.0
1.0
1.0
1.0
1.0
1.0
1.0
1.0
1.0
1.0
1.0
1.0
1.0
1.0
1.0
1.0
1.0
1.0
1.0
1.0
1.0
1.0
1.0
1.0
1.0
1.0
1.0
1.0
1.0
1.0
